scenario,real_time_plot,lateral_angle_range,drag_speed,wiggle_time,servo_speed,extraction_height,wiggle frequency,insertion_angle,wiggle_amplitude
turtle,True,0.103,0.503,0.497,0.493,0.028,0.5235987755982988
time,turtle_state,leftadduction_pos,leftsweeping_pos,rightadduction_pos,rightsweeping_pos,leftadduction_curr,leftsweeping_curr,rightadduction_curr,rightsweeping_curr,insertiondepth,OptitrackPosition_x,OptitrackPosition_y,OptitrackPosition_z,OptitrackOrientation_x,OptitrackOrientation_y,OptitrackOrientation_z,OptitrackOrientation_w,LeftFlipperPosition_x,LeftFlipperPosition_y,LeftFlipperPosition_z,LeftFlipperOrientation_x,LeftFlipperOrientation_y,LeftFlipperOrientation_z,LeftFlipperOrientation_w,RightFlipperPosition_x,RightFlipperPosition_y,RightFlipperPosition_z,RightFlipperOrientation_x,RightFlipperOrientation_y,RightFlipperOrientation_z,RightFlipperOrientation_w
0.008202552795410156,5.0,-0.00561213493347168,-0.016836047172546387,-0.02543652057647705,-0.045361340045928955,-24.975000381469727,-24.975000381469727,-24.975000381469727,24.975000381469727,0.03,1.2557309865951538,-0.0742393508553505,0.3438003659248352,0.04342518001794815,-0.023536015301942825,0.11264439672231674,0.992406964302063,0,0,0,0,0,0,0,0,0,0,0,0,0,0
0.010052204132080078,5.0,-0.00561213493347168,-0.016836047172546387,-0.02543652057647705,-0.045361340045928955,-24.975000381469727,-24.975000381469727,-24.975000381469727,24.975000381469727,0.03,1.2557309865951538,-0.0742393508553505,0.3438003659248352,0.04342518001794815,-0.023536015301942825,0.11264439672231674,0.992406964302063,0,0,0,0,0,0,0,0,0,0,0,0,0,0
0.01114964485168457,5.0,-0.00561213493347168,-0.016836047172546387,-0.02543652057647705,-0.045361340045928955,-24.975000381469727,-24.975000381469727,-24.975000381469727,24.975000381469727,0.03,1.2557309865951538,-0.0742393508553505,0.3438003659248352,0.04342518001794815,-0.023536015301942825,0.11264439672231674,0.992406964302063,0,0,0,0,0,0,0,0,0,0,0,0,0,0
0.013034343719482422,5.0,-0.00561213493347168,-0.016836047172546387,-0.02543652057647705,-0.045361340045928955,-24.975000381469727,-24.975000381469727,-24.975000381469727,24.975000381469727,0.03,1.2557309865951538,-0.0742393508553505,0.3438003659248352,0.04342518001794815,-0.023536015301942825,0.11264439672231674,0.992406964302063,0,0,0,0,0,0,0,0,0,0,0,0,0,0
0.014133930206298828,5.0,-0.00561213493347168,-0.016836047172546387,-0.02543652057647705,-0.045361340045928955,-24.975000381469727,-24.975000381469727,-24.975000381469727,24.975000381469727,0.03,1.2557222843170166,-0.07427864521741867,0.34374725818634033,0.04333154484629631,-0.02355942502617836,0.11030317842960358,0.9926734566688538,0,0,0,0,0,0,0,0,0,0,0,0,0,0
0.01699972152709961,5.0,-0.00561213493347168,-0.016836047172546387,-0.02543652057647705,-0.045361340045928955,-24.975000381469727,-24.975000381469727,-24.975000381469727,24.975000381469727,0.03,1.2556896209716797,-0.07441003620624542,0.34370091557502747,0.04362194985151291,-0.023985110223293304,0.10544487833976746,0.9931783080101013,0,0,0,0,0,0,0,0,0,0,0,0,0,0
0.01835155487060547,5.0,-0.00561213493347168,-0.016836047172546387,-0.02543652057647705,-0.045361340045928955,-24.975000381469727,-24.975000381469727,-24.975000381469727,24.975000381469727,0.03,1.2556896209716797,-0.07441003620624542,0.34370091557502747,0.04362194985151291,-0.023985110223293304,0.10544487833976746,0.9931783080101013,0,0,0,0,0,0,0,0,0,0,0,0,0,0
0.019455909729003906,5.0,-0.00561213493347168,-0.016836047172546387,-0.02543652057647705,-0.045361340045928955,-24.975000381469727,-24.975000381469727,-24.975000381469727,24.975000381469727,0.03,1.2556896209716797,-0.07441003620624542,0.34370091557502747,0.04362194985151291,-0.023985110223293304,0.10544487833976746,0.9931783080101013,0,0,0,0,0,0,0,0,0,0,0,0,0,0
0.021055936813354492,5.0,-0.00561213493347168,-0.016836047172546387,-0.02543652057647705,-0.045361340045928955,-24.975000381469727,-24.975000381469727,-24.975000381469727,24.975000381469727,0.03,1.2556896209716797,-0.07441003620624542,0.34370091557502747,0.04362194985151291,-0.023985110223293304,0.10544487833976746,0.9931783080101013,0,0,0,0,0,0,0,0,0,0,0,0,0,0
0.02240896224975586,5.0,-0.00561213493347168,-0.016836047172546387,-0.02543652057647705,-0.045361340045928955,-24.975000381469727,-24.975000381469727,-24.975000381469727,24.975000381469727,0.03,1.2556896209716797,-0.07441003620624542,0.34370091557502747,0.04362194985151291,-0.023985110223293304,0.10544487833976746,0.9931783080101013,0,0,0,0,0,0,0,0,0,0,0,0,0,0
0.02391839027404785,5.0,-0.00561213493347168,-0.016836047172546387,-0.02543652057647705,-0.045361340045928955,-24.975000381469727,-24.975000381469727,-24.975000381469727,24.975000381469727,0.03,1.2556896209716797,-0.07441003620624542,0.34370091557502747,0.04362194985151291,-0.023985110223293304,0.10544487833976746,0.9931783080101013,0,0,0,0,0,0,0,0,0,0,0,0,0,0
0.02504110336303711,5.0,-0.00561213493347168,-0.016836047172546387,-0.02543652057647705,-0.045361340045928955,-24.975000381469727,-24.975000381469727,-24.975000381469727,24.975000381469727,0.03,1.2556896209716797,-0.07441003620624542,0.34370091557502747,0.04362194985151291,-0.023985110223293304,0.10544487833976746,0.9931783080101013,0,0,0,0,0,0,0,0,0,0,0,0,0,0
0.026203155517578125,5.0,-0.00561213493347168,-0.016836047172546387,-0.02543652057647705,-0.045361340045928955,-24.975000381469727,-24.975000381469727,-24.975000381469727,24.975000381469727,0.03,1.2556896209716797,-0.07441003620624542,0.34370091557502747,0.04362194985151291,-0.023985110223293304,0.10544487833976746,0.9931783080101013,0,0,0,0,0,0,0,0,0,0,0,0,0,0
0.027312040328979492,5.0,-0.00561213493347168,-0.016836047172546387,-0.02543652057647705,-0.045361340045928955,-24.975000381469727,-24.975000381469727,-24.975000381469727,24.975000381469727,0.03,1.2556896209716797,-0.07441003620624542,0.34370091557502747,0.04362194985151291,-0.023985110223293304,0.10544487833976746,0.9931783080101013,0,0,0,0,0,0,0,0,0,0,0,0,0,0
0.028421640396118164,5.0,-0.00561213493347168,-0.016836047172546387,-0.02543652057647705,-0.045361340045928955,-24.975000381469727,-24.975000381469727,-24.975000381469727,24.975000381469727,0.03,1.2556896209716797,-0.07441003620624542,0.34370091557502747,0.04362194985151291,-0.023985110223293304,0.10544487833976746,0.9931783080101013,0,0,0,0,0,0,0,0,0,0,0,0,0,0
0.029519319534301758,5.0,-0.00561213493347168,-0.016836047172546387,-0.02543652057647705,-0.045361340045928955,-24.975000381469727,-24.975000381469727,-24.975000381469727,24.975000381469727,0.03,1.2556896209716797,-0.07441003620624542,0.34370091557502747,0.04362194985151291,-0.023985110223293304,0.10544487833976746,0.9931783080101013,0,0,0,0,0,0,0,0,0,0,0,0,0,0
0.03068685531616211,5.0,-0.00561213493347168,-0.016836047172546387,-0.02543652057647705,-0.045361340045928955,-24.975000381469727,-24.975000381469727,-24.975000381469727,24.975000381469727,0.03,1.2556896209716797,-0.07441003620624542,0.34370091557502747,0.04362194985151291,-0.023985110223293304,0.10544487833976746,0.9931783080101013,0,0,0,0,0,0,0,0,0,0,0,0,0,0
0.03189229965209961,5.0,-0.00561213493347168,-0.016836047172546387,-0.02543652057647705,-0.045361340045928955,-24.975000381469727,-24.975000381469727,-24.975000381469727,24.975000381469727,0.03,1.2556896209716797,-0.07441003620624542,0.34370091557502747,0.04362194985151291,-0.023985110223293304,0.10544487833976746,0.9931783080101013,0,0,0,0,0,0,0,0,0,0,0,0,0,0
0.033416748046875,5.0,-0.00561213493347168,-0.016836047172546387,-0.02543652057647705,-0.045361340045928955,-24.975000381469727,-24.975000381469727,-24.975000381469727,24.975000381469727,0.03,1.2556896209716797,-0.07441003620624542,0.34370091557502747,0.04362194985151291,-0.023985110223293304,0.10544487833976746,0.9931783080101013,0,0,0,0,0,0,0,0,0,0,0,0,0,0
0.034517765045166016,5.0,-0.00561213493347168,-0.016836047172546387,-0.02543652057647705,-0.045361340045928955,-24.975000381469727,-24.975000381469727,-24.975000381469727,24.975000381469727,0.03,1.2556896209716797,-0.07441003620624542,0.34370091557502747,0.04362194985151291,-0.023985110223293304,0.10544487833976746,0.9931783080101013,0,0,0,0,0,0,0,0,0,0,0,0,0,0
0.03557991981506348,5.0,-0.00561213493347168,-0.016836047172546387,-0.02543652057647705,-0.045361340045928955,-24.975000381469727,-24.975000381469727,-24.975000381469727,24.975000381469727,0.03,1.2556896209716797,-0.07441003620624542,0.34370091557502747,0.04362194985151291,-0.023985110223293304,0.10544487833976746,0.9931783080101013,0,0,0,0,0,0,0,0,0,0,0,0,0,0
0.03689861297607422,5.0,-0.00561213493347168,-0.016836047172546387,-0.02543652057647705,-0.045361340045928955,-24.975000381469727,-24.975000381469727,-24.975000381469727,24.975000381469727,0.03,1.2556896209716797,-0.07441003620624542,0.34370091557502747,0.04362194985151291,-0.023985110223293304,0.10544487833976746,0.9931783080101013,0,0,0,0,0,0,0,0,0,0,0,0,0,0
0.0397641658782959,5.0,-0.00561213493347168,-0.016836047172546387,-0.02543652057647705,-0.045361340045928955,-24.975000381469727,-24.975000381469727,-24.975000381469727,24.975000381469727,0.03,1.2556896209716797,-0.07441003620624542,0.34370091557502747,0.04362194985151291,-0.023985110223293304,0.10544487833976746,0.9931783080101013,0,0,0,0,0,0,0,0,0,0,0,0,0,0
0.0426938533782959,5.0,-0.00561213493347168,-0.016836047172546387,-0.02543652057647705,-0.045361340045928955,-24.975000381469727,-24.975000381469727,-24.975000381469727,24.975000381469727,0.03,1.2556896209716797,-0.07441003620624542,0.34370091557502747,0.04362194985151291,-0.023985110223293304,0.10544487833976746,0.9931783080101013,0,0,0,0,0,0,0,0,0,0,0,0,0,0
0.04413866996765137,5.0,-0.00561213493347168,-0.016836047172546387,-0.02543652057647705,-0.045361340045928955,-24.975000381469727,-24.975000381469727,-24.975000381469727,24.975000381469727,0.03,1.2556896209716797,-0.07441003620624542,0.34370091557502747,0.04362194985151291,-0.023985110223293304,0.10544487833976746,0.9931783080101013,0,0,0,0,0,0,0,0,0,0,0,0,0,0
0.04541802406311035,5.0,-0.00561213493347168,-0.016836047172546387,-0.02543652057647705,-0.045361340045928955,-24.975000381469727,-24.975000381469727,-24.975000381469727,24.975000381469727,0.03,1.2556896209716797,-0.07441003620624542,0.34370091557502747,0.04362194985151291,-0.023985110223293304,0.10544487833976746,0.9931783080101013,0,0,0,0,0,0,0,0,0,0,0,0,0,0
0.04774045944213867,5.0,-0.00561213493347168,-0.016836047172546387,-0.02543652057647705,-0.045361340045928955,-24.975000381469727,-24.975000381469727,-24.975000381469727,24.975000381469727,0.03,1.2557264566421509,-0.07429081946611404,0.34377679228782654,0.043154675513505936,-0.02354537695646286,0.10879301279783249,0.9928481578826904,0,0,0,0,0,0,0,0,0,0,0,0,0,0
0.04976534843444824,5.0,-0.00561213493347168,-0.016836047172546387,-0.02543652057647705,-0.045361340045928955,-24.975000381469727,-24.975000381469727,-24.975000381469727,24.975000381469727,0.03,1.2557189464569092,-0.0743132010102272,0.3437080681324005,0.04353926330804825,-0.023614129051566124,0.11294076591730118,0.992366373538971,0,0,0,0,0,0,0,0,0,0,0,0,0,0
0.05113506317138672,5.0,-0.00561213493347168,-0.016836047172546387,-0.02543652057647705,-0.045361340045928955,-24.975000381469727,-24.975000381469727,-24.975000381469727,24.975000381469727,0.03,1.2557189464569092,-0.0743132010102272,0.3437080681324005,0.04353926330804825,-0.023614129051566124,0.11294076591730118,0.992366373538971,0,0,0,0,0,0,0,0,0,0,0,0,0,0
0.05274486541748047,5.0,-0.00561213493347168,-0.016836047172546387,-0.02543652057647705,-0.045361340045928955,-24.975000381469727,-24.975000381469727,-24.975000381469727,24.975000381469727,0.03,1.2557189464569092,-0.0743132010102272,0.3437080681324005,0.04353926330804825,-0.023614129051566124,0.11294076591730118,0.992366373538971,0,0,0,0,0,0,0,0,0,0,0,0,0,0
0.05384039878845215,5.0,-0.00561213493347168,-0.016836047172546387,-0.02543652057647705,-0.045361340045928955,-24.975000381469727,-24.975000381469727,-24.975000381469727,24.975000381469727,0.03,1.2556926012039185,-0.07441109418869019,0.343668669462204,0.04373569041490555,-0.024022722616791725,0.107317715883255,0.9929718375205994,0,0,0,0,0,0,0,0,0,0,0,0,0,0
0.05497121810913086,5.0,-0.00561213493347168,-0.016836047172546387,-0.02543652057647705,-0.045361340045928955,-24.975000381469727,-24.975000381469727,-24.975000381469727,24.975000381469727,0.03,1.2556926012039185,-0.07441109418869019,0.343668669462204,0.04373569041490555,-0.024022722616791725,0.107317715883255,0.9929718375205994,0,0,0,0,0,0,0,0,0,0,0,0,0,0
0.05622529983520508,5.0,-0.00561213493347168,-0.016836047172546387,-0.02543652057647705,-0.045361340045928955,-24.975000381469727,-24.975000381469727,-24.975000381469727,24.975000381469727,0.03,1.2556926012039185,-0.07441109418869019,0.343668669462204,0.04373569041490555,-0.024022722616791725,0.107317715883255,0.9929718375205994,0,0,0,0,0,0,0,0,0,0,0,0,0,0
0.05731201171875,5.0,-0.00561213493347168,-0.016836047172546387,-0.02543652057647705,-0.045361340045928955,-24.975000381469727,-24.975000381469727,-24.975000381469727,24.975000381469727,0.03,1.2557224035263062,-0.07430320978164673,0.3437190651893616,0.04311790689826012,-0.02356773242354393,0.1089855283498764,0.9928281307220459,0,0,0,0,0,0,0,0,0,0,0,0,0,0
0.05840039253234863,5.0,-0.00561213493347168,-0.016836047172546387,-0.02543652057647705,-0.045361340045928955,-24.975000381469727,-24.975000381469727,-24.975000381469727,24.975000381469727,0.03,1.2557224035263062,-0.07430320978164673,0.3437190651893616,0.04311790689826012,-0.02356773242354393,0.1089855283498764,0.9928281307220459,0,0,0,0,0,0,0,0,0,0,0,0,0,0
0.05949044227600098,5.0,-0.00561213493347168,-0.016836047172546387,-0.02543652057647705,-0.045361340045928955,-24.975000381469727,-24.975000381469727,-24.975000381469727,24.975000381469727,0.03,1.2557224035263062,-0.07430320978164673,0.3437190651893616,0.04311790689826012,-0.02356773242354393,0.1089855283498764,0.9928281307220459,0,0,0,0,0,0,0,0,0,0,0,0,0,0
0.0607295036315918,5.0,-0.00561213493347168,-0.016836047172546387,-0.02543652057647705,-0.045361340045928955,-24.975000381469727,-24.975000381469727,-24.975000381469727,24.975000381469727,0.03,1.2557224035263062,-0.07430320978164673,0.3437190651893616,0.04311790689826012,-0.02356773242354393,0.1089855283498764,0.9928281307220459,0,0,0,0,0,0,0,0,0,0,0,0,0,0
0.06224632263183594,5.0,-0.00561213493347168,-0.016836047172546387,-0.02543652057647705,-0.045361340045928955,-24.975000381469727,-24.975000381469727,-24.975000381469727,24.975000381469727,0.03,1.2557224035263062,-0.07430320978164673,0.3437190651893616,0.04311790689826012,-0.02356773242354393,0.1089855283498764,0.9928281307220459,0,0,0,0,0,0,0,0,0,0,0,0,0,0
0.06334710121154785,5.0,-0.00561213493347168,-0.016836047172546387,-0.02543652057647705,-0.045361340045928955,-24.975000381469727,-24.975000381469727,-24.975000381469727,24.975000381469727,0.03,1.2557224035263062,-0.07430320978164673,0.3437190651893616,0.04311790689826012,-0.02356773242354393,0.1089855283498764,0.9928281307220459,0,0,0,0,0,0,0,0,0,0,0,0,0,0
0.06550860404968262,5.0,-0.00561213493347168,-0.016836047172546387,-0.02543652057647705,-0.045361340045928955,-24.975000381469727,-24.975000381469727,-24.975000381469727,24.975000381469727,0.03,1.2557224035263062,-0.07430320978164673,0.3437190651893616,0.04311790689826012,-0.02356773242354393,0.1089855283498764,0.9928281307220459,0,0,0,0,0,0,0,0,0,0,0,0,0,0
0.06679105758666992,5.0,-0.00561213493347168,-0.016836047172546387,-0.02543652057647705,-0.045361340045928955,-24.975000381469727,-24.975000381469727,-24.975000381469727,24.975000381469727,0.03,1.2557224035263062,-0.07430320978164673,0.3437190651893616,0.04311790689826012,-0.02356773242354393,0.1089855283498764,0.9928281307220459,0,0,0,0,0,0,0,0,0,0,0,0,0,0
0.0682375431060791,5.0,-0.00561213493347168,-0.016836047172546387,-0.02543652057647705,-0.045361340045928955,-24.975000381469727,-24.975000381469727,-24.975000381469727,24.975000381469727,0.03,1.2557224035263062,-0.07430320978164673,0.3437190651893616,0.04311790689826012,-0.02356773242354393,0.1089855283498764,0.9928281307220459,0,0,0,0,0,0,0,0,0,0,0,0,0,0
0.06951618194580078,5.0,-0.00561213493347168,-0.016836047172546387,-0.02543652057647705,-0.045361340045928955,-24.975000381469727,-24.975000381469727,-24.975000381469727,24.975000381469727,0.03,1.2557247877120972,-0.07425513118505478,0.34379416704177856,0.04330230504274368,-0.023545805364847183,0.11050925403833389,0.992652177810669,0,0,0,0,0,0,0,0,0,0,0,0,0,0
0.07071924209594727,5.0,-0.00561213493347168,-0.016836047172546387,-0.02543652057647705,-0.045361340045928955,-24.975000381469727,-24.975000381469727,-24.975000381469727,24.975000381469727,0.03,1.2557247877120972,-0.07425513118505478,0.34379416704177856,0.04330230504274368,-0.023545805364847183,0.11050925403833389,0.992652177810669,0,0,0,0,0,0,0,0,0,0,0,0,0,0
0.07207870483398438,5.0,-0.00561213493347168,-0.016836047172546387,-0.02543652057647705,-0.045361340045928955,-24.975000381469727,-24.975000381469727,-24.975000381469727,24.975000381469727,0.03,1.2557247877120972,-0.07425513118505478,0.34379416704177856,0.04330230504274368,-0.023545805364847183,0.11050925403833389,0.992652177810669,0,0,0,0,0,0,0,0,0,0,0,0,0,0
0.07366371154785156,5.0,-0.00561213493347168,-0.016836047172546387,-0.02543652057647705,-0.045361340045928955,-24.975000381469727,-24.975000381469727,-24.975000381469727,24.975000381469727,0.03,1.2557247877120972,-0.07425513118505478,0.34379416704177856,0.04330230504274368,-0.023545805364847183,0.11050925403833389,0.992652177810669,0,0,0,0,0,0,0,0,0,0,0,0,0,0
0.07491850852966309,5.0,-0.00561213493347168,-0.016836047172546387,-0.02543652057647705,-0.045361340045928955,-24.975000381469727,-24.975000381469727,-24.975000381469727,24.975000381469727,0.03,1.2557247877120972,-0.07425513118505478,0.34379416704177856,0.04330230504274368,-0.023545805364847183,0.11050925403833389,0.992652177810669,0,0,0,0,0,0,0,0,0,0,0,0,0,0
0.0759882926940918,5.0,-0.00561213493347168,-0.016836047172546387,-0.02543652057647705,-0.045361340045928955,-24.975000381469727,-24.975000381469727,-24.975000381469727,24.975000381469727,0.03,1.2557247877120972,-0.07425513118505478,0.34379416704177856,0.04330230504274368,-0.023545805364847183,0.11050925403833389,0.992652177810669,0,0,0,0,0,0,0,0,0,0,0,0,0,0
0.07707428932189941,5.0,-0.00561213493347168,-0.016836047172546387,-0.02543652057647705,-0.045361340045928955,-24.975000381469727,-24.975000381469727,-24.975000381469727,24.975000381469727,0.03,1.2557247877120972,-0.07425513118505478,0.34379416704177856,0.04330230504274368,-0.023545805364847183,0.11050925403833389,0.992652177810669,0,0,0,0,0,0,0,0,0,0,0,0,0,0
0.08037495613098145,5.0,-0.00561213493347168,-0.016836047172546387,-0.02543652057647705,-0.045361340045928955,-24.975000381469727,-24.975000381469727,-24.975000381469727,24.975000381469727,0.03,1.2557247877120972,-0.07425513118505478,0.34379416704177856,0.04330230504274368,-0.023545805364847183,0.11050925403833389,0.992652177810669,0,0,0,0,0,0,0,0,0,0,0,0,0,0
0.0819101333618164,5.0,-0.00561213493347168,-0.016836047172546387,-0.02543652057647705,-0.045361340045928955,-24.975000381469727,-24.975000381469727,-24.975000381469727,24.975000381469727,0.03,1.2557247877120972,-0.07425513118505478,0.34379416704177856,0.04330230504274368,-0.023545805364847183,0.11050925403833389,0.992652177810669,0,0,0,0,0,0,0,0,0,0,0,0,0,0
0.0839073657989502,5.0,-0.00561213493347168,-0.016836047172546387,-0.02543652057647705,-0.045361340045928955,-24.975000381469727,-24.975000381469727,-24.975000381469727,24.975000381469727,0.03,1.2557247877120972,-0.07425513118505478,0.34379416704177856,0.04330230504274368,-0.023545805364847183,0.11050925403833389,0.992652177810669,0,0,0,0,0,0,0,0,0,0,0,0,0,0
0.08585453033447266,5.0,-0.00561213493347168,-0.016836047172546387,-0.02543652057647705,-0.045361340045928955,-24.975000381469727,-24.975000381469727,-24.975000381469727,24.975000381469727,0.03,1.2557247877120972,-0.07425513118505478,0.34379416704177856,0.04330230504274368,-0.023545805364847183,0.11050925403833389,0.992652177810669,0,0,0,0,0,0,0,0,0,0,0,0,0,0
0.08700203895568848,5.0,-0.00561213493347168,-0.016836047172546387,-0.02543652057647705,-0.045361340045928955,-24.975000381469727,-24.975000381469727,-24.975000381469727,24.975000381469727,0.03,1.2557247877120972,-0.07425513118505478,0.34379416704177856,0.04330230504274368,-0.023545805364847183,0.11050925403833389,0.992652177810669,0,0,0,0,0,0,0,0,0,0,0,0,0,0
0.08857536315917969,5.0,-0.005611896514892578,-0.01684042066335678,-0.02545851469039917,-0.04536360502243042,-24.975000381469727,-24.975000381469727,-24.9733829498291,24.975000381469727,0.03,1.2557247877120972,-0.07425513118505478,0.34379416704177856,0.04330230504274368,-0.023545805364847183,0.11050925403833389,0.992652177810669,0,0,0,0,0,0,0,0,0,0,0,0,0,0
0.09047341346740723,5.0,-0.0056119561195373535,-0.016827821731567383,-0.02543783187866211,-0.04536032676696777,-24.975000381469727,-24.975000381469727,-24.975000381469727,24.975000381469727,0.03,1.2557247877120972,-0.07425513118505478,0.34379416704177856,0.04330230504274368,-0.023545805364847183,0.11050925403833389,0.992652177810669,0,0,0,0,0,0,0,0,0,0,0,0,0,0
0.09170222282409668,5.0,-0.0056119561195373535,-0.01682639867067337,-0.025439441204071045,-0.04537022113800049,-24.975000381469727,-24.975000381469727,-24.975000381469727,24.975000381469727,0.03,1.2557247877120972,-0.07425513118505478,0.34379416704177856,0.04330230504274368,-0.023545805364847183,0.11050925403833389,0.992652177810669,0,0,0,0,0,0,0,0,0,0,0,0,0,0
0.09316515922546387,5.0,-0.0056119561195373535,-0.01682639867067337,-0.025439441204071045,-0.04537022113800049,-24.975000381469727,-24.975000381469727,-24.975000381469727,24.975000381469727,0.03,1.2557247877120972,-0.07425513118505478,0.34379416704177856,0.04330230504274368,-0.023545805364847183,0.11050925403833389,0.992652177810669,0,0,0,0,0,0,0,0,0,0,0,0,0,0
0.09484529495239258,5.0,-0.0056119561195373535,-0.01682639867067337,-0.025439441204071045,-0.04537022113800049,-24.975000381469727,-24.975000381469727,-24.975000381469727,24.975000381469727,0.03,1.2557247877120972,-0.07425513118505478,0.34379416704177856,0.04330230504274368,-0.023545805364847183,0.11050925403833389,0.992652177810669,0,0,0,0,0,0,0,0,0,0,0,0,0,0
0.09607863426208496,5.0,-0.005633413791656494,-0.016826801002025604,-0.025434494018554688,-0.04537755250930786,-24.975000381469727,-24.975000381469727,-24.975000381469727,24.975000381469727,0.03,1.2557247877120972,-0.07425513118505478,0.34379416704177856,0.04330230504274368,-0.023545805364847183,0.11050925403833389,0.992652177810669,0,0,0,0,0,0,0,0,0,0,0,0,0,0
0.09718465805053711,5.0,-0.005611836910247803,-0.01682804524898529,-0.02543419599533081,-0.04536402225494385,-24.975000381469727,-24.975000381469727,-24.975000381469727,24.975000381469727,0.03,1.2557247877120972,-0.07425513118505478,0.34379416704177856,0.04330230504274368,-0.023545805364847183,0.11050925403833389,0.992652177810669,0,0,0,0,0,0,0,0,0,0,0,0,0,0
0.09887433052062988,5.0,-0.005611836910247803,-0.01682804524898529,-0.02543419599533081,-0.04536402225494385,-24.975000381469727,-24.975000381469727,-24.975000381469727,24.975000381469727,0.03,1.2557247877120972,-0.07425513118505478,0.34379416704177856,0.04330230504274368,-0.023545805364847183,0.11050925403833389,0.992652177810669,0,0,0,0,0,0,0,0,0,0,0,0,0,0
0.09997344017028809,5.0,-0.005611836910247803,-0.01682804524898529,-0.02543419599533081,-0.04536402225494385,-24.975000381469727,-24.975000381469727,-24.975000381469727,24.975000381469727,0.03,1.2557247877120972,-0.07425513118505478,0.34379416704177856,0.04330230504274368,-0.023545805364847183,0.11050925403833389,0.992652177810669,0,0,0,0,0,0,0,0,0,0,0,0,0,0
0.10141468048095703,5.0,-0.005611836910247803,-0.01682804524898529,-0.02543419599533081,-0.04536402225494385,-24.975000381469727,-24.975000381469727,-24.975000381469727,24.975000381469727,0.03,1.2557247877120972,-0.07425513118505478,0.34379416704177856,0.04330230504274368,-0.023545805364847183,0.11050925403833389,0.992652177810669,0,0,0,0,0,0,0,0,0,0,0,0,0,0
0.10272336006164551,5.0,-0.005611836910247803,-0.01682804524898529,-0.02543419599533081,-0.04536402225494385,-24.975000381469727,-24.975000381469727,-24.975000381469727,24.975000381469727,0.03,1.2557247877120972,-0.07425513118505478,0.34379416704177856,0.04330230504274368,-0.023545805364847183,0.11050925403833389,0.992652177810669,0,0,0,0,0,0,0,0,0,0,0,0,0,0
0.10381960868835449,5.0,-0.005611836910247803,-0.01682804524898529,-0.02543419599533081,-0.04536402225494385,-24.975000381469727,-24.975000381469727,-24.975000381469727,24.975000381469727,0.03,1.2557247877120972,-0.07425513118505478,0.34379416704177856,0.04330230504274368,-0.023545805364847183,0.11050925403833389,0.992652177810669,0,0,0,0,0,0,0,0,0,0,0,0,0,0
0.10555911064147949,5.0,-0.005611836910247803,-0.01682804524898529,-0.02543419599533081,-0.04536402225494385,-24.975000381469727,-24.975000381469727,-24.975000381469727,24.975000381469727,0.03,1.2557247877120972,-0.07425513118505478,0.34379416704177856,0.04330230504274368,-0.023545805364847183,0.11050925403833389,0.992652177810669,0,0,0,0,0,0,0,0,0,0,0,0,0,0
0.1069340705871582,-1.0,-0.005611598491668701,-0.016831494867801666,-0.025445997714996338,-0.04537004232406616,0.005008346401154995,0.005179943051189184,-0.0018845937447622418,-0.008187783882021904,0.03,1.2557247877120972,-0.07425513118505478,0.34379416704177856,0.04330230504274368,-0.023545805364847183,0.11050925403833389,0.992652177810669,0,0,0,0,0,0,0,0,0,0,0,0,0,0
0.10838937759399414,-1.0,-0.005612194538116455,-0.01683657616376877,-0.025444626808166504,-0.04536229372024536,-0.0006750308093614876,-0.013713537715375423,-0.00974116288125515,0.009701799601316452,0.03,1.2557247877120972,-0.07425513118505478,0.34379416704177856,0.04330230504274368,-0.023545805364847183,0.11050925403833389,0.992652177810669,0,0,0,0,0,0,0,0,0,0,0,0,0,0
0.10949039459228516,-1.0,-0.00561600923538208,-0.016846880316734314,-0.0254632830619812,-0.04536014795303345,-0.005078560207039118,-0.031688205897808075,0.03134550154209137,0.009106943383812904,0.03,1.255710482597351,-0.07431235164403915,0.3437352478504181,0.04335038363933563,-0.023595789447426796,0.11104489117860794,0.9925891160964966,0,0,0,0,0,0,0,0,0,0,0,0,0,0
0.11116600036621094,-1.0,-0.005612313747406006,-0.01683112233877182,-0.025455176830291748,-0.04536271095275879,-0.00044053210876882076,0.0019277834799140692,0.006898433435708284,0.006576506420969963,0.03,1.255710482597351,-0.07431235164403915,0.3437352478504181,0.04335038363933563,-0.023595789447426796,0.11104489117860794,0.9925891160964966,0,0,0,0,0,0,0,0,0,0,0,0,0,0
0.11416888236999512,-1.0,-0.005611836910247803,-0.01684235781431198,-0.025439560413360596,-0.0453609824180603,0.0028150209691375494,-0.018644126132130623,-0.029040783643722534,0.0020226777996867895,0.03,1.2556794881820679,-0.0744176134467125,0.3436796963214874,0.04382894188165665,-0.024053018540143967,0.10743056237697601,0.9929547905921936,0,0,0,0,0,0,0,0,0,0,0,0,0,0
0.1152656078338623,-1.0,-0.005611836910247803,-0.01684235781431198,-0.025439560413360596,-0.0453609824180603,0.0028150209691375494,-0.018644126132130623,-0.029040783643722534,0.0020226777996867895,0.03,1.2556794881820679,-0.0744176134467125,0.3436796963214874,0.04382894188165665,-0.024053018540143967,0.10743056237697601,0.9929547905921936,0,0,0,0,0,0,0,0,0,0,0,0,0,0
0.11715149879455566,-1.0,-0.005611836910247803,-0.01684235781431198,-0.025439560413360596,-0.0453609824180603,0.0028150209691375494,-0.018644126132130623,-0.029040783643722534,0.0020226777996867895,0.03,1.2556794881820679,-0.0744176134467125,0.3436796963214874,0.04382894188165665,-0.024053018540143967,0.10743056237697601,0.9929547905921936,0,0,0,0,0,0,0,0,0,0,0,0,0,0
0.11888432502746582,-1.0,-0.005611836910247803,-0.01684235781431198,-0.025439560413360596,-0.0453609824180603,0.0028150209691375494,-0.018644126132130623,-0.029040783643722534,0.0020226777996867895,0.03,1.2556794881820679,-0.0744176134467125,0.3436796963214874,0.04382894188165665,-0.024053018540143967,0.10743056237697601,0.9929547905921936,0,0,0,0,0,0,0,0,0,0,0,0,0,0
0.12006068229675293,-1.0,-0.005611836910247803,-0.01684235781431198,-0.025439560413360596,-0.0453609824180603,0.0028150209691375494,-0.018644126132130623,-0.029040783643722534,0.0020226777996867895,0.03,1.2556794881820679,-0.0744176134467125,0.3436796963214874,0.04382894188165665,-0.024053018540143967,0.10743056237697601,0.9929547905921936,0,0,0,0,0,0,0,0,0,0,0,0,0,0
0.12228512763977051,-1.0,-0.005611836910247803,-0.01684235781431198,-0.025439560413360596,-0.0453609824180603,0.0028150209691375494,-0.018644126132130623,-0.029040783643722534,0.0020226777996867895,0.03,1.2556794881820679,-0.0744176134467125,0.3436796963214874,0.04382894188165665,-0.024053018540143967,0.10743056237697601,0.9929547905921936,0,0,0,0,0,0,0,0,0,0,0,0,0,0
0.1238563060760498,-1.0,-0.005613982677459717,-0.016833022236824036,-0.025439739227294922,-0.04537332057952881,0.0027478979900479317,0.007669967133551836,-0.02120720036327839,-0.0258942861109972,0.03,1.2556794881820679,-0.0744176134467125,0.3436796963214874,0.04382894188165665,-0.024053018540143967,0.10743056237697601,0.9929547905921936,0,0,0,0,0,0,0,0,0,0,0,0,0,0
0.12533855438232422,-1.0,-0.005612194538116455,-0.016826719045639038,-0.02545154094696045,-0.04537838697433472,-9.561499609844759e-05,0.012384668923914433,0.007084905635565519,-0.02512555755674839,0.03,1.255719542503357,-0.0743037760257721,0.3437241017818451,0.04316418245434761,-0.02353038266301155,0.10921113938093185,0.9928022027015686,0,0,0,0,0,0,0,0,0,0,0,0,0,0
0.1267683506011963,-1.0,-0.005612194538116455,-0.016826719045639038,-0.02545154094696045,-0.04537838697433472,-9.561499609844759e-05,0.012384668923914433,0.007084905635565519,-0.02512555755674839,0.03,1.255719542503357,-0.0743037760257721,0.3437241017818451,0.04316418245434761,-0.02353038266301155,0.10921113938093185,0.9928022027015686,0,0,0,0,0,0,0,0,0,0,0,0,0,0
0.13047194480895996,-1.0,-0.005612194538116455,-0.016826719045639038,-0.02545154094696045,-0.04537838697433472,-9.561499609844759e-05,0.012384668923914433,0.007084905635565519,-0.02512555755674839,0.03,1.255719542503357,-0.0743037760257721,0.3437241017818451,0.04316418245434761,-0.02353038266301155,0.10921113938093185,0.9928022027015686,0,0,0,0,0,0,0,0,0,0,0,0,0,0
0.13155031204223633,-1.0,-0.005612194538116455,-0.016826719045639038,-0.02545154094696045,-0.04537838697433472,-9.561499609844759e-05,0.012384668923914433,0.007084905635565519,-0.02512555755674839,0.03,1.255719542503357,-0.0743037760257721,0.3437241017818451,0.04316418245434761,-0.02353038266301155,0.10921113938093185,0.9928022027015686,0,0,0,0,0,0,0,0,0,0,0,0,0,0
0.1355574131011963,-1.0,-0.005612194538116455,-0.016826719045639038,-0.02545154094696045,-0.04537838697433472,-9.561499609844759e-05,0.012384668923914433,0.007084905635565519,-0.02512555755674839,0.03,1.2557244300842285,-0.07424899190664291,0.34379154443740845,0.04338650405406952,-0.023557918146252632,0.11288736760616302,0.9923804998397827,0,0,0,0,0,0,0,0,0,0,0,0,0,0
0.1368107795715332,-1.0,-0.005612194538116455,-0.016826719045639038,-0.02545154094696045,-0.04537838697433472,-9.561499609844759e-05,0.012384668923914433,0.007084905635565519,-0.02512555755674839,0.03,1.2557244300842285,-0.07424899190664291,0.34379154443740845,0.04338650405406952,-0.023557918146252632,0.11288736760616302,0.9923804998397827,0,0,0,0,0,0,0,0,0,0,0,0,0,0
0.13789916038513184,-1.0,-0.005612194538116455,-0.016826719045639038,-0.02545154094696045,-0.04537838697433472,-9.561499609844759e-05,0.012384668923914433,0.007084905635565519,-0.02512555755674839,0.03,1.2557244300842285,-0.07424899190664291,0.34379154443740845,0.04338650405406952,-0.023557918146252632,0.11288736760616302,0.9923804998397827,0,0,0,0,0,0,0,0,0,0,0,0,0,0
0.1398017406463623,-1.0,-0.005612194538116455,-0.016826719045639038,-0.02545154094696045,-0.04537838697433472,-9.561499609844759e-05,0.012384668923914433,0.007084905635565519,-0.02512555755674839,0.03,1.2557244300842285,-0.07424899190664291,0.34379154443740845,0.04338650405406952,-0.023557918146252632,0.11288736760616302,0.9923804998397827,0,0,0,0,0,0,0,0,0,0,0,0,0,0
0.14121723175048828,-1.0,-0.005612194538116455,-0.016826719045639038,-0.02545154094696045,-0.04537838697433472,-9.561499609844759e-05,0.012384668923914433,0.007084905635565519,-0.02512555755674839,0.03,1.2557244300842285,-0.07424899190664291,0.34379154443740845,0.04338650405406952,-0.023557918146252632,0.11288736760616302,0.9923804998397827,0,0,0,0,0,0,0,0,0,0,0,0,0,0
0.14243507385253906,-1.0,-0.005612194538116455,-0.016826719045639038,-0.02545154094696045,-0.04537838697433472,-9.561499609844759e-05,0.012384668923914433,0.007084905635565519,-0.02512555755674839,0.03,1.2557244300842285,-0.07424899190664291,0.34379154443740845,0.04338650405406952,-0.023557918146252632,0.11288736760616302,0.9923804998397827,0,0,0,0,0,0,0,0,0,0,0,0,0,0
0.14352750778198242,-1.0,-0.005612194538116455,-0.016826719045639038,-0.02545154094696045,-0.04537838697433472,-9.561499609844759e-05,0.012384668923914433,0.007084905635565519,-0.02512555755674839,0.03,1.2557244300842285,-0.07424899190664291,0.34379154443740845,0.04338650405406952,-0.023557918146252632,0.11288736760616302,0.9923804998397827,0,0,0,0,0,0,0,0,0,0,0,0,0,0
0.14478421211242676,-1.0,-0.005612194538116455,-0.016826719045639038,-0.02545154094696045,-0.04537838697433472,-9.561499609844759e-05,0.012384668923914433,0.007084905635565519,-0.02512555755674839,0.03,1.2557244300842285,-0.07424899190664291,0.34379154443740845,0.04338650405406952,-0.023557918146252632,0.11288736760616302,0.9923804998397827,0,0,0,0,0,0,0,0,0,0,0,0,0,0
0.14707255363464355,-1.0,-0.005612194538116455,-0.016826719045639038,-0.02545154094696045,-0.04537838697433472,-9.561499609844759e-05,0.012384668923914433,0.007084905635565519,-0.02512555755674839,0.03,1.2557244300842285,-0.07424899190664291,0.34379154443740845,0.04338650405406952,-0.023557918146252632,0.11288736760616302,0.9923804998397827,0,0,0,0,0,0,0,0,0,0,0,0,0,0
0.14818334579467773,-1.0,-0.005612194538116455,-0.016826719045639038,-0.02545154094696045,-0.04537838697433472,-9.561499609844759e-05,0.012384668923914433,0.007084905635565519,-0.02512555755674839,0.03,1.2557244300842285,-0.07424899190664291,0.34379154443740845,0.04338650405406952,-0.023557918146252632,0.11288736760616302,0.9923804998397827,0,0,0,0,0,0,0,0,0,0,0,0,0,0
0.14962124824523926,-1.0,-0.005612194538116455,-0.016826719045639038,-0.02545154094696045,-0.04537838697433472,-9.561499609844759e-05,0.012384668923914433,0.007084905635565519,-0.02512555755674839,0.03,1.2557244300842285,-0.07424899190664291,0.34379154443740845,0.04338650405406952,-0.023557918146252632,0.11288736760616302,0.9923804998397827,0,0,0,0,0,0,0,0,0,0,0,0,0,0
0.15103483200073242,-1.0,-0.005612194538116455,-0.016826719045639038,-0.02545154094696045,-0.04537838697433472,-9.561499609844759e-05,0.012384668923914433,0.007084905635565519,-0.02512555755674839,0.03,1.2557244300842285,-0.07424899190664291,0.34379154443740845,0.04338650405406952,-0.023557918146252632,0.11288736760616302,0.9923804998397827,0,0,0,0,0,0,0,0,0,0,0,0,0,0
0.15213441848754883,-1.0,-0.005612194538116455,-0.016826719045639038,-0.02545154094696045,-0.04537838697433472,-9.561499609844759e-05,0.012384668923914433,0.007084905635565519,-0.02512555755674839,0.03,1.2557244300842285,-0.07424899190664291,0.34379154443740845,0.04338650405406952,-0.023557918146252632,0.11288736760616302,0.9923804998397827,0,0,0,0,0,0,0,0,0,0,0,0,0,0
0.15482068061828613,-1.0,-0.005612194538116455,-0.016826719045639038,-0.02545154094696045,-0.04537838697433472,-9.561499609844759e-05,0.012384668923914433,0.007084905635565519,-0.02512555755674839,0.03,1.2557244300842285,-0.07424899190664291,0.34379154443740845,0.04338650405406952,-0.023557918146252632,0.11288736760616302,0.9923804998397827,0,0,0,0,0,0,0,0,0,0,0,0,0,0
0.15607523918151855,-1.0,-0.005612194538116455,-0.016826719045639038,-0.02545154094696045,-0.04537838697433472,-9.561499609844759e-05,0.012384668923914433,0.007084905635565519,-0.02512555755674839,0.03,1.2557244300842285,-0.07424899190664291,0.34379154443740845,0.04338650405406952,-0.023557918146252632,0.11288736760616302,0.9923804998397827,0,0,0,0,0,0,0,0,0,0,0,0,0,0
0.15733814239501953,-1.0,-0.005612194538116455,-0.016826719045639038,-0.02545154094696045,-0.04537838697433472,-9.561499609844759e-05,0.012384668923914433,0.007084905635565519,-0.02512555755674839,0.03,1.2557244300842285,-0.07424899190664291,0.34379154443740845,0.04338650405406952,-0.023557918146252632,0.11288736760616302,0.9923804998397827,0,0,0,0,0,0,0,0,0,0,0,0,0,0
0.15894627571105957,-1.0,-0.005612194538116455,-0.016826719045639038,-0.02545154094696045,-0.04537838697433472,-9.561499609844759e-05,0.012384668923914433,0.007084905635565519,-0.02512555755674839,0.03,1.2557244300842285,-0.07424899190664291,0.34379154443740845,0.04338650405406952,-0.023557918146252632,0.11288736760616302,0.9923804998397827,0,0,0,0,0,0,0,0,0,0,0,0,0,0
0.16012048721313477,-1.0,-0.005612194538116455,-0.016826719045639038,-0.02545154094696045,-0.04537838697433472,-9.561499609844759e-05,0.012384668923914433,0.007084905635565519,-0.02512555755674839,0.03,1.2557244300842285,-0.07424899190664291,0.34379154443740845,0.04338650405406952,-0.023557918146252632,0.11288736760616302,0.9923804998397827,0,0,0,0,0,0,0,0,0,0,0,0,0,0
0.16118812561035156,-1.0,-0.005612194538116455,-0.016826719045639038,-0.02545154094696045,-0.04537838697433472,-9.561499609844759e-05,0.012384668923914433,0.007084905635565519,-0.02512555755674839,0.03,1.2557244300842285,-0.07424899190664291,0.34379154443740845,0.04338650405406952,-0.023557918146252632,0.11288736760616302,0.9923804998397827,0,0,0,0,0,0,0,0,0,0,0,0,0,0
0.16521120071411133,-1.0,-0.005612194538116455,-0.016826719045639038,-0.02545154094696045,-0.04537838697433472,-9.561499609844759e-05,0.012384668923914433,0.007084905635565519,-0.02512555755674839,0.03,1.2557244300842285,-0.07424899190664291,0.34379154443740845,0.04338650405406952,-0.023557918146252632,0.11288736760616302,0.9923804998397827,0,0,0,0,0,0,0,0,0,0,0,0,0,0
0.1674816608428955,-1.0,-0.005612313747406006,-0.016839593648910522,-0.02545320987701416,-0.04536086320877075,-0.0007595160277560353,-0.016784079372882843,-0.0046028029173612595,0.004582172259688377,0.03,1.2557142972946167,-0.07429517060518265,0.3437121510505676,0.04352625831961632,-0.023592406883835793,0.11358442157506943,0.9922940731048584,0,0,0,0,0,0,0,0,0,0,0,0,0,0
0.1692337989807129,-1.0,-0.005612313747406006,-0.016839593648910522,-0.02545320987701416,-0.04536086320877075,-0.0007595160277560353,-0.016784079372882843,-0.0046028029173612595,0.004582172259688377,0.03,1.2557142972946167,-0.07429517060518265,0.3437121510505676,0.04352625831961632,-0.023592406883835793,0.11358442157506943,0.9922940731048584,0,0,0,0,0,0,0,0,0,0,0,0,0,0
0.17049813270568848,-1.0,-0.005612313747406006,-0.016839593648910522,-0.02545320987701416,-0.04536086320877075,-0.0007595160277560353,-0.016784079372882843,-0.0046028029173612595,0.004582172259688377,0.03,1.2557142972946167,-0.07429517060518265,0.3437121510505676,0.04352625831961632,-0.023592406883835793,0.11358442157506943,0.9922940731048584,0,0,0,0,0,0,0,0,0,0,0,0,0,0
0.17252087593078613,-1.0,-0.005612313747406006,-0.016839593648910522,-0.02545320987701416,-0.04536086320877075,-0.0007595160277560353,-0.016784079372882843,-0.0046028029173612595,0.004582172259688377,0.03,1.2557142972946167,-0.07429517060518265,0.3437121510505676,0.04352625831961632,-0.023592406883835793,0.11358442157506943,0.9922940731048584,0,0,0,0,0,0,0,0,0,0,0,0,0,0
0.1737043857574463,-1.0,-0.005612313747406006,-0.016839593648910522,-0.02545320987701416,-0.04536086320877075,-0.0007595160277560353,-0.016784079372882843,-0.0046028029173612595,0.004582172259688377,0.03,1.2557142972946167,-0.07429517060518265,0.3437121510505676,0.04352625831961632,-0.023592406883835793,0.11358442157506943,0.9922940731048584,0,0,0,0,0,0,0,0,0,0,0,0,0,0
0.17509126663208008,-1.0,-0.005612313747406006,-0.016839593648910522,-0.02545320987701416,-0.04536086320877075,-0.0007595160277560353,-0.016784079372882843,-0.0046028029173612595,0.004582172259688377,0.03,1.2557142972946167,-0.07429517060518265,0.3437121510505676,0.04352625831961632,-0.023592406883835793,0.11358442157506943,0.9922940731048584,0,0,0,0,0,0,0,0,0,0,0,0,0,0
0.17640233039855957,-1.0,-0.005612313747406006,-0.016839593648910522,-0.02545320987701416,-0.04536086320877075,-0.0007595160277560353,-0.016784079372882843,-0.0046028029173612595,0.004582172259688377,0.03,1.2557142972946167,-0.07429517060518265,0.3437121510505676,0.04352625831961632,-0.023592406883835793,0.11358442157506943,0.9922940731048584,0,0,0,0,0,0,0,0,0,0,0,0,0,0
0.17897891998291016,-1.0,-0.005612313747406006,-0.016839593648910522,-0.02545320987701416,-0.04536086320877075,-0.0007595160277560353,-0.016784079372882843,-0.0046028029173612595,0.004582172259688377,0.03,1.2557142972946167,-0.07429517060518265,0.3437121510505676,0.04352625831961632,-0.023592406883835793,0.11358442157506943,0.9922940731048584,0,0,0,0,0,0,0,0,0,0,0,0,0,0
0.18007230758666992,-1.0,-0.005630016326904297,-0.016827024519443512,-0.025458931922912598,-0.0453607439994812,-0.027407675981521606,0.00549765769392252,0.01604076288640499,0.0030897746328264475,0.03,1.2556829452514648,-0.07440485805273056,0.34367942810058594,0.04401136189699173,-0.024033835157752037,0.11073306202888489,0.9925843477249146,0,0,0,0,0,0,0,0,0,0,0,0,0,0
0.1815810203552246,-1.0,-0.005630016326904297,-0.016827024519443512,-0.025458931922912598,-0.0453607439994812,-0.027407675981521606,0.00549765769392252,0.01604076288640499,0.0030897746328264475,0.03,1.2556829452514648,-0.07440485805273056,0.34367942810058594,0.04401136189699173,-0.024033835157752037,0.11073306202888489,0.9925843477249146,0,0,0,0,0,0,0,0,0,0,0,0,0,0
0.18271780014038086,-1.0,-0.005630016326904297,-0.016827024519443512,-0.025458931922912598,-0.0453607439994812,-0.027407675981521606,0.00549765769392252,0.01604076288640499,0.0030897746328264475,0.03,1.2556829452514648,-0.07440485805273056,0.34367942810058594,0.04401136189699173,-0.024033835157752037,0.11073306202888489,0.9925843477249146,0,0,0,0,0,0,0,0,0,0,0,0,0,0
0.1838219165802002,-1.0,-0.005630016326904297,-0.016827024519443512,-0.025458931922912598,-0.0453607439994812,-0.027407675981521606,0.00549765769392252,0.01604076288640499,0.0030897746328264475,0.03,1.2556829452514648,-0.07440485805273056,0.34367942810058594,0.04401136189699173,-0.024033835157752037,0.11073306202888489,0.9925843477249146,0,0,0,0,0,0,0,0,0,0,0,0,0,0
0.1849348545074463,-1.0,-0.005630016326904297,-0.016827024519443512,-0.025458931922912598,-0.0453607439994812,-0.027407675981521606,0.00549765769392252,0.01604076288640499,0.0030897746328264475,0.03,1.2556829452514648,-0.07440485805273056,0.34367942810058594,0.04401136189699173,-0.024033835157752037,0.11073306202888489,0.9925843477249146,0,0,0,0,0,0,0,0,0,0,0,0,0,0
0.18619751930236816,-1.0,-0.005630016326904297,-0.016827024519443512,-0.025458931922912598,-0.0453607439994812,-0.027407675981521606,0.00549765769392252,0.01604076288640499,0.0030897746328264475,0.03,1.2556829452514648,-0.07440485805273056,0.34367942810058594,0.04401136189699173,-0.024033835157752037,0.11073306202888489,0.9925843477249146,0,0,0,0,0,0,0,0,0,0,0,0,0,0
0.1872875690460205,-1.0,-0.005630016326904297,-0.016827024519443512,-0.025458931922912598,-0.0453607439994812,-0.027407675981521606,0.00549765769392252,0.01604076288640499,0.0030897746328264475,0.03,1.2556829452514648,-0.07440485805273056,0.34367942810058594,0.04401136189699173,-0.024033835157752037,0.11073306202888489,0.9925843477249146,0,0,0,0,0,0,0,0,0,0,0,0,0,0
0.1885819435119629,-1.0,-0.005630016326904297,-0.016827024519443512,-0.025458931922912598,-0.0453607439994812,-0.027407675981521606,0.00549765769392252,0.01604076288640499,0.0030897746328264475,0.03,1.2556829452514648,-0.07440485805273056,0.34367942810058594,0.04401136189699173,-0.024033835157752037,0.11073306202888489,0.9925843477249146,0,0,0,0,0,0,0,0,0,0,0,0,0,0
0.18975329399108887,-1.0,-0.005630016326904297,-0.016827024519443512,-0.025458931922912598,-0.0453607439994812,-0.027407675981521606,0.00549765769392252,0.01604076288640499,0.0030897746328264475,0.03,1.2556829452514648,-0.07440485805273056,0.34367942810058594,0.04401136189699173,-0.024033835157752037,0.11073306202888489,0.9925843477249146,0,0,0,0,0,0,0,0,0,0,0,0,0,0
0.19115638732910156,-1.0,-0.005630016326904297,-0.016827024519443512,-0.025458931922912598,-0.0453607439994812,-0.027407675981521606,0.00549765769392252,0.01604076288640499,0.0030897746328264475,0.03,1.2556829452514648,-0.07440485805273056,0.34367942810058594,0.04401136189699173,-0.024033835157752037,0.11073306202888489,0.9925843477249146,0,0,0,0,0,0,0,0,0,0,0,0,0,0
0.19223451614379883,-1.0,-0.005630016326904297,-0.016827024519443512,-0.025458931922912598,-0.0453607439994812,-0.027407675981521606,0.00549765769392252,0.01604076288640499,0.0030897746328264475,0.03,1.2556829452514648,-0.07440485805273056,0.34367942810058594,0.04401136189699173,-0.024033835157752037,0.11073306202888489,0.9925843477249146,0,0,0,0,0,0,0,0,0,0,0,0,0,0
0.1942129135131836,-1.0,-0.005630016326904297,-0.016827024519443512,-0.025458931922912598,-0.0453607439994812,-0.027407675981521606,0.00549765769392252,0.01604076288640499,0.0030897746328264475,0.03,1.2556829452514648,-0.07440485805273056,0.34367942810058594,0.04401136189699173,-0.024033835157752037,0.11073306202888489,0.9925843477249146,0,0,0,0,0,0,0,0,0,0,0,0,0,0
0.19605326652526855,-1.0,-0.005630016326904297,-0.016827024519443512,-0.025458931922912598,-0.0453607439994812,-0.027407675981521606,0.00549765769392252,0.01604076288640499,0.0030897746328264475,0.03,1.2556829452514648,-0.07440485805273056,0.34367942810058594,0.04401136189699173,-0.024033835157752037,0.11073306202888489,0.9925843477249146,0,0,0,0,0,0,0,0,0,0,0,0,0,0
0.19745087623596191,-1.0,-0.005630016326904297,-0.016827024519443512,-0.025458931922912598,-0.0453607439994812,-0.027407675981521606,0.00549765769392252,0.01604076288640499,0.0030897746328264475,0.03,1.2556729316711426,-0.0743732824921608,0.3437356948852539,0.04383712634444237,-0.024043554440140724,0.10841656476259232,0.9928475022315979,0,0,0,0,0,0,0,0,0,0,0,0,0,0
0.19864511489868164,-1.0,-0.005612015724182129,-0.01685558259487152,-0.0254327654838562,-0.045367300510406494,0.0023684289772063494,-0.04632442072033882,-0.03476265072822571,-0.0034825250040739775,0.03,1.2556729316711426,-0.0743732824921608,0.3437356948852539,0.04383712634444237,-0.024043554440140724,0.10841656476259232,0.9928475022315979,0,0,0,0,0,0,0,0,0,0,0,0,0,0
0.1997368335723877,-1.0,-0.0056119561195373535,-0.016839325428009033,-0.0254364013671875,-0.0453609824180603,0.0014907981967553496,-0.006219962146133184,-0.022138772532343864,0.0071092769503593445,0.03,1.2557164430618286,-0.07424808293581009,0.3438144326210022,0.0432770662009716,-0.02351987175643444,0.11126245558261871,0.9925696849822998,0,0,0,0,0,0,0,0,0,0,0,0,0,0
0.2008349895477295,-1.0,-0.005612015724182129,-0.016826696693897247,-0.025451600551605225,-0.045360445976257324,0.0009977113222703338,0.010569825768470764,-0.0006411313079297543,0.005302014295011759,0.03,1.2557178735733032,-0.07430945336818695,0.34373149275779724,0.043517883867025375,-0.023626212030649185,0.11334169656038284,0.9923214316368103,0,0,0,0,0,0,0,0,0,0,0,0,0,0
0.20196890830993652,-1.0,-0.005612015724182129,-0.016826696693897247,-0.025451600551605225,-0.045360445976257324,0.0009977113222703338,0.010569825768470764,-0.0006411313079297543,0.005302014295011759,0.03,1.2557178735733032,-0.07430945336818695,0.34373149275779724,0.043517883867025375,-0.023626212030649185,0.11334169656038284,0.9923214316368103,0,0,0,0,0,0,0,0,0,0,0,0,0,0
0.20335745811462402,-1.0,-0.005612015724182129,-0.016826696693897247,-0.025451600551605225,-0.045360445976257324,0.0009977113222703338,0.010569825768470764,-0.0006411313079297543,0.005302014295011759,0.03,1.2557178735733032,-0.07430945336818695,0.34373149275779724,0.043517883867025375,-0.023626212030649185,0.11334169656038284,0.9923214316368103,0,0,0,0,0,0,0,0,0,0,0,0,0,0
0.2046647071838379,-1.0,-0.005612015724182129,-0.016826696693897247,-0.025451600551605225,-0.045360445976257324,0.0009977113222703338,0.010569825768470764,-0.0006411313079297543,0.005302014295011759,0.03,1.2557178735733032,-0.07430945336818695,0.34373149275779724,0.043517883867025375,-0.023626212030649185,0.11334169656038284,0.9923214316368103,0,0,0,0,0,0,0,0,0,0,0,0,0,0
0.20603132247924805,-1.0,-0.005612015724182129,-0.016826696693897247,-0.025451600551605225,-0.045360445976257324,0.0009977113222703338,0.010569825768470764,-0.0006411313079297543,0.005302014295011759,0.03,1.2557178735733032,-0.07430945336818695,0.34373149275779724,0.043517883867025375,-0.023626212030649185,0.11334169656038284,0.9923214316368103,0,0,0,0,0,0,0,0,0,0,0,0,0,0
0.20711326599121094,-1.0,-0.005612015724182129,-0.016826696693897247,-0.025451600551605225,-0.045360445976257324,0.0009977113222703338,0.010569825768470764,-0.0006411313079297543,0.005302014295011759,0.03,1.2557178735733032,-0.07430945336818695,0.34373149275779724,0.043517883867025375,-0.023626212030649185,0.11334169656038284,0.9923214316368103,0,0,0,0,0,0,0,0,0,0,0,0,0,0
0.20836424827575684,-1.0,-0.005612015724182129,-0.016826696693897247,-0.025451600551605225,-0.045360445976257324,0.0009977113222703338,0.010569825768470764,-0.0006411313079297543,0.005302014295011759,0.03,1.2557178735733032,-0.07430945336818695,0.34373149275779724,0.043517883867025375,-0.023626212030649185,0.11334169656038284,0.9923214316368103,0,0,0,0,0,0,0,0,0,0,0,0,0,0
0.20973467826843262,-1.0,-0.005612015724182129,-0.016826696693897247,-0.025451600551605225,-0.045360445976257324,0.0009977113222703338,0.010569825768470764,-0.0006411313079297543,0.005302014295011759,0.03,1.2557178735733032,-0.07430945336818695,0.34373149275779724,0.043517883867025375,-0.023626212030649185,0.11334169656038284,0.9923214316368103,0,0,0,0,0,0,0,0,0,0,0,0,0,0
0.211043119430542,-1.0,-0.005612015724182129,-0.016826696693897247,-0.025451600551605225,-0.045360445976257324,0.0009977113222703338,0.010569825768470764,-0.0006411313079297543,0.005302014295011759,0.03,1.2557178735733032,-0.07430945336818695,0.34373149275779724,0.043517883867025375,-0.023626212030649185,0.11334169656038284,0.9923214316368103,0,0,0,0,0,0,0,0,0,0,0,0,0,0
0.21271109580993652,-1.0,-0.005612015724182129,-0.016826696693897247,-0.025451600551605225,-0.045360445976257324,0.0009977113222703338,0.010569825768470764,-0.0006411313079297543,0.005302014295011759,0.03,1.2557178735733032,-0.07430945336818695,0.34373149275779724,0.043517883867025375,-0.023626212030649185,0.11334169656038284,0.9923214316368103,0,0,0,0,0,0,0,0,0,0,0,0,0,0
0.2138984203338623,-1.0,-0.005612015724182129,-0.016826696693897247,-0.025451600551605225,-0.045360445976257324,0.0009977113222703338,0.010569825768470764,-0.0006411313079297543,0.005302014295011759,0.03,1.2557178735733032,-0.07430945336818695,0.34373149275779724,0.043517883867025375,-0.023626212030649185,0.11334169656038284,0.9923214316368103,0,0,0,0,0,0,0,0,0,0,0,0,0,0
0.21501684188842773,-1.0,-0.005612015724182129,-0.016826696693897247,-0.025451600551605225,-0.045360445976257324,0.0009977113222703338,0.010569825768470764,-0.0006411313079297543,0.005302014295011759,0.03,1.2557178735733032,-0.07430945336818695,0.34373149275779724,0.043517883867025375,-0.023626212030649185,0.11334169656038284,0.9923214316368103,0,0,0,0,0,0,0,0,0,0,0,0,0,0
0.21622681617736816,-1.0,-0.005612015724182129,-0.016826696693897247,-0.025451600551605225,-0.045360445976257324,0.0009977113222703338,0.010569825768470764,-0.0006411313079297543,0.005302014295011759,0.03,1.2557178735733032,-0.07430945336818695,0.34373149275779724,0.043517883867025375,-0.023626212030649185,0.11334169656038284,0.9923214316368103,0,0,0,0,0,0,0,0,0,0,0,0,0,0
0.21734023094177246,-1.0,-0.005612015724182129,-0.016826696693897247,-0.025451600551605225,-0.045360445976257324,0.0009977113222703338,0.010569825768470764,-0.0006411313079297543,0.005302014295011759,0.03,1.2557178735733032,-0.07430945336818695,0.34373149275779724,0.043517883867025375,-0.023626212030649185,0.11334169656038284,0.9923214316368103,0,0,0,0,0,0,0,0,0,0,0,0,0,0
0.21916842460632324,-1.0,-0.005612015724182129,-0.016826696693897247,-0.025451600551605225,-0.045360445976257324,0.0009977113222703338,0.010569825768470764,-0.0006411313079297543,0.005302014295011759,0.03,1.2557178735733032,-0.07430945336818695,0.34373149275779724,0.043517883867025375,-0.023626212030649185,0.11334169656038284,0.9923214316368103,0,0,0,0,0,0,0,0,0,0,0,0,0,0
0.22057771682739258,-1.0,-0.005612015724182129,-0.016826696693897247,-0.025451600551605225,-0.045360445976257324,0.0009977113222703338,0.010569825768470764,-0.0006411313079297543,0.005302014295011759,0.03,1.2557178735733032,-0.07430945336818695,0.34373149275779724,0.043517883867025375,-0.023626212030649185,0.11334169656038284,0.9923214316368103,0,0,0,0,0,0,0,0,0,0,0,0,0,0
0.22317075729370117,-1.0,-0.005612015724182129,-0.016826696693897247,-0.025451600551605225,-0.045360445976257324,0.0009977113222703338,0.010569825768470764,-0.0006411313079297543,0.005302014295011759,0.03,1.2557178735733032,-0.07430945336818695,0.34373149275779724,0.043517883867025375,-0.023626212030649185,0.11334169656038284,0.9923214316368103,0,0,0,0,0,0,0,0,0,0,0,0,0,0
0.22447681427001953,-1.0,-0.005612015724182129,-0.016826696693897247,-0.025451600551605225,-0.045360445976257324,0.0009977113222703338,0.010569825768470764,-0.0006411313079297543,0.005302014295011759,0.03,1.2557178735733032,-0.07430945336818695,0.34373149275779724,0.043517883867025375,-0.023626212030649185,0.11334169656038284,0.9923214316368103,0,0,0,0,0,0,0,0,0,0,0,0,0,0
0.22859406471252441,-1.0,-0.005612015724182129,-0.016826696693897247,-0.025451600551605225,-0.045360445976257324,0.0009977113222703338,0.010569825768470764,-0.0006411313079297543,0.005302014295011759,0.03,1.2557178735733032,-0.07430945336818695,0.34373149275779724,0.043517883867025375,-0.023626212030649185,0.11334169656038284,0.9923214316368103,0,0,0,0,0,0,0,0,0,0,0,0,0,0
0.22991704940795898,-1.0,-0.005612015724182129,-0.016826696693897247,-0.025451600551605225,-0.045360445976257324,0.0009977113222703338,0.010569825768470764,-0.0006411313079297543,0.005302014295011759,0.03,1.2556791305541992,-0.07439903169870377,0.3436884880065918,0.04398208484053612,-0.02403227426111698,0.10987662523984909,0.9926808476448059,0,0,0,0,0,0,0,0,0,0,0,0,0,0
0.23250603675842285,-1.0,-0.005612015724182129,-0.016828179359436035,-0.025465190410614014,-0.04536473751068115,0.0015122321201488376,0.007333763875067234,0.03239566832780838,-0.0003280830860603601,0.03,1.2556791305541992,-0.07439903169870377,0.3436884880065918,0.04398208484053612,-0.02403227426111698,0.10987662523984909,0.9926808476448059,0,0,0,0,0,0,0,0,0,0,0,0,0,0
0.23429393768310547,-1.0,-0.005612432956695557,-0.01683160662651062,-0.02546471357345581,-0.04536837339401245,0.0022219710517674685,-0.0011085011065006256,0.025922279804944992,-0.01253513339906931,0.03,1.2557162046432495,-0.07424834370613098,0.3437875807285309,0.04327644780278206,-0.023541824892163277,0.11134325712919235,0.9925601482391357,0,0,0,0,0,0,0,0,0,0,0,0,0,0
0.2356576919555664,-1.0,-0.0056157708168029785,-0.016826950013637543,-0.025440454483032227,-0.045365095138549805,-0.003925445955246687,0.010555225424468517,-0.01623457670211792,-0.0013164132833480835,0.03,1.2557119131088257,-0.07430456578731537,0.3437438905239105,0.043338507413864136,-0.023581819608807564,0.11190779507160187,0.9924929738044739,0,0,0,0,0,0,0,0,0,0,0,0,0,0
0.23715448379516602,-1.0,-0.0056157708168029785,-0.016826950013637543,-0.025440454483032227,-0.045365095138549805,-0.003925445955246687,0.010555225424468517,-0.01623457670211792,-0.0013164132833480835,0.03,1.2557119131088257,-0.07430456578731537,0.3437438905239105,0.043338507413864136,-0.023581819608807564,0.11190779507160187,0.9924929738044739,0,0,0,0,0,0,0,0,0,0,0,0,0,0
0.23824286460876465,-1.0,-0.0056157708168029785,-0.016826950013637543,-0.025440454483032227,-0.045365095138549805,-0.003925445955246687,0.010555225424468517,-0.01623457670211792,-0.0013164132833480835,0.03,1.2557119131088257,-0.07430456578731537,0.3437438905239105,0.043338507413864136,-0.023581819608807564,0.11190779507160187,0.9924929738044739,0,0,0,0,0,0,0,0,0,0,0,0,0,0
0.24242162704467773,-1.0,-0.0056116580963134766,-0.016831710934638977,-0.025454819202423096,-0.04536092281341553,0.005678523797541857,0.00756066432222724,0.008879665285348892,0.005131773184984922,0.03,1.2557119131088257,-0.07430456578731537,0.3437438905239105,0.043338507413864136,-0.023581819608807564,0.11190779507160187,0.9924929738044739,0,0,0,0,0,0,0,0,0,0,0,0,0,0
0.24380898475646973,-1.0,-0.0056116580963134766,-0.016831710934638977,-0.025454819202423096,-0.04536092281341553,0.005678523797541857,0.00756066432222724,0.008879665285348892,0.005131773184984922,0.03,1.2557119131088257,-0.07430456578731537,0.3437438905239105,0.043338507413864136,-0.023581819608807564,0.11190779507160187,0.9924929738044739,0,0,0,0,0,0,0,0,0,0,0,0,0,0
0.24550580978393555,-1.0,-0.0056116580963134766,-0.016831710934638977,-0.025454819202423096,-0.04536092281341553,0.005678523797541857,0.00756066432222724,0.008879665285348892,0.005131773184984922,0.03,1.2557119131088257,-0.07430456578731537,0.3437438905239105,0.043338507413864136,-0.023581819608807564,0.11190779507160187,0.9924929738044739,0,0,0,0,0,0,0,0,0,0,0,0,0,0
0.24714040756225586,-1.0,-0.0056116580963134766,-0.016831710934638977,-0.025454819202423096,-0.04536092281341553,0.005678523797541857,0.00756066432222724,0.008879665285348892,0.005131773184984922,0.03,1.2557119131088257,-0.07430456578731537,0.3437438905239105,0.043338507413864136,-0.023581819608807564,0.11190779507160187,0.9924929738044739,0,0,0,0,0,0,0,0,0,0,0,0,0,0
0.24990010261535645,-1.0,-0.0056116580963134766,-0.016831710934638977,-0.025454819202423096,-0.04536092281341553,0.005678523797541857,0.00756066432222724,0.008879665285348892,0.005131773184984922,0.03,1.2557119131088257,-0.07430456578731537,0.3437438905239105,0.043338507413864136,-0.023581819608807564,0.11190779507160187,0.9924929738044739,0,0,0,0,0,0,0,0,0,0,0,0,0,0
0.25133657455444336,-1.0,-0.0056116580963134766,-0.016831710934638977,-0.025454819202423096,-0.04536092281341553,0.005678523797541857,0.00756066432222724,0.008879665285348892,0.005131773184984922,0.03,1.2557119131088257,-0.07430456578731537,0.3437438905239105,0.043338507413864136,-0.023581819608807564,0.11190779507160187,0.9924929738044739,0,0,0,0,0,0,0,0,0,0,0,0,0,0
0.2527039051055908,-1.0,-0.0056116580963134766,-0.016831710934638977,-0.025454819202423096,-0.04536092281341553,0.005678523797541857,0.00756066432222724,0.008879665285348892,0.005131773184984922,0.03,1.2557119131088257,-0.07430456578731537,0.3437438905239105,0.043338507413864136,-0.023581819608807564,0.11190779507160187,0.9924929738044739,0,0,0,0,0,0,0,0,0,0,0,0,0,0
0.2540743350982666,-1.0,-0.0056116580963134766,-0.016831710934638977,-0.025454819202423096,-0.04536092281341553,0.005678523797541857,0.00756066432222724,0.008879665285348892,0.005131773184984922,0.03,1.2557119131088257,-0.07430456578731537,0.3437438905239105,0.043338507413864136,-0.023581819608807564,0.11190779507160187,0.9924929738044739,0,0,0,0,0,0,0,0,0,0,0,0,0,0
0.25570249557495117,-1.0,-0.0056116580963134766,-0.016831710934638977,-0.025454819202423096,-0.04536092281341553,0.005678523797541857,0.00756066432222724,0.008879665285348892,0.005131773184984922,0.03,1.2557119131088257,-0.07430456578731537,0.3437438905239105,0.043338507413864136,-0.023581819608807564,0.11190779507160187,0.9924929738044739,0,0,0,0,0,0,0,0,0,0,0,0,0,0
0.25684356689453125,-1.0,-0.0056116580963134766,-0.016831710934638977,-0.025454819202423096,-0.04536092281341553,0.005678523797541857,0.00756066432222724,0.008879665285348892,0.005131773184984922,0.03,1.2557119131088257,-0.07430456578731537,0.3437438905239105,0.043338507413864136,-0.023581819608807564,0.11190779507160187,0.9924929738044739,0,0,0,0,0,0,0,0,0,0,0,0,0,0
0.25794529914855957,-1.0,-0.0056116580963134766,-0.016831710934638977,-0.025454819202423096,-0.04536092281341553,0.005678523797541857,0.00756066432222724,0.008879665285348892,0.005131773184984922,0.03,1.2557119131088257,-0.07430456578731537,0.3437438905239105,0.043338507413864136,-0.023581819608807564,0.11190779507160187,0.9924929738044739,0,0,0,0,0,0,0,0,0,0,0,0,0,0
0.25981760025024414,-1.0,-0.0056116580963134766,-0.016831710934638977,-0.025454819202423096,-0.04536092281341553,0.005678523797541857,0.00756066432222724,0.008879665285348892,0.005131773184984922,0.03,1.2557119131088257,-0.07430456578731537,0.3437438905239105,0.043338507413864136,-0.023581819608807564,0.11190779507160187,0.9924929738044739,0,0,0,0,0,0,0,0,0,0,0,0,0,0
0.26088714599609375,-1.0,-0.0056116580963134766,-0.016831710934638977,-0.025454819202423096,-0.04536092281341553,0.005678523797541857,0.00756066432222724,0.008879665285348892,0.005131773184984922,0.03,1.2557119131088257,-0.07430456578731537,0.3437438905239105,0.043338507413864136,-0.023581819608807564,0.11190779507160187,0.9924929738044739,0,0,0,0,0,0,0,0,0,0,0,0,0,0
0.262448787689209,-1.0,-0.0056116580963134766,-0.016831710934638977,-0.025454819202423096,-0.04536092281341553,0.005678523797541857,0.00756066432222724,0.008879665285348892,0.005131773184984922,0.03,1.2557119131088257,-0.07430456578731537,0.3437438905239105,0.043338507413864136,-0.023581819608807564,0.11190779507160187,0.9924929738044739,0,0,0,0,0,0,0,0,0,0,0,0,0,0
0.26354360580444336,-1.0,-0.0056116580963134766,-0.016831710934638977,-0.025454819202423096,-0.04536092281341553,0.005678523797541857,0.00756066432222724,0.008879665285348892,0.005131773184984922,0.03,1.2557119131088257,-0.07430456578731537,0.3437438905239105,0.043338507413864136,-0.023581819608807564,0.11190779507160187,0.9924929738044739,0,0,0,0,0,0,0,0,0,0,0,0,0,0
0.26461005210876465,-1.0,-0.0056116580963134766,-0.016831710934638977,-0.025454819202423096,-0.04536092281341553,0.005678523797541857,0.00756066432222724,0.008879665285348892,0.005131773184984922,0.03,1.2557119131088257,-0.07430456578731537,0.3437438905239105,0.043338507413864136,-0.023581819608807564,0.11190779507160187,0.9924929738044739,0,0,0,0,0,0,0,0,0,0,0,0,0,0
0.26569628715515137,-1.0,-0.0056116580963134766,-0.016831710934638977,-0.025454819202423096,-0.04536092281341553,0.005678523797541857,0.00756066432222724,0.008879665285348892,0.005131773184984922,0.03,1.2557119131088257,-0.07430456578731537,0.3437438905239105,0.043338507413864136,-0.023581819608807564,0.11190779507160187,0.9924929738044739,0,0,0,0,0,0,0,0,0,0,0,0,0,0
0.2689039707183838,-1.0,-0.0056116580963134766,-0.016831710934638977,-0.025454819202423096,-0.04536092281341553,0.005678523797541857,0.00756066432222724,0.008879665285348892,0.005131773184984922,0.03,1.2557119131088257,-0.07430456578731537,0.3437438905239105,0.043338507413864136,-0.023581819608807564,0.11190779507160187,0.9924929738044739,0,0,0,0,0,0,0,0,0,0,0,0,0,0
0.2706937789916992,-1.0,-0.0056116580963134766,-0.016831710934638977,-0.025454819202423096,-0.04536092281341553,0.005678523797541857,0.00756066432222724,0.008879665285348892,0.005131773184984922,0.03,1.2557119131088257,-0.07430456578731537,0.3437438905239105,0.043338507413864136,-0.023581819608807564,0.11190779507160187,0.9924929738044739,0,0,0,0,0,0,0,0,0,0,0,0,0,0
0.27205872535705566,-1.0,-0.0056116580963134766,-0.016831710934638977,-0.025454819202423096,-0.04536092281341553,0.005678523797541857,0.00756066432222724,0.008879665285348892,0.005131773184984922,0.03,1.2557119131088257,-0.07430456578731537,0.3437438905239105,0.043338507413864136,-0.023581819608807564,0.11190779507160187,0.9924929738044739,0,0,0,0,0,0,0,0,0,0,0,0,0,0
0.27327752113342285,-1.0,-0.0056116580963134766,-0.016831710934638977,-0.025454819202423096,-0.04536092281341553,0.005678523797541857,0.00756066432222724,0.008879665285348892,0.005131773184984922,0.03,1.2557119131088257,-0.07430456578731537,0.3437438905239105,0.043338507413864136,-0.023581819608807564,0.11190779507160187,0.9924929738044739,0,0,0,0,0,0,0,0,0,0,0,0,0,0
0.2749483585357666,-1.0,-0.0056116580963134766,-0.016831710934638977,-0.025454819202423096,-0.04536092281341553,0.005678523797541857,0.00756066432222724,0.008879665285348892,0.005131773184984922,0.03,1.2557119131088257,-0.07430456578731537,0.3437438905239105,0.043338507413864136,-0.023581819608807564,0.11190779507160187,0.9924929738044739,0,0,0,0,0,0,0,0,0,0,0,0,0,0
0.2761516571044922,-1.0,-0.0056116580963134766,-0.016831710934638977,-0.025454819202423096,-0.04536092281341553,0.005678523797541857,0.00756066432222724,0.008879665285348892,0.005131773184984922,0.03,1.2557119131088257,-0.07430456578731537,0.3437438905239105,0.043338507413864136,-0.023581819608807564,0.11190779507160187,0.9924929738044739,0,0,0,0,0,0,0,0,0,0,0,0,0,0
0.27732348442077637,-1.0,-0.0056116580963134766,-0.016831710934638977,-0.025454819202423096,-0.04536092281341553,0.005678523797541857,0.00756066432222724,0.008879665285348892,0.005131773184984922,0.03,1.2557119131088257,-0.07430456578731537,0.3437438905239105,0.043338507413864136,-0.023581819608807564,0.11190779507160187,0.9924929738044739,0,0,0,0,0,0,0,0,0,0,0,0,0,0
0.27854442596435547,-1.0,-0.0056116580963134766,-0.016831710934638977,-0.025454819202423096,-0.04536092281341553,0.005678523797541857,0.00756066432222724,0.008879665285348892,0.005131773184984922,0.03,1.2557119131088257,-0.07430456578731537,0.3437438905239105,0.043338507413864136,-0.023581819608807564,0.11190779507160187,0.9924929738044739,0,0,0,0,0,0,0,0,0,0,0,0,0,0
0.2805044651031494,-1.0,-0.0056116580963134766,-0.016831710934638977,-0.025454819202423096,-0.04536092281341553,0.005678523797541857,0.00756066432222724,0.008879665285348892,0.005131773184984922,0.03,1.2557119131088257,-0.07430456578731537,0.3437438905239105,0.043338507413864136,-0.023581819608807564,0.11190779507160187,0.9924929738044739,0,0,0,0,0,0,0,0,0,0,0,0,0,0
0.28165388107299805,-1.0,-0.0056116580963134766,-0.016831710934638977,-0.025454819202423096,-0.04536092281341553,0.005678523797541857,0.00756066432222724,0.008879665285348892,0.005131773184984922,0.03,1.2557119131088257,-0.07430456578731537,0.3437438905239105,0.043338507413864136,-0.023581819608807564,0.11190779507160187,0.9924929738044739,0,0,0,0,0,0,0,0,0,0,0,0,0,0
0.28301286697387695,-1.0,-0.0056119561195373535,-0.016827881336212158,-0.02544301748275757,-0.045360684394836426,0.001937373192049563,0.00735212117433548,-0.0032156058587133884,0.004120814613997936,0.03,1.2557119131088257,-0.07430456578731537,0.3437438905239105,0.043338507413864136,-0.023581819608807564,0.11190779507160187,0.9924929738044739,0,0,0,0,0,0,0,0,0,0,0,0,0,0
0.28440022468566895,-1.0,-0.005616426467895508,-0.01683906465768814,-0.02544194459915161,-0.04537558555603027,-0.004037454724311829,-0.014676470309495926,-0.017737282440066338,-0.01801413856446743,0.03,1.255674958229065,-0.07436519116163254,0.3437507450580597,0.04357447847723961,-0.023975923657417297,0.10539911687374115,0.9931855201721191,0,0,0,0,0,0,0,0,0,0,0,0,0,0
0.2855489253997803,-1.0,-0.005622744560241699,-0.016827210783958435,-0.025448322296142578,-0.045389771461486816,-0.014176887460052967,0.011832836084067822,-0.002349857008084655,-0.0358516089618206,0.03,1.255674958229065,-0.07436519116163254,0.3437507450580597,0.04357447847723961,-0.023975923657417297,0.10539911687374115,0.9931855201721191,0,0,0,0,0,0,0,0,0,0,0,0,0,0
0.2866394519805908,-1.0,-0.005622744560241699,-0.016827210783958435,-0.025448322296142578,-0.045389771461486816,-0.014176887460052967,0.011832836084067822,-0.002349857008084655,-0.0358516089618206,0.03,1.255674958229065,-0.07436519116163254,0.3437507450580597,0.04357447847723961,-0.023975923657417297,0.10539911687374115,0.9931855201721191,0,0,0,0,0,0,0,0,0,0,0,0,0,0
0.28824400901794434,-1.0,-0.005612671375274658,-0.016826823353767395,-0.02544236183166504,-0.0453721284866333,-0.012190552428364754,0.0063501885160803795,-0.014326099306344986,-0.00923990923911333,0.03,1.255674958229065,-0.07436519116163254,0.3437507450580597,0.04357447847723961,-0.023975923657417297,0.10539911687374115,0.9931855201721191,0,0,0,0,0,0,0,0,0,0,0,0,0,0
0.2899949550628662,-1.0,-0.005612850189208984,-0.01683158427476883,-0.025465309619903564,-0.045360565185546875,0.00464627193287015,-0.0008233333937823772,0.031853724271059036,0.006660259794443846,0.03,1.255674958229065,-0.07436519116163254,0.3437507450580597,0.04357447847723961,-0.023975923657417297,0.10539911687374115,0.9931855201721191,0,0,0,0,0,0,0,0,0,0,0,0,0,0
0.29128336906433105,-1.0,-0.005612850189208984,-0.01683158427476883,-0.025465309619903564,-0.045360565185546875,0.00464627193287015,-0.0008233333937823772,0.031853724271059036,0.006660259794443846,0.03,1.255674958229065,-0.07436519116163254,0.3437507450580597,0.04357447847723961,-0.023975923657417297,0.10539911687374115,0.9931855201721191,0,0,0,0,0,0,0,0,0,0,0,0,0,0
0.29263925552368164,-1.0,-0.0056119561195373535,-0.016826339066028595,-0.025453150272369385,-0.045364320278167725,0.0029717721045017242,0.01399051770567894,0.017185281962156296,-0.002612600103020668,0.03,1.255674958229065,-0.07436519116163254,0.3437507450580597,0.04357447847723961,-0.023975923657417297,0.10539911687374115,0.9931855201721191,0,0,0,0,0,0,0,0,0,0,0,0,0,0
0.29470133781433105,-1.0,-0.005622506141662598,-0.016827821731567383,-0.02544260025024414,-0.04536628723144531,-0.017326083034276962,0.006229228340089321,-0.01409836858510971,0.0008463861886411905,0.03,1.2556710243225098,-0.07439940422773361,0.34367918968200684,0.04338701441884041,-0.023931428790092468,0.10275678336620331,0.993471622467041,0,0,0,0,0,0,0,0,0,0,0,0,0,0
0.29598498344421387,-1.0,-0.005622506141662598,-0.016827821731567383,-0.02544260025024414,-0.04536628723144531,-0.017326083034276962,0.006229228340089321,-0.01409836858510971,0.0008463861886411905,0.03,1.2556710243225098,-0.07439940422773361,0.34367918968200684,0.04338701441884041,-0.023931428790092468,0.10275678336620331,0.993471622467041,0,0,0,0,0,0,0,0,0,0,0,0,0,0
0.297426700592041,-1.0,-0.005622506141662598,-0.016827821731567383,-0.02544260025024414,-0.04536628723144531,-0.017326083034276962,0.006229228340089321,-0.01409836858510971,0.0008463861886411905,0.03,1.2556710243225098,-0.07439940422773361,0.34367918968200684,0.04338701441884041,-0.023931428790092468,0.10275678336620331,0.993471622467041,0,0,0,0,0,0,0,0,0,0,0,0,0,0
0.2995140552520752,-1.0,-0.005622506141662598,-0.016827821731567383,-0.02544260025024414,-0.04536628723144531,-0.017326083034276962,0.006229228340089321,-0.01409836858510971,0.0008463861886411905,0.03,1.2556710243225098,-0.07439940422773361,0.34367918968200684,0.04338701441884041,-0.023931428790092468,0.10275678336620331,0.993471622467041,0,0,0,0,0,0,0,0,0,0,0,0,0,0
0.30188417434692383,-1.0,-0.005622506141662598,-0.016827821731567383,-0.02544260025024414,-0.04536628723144531,-0.017326083034276962,0.006229228340089321,-0.01409836858510971,0.0008463861886411905,0.03,1.2556710243225098,-0.07439940422773361,0.34367918968200684,0.04338701441884041,-0.023931428790092468,0.10275678336620331,0.993471622467041,0,0,0,0,0,0,0,0,0,0,0,0,0,0
0.3030514717102051,-1.0,-0.005622506141662598,-0.016827821731567383,-0.02544260025024414,-0.04536628723144531,-0.017326083034276962,0.006229228340089321,-0.01409836858510971,0.0008463861886411905,0.03,1.2556997537612915,-0.07425866276025772,0.34378352761268616,0.043606288731098175,-0.02359134517610073,0.11435913294553757,0.992201566696167,0,0,0,0,0,0,0,0,0,0,0,0,0,0
0.30596089363098145,-1.0,-0.005622506141662598,-0.016827821731567383,-0.02544260025024414,-0.04536628723144531,-0.017326083034276962,0.006229228340089321,-0.01409836858510971,0.0008463861886411905,0.03,1.2556997537612915,-0.07425866276025772,0.34378352761268616,0.043606288731098175,-0.02359134517610073,0.11435913294553757,0.992201566696167,0,0,0,0,0,0,0,0,0,0,0,0,0,0
0.3074367046356201,-1.0,-0.005622506141662598,-0.016827821731567383,-0.02544260025024414,-0.04536628723144531,-0.017326083034276962,0.006229228340089321,-0.01409836858510971,0.0008463861886411905,0.03,1.2556997537612915,-0.07425866276025772,0.34378352761268616,0.043606288731098175,-0.02359134517610073,0.11435913294553757,0.992201566696167,0,0,0,0,0,0,0,0,0,0,0,0,0,0
0.3086521625518799,-1.0,-0.005622506141662598,-0.016827821731567383,-0.02544260025024414,-0.04536628723144531,-0.017326083034276962,0.006229228340089321,-0.01409836858510971,0.0008463861886411905,0.03,1.2556756734848022,-0.07440395653247833,0.3436589241027832,0.04391498863697052,-0.0240330770611763,0.10792061686515808,0.9928983449935913,0,0,0,0,0,0,0,0,0,0,0,0,0,0
0.30971479415893555,-1.0,-0.005622506141662598,-0.016827821731567383,-0.02544260025024414,-0.04536628723144531,-0.017326083034276962,0.006229228340089321,-0.01409836858510971,0.0008463861886411905,0.03,1.2556756734848022,-0.07440395653247833,0.3436589241027832,0.04391498863697052,-0.0240330770611763,0.10792061686515808,0.9928983449935913,0,0,0,0,0,0,0,0,0,0,0,0,0,0
0.3109092712402344,-1.0,-0.005622506141662598,-0.016827821731567383,-0.02544260025024414,-0.04536628723144531,-0.017326083034276962,0.006229228340089321,-0.01409836858510971,0.0008463861886411905,0.03,1.2556756734848022,-0.07440395653247833,0.3436589241027832,0.04391498863697052,-0.0240330770611763,0.10792061686515808,0.9928983449935913,0,0,0,0,0,0,0,0,0,0,0,0,0,0
0.31221532821655273,-1.0,-0.005622506141662598,-0.016827821731567383,-0.02544260025024414,-0.04536628723144531,-0.017326083034276962,0.006229228340089321,-0.01409836858510971,0.0008463861886411905,0.03,1.2556756734848022,-0.07440395653247833,0.3436589241027832,0.04391498863697052,-0.0240330770611763,0.10792061686515808,0.9928983449935913,0,0,0,0,0,0,0,0,0,0,0,0,0,0
0.31452322006225586,-1.0,-0.005622506141662598,-0.016827821731567383,-0.02544260025024414,-0.04536628723144531,-0.017326083034276962,0.006229228340089321,-0.01409836858510971,0.0008463861886411905,0.03,1.2556756734848022,-0.07440395653247833,0.3436589241027832,0.04391498863697052,-0.0240330770611763,0.10792061686515808,0.9928983449935913,0,0,0,0,0,0,0,0,0,0,0,0,0,0
0.3191359043121338,-1.0,-0.005622506141662598,-0.016827821731567383,-0.02544260025024414,-0.04536628723144531,-0.017326083034276962,0.006229228340089321,-0.01409836858510971,0.0008463861886411905,0.03,1.2556756734848022,-0.07440395653247833,0.3436589241027832,0.04391498863697052,-0.0240330770611763,0.10792061686515808,0.9928983449935913,0,0,0,0,0,0,0,0,0,0,0,0,0,0
0.320631742477417,-1.0,-0.005622506141662598,-0.016827821731567383,-0.02544260025024414,-0.04536628723144531,-0.017326083034276962,0.006229228340089321,-0.01409836858510971,0.0008463861886411905,0.03,1.2557164430618286,-0.07427331060171127,0.3437425196170807,0.04324712976813316,-0.023570112884044647,0.10961204767227173,0.9927534461021423,0,0,0,0,0,0,0,0,0,0,0,0,0,0
0.321732759475708,-1.0,-0.005622506141662598,-0.016827821731567383,-0.02544260025024414,-0.04536628723144531,-0.017326083034276962,0.006229228340089321,-0.01409836858510971,0.0008463861886411905,0.03,1.2557164430618286,-0.07427331060171127,0.3437425196170807,0.04324712976813316,-0.023570112884044647,0.10961204767227173,0.9927534461021423,0,0,0,0,0,0,0,0,0,0,0,0,0,0
0.3233766555786133,-1.0,-0.005622506141662598,-0.016827821731567383,-0.02544260025024414,-0.04536628723144531,-0.017326083034276962,0.006229228340089321,-0.01409836858510971,0.0008463861886411905,0.03,1.2557164430618286,-0.07427331060171127,0.3437425196170807,0.04324712976813316,-0.023570112884044647,0.10961204767227173,0.9927534461021423,0,0,0,0,0,0,0,0,0,0,0,0,0,0
0.32459282875061035,-1.0,-0.005622506141662598,-0.016827821731567383,-0.02544260025024414,-0.04536628723144531,-0.017326083034276962,0.006229228340089321,-0.01409836858510971,0.0008463861886411905,0.03,1.2557164430618286,-0.07427331060171127,0.3437425196170807,0.04324712976813316,-0.023570112884044647,0.10961204767227173,0.9927534461021423,0,0,0,0,0,0,0,0,0,0,0,0,0,0
0.3261430263519287,-1.0,-0.005622506141662598,-0.016827821731567383,-0.02544260025024414,-0.04536628723144531,-0.017326083034276962,0.006229228340089321,-0.01409836858510971,0.0008463861886411905,0.03,1.2557164430618286,-0.07427331060171127,0.3437425196170807,0.04324712976813316,-0.023570112884044647,0.10961204767227173,0.9927534461021423,0,0,0,0,0,0,0,0,0,0,0,0,0,0
0.32727599143981934,-1.0,-0.005622506141662598,-0.016827821731567383,-0.02544260025024414,-0.04536628723144531,-0.017326083034276962,0.006229228340089321,-0.01409836858510971,0.0008463861886411905,0.03,1.2557164430618286,-0.07427331060171127,0.3437425196170807,0.04324712976813316,-0.023570112884044647,0.10961204767227173,0.9927534461021423,0,0,0,0,0,0,0,0,0,0,0,0,0,0
0.32846999168395996,-1.0,-0.005622506141662598,-0.016827821731567383,-0.02544260025024414,-0.04536628723144531,-0.017326083034276962,0.006229228340089321,-0.01409836858510971,0.0008463861886411905,0.03,1.2557164430618286,-0.07427331060171127,0.3437425196170807,0.04324712976813316,-0.023570112884044647,0.10961204767227173,0.9927534461021423,0,0,0,0,0,0,0,0,0,0,0,0,0,0
0.3297760486602783,-1.0,-0.005622506141662598,-0.016827821731567383,-0.02544260025024414,-0.04536628723144531,-0.017326083034276962,0.006229228340089321,-0.01409836858510971,0.0008463861886411905,0.03,1.2557164430618286,-0.07427331060171127,0.3437425196170807,0.04324712976813316,-0.023570112884044647,0.10961204767227173,0.9927534461021423,0,0,0,0,0,0,0,0,0,0,0,0,0,0
0.33087825775146484,-1.0,-0.005622506141662598,-0.016827821731567383,-0.02544260025024414,-0.04536628723144531,-0.017326083034276962,0.006229228340089321,-0.01409836858510971,0.0008463861886411905,0.03,1.2556707859039307,-0.07431833446025848,0.343816876411438,0.04360877349972725,-0.023968009278178215,0.1058444008231163,0.9931368827819824,0,0,0,0,0,0,0,0,0,0,0,0,0,0
0.33209896087646484,-1.0,-0.005622506141662598,-0.016827821731567383,-0.02544260025024414,-0.04536628723144531,-0.017326083034276962,0.006229228340089321,-0.01409836858510971,0.0008463861886411905,0.03,1.2556707859039307,-0.07431833446025848,0.343816876411438,0.04360877349972725,-0.023968009278178215,0.1058444008231163,0.9931368827819824,0,0,0,0,0,0,0,0,0,0,0,0,0,0
0.3332028388977051,-1.0,-0.005622506141662598,-0.016827821731567383,-0.02544260025024414,-0.04536628723144531,-0.017326083034276962,0.006229228340089321,-0.01409836858510971,0.0008463861886411905,0.03,1.2556707859039307,-0.07431833446025848,0.343816876411438,0.04360877349972725,-0.023968009278178215,0.1058444008231163,0.9931368827819824,0,0,0,0,0,0,0,0,0,0,0,0,0,0
0.3344078063964844,-1.0,-0.005622506141662598,-0.016827821731567383,-0.02544260025024414,-0.04536628723144531,-0.017326083034276962,0.006229228340089321,-0.01409836858510971,0.0008463861886411905,0.03,1.2556707859039307,-0.07431833446025848,0.343816876411438,0.04360877349972725,-0.023968009278178215,0.1058444008231163,0.9931368827819824,0,0,0,0,0,0,0,0,0,0,0,0,0,0
0.33553147315979004,-1.0,-0.005622506141662598,-0.016827821731567383,-0.02544260025024414,-0.04536628723144531,-0.017326083034276962,0.006229228340089321,-0.01409836858510971,0.0008463861886411905,0.03,1.2556707859039307,-0.07431833446025848,0.343816876411438,0.04360877349972725,-0.023968009278178215,0.1058444008231163,0.9931368827819824,0,0,0,0,0,0,0,0,0,0,0,0,0,0
0.33669424057006836,-1.0,-0.005622506141662598,-0.016827821731567383,-0.02544260025024414,-0.04536628723144531,-0.017326083034276962,0.006229228340089321,-0.01409836858510971,0.0008463861886411905,0.03,1.2556707859039307,-0.07431833446025848,0.343816876411438,0.04360877349972725,-0.023968009278178215,0.1058444008231163,0.9931368827819824,0,0,0,0,0,0,0,0,0,0,0,0,0,0
0.3383607864379883,-1.0,-0.005622506141662598,-0.016827821731567383,-0.02544260025024414,-0.04536628723144531,-0.017326083034276962,0.006229228340089321,-0.01409836858510971,0.0008463861886411905,0.03,1.2556980848312378,-0.07428205758333206,0.34379684925079346,0.0432305745780468,-0.023475492373108864,0.10893092304468155,0.9928314089775085,0,0,0,0,0,0,0,0,0,0,0,0,0,0
0.3400425910949707,-1.0,-0.005622506141662598,-0.016827821731567383,-0.02544260025024414,-0.04536628723144531,-0.017326083034276962,0.006229228340089321,-0.01409836858510971,0.0008463861886411905,0.03,1.2556980848312378,-0.07428205758333206,0.34379684925079346,0.0432305745780468,-0.023475492373108864,0.10893092304468155,0.9928314089775085,0,0,0,0,0,0,0,0,0,0,0,0,0,0
0.3427586555480957,-1.0,-0.005622506141662598,-0.016827821731567383,-0.02544260025024414,-0.04536628723144531,-0.017326083034276962,0.006229228340089321,-0.01409836858510971,0.0008463861886411905,0.03,1.2556980848312378,-0.07428205758333206,0.34379684925079346,0.0432305745780468,-0.023475492373108864,0.10893092304468155,0.9928314089775085,0,0,0,0,0,0,0,0,0,0,0,0,0,0
0.3440825939178467,-1.0,-0.005622506141662598,-0.016827821731567383,-0.02544260025024414,-0.04536628723144531,-0.017326083034276962,0.006229228340089321,-0.01409836858510971,0.0008463861886411905,0.03,1.2556980848312378,-0.07428205758333206,0.34379684925079346,0.0432305745780468,-0.023475492373108864,0.10893092304468155,0.9928314089775085,0,0,0,0,0,0,0,0,0,0,0,0,0,0
0.34538960456848145,-1.0,-0.005622506141662598,-0.016827821731567383,-0.02544260025024414,-0.04536628723144531,-0.017326083034276962,0.006229228340089321,-0.01409836858510971,0.0008463861886411905,0.03,1.255669116973877,-0.07440140098333359,0.34372445940971375,0.04371953755617142,-0.02402184158563614,0.10692238062620163,0.9930152297019958,0,0,0,0,0,0,0,0,0,0,0,0,0,0
0.3467690944671631,-1.0,-0.005622506141662598,-0.016827821731567383,-0.02544260025024414,-0.04536628723144531,-0.017326083034276962,0.006229228340089321,-0.01409836858510971,0.0008463861886411905,0.03,1.255669116973877,-0.07440140098333359,0.34372445940971375,0.04371953755617142,-0.02402184158563614,0.10692238062620163,0.9930152297019958,0,0,0,0,0,0,0,0,0,0,0,0,0,0
0.34810352325439453,-1.0,-0.005622506141662598,-0.016827821731567383,-0.02544260025024414,-0.04536628723144531,-0.017326083034276962,0.006229228340089321,-0.01409836858510971,0.0008463861886411905,0.03,1.255669116973877,-0.07440140098333359,0.34372445940971375,0.04371953755617142,-0.02402184158563614,0.10692238062620163,0.9930152297019958,0,0,0,0,0,0,0,0,0,0,0,0,0,0
0.34947919845581055,-1.0,-0.005622506141662598,-0.016827821731567383,-0.02544260025024414,-0.04536628723144531,-0.017326083034276962,0.006229228340089321,-0.01409836858510971,0.0008463861886411905,0.03,1.255669116973877,-0.07440140098333359,0.34372445940971375,0.04371953755617142,-0.02402184158563614,0.10692238062620163,0.9930152297019958,0,0,0,0,0,0,0,0,0,0,0,0,0,0
0.35186147689819336,-1.0,-0.005622506141662598,-0.016827821731567383,-0.02544260025024414,-0.04536628723144531,-0.017326083034276962,0.006229228340089321,-0.01409836858510971,0.0008463861886411905,0.03,1.2556698322296143,-0.07440372556447983,0.34370678663253784,0.04345548525452614,-0.023948630318045616,0.10352247208356857,0.993388831615448,0,0,0,0,0,0,0,0,0,0,0,0,0,0
0.35320258140563965,-1.0,-0.005622506141662598,-0.016827821731567383,-0.02544260025024414,-0.04536628723144531,-0.017326083034276962,0.006229228340089321,-0.01409836858510971,0.0008463861886411905,0.03,1.2556698322296143,-0.07440372556447983,0.34370678663253784,0.04345548525452614,-0.023948630318045616,0.10352247208356857,0.993388831615448,0,0,0,0,0,0,0,0,0,0,0,0,0,0
0.35481810569763184,-1.0,-0.005622506141662598,-0.016827821731567383,-0.02544260025024414,-0.04536628723144531,-0.017326083034276962,0.006229228340089321,-0.01409836858510971,0.0008463861886411905,0.03,1.2556698322296143,-0.07440372556447983,0.34370678663253784,0.04345548525452614,-0.023948630318045616,0.10352247208356857,0.993388831615448,0,0,0,0,0,0,0,0,0,0,0,0,0,0
0.3560042381286621,-1.0,-0.005622506141662598,-0.016827821731567383,-0.02544260025024414,-0.04536628723144531,-0.017326083034276962,0.006229228340089321,-0.01409836858510971,0.0008463861886411905,0.03,1.2556698322296143,-0.07440372556447983,0.34370678663253784,0.04345548525452614,-0.023948630318045616,0.10352247208356857,0.993388831615448,0,0,0,0,0,0,0,0,0,0,0,0,0,0
0.3571045398712158,-1.0,-0.005622506141662598,-0.016827821731567383,-0.02544260025024414,-0.04536628723144531,-0.017326083034276962,0.006229228340089321,-0.01409836858510971,0.0008463861886411905,0.03,1.2556698322296143,-0.07440372556447983,0.34370678663253784,0.04345548525452614,-0.023948630318045616,0.10352247208356857,0.993388831615448,0,0,0,0,0,0,0,0,0,0,0,0,0,0
0.35827159881591797,-1.0,-0.005622506141662598,-0.016827821731567383,-0.02544260025024414,-0.04536628723144531,-0.017326083034276962,0.006229228340089321,-0.01409836858510971,0.0008463861886411905,0.03,1.2556698322296143,-0.07440372556447983,0.34370678663253784,0.04345548525452614,-0.023948630318045616,0.10352247208356857,0.993388831615448,0,0,0,0,0,0,0,0,0,0,0,0,0,0
0.35950136184692383,-1.0,-0.005622506141662598,-0.016827821731567383,-0.02544260025024414,-0.04536628723144531,-0.017326083034276962,0.006229228340089321,-0.01409836858510971,0.0008463861886411905,0.03,1.2556698322296143,-0.07440372556447983,0.34370678663253784,0.04345548525452614,-0.023948630318045616,0.10352247208356857,0.993388831615448,0,0,0,0,0,0,0,0,0,0,0,0,0,0
0.3605661392211914,-1.0,-0.005622506141662598,-0.016827821731567383,-0.02544260025024414,-0.04536628723144531,-0.017326083034276962,0.006229228340089321,-0.01409836858510971,0.0008463861886411905,0.03,1.2556698322296143,-0.07440372556447983,0.34370678663253784,0.04345548525452614,-0.023948630318045616,0.10352247208356857,0.993388831615448,0,0,0,0,0,0,0,0,0,0,0,0,0,0
0.3632991313934326,-1.0,-0.005622506141662598,-0.016827821731567383,-0.02544260025024414,-0.04536628723144531,-0.017326083034276962,0.006229228340089321,-0.01409836858510971,0.0008463861886411905,0.03,1.2556698322296143,-0.07440372556447983,0.34370678663253784,0.04345548525452614,-0.023948630318045616,0.10352247208356857,0.993388831615448,0,0,0,0,0,0,0,0,0,0,0,0,0,0
0.36533045768737793,-1.0,-0.005622506141662598,-0.016827821731567383,-0.02544260025024414,-0.04536628723144531,-0.017326083034276962,0.006229228340089321,-0.01409836858510971,0.0008463861886411905,0.03,1.2557127475738525,-0.07429427653551102,0.34374287724494934,0.04310621693730354,-0.023525135591626167,0.10817959904670715,0.9929177761077881,0,0,0,0,0,0,0,0,0,0,0,0,0,0
0.3667421340942383,-1.0,-0.005622506141662598,-0.016827821731567383,-0.02544260025024414,-0.04536628723144531,-0.017326083034276962,0.006229228340089321,-0.01409836858510971,0.0008463861886411905,0.03,1.2557127475738525,-0.07429427653551102,0.34374287724494934,0.04310621693730354,-0.023525135591626167,0.10817959904670715,0.9929177761077881,0,0,0,0,0,0,0,0,0,0,0,0,0,0
0.3681676387786865,-1.0,-0.005622506141662598,-0.016827821731567383,-0.02544260025024414,-0.04536628723144531,-0.017326083034276962,0.006229228340089321,-0.01409836858510971,0.0008463861886411905,0.03,1.2557189464569092,-0.07425352185964584,0.3437839448451996,0.043176520615816116,-0.0234724972397089,0.1090957373380661,0.9928157329559326,0,0,0,0,0,0,0,0,0,0,0,0,0,0
0.3692777156829834,-1.0,-0.005622506141662598,-0.016827821731567383,-0.02544260025024414,-0.04536628723144531,-0.017326083034276962,0.006229228340089321,-0.01409836858510971,0.0008463861886411905,0.03,1.2557189464569092,-0.07425352185964584,0.3437839448451996,0.043176520615816116,-0.0234724972397089,0.1090957373380661,0.9928157329559326,0,0,0,0,0,0,0,0,0,0,0,0,0,0
0.37068939208984375,-1.0,-0.005622506141662598,-0.016827821731567383,-0.02544260025024414,-0.04536628723144531,-0.017326083034276962,0.006229228340089321,-0.01409836858510971,0.0008463861886411905,0.03,1.2557189464569092,-0.07425352185964584,0.3437839448451996,0.043176520615816116,-0.0234724972397089,0.1090957373380661,0.9928157329559326,0,0,0,0,0,0,0,0,0,0,0,0,0,0
0.37224507331848145,-1.0,-0.005622506141662598,-0.016827821731567383,-0.02544260025024414,-0.04536628723144531,-0.017326083034276962,0.006229228340089321,-0.01409836858510971,0.0008463861886411905,0.03,1.2557189464569092,-0.07425352185964584,0.3437839448451996,0.043176520615816116,-0.0234724972397089,0.1090957373380661,0.9928157329559326,0,0,0,0,0,0,0,0,0,0,0,0,0,0
0.37334537506103516,-1.0,-0.005622506141662598,-0.016827821731567383,-0.02544260025024414,-0.04536628723144531,-0.017326083034276962,0.006229228340089321,-0.01409836858510971,0.0008463861886411905,0.03,1.2557157278060913,-0.07426827400922775,0.3437693119049072,0.04316560924053192,-0.023546496406197548,0.10997836291790009,0.9927170276641846,0,0,0,0,0,0,0,0,0,0,0,0,0,0
0.3746531009674072,-1.0,-0.005622506141662598,-0.016827821731567383,-0.02544260025024414,-0.04536628723144531,-0.017326083034276962,0.006229228340089321,-0.01409836858510971,0.0008463861886411905,0.03,1.2557157278060913,-0.07426827400922775,0.3437693119049072,0.04316560924053192,-0.023546496406197548,0.10997836291790009,0.9927170276641846,0,0,0,0,0,0,0,0,0,0,0,0,0,0
0.3758206367492676,-1.0,-0.005622506141662598,-0.016827821731567383,-0.02544260025024414,-0.04536628723144531,-0.017326083034276962,0.006229228340089321,-0.01409836858510971,0.0008463861886411905,0.03,1.2557157278060913,-0.07426827400922775,0.3437693119049072,0.04316560924053192,-0.023546496406197548,0.10997836291790009,0.9927170276641846,0,0,0,0,0,0,0,0,0,0,0,0,0,0
0.3774833679199219,-1.0,-0.005622506141662598,-0.016827821731567383,-0.02544260025024414,-0.04536628723144531,-0.017326083034276962,0.006229228340089321,-0.01409836858510971,0.0008463861886411905,0.03,1.2557157278060913,-0.07426827400922775,0.3437693119049072,0.04316560924053192,-0.023546496406197548,0.10997836291790009,0.9927170276641846,0,0,0,0,0,0,0,0,0,0,0,0,0,0
0.37857532501220703,-1.0,-0.005622506141662598,-0.016827821731567383,-0.02544260025024414,-0.04536628723144531,-0.017326083034276962,0.006229228340089321,-0.01409836858510971,0.0008463861886411905,0.03,1.2557157278060913,-0.07426827400922775,0.3437693119049072,0.04316560924053192,-0.023546496406197548,0.10997836291790009,0.9927170276641846,0,0,0,0,0,0,0,0,0,0,0,0,0,0
0.38133692741394043,-1.0,-0.005622506141662598,-0.016827821731567383,-0.02544260025024414,-0.04536628723144531,-0.017326083034276962,0.006229228340089321,-0.01409836858510971,0.0008463861886411905,0.03,1.2557157278060913,-0.07426827400922775,0.3437693119049072,0.04316560924053192,-0.023546496406197548,0.10997836291790009,0.9927170276641846,0,0,0,0,0,0,0,0,0,0,0,0,0,0
0.3827474117279053,-1.0,-0.005622506141662598,-0.016827821731567383,-0.02544260025024414,-0.04536628723144531,-0.017326083034276962,0.006229228340089321,-0.01409836858510971,0.0008463861886411905,0.03,1.2557157278060913,-0.07426827400922775,0.3437693119049072,0.04316560924053192,-0.023546496406197548,0.10997836291790009,0.9927170276641846,0,0,0,0,0,0,0,0,0,0,0,0,0,0
0.384685754776001,-1.0,-0.005622506141662598,-0.016827821731567383,-0.02544260025024414,-0.04536628723144531,-0.017326083034276962,0.006229228340089321,-0.01409836858510971,0.0008463861886411905,0.03,1.2557157278060913,-0.07426827400922775,0.3437693119049072,0.04316560924053192,-0.023546496406197548,0.10997836291790009,0.9927170276641846,0,0,0,0,0,0,0,0,0,0,0,0,0,0
0.3868598937988281,-1.0,-0.005622506141662598,-0.016827821731567383,-0.02544260025024414,-0.04536628723144531,-0.017326083034276962,0.006229228340089321,-0.01409836858510971,0.0008463861886411905,0.03,1.2557157278060913,-0.07426827400922775,0.3437693119049072,0.04316560924053192,-0.023546496406197548,0.10997836291790009,0.9927170276641846,0,0,0,0,0,0,0,0,0,0,0,0,0,0
0.3883028030395508,-1.0,-0.005622506141662598,-0.016827821731567383,-0.02544260025024414,-0.04536628723144531,-0.017326083034276962,0.006229228340089321,-0.01409836858510971,0.0008463861886411905,0.03,1.2557029724121094,-0.07429420948028564,0.3437177538871765,0.04339168220758438,-0.02358030341565609,0.11191859096288681,0.9924895167350769,0,0,0,0,0,0,0,0,0,0,0,0,0,0
0.3897833824157715,-1.0,-0.005622506141662598,-0.016827821731567383,-0.02544260025024414,-0.04536628723144531,-0.017326083034276962,0.006229228340089321,-0.01409836858510971,0.0008463861886411905,0.03,1.2557029724121094,-0.07429420948028564,0.3437177538871765,0.04339168220758438,-0.02358030341565609,0.11191859096288681,0.9924895167350769,0,0,0,0,0,0,0,0,0,0,0,0,0,0
0.39113306999206543,-1.0,-0.005622506141662598,-0.016827821731567383,-0.02544260025024414,-0.04536628723144531,-0.017326083034276962,0.006229228340089321,-0.01409836858510971,0.0008463861886411905,0.03,1.2557029724121094,-0.07429420948028564,0.3437177538871765,0.04339168220758438,-0.02358030341565609,0.11191859096288681,0.9924895167350769,0,0,0,0,0,0,0,0,0,0,0,0,0,0
0.392561674118042,-1.0,-0.005622506141662598,-0.016827821731567383,-0.02544260025024414,-0.04536628723144531,-0.017326083034276962,0.006229228340089321,-0.01409836858510971,0.0008463861886411905,0.03,1.2557029724121094,-0.07429420948028564,0.3437177538871765,0.04339168220758438,-0.02358030341565609,0.11191859096288681,0.9924895167350769,0,0,0,0,0,0,0,0,0,0,0,0,0,0
0.39376258850097656,-1.0,-0.005622506141662598,-0.016827821731567383,-0.02544260025024414,-0.04536628723144531,-0.017326083034276962,0.006229228340089321,-0.01409836858510971,0.0008463861886411905,0.03,1.2557029724121094,-0.07429420948028564,0.3437177538871765,0.04339168220758438,-0.02358030341565609,0.11191859096288681,0.9924895167350769,0,0,0,0,0,0,0,0,0,0,0,0,0,0
0.39485812187194824,-1.0,-0.005622506141662598,-0.016827821731567383,-0.02544260025024414,-0.04536628723144531,-0.017326083034276962,0.006229228340089321,-0.01409836858510971,0.0008463861886411905,0.03,1.2556699514389038,-0.07438384741544724,0.34371355175971985,0.04385936260223389,-0.024021856486797333,0.10823146998882294,0.9928671717643738,0,0,0,0,0,0,0,0,0,0,0,0,0,0
0.39627528190612793,-1.0,-0.005622506141662598,-0.016827821731567383,-0.02544260025024414,-0.04536628723144531,-0.017326083034276962,0.006229228340089321,-0.01409836858510971,0.0008463861886411905,0.03,1.2556699514389038,-0.07438384741544724,0.34371355175971985,0.04385936260223389,-0.024021856486797333,0.10823146998882294,0.9928671717643738,0,0,0,0,0,0,0,0,0,0,0,0,0,0
0.3973686695098877,-1.0,-0.005622506141662598,-0.016827821731567383,-0.02544260025024414,-0.04536628723144531,-0.017326083034276962,0.006229228340089321,-0.01409836858510971,0.0008463861886411905,0.03,1.2556699514389038,-0.07438384741544724,0.34371355175971985,0.04385936260223389,-0.024021856486797333,0.10823146998882294,0.9928671717643738,0,0,0,0,0,0,0,0,0,0,0,0,0,0
0.39896631240844727,-1.0,-0.005622506141662598,-0.016827821731567383,-0.02544260025024414,-0.04536628723144531,-0.017326083034276962,0.006229228340089321,-0.01409836858510971,0.0008463861886411905,0.03,1.2556699514389038,-0.07438384741544724,0.34371355175971985,0.04385936260223389,-0.024021856486797333,0.10823146998882294,0.9928671717643738,0,0,0,0,0,0,0,0,0,0,0,0,0,0
0.4000551700592041,-1.0,-0.005622506141662598,-0.016827821731567383,-0.02544260025024414,-0.04536628723144531,-0.017326083034276962,0.006229228340089321,-0.01409836858510971,0.0008463861886411905,0.03,1.2556699514389038,-0.07438384741544724,0.34371355175971985,0.04385936260223389,-0.024021856486797333,0.10823146998882294,0.9928671717643738,0,0,0,0,0,0,0,0,0,0,0,0,0,0
0.40115785598754883,-1.0,-0.005622506141662598,-0.016827821731567383,-0.02544260025024414,-0.04536628723144531,-0.017326083034276962,0.006229228340089321,-0.01409836858510971,0.0008463861886411905,0.03,1.2556699514389038,-0.07438384741544724,0.34371355175971985,0.04385936260223389,-0.024021856486797333,0.10823146998882294,0.9928671717643738,0,0,0,0,0,0,0,0,0,0,0,0,0,0
0.40265607833862305,-1.0,-0.005622506141662598,-0.016827821731567383,-0.02544260025024414,-0.04536628723144531,-0.017326083034276962,0.006229228340089321,-0.01409836858510971,0.0008463861886411905,0.03,1.2556699514389038,-0.07438384741544724,0.34371355175971985,0.04385936260223389,-0.024021856486797333,0.10823146998882294,0.9928671717643738,0,0,0,0,0,0,0,0,0,0,0,0,0,0
0.40418052673339844,-1.0,-0.005622506141662598,-0.016827821731567383,-0.02544260025024414,-0.04536628723144531,-0.017326083034276962,0.006229228340089321,-0.01409836858510971,0.0008463861886411905,0.03,1.2556966543197632,-0.07428012043237686,0.3437402546405792,0.043314676731824875,-0.023531083017587662,0.1110822930932045,0.9925879240036011,0,0,0,0,0,0,0,0,0,0,0,0,0,0
0.40545082092285156,-1.0,-0.005622506141662598,-0.016827821731567383,-0.02544260025024414,-0.04536628723144531,-0.017326083034276962,0.006229228340089321,-0.01409836858510971,0.0008463861886411905,0.03,1.2556966543197632,-0.07428012043237686,0.3437402546405792,0.043314676731824875,-0.023531083017587662,0.1110822930932045,0.9925879240036011,0,0,0,0,0,0,0,0,0,0,0,0,0,0
0.40714359283447266,-1.0,-0.005622506141662598,-0.016827821731567383,-0.02544260025024414,-0.04536628723144531,-0.017326083034276962,0.006229228340089321,-0.01409836858510971,0.0008463861886411905,0.03,1.255670428276062,-0.07433609664440155,0.3438020646572113,0.04383350536227226,-0.024039344862103462,0.10828116536140442,0.9928624629974365,0,0,0,0,0,0,0,0,0,0,0,0,0,0
0.40858888626098633,-1.0,-0.005622506141662598,-0.016827821731567383,-0.02544260025024414,-0.04536628723144531,-0.017326083034276962,0.006229228340089321,-0.01409836858510971,0.0008463861886411905,0.03,1.255670428276062,-0.07433609664440155,0.3438020646572113,0.04383350536227226,-0.024039344862103462,0.10828116536140442,0.9928624629974365,0,0,0,0,0,0,0,0,0,0,0,0,0,0
0.4101693630218506,-1.0,-0.005622506141662598,-0.016827821731567383,-0.02544260025024414,-0.04536628723144531,-0.017326083034276962,0.006229228340089321,-0.01409836858510971,0.0008463861886411905,0.03,1.255670428276062,-0.07433609664440155,0.3438020646572113,0.04383350536227226,-0.024039344862103462,0.10828116536140442,0.9928624629974365,0,0,0,0,0,0,0,0,0,0,0,0,0,0
0.41230249404907227,-1.0,-0.005622506141662598,-0.016827821731567383,-0.02544260025024414,-0.04536628723144531,-0.017326083034276962,0.006229228340089321,-0.01409836858510971,0.0008463861886411905,0.03,1.255670428276062,-0.07433609664440155,0.3438020646572113,0.04383350536227226,-0.024039344862103462,0.10828116536140442,0.9928624629974365,0,0,0,0,0,0,0,0,0,0,0,0,0,0
0.41402554512023926,-1.0,-0.005622506141662598,-0.016827821731567383,-0.02544260025024414,-0.04536628723144531,-0.017326083034276962,0.006229228340089321,-0.01409836858510971,0.0008463861886411905,0.03,1.255670428276062,-0.07433609664440155,0.3438020646572113,0.04383350536227226,-0.024039344862103462,0.10828116536140442,0.9928624629974365,0,0,0,0,0,0,0,0,0,0,0,0,0,0
0.4153933525085449,-1.0,-0.005622506141662598,-0.016827821731567383,-0.02544260025024414,-0.04536628723144531,-0.017326083034276962,0.006229228340089321,-0.01409836858510971,0.0008463861886411905,0.03,1.255670428276062,-0.07433609664440155,0.3438020646572113,0.04383350536227226,-0.024039344862103462,0.10828116536140442,0.9928624629974365,0,0,0,0,0,0,0,0,0,0,0,0,0,0
0.416964054107666,-1.0,-0.005622506141662598,-0.016827821731567383,-0.02544260025024414,-0.04536628723144531,-0.017326083034276962,0.006229228340089321,-0.01409836858510971,0.0008463861886411905,0.03,1.255670428276062,-0.07433609664440155,0.3438020646572113,0.04383350536227226,-0.024039344862103462,0.10828116536140442,0.9928624629974365,0,0,0,0,0,0,0,0,0,0,0,0,0,0
0.41911768913269043,-1.0,-0.005622506141662598,-0.016827821731567383,-0.02544260025024414,-0.04536628723144531,-0.017326083034276962,0.006229228340089321,-0.01409836858510971,0.0008463861886411905,0.03,1.255706548690796,-0.07425092160701752,0.3437868356704712,0.04330609738826752,-0.023549746721982956,0.11094511300325394,0.9926033020019531,0,0,0,0,0,0,0,0,0,0,0,0,0,0
0.42153120040893555,-1.0,-0.005622506141662598,-0.016827821731567383,-0.02544260025024414,-0.04536628723144531,-0.017326083034276962,0.006229228340089321,-0.01409836858510971,0.0008463861886411905,0.03,1.255706548690796,-0.07425092160701752,0.3437868356704712,0.04330609738826752,-0.023549746721982956,0.11094511300325394,0.9926033020019531,0,0,0,0,0,0,0,0,0,0,0,0,0,0
0.42290759086608887,-1.0,-0.005622506141662598,-0.016827821731567383,-0.02544260025024414,-0.04536628723144531,-0.017326083034276962,0.006229228340089321,-0.01409836858510971,0.0008463861886411905,0.03,1.255706548690796,-0.07425092160701752,0.3437868356704712,0.04330609738826752,-0.023549746721982956,0.11094511300325394,0.9926033020019531,0,0,0,0,0,0,0,0,0,0,0,0,0,0
0.42525458335876465,-1.0,-0.005622506141662598,-0.016827821731567383,-0.02544260025024414,-0.04536628723144531,-0.017326083034276962,0.006229228340089321,-0.01409836858510971,0.0008463861886411905,0.03,1.255706548690796,-0.07425092160701752,0.3437868356704712,0.04330609738826752,-0.023549746721982956,0.11094511300325394,0.9926033020019531,0,0,0,0,0,0,0,0,0,0,0,0,0,0
0.4263648986816406,-1.0,-0.005622506141662598,-0.016827821731567383,-0.02544260025024414,-0.04536628723144531,-0.017326083034276962,0.006229228340089321,-0.01409836858510971,0.0008463861886411905,0.03,1.255706548690796,-0.07425092160701752,0.3437868356704712,0.04330609738826752,-0.023549746721982956,0.11094511300325394,0.9926033020019531,0,0,0,0,0,0,0,0,0,0,0,0,0,0
0.42759060859680176,-1.0,-0.005622506141662598,-0.016827821731567383,-0.02544260025024414,-0.04536628723144531,-0.017326083034276962,0.006229228340089321,-0.01409836858510971,0.0008463861886411905,0.03,1.255706548690796,-0.07425092160701752,0.3437868356704712,0.04330609738826752,-0.023549746721982956,0.11094511300325394,0.9926033020019531,0,0,0,0,0,0,0,0,0,0,0,0,0,0
0.42864990234375,-1.0,-0.005622506141662598,-0.016827821731567383,-0.02544260025024414,-0.04536628723144531,-0.017326083034276962,0.006229228340089321,-0.01409836858510971,0.0008463861886411905,0.03,1.25566828250885,-0.07436493784189224,0.3437272608280182,0.04388216510415077,-0.024039020761847496,0.10748102515935898,0.9929472804069519,0,0,0,0,0,0,0,0,0,0,0,0,0,0
0.42991089820861816,-1.0,-0.005622506141662598,-0.016827821731567383,-0.02544260025024414,-0.04536628723144531,-0.017326083034276962,0.006229228340089321,-0.01409836858510971,0.0008463861886411905,0.03,1.25566828250885,-0.07436493784189224,0.3437272608280182,0.04388216510415077,-0.024039020761847496,0.10748102515935898,0.9929472804069519,0,0,0,0,0,0,0,0,0,0,0,0,0,0
0.4318258762359619,-1.0,-0.005622506141662598,-0.016827821731567383,-0.02544260025024414,-0.04536628723144531,-0.017326083034276962,0.006229228340089321,-0.01409836858510971,0.0008463861886411905,0.03,1.25566828250885,-0.07436493784189224,0.3437272608280182,0.04388216510415077,-0.024039020761847496,0.10748102515935898,0.9929472804069519,0,0,0,0,0,0,0,0,0,0,0,0,0,0
0.432995080947876,-1.0,-0.005622506141662598,-0.016827821731567383,-0.02544260025024414,-0.04536628723144531,-0.017326083034276962,0.006229228340089321,-0.01409836858510971,0.0008463861886411905,0.03,1.25566828250885,-0.07436493784189224,0.3437272608280182,0.04388216510415077,-0.024039020761847496,0.10748102515935898,0.9929472804069519,0,0,0,0,0,0,0,0,0,0,0,0,0,0
0.43498969078063965,-1.0,-0.005622506141662598,-0.016827821731567383,-0.02544260025024414,-0.04536628723144531,-0.017326083034276962,0.006229228340089321,-0.01409836858510971,0.0008463861886411905,0.03,1.25566828250885,-0.07436493784189224,0.3437272608280182,0.04388216510415077,-0.024039020761847496,0.10748102515935898,0.9929472804069519,0,0,0,0,0,0,0,0,0,0,0,0,0,0
0.43685388565063477,-1.0,-0.005622506141662598,-0.016827821731567383,-0.02544260025024414,-0.04536628723144531,-0.017326083034276962,0.006229228340089321,-0.01409836858510971,0.0008463861886411905,0.03,1.25566828250885,-0.07436493784189224,0.3437272608280182,0.04388216510415077,-0.024039020761847496,0.10748102515935898,0.9929472804069519,0,0,0,0,0,0,0,0,0,0,0,0,0,0
0.4380648136138916,-1.0,-0.005622506141662598,-0.016827821731567383,-0.02544260025024414,-0.04536628723144531,-0.017326083034276962,0.006229228340089321,-0.01409836858510971,0.0008463861886411905,0.03,1.2556706666946411,-0.07438800483942032,0.34367653727531433,0.04372820630669594,-0.023966893553733826,0.1055968701839447,0.9931579828262329,0,0,0,0,0,0,0,0,0,0,0,0,0,0
0.43932366371154785,-1.0,-0.005622506141662598,-0.016827821731567383,-0.02544260025024414,-0.04536628723144531,-0.017326083034276962,0.006229228340089321,-0.01409836858510971,0.0008463861886411905,0.03,1.2556706666946411,-0.07438800483942032,0.34367653727531433,0.04372820630669594,-0.023966893553733826,0.1055968701839447,0.9931579828262329,0,0,0,0,0,0,0,0,0,0,0,0,0,0
0.4404642581939697,-1.0,-0.005622506141662598,-0.016827821731567383,-0.02544260025024414,-0.04536628723144531,-0.017326083034276962,0.006229228340089321,-0.01409836858510971,0.0008463861886411905,0.03,1.2556706666946411,-0.07438800483942032,0.34367653727531433,0.04372820630669594,-0.023966893553733826,0.1055968701839447,0.9931579828262329,0,0,0,0,0,0,0,0,0,0,0,0,0,0
0.44175124168395996,-1.0,-0.005622506141662598,-0.016827821731567383,-0.02544260025024414,-0.04536628723144531,-0.017326083034276962,0.006229228340089321,-0.01409836858510971,0.0008463861886411905,0.03,1.2556706666946411,-0.07438800483942032,0.34367653727531433,0.04372820630669594,-0.023966893553733826,0.1055968701839447,0.9931579828262329,0,0,0,0,0,0,0,0,0,0,0,0,0,0
0.4433717727661133,-1.0,-0.005622506141662598,-0.016827821731567383,-0.02544260025024414,-0.04536628723144531,-0.017326083034276962,0.006229228340089321,-0.01409836858510971,0.0008463861886411905,0.03,1.2557026147842407,-0.07430186867713928,0.34372028708457947,0.043181754648685455,-0.023481300100684166,0.10843876004219055,0.9928871989250183,0,0,0,0,0,0,0,0,0,0,0,0,0,0
0.444796085357666,-1.0,-0.005622506141662598,-0.016827821731567383,-0.02544260025024414,-0.04536628723144531,-0.017326083034276962,0.006229228340089321,-0.01409836858510971,0.0008463861886411905,0.03,1.2557026147842407,-0.07430186867713928,0.34372028708457947,0.043181754648685455,-0.023481300100684166,0.10843876004219055,0.9928871989250183,0,0,0,0,0,0,0,0,0,0,0,0,0,0
0.44731974601745605,-1.0,-0.005622506141662598,-0.016827821731567383,-0.02544260025024414,-0.04536628723144531,-0.017326083034276962,0.006229228340089321,-0.01409836858510971,0.0008463861886411905,0.03,1.2557026147842407,-0.07430186867713928,0.34372028708457947,0.043181754648685455,-0.023481300100684166,0.10843876004219055,0.9928871989250183,0,0,0,0,0,0,0,0,0,0,0,0,0,0
0.4487268924713135,-1.0,-0.005622506141662598,-0.016827821731567383,-0.02544260025024414,-0.04536628723144531,-0.017326083034276962,0.006229228340089321,-0.01409836858510971,0.0008463861886411905,0.03,1.2557026147842407,-0.07430186867713928,0.34372028708457947,0.043181754648685455,-0.023481300100684166,0.10843876004219055,0.9928871989250183,0,0,0,0,0,0,0,0,0,0,0,0,0,0
0.4518921375274658,-1.0,-0.005622506141662598,-0.016827821731567383,-0.02544260025024414,-0.04536628723144531,-0.017326083034276962,0.006229228340089321,-0.01409836858510971,0.0008463861886411905,0.03,1.2557026147842407,-0.07430186867713928,0.34372028708457947,0.043181754648685455,-0.023481300100684166,0.10843876004219055,0.9928871989250183,0,0,0,0,0,0,0,0,0,0,0,0,0,0
0.45322537422180176,-1.0,-0.005622506141662598,-0.016827821731567383,-0.02544260025024414,-0.04536628723144531,-0.017326083034276962,0.006229228340089321,-0.01409836858510971,0.0008463861886411905,0.03,1.2557026147842407,-0.07430186867713928,0.34372028708457947,0.043181754648685455,-0.023481300100684166,0.10843876004219055,0.9928871989250183,0,0,0,0,0,0,0,0,0,0,0,0,0,0
0.45449018478393555,-1.0,-0.005622506141662598,-0.016827821731567383,-0.02544260025024414,-0.04536628723144531,-0.017326083034276962,0.006229228340089321,-0.01409836858510971,0.0008463861886411905,0.03,1.2557026147842407,-0.07430186867713928,0.34372028708457947,0.043181754648685455,-0.023481300100684166,0.10843876004219055,0.9928871989250183,0,0,0,0,0,0,0,0,0,0,0,0,0,0
0.45593833923339844,-1.0,-0.005622506141662598,-0.016827821731567383,-0.02544260025024414,-0.04536628723144531,-0.017326083034276962,0.006229228340089321,-0.01409836858510971,0.0008463861886411905,0.03,1.2557026147842407,-0.07430186867713928,0.34372028708457947,0.043181754648685455,-0.023481300100684166,0.10843876004219055,0.9928871989250183,0,0,0,0,0,0,0,0,0,0,0,0,0,0
0.4587852954864502,-1.0,-0.005622506141662598,-0.016827821731567383,-0.02544260025024414,-0.04536628723144531,-0.017326083034276962,0.006229228340089321,-0.01409836858510971,0.0008463861886411905,0.03,1.2556976079940796,-0.07424525916576385,0.34379494190216064,0.04343504458665848,-0.02353043667972088,0.1124335527420044,0.992430567741394,0,0,0,0,0,0,0,0,0,0,0,0,0,0
0.4600861072540283,-1.0,-0.005622506141662598,-0.016827821731567383,-0.02544260025024414,-0.04536628723144531,-0.017326083034276962,0.006229228340089321,-0.01409836858510971,0.0008463861886411905,0.03,1.2556976079940796,-0.07424525916576385,0.34379494190216064,0.04343504458665848,-0.02353043667972088,0.1124335527420044,0.992430567741394,0,0,0,0,0,0,0,0,0,0,0,0,0,0
0.4611833095550537,-1.0,-0.005622506141662598,-0.016827821731567383,-0.02544260025024414,-0.04536628723144531,-0.017326083034276962,0.006229228340089321,-0.01409836858510971,0.0008463861886411905,0.03,1.2556976079940796,-0.07424525916576385,0.34379494190216064,0.04343504458665848,-0.02353043667972088,0.1124335527420044,0.992430567741394,0,0,0,0,0,0,0,0,0,0,0,0,0,0
0.4625580310821533,-1.0,-0.005622506141662598,-0.016827821731567383,-0.02544260025024414,-0.04536628723144531,-0.017326083034276962,0.006229228340089321,-0.01409836858510971,0.0008463861886411905,0.03,1.2556577920913696,-0.07431916892528534,0.34381815791130066,0.043705280870199203,-0.023987138643860817,0.10690981149673462,0.9930180907249451,0,0,0,0,0,0,0,0,0,0,0,0,0,0
0.46390771865844727,-1.0,-0.005622506141662598,-0.016827821731567383,-0.02544260025024414,-0.04536628723144531,-0.017326083034276962,0.006229228340089321,-0.01409836858510971,0.0008463861886411905,0.03,1.2556577920913696,-0.07431916892528534,0.34381815791130066,0.043705280870199203,-0.023987138643860817,0.10690981149673462,0.9930180907249451,0,0,0,0,0,0,0,0,0,0,0,0,0,0
0.46513986587524414,-1.0,-0.005622506141662598,-0.016827821731567383,-0.02544260025024414,-0.04536628723144531,-0.017326083034276962,0.006229228340089321,-0.01409836858510971,0.0008463861886411905,0.03,1.2556577920913696,-0.07431916892528534,0.34381815791130066,0.043705280870199203,-0.023987138643860817,0.10690981149673462,0.9930180907249451,0,0,0,0,0,0,0,0,0,0,0,0,0,0
0.46626853942871094,-1.0,-0.005622506141662598,-0.016827821731567383,-0.02544260025024414,-0.04536628723144531,-0.017326083034276962,0.006229228340089321,-0.01409836858510971,0.0008463861886411905,0.03,1.2556577920913696,-0.07431916892528534,0.34381815791130066,0.043705280870199203,-0.023987138643860817,0.10690981149673462,0.9930180907249451,0,0,0,0,0,0,0,0,0,0,0,0,0,0
0.46738195419311523,-1.0,-0.005622506141662598,-0.016827821731567383,-0.02544260025024414,-0.04536628723144531,-0.017326083034276962,0.006229228340089321,-0.01409836858510971,0.0008463861886411905,0.03,1.2556577920913696,-0.07431916892528534,0.34381815791130066,0.043705280870199203,-0.023987138643860817,0.10690981149673462,0.9930180907249451,0,0,0,0,0,0,0,0,0,0,0,0,0,0
0.4697878360748291,-1.0,-0.005622506141662598,-0.016827821731567383,-0.02544260025024414,-0.04536628723144531,-0.017326083034276962,0.006229228340089321,-0.01409836858510971,0.0008463861886411905,0.03,1.2556577920913696,-0.07431916892528534,0.34381815791130066,0.043705280870199203,-0.023987138643860817,0.10690981149673462,0.9930180907249451,0,0,0,0,0,0,0,0,0,0,0,0,0,0
0.47109222412109375,-1.0,-0.005622506141662598,-0.016827821731567383,-0.02544260025024414,-0.04536628723144531,-0.017326083034276962,0.006229228340089321,-0.01409836858510971,0.0008463861886411905,0.03,1.2556577920913696,-0.07431916892528534,0.34381815791130066,0.043705280870199203,-0.023987138643860817,0.10690981149673462,0.9930180907249451,0,0,0,0,0,0,0,0,0,0,0,0,0,0
0.4722883701324463,-1.0,-0.005622506141662598,-0.016827821731567383,-0.02544260025024414,-0.04536628723144531,-0.017326083034276962,0.006229228340089321,-0.01409836858510971,0.0008463861886411905,0.03,1.2556577920913696,-0.07431916892528534,0.34381815791130066,0.043705280870199203,-0.023987138643860817,0.10690981149673462,0.9930180907249451,0,0,0,0,0,0,0,0,0,0,0,0,0,0
0.47353672981262207,-1.0,-0.005622506141662598,-0.016827821731567383,-0.02544260025024414,-0.04536628723144531,-0.017326083034276962,0.006229228340089321,-0.01409836858510971,0.0008463861886411905,0.03,1.2556577920913696,-0.07431916892528534,0.34381815791130066,0.043705280870199203,-0.023987138643860817,0.10690981149673462,0.9930180907249451,0,0,0,0,0,0,0,0,0,0,0,0,0,0
0.47472167015075684,-1.0,-0.005622506141662598,-0.016827821731567383,-0.02544260025024414,-0.04536628723144531,-0.017326083034276962,0.006229228340089321,-0.01409836858510971,0.0008463861886411905,0.03,1.2556577920913696,-0.07431916892528534,0.34381815791130066,0.043705280870199203,-0.023987138643860817,0.10690981149673462,0.9930180907249451,0,0,0,0,0,0,0,0,0,0,0,0,0,0
0.4763350486755371,-1.0,-0.005622506141662598,-0.016827821731567383,-0.02544260025024414,-0.04536628723144531,-0.017326083034276962,0.006229228340089321,-0.01409836858510971,0.0008463861886411905,0.03,1.2556577920913696,-0.07431916892528534,0.34381815791130066,0.043705280870199203,-0.023987138643860817,0.10690981149673462,0.9930180907249451,0,0,0,0,0,0,0,0,0,0,0,0,0,0
0.4780752658843994,-1.0,-0.005622506141662598,-0.016827821731567383,-0.02544260025024414,-0.04536628723144531,-0.017326083034276962,0.006229228340089321,-0.01409836858510971,0.0008463861886411905,0.03,1.2556577920913696,-0.07431916892528534,0.34381815791130066,0.043705280870199203,-0.023987138643860817,0.10690981149673462,0.9930180907249451,0,0,0,0,0,0,0,0,0,0,0,0,0,0
0.47916412353515625,-1.0,-0.005622506141662598,-0.016827821731567383,-0.02544260025024414,-0.04536628723144531,-0.017326083034276962,0.006229228340089321,-0.01409836858510971,0.0008463861886411905,0.03,1.2556577920913696,-0.07431916892528534,0.34381815791130066,0.043705280870199203,-0.023987138643860817,0.10690981149673462,0.9930180907249451,0,0,0,0,0,0,0,0,0,0,0,0,0,0
0.4815640449523926,-1.0,-0.005622506141662598,-0.016827821731567383,-0.02544260025024414,-0.04536628723144531,-0.017326083034276962,0.006229228340089321,-0.01409836858510971,0.0008463861886411905,0.03,1.2556577920913696,-0.07431916892528534,0.34381815791130066,0.043705280870199203,-0.023987138643860817,0.10690981149673462,0.9930180907249451,0,0,0,0,0,0,0,0,0,0,0,0,0,0
0.4828968048095703,-1.0,-0.005622506141662598,-0.016827821731567383,-0.02544260025024414,-0.04536628723144531,-0.017326083034276962,0.006229228340089321,-0.01409836858510971,0.0008463861886411905,0.03,1.2556577920913696,-0.07431916892528534,0.34381815791130066,0.043705280870199203,-0.023987138643860817,0.10690981149673462,0.9930180907249451,0,0,0,0,0,0,0,0,0,0,0,0,0,0
0.48406147956848145,-1.0,-0.005622506141662598,-0.016827821731567383,-0.02544260025024414,-0.04536628723144531,-0.017326083034276962,0.006229228340089321,-0.01409836858510971,0.0008463861886411905,0.03,1.2556577920913696,-0.07431916892528534,0.34381815791130066,0.043705280870199203,-0.023987138643860817,0.10690981149673462,0.9930180907249451,0,0,0,0,0,0,0,0,0,0,0,0,0,0
0.48545360565185547,-1.0,-0.005622506141662598,-0.016827821731567383,-0.02544260025024414,-0.04536628723144531,-0.017326083034276962,0.006229228340089321,-0.01409836858510971,0.0008463861886411905,0.03,1.2556577920913696,-0.07431916892528534,0.34381815791130066,0.043705280870199203,-0.023987138643860817,0.10690981149673462,0.9930180907249451,0,0,0,0,0,0,0,0,0,0,0,0,0,0
0.48741769790649414,-1.0,-0.005622506141662598,-0.016827821731567383,-0.02544260025024414,-0.04536628723144531,-0.017326083034276962,0.006229228340089321,-0.01409836858510971,0.0008463861886411905,0.03,1.2556577920913696,-0.07431916892528534,0.34381815791130066,0.043705280870199203,-0.023987138643860817,0.10690981149673462,0.9930180907249451,0,0,0,0,0,0,0,0,0,0,0,0,0,0
0.4887247085571289,-1.0,-0.005622506141662598,-0.016827821731567383,-0.02544260025024414,-0.04536628723144531,-0.017326083034276962,0.006229228340089321,-0.01409836858510971,0.0008463861886411905,0.03,1.2556577920913696,-0.07431916892528534,0.34381815791130066,0.043705280870199203,-0.023987138643860817,0.10690981149673462,0.9930180907249451,0,0,0,0,0,0,0,0,0,0,0,0,0,0
0.49024367332458496,-1.0,-0.005622506141662598,-0.016827821731567383,-0.02544260025024414,-0.04536628723144531,-0.017326083034276962,0.006229228340089321,-0.01409836858510971,0.0008463861886411905,0.03,1.2556577920913696,-0.07431916892528534,0.34381815791130066,0.043705280870199203,-0.023987138643860817,0.10690981149673462,0.9930180907249451,0,0,0,0,0,0,0,0,0,0,0,0,0,0
0.4917120933532715,-1.0,-0.005622506141662598,-0.016827821731567383,-0.02544260025024414,-0.04536628723144531,-0.017326083034276962,0.006229228340089321,-0.01409836858510971,0.0008463861886411905,0.03,1.2556577920913696,-0.07431916892528534,0.34381815791130066,0.043705280870199203,-0.023987138643860817,0.10690981149673462,0.9930180907249451,0,0,0,0,0,0,0,0,0,0,0,0,0,0
0.4930427074432373,-1.0,-0.005612015724182129,-0.016834020614624023,-0.02545720338821411,-0.04537874460220337,8.742424688534811e-05,-0.002881213091313839,0.01739482209086418,-0.033277712762355804,0.03,1.2556577920913696,-0.07431916892528534,0.34381815791130066,0.043705280870199203,-0.023987138643860817,0.10690981149673462,0.9930180907249451,0,0,0,0,0,0,0,0,0,0,0,0,0,0
0.49415111541748047,-1.0,-0.005615651607513428,-0.016831234097480774,-0.02544635534286499,-0.045359909534454346,-0.0035358951427042484,0.002331448020413518,-0.009556037373840809,0.008631398901343346,0.03,1.2556955814361572,-0.07427904009819031,0.34374961256980896,0.04312613978981972,-0.023518241941928864,0.1093922108411789,0.9927842020988464,0,0,0,0,0,0,0,0,0,0,0,0,0,0
0.4953303337097168,-1.0,-0.005612194538116455,-0.01682637631893158,-0.02546161413192749,-0.045360445976257324,-0.0006830454804003239,0.009456487372517586,0.04250827059149742,0.00658573629334569,0.03,1.2556955814361572,-0.07427904009819031,0.34374961256980896,0.04312613978981972,-0.023518241941928864,0.1093922108411789,0.9927842020988464,0,0,0,0,0,0,0,0,0,0,0,0,0,0
0.49672603607177734,-1.0,-0.005612194538116455,-0.01682637631893158,-0.02546161413192749,-0.045360445976257324,-0.0006830454804003239,0.009456487372517586,0.04250827059149742,0.00658573629334569,0.03,1.2556955814361572,-0.07427904009819031,0.34374961256980896,0.04312613978981972,-0.023518241941928864,0.1093922108411789,0.9927842020988464,0,0,0,0,0,0,0,0,0,0,0,0,0,0
0.4979820251464844,-1.0,-0.0056220293045043945,-0.016841866075992584,-0.025476813316345215,-0.04536920785903931,-0.02022797428071499,-0.013163731433451176,0.06198830157518387,-0.013034338131546974,0.03,1.2556955814361572,-0.07427904009819031,0.34374961256980896,0.04312613978981972,-0.023518241941928864,0.1093922108411789,0.9927842020988464,0,0,0,0,0,0,0,0,0,0,0,0,0,0
0.5000340938568115,-1.0,-0.005622267723083496,-0.016827799379825592,-0.025455772876739502,-0.045360565185546875,-0.017804447561502457,0.014932965859770775,0.010384034365415573,0.0023586449678987265,0.03,1.2556955814361572,-0.07427904009819031,0.34374961256980896,0.04312613978981972,-0.023518241941928864,0.1093922108411789,0.9927842020988464,0,0,0,0,0,0,0,0,0,0,0,0,0,0
0.5014448165893555,-1.0,-0.005611717700958252,-0.0168483704328537,-0.025443851947784424,-0.04536646604537964,0.002893096534535289,-0.028256267309188843,-0.011466904543340206,-0.006360980216413736,0.03,1.2556955814361572,-0.07427904009819031,0.34374961256980896,0.04312613978981972,-0.023518241941928864,0.1093922108411789,0.9927842020988464,0,0,0,0,0,0,0,0,0,0,0,0,0,0
0.5032846927642822,-1.0,-0.005611717700958252,-0.0168483704328537,-0.025443851947784424,-0.04536646604537964,0.002893096534535289,-0.028256267309188843,-0.011466904543340206,-0.006360980216413736,0.03,1.2556955814361572,-0.07427904009819031,0.34374961256980896,0.04312613978981972,-0.023518241941928864,0.1093922108411789,0.9927842020988464,0,0,0,0,0,0,0,0,0,0,0,0,0,0
0.5052132606506348,-1.0,-0.005611717700958252,-0.0168483704328537,-0.025443851947784424,-0.04536646604537964,0.002893096534535289,-0.028256267309188843,-0.011466904543340206,-0.006360980216413736,0.03,1.2556955814361572,-0.07427904009819031,0.34374961256980896,0.04312613978981972,-0.023518241941928864,0.1093922108411789,0.9927842020988464,0,0,0,0,0,0,0,0,0,0,0,0,0,0
0.5083651542663574,-1.0,-0.005621910095214844,-0.01683126389980316,-0.02543354034423828,-0.0453791618347168,-0.0027744804974645376,0.0013949292479082942,-0.02292509190738201,-0.038694605231285095,0.03,1.255662202835083,-0.07441210746765137,0.3436860144138336,0.04379701241850853,-0.023992756381630898,0.10780421644449234,0.9929171204566956,0,0,0,0,0,0,0,0,0,0,0,0,0,0
0.5100505352020264,-1.0,-0.00561070442199707,-0.01683058589696884,-0.025449931621551514,-0.045360565185546875,0.010447933338582516,0.009874028153717518,0.01494485791772604,0.002193183172494173,0.03,1.255662202835083,-0.07441210746765137,0.3436860144138336,0.04379701241850853,-0.023992756381630898,0.10780421644449234,0.9929171204566956,0,0,0,0,0,0,0,0,0,0,0,0,0,0
0.5120368003845215,-1.0,-0.00561213493347168,-0.016834229230880737,-0.025434911251068115,-0.04536163806915283,0.0015968780498951674,0.004171266686171293,-0.023420585319399834,0.009686432778835297,0.03,1.2556601762771606,-0.07439367473125458,0.3437086343765259,0.04361699894070625,-0.023956749588251114,0.10479585081338882,0.9932479858398438,0,0,0,0,0,0,0,0,0,0,0,0,0,0
0.516211986541748,-1.0,-0.005621910095214844,-0.016830332577228546,-0.0254441499710083,-0.04536491632461548,-0.020696347579360008,0.009092768654227257,0.018108736723661423,0.0014559521805495024,0.03,1.2556958198547363,-0.0742371454834938,0.3437855541706085,0.043114617466926575,-0.023501969873905182,0.10875337570905685,0.9928553104400635,0,0,0,0,0,0,0,0,0,0,0,0,0,0
0.517444372177124,-1.0,-0.005621910095214844,-0.016830332577228546,-0.0254441499710083,-0.04536491632461548,-0.020696347579360008,0.009092768654227257,0.018108736723661423,0.0014559521805495024,0.03,1.2556958198547363,-0.0742371454834938,0.3437855541706085,0.043114617466926575,-0.023501969873905182,0.10875337570905685,0.9928553104400635,0,0,0,0,0,0,0,0,0,0,0,0,0,0
0.5190334320068359,-1.0,-0.005621910095214844,-0.016830332577228546,-0.0254441499710083,-0.04536491632461548,-0.020696347579360008,0.009092768654227257,0.018108736723661423,0.0014559521805495024,0.03,1.2556958198547363,-0.0742371454834938,0.3437855541706085,0.043114617466926575,-0.023501969873905182,0.10875337570905685,0.9928553104400635,0,0,0,0,0,0,0,0,0,0,0,0,0,0
0.5202968120574951,-1.0,-0.005621910095214844,-0.016830332577228546,-0.0254441499710083,-0.04536491632461548,-0.020696347579360008,0.009092768654227257,0.018108736723661423,0.0014559521805495024,0.03,1.2556958198547363,-0.0742371454834938,0.3437855541706085,0.043114617466926575,-0.023501969873905182,0.10875337570905685,0.9928553104400635,0,0,0,0,0,0,0,0,0,0,0,0,0,0
0.5213866233825684,-1.0,-0.005621910095214844,-0.016830332577228546,-0.0254441499710083,-0.04536491632461548,-0.020696347579360008,0.009092768654227257,0.018108736723661423,0.0014559521805495024,0.03,1.2556958198547363,-0.0742371454834938,0.3437855541706085,0.043114617466926575,-0.023501969873905182,0.10875337570905685,0.9928553104400635,0,0,0,0,0,0,0,0,0,0,0,0,0,0
0.5238502025604248,-1.0,-0.005621910095214844,-0.016830332577228546,-0.0254441499710083,-0.04536491632461548,-0.020696347579360008,0.009092768654227257,0.018108736723661423,0.0014559521805495024,0.03,1.2556958198547363,-0.0742371454834938,0.3437855541706085,0.043114617466926575,-0.023501969873905182,0.10875337570905685,0.9928553104400635,0,0,0,0,0,0,0,0,0,0,0,0,0,0
0.5259182453155518,-1.0,-0.005621910095214844,-0.016830332577228546,-0.0254441499710083,-0.04536491632461548,-0.020696347579360008,0.009092768654227257,0.018108736723661423,0.0014559521805495024,0.03,1.2556909322738647,-0.07426349818706512,0.3437531292438507,0.04314051941037178,-0.023473437875509262,0.10808023810386658,0.9929283261299133,0,0,0,0,0,0,0,0,0,0,0,0,0,0
0.5298552513122559,-1.0,-0.005621910095214844,-0.016830332577228546,-0.0254441499710083,-0.04536491632461548,-0.020696347579360008,0.009092768654227257,0.018108736723661423,0.0014559521805495024,0.03,1.2556483745574951,-0.07440425455570221,0.3436926007270813,0.04373014345765114,-0.02396950125694275,0.10604894906282425,0.9931096434593201,0,0,0,0,0,0,0,0,0,0,0,0,0,0
0.5316786766052246,-1.0,-0.005621910095214844,-0.016830332577228546,-0.0254441499710083,-0.04536491632461548,-0.020696347579360008,0.009092768654227257,0.018108736723661423,0.0014559521805495024,0.03,1.2556483745574951,-0.07440425455570221,0.3436926007270813,0.04373014345765114,-0.02396950125694275,0.10604894906282425,0.9931096434593201,0,0,0,0,0,0,0,0,0,0,0,0,0,0
0.5334413051605225,-1.0,-0.005621910095214844,-0.016830332577228546,-0.0254441499710083,-0.04536491632461548,-0.020696347579360008,0.009092768654227257,0.018108736723661423,0.0014559521805495024,0.03,1.2556507587432861,-0.0743815004825592,0.3437062203884125,0.04344415292143822,-0.0239323191344738,0.10323314368724823,0.9934197664260864,0,0,0,0,0,0,0,0,0,0,0,0,0,0
0.5348281860351562,-1.0,-0.005621910095214844,-0.016830332577228546,-0.0254441499710083,-0.04536491632461548,-0.020696347579360008,0.009092768654227257,0.018108736723661423,0.0014559521805495024,0.03,1.2556507587432861,-0.0743815004825592,0.3437062203884125,0.04344415292143822,-0.0239323191344738,0.10323314368724823,0.9934197664260864,0,0,0,0,0,0,0,0,0,0,0,0,0,0
0.5363597869873047,-1.0,-0.005621910095214844,-0.016830332577228546,-0.0254441499710083,-0.04536491632461548,-0.020696347579360008,0.009092768654227257,0.018108736723661423,0.0014559521805495024,0.03,1.2556507587432861,-0.0743815004825592,0.3437062203884125,0.04344415292143822,-0.0239323191344738,0.10323314368724823,0.9934197664260864,0,0,0,0,0,0,0,0,0,0,0,0,0,0
0.5374259948730469,-1.0,-0.005621910095214844,-0.016830332577228546,-0.0254441499710083,-0.04536491632461548,-0.020696347579360008,0.009092768654227257,0.018108736723661423,0.0014559521805495024,0.03,1.2556507587432861,-0.0743815004825592,0.3437062203884125,0.04344415292143822,-0.0239323191344738,0.10323314368724823,0.9934197664260864,0,0,0,0,0,0,0,0,0,0,0,0,0,0
0.5389881134033203,-1.0,-0.005621910095214844,-0.016830332577228546,-0.0254441499710083,-0.04536491632461548,-0.020696347579360008,0.009092768654227257,0.018108736723661423,0.0014559521805495024,0.03,1.2556507587432861,-0.0743815004825592,0.3437062203884125,0.04344415292143822,-0.0239323191344738,0.10323314368724823,0.9934197664260864,0,0,0,0,0,0,0,0,0,0,0,0,0,0
0.5401980876922607,-1.0,-0.005621910095214844,-0.016830332577228546,-0.0254441499710083,-0.04536491632461548,-0.020696347579360008,0.009092768654227257,0.018108736723661423,0.0014559521805495024,0.03,1.25564444065094,-0.07433211803436279,0.343772292137146,0.043415557593107224,-0.02391796186566353,0.10217712074518204,0.9935305714607239,0,0,0,0,0,0,0,0,0,0,0,0,0,0
0.5415518283843994,-1.0,-0.005621910095214844,-0.016830332577228546,-0.0254441499710083,-0.04536491632461548,-0.020696347579360008,0.009092768654227257,0.018108736723661423,0.0014559521805495024,0.03,1.2556555271148682,-0.07431846112012863,0.34381356835365295,0.04332837834954262,-0.02387671358883381,0.10195354372262955,0.9935583472251892,0,0,0,0,0,0,0,0,0,0,0,0,0,0
0.5427255630493164,-1.0,-0.005621910095214844,-0.016830332577228546,-0.0254441499710083,-0.04536491632461548,-0.020696347579360008,0.009092768654227257,0.018108736723661423,0.0014559521805495024,0.03,1.2556555271148682,-0.07431846112012863,0.34381356835365295,0.04332837834954262,-0.02387671358883381,0.10195354372262955,0.9935583472251892,0,0,0,0,0,0,0,0,0,0,0,0,0,0
0.5443613529205322,-1.0,-0.005621910095214844,-0.016830332577228546,-0.0254441499710083,-0.04536491632461548,-0.020696347579360008,0.009092768654227257,0.018108736723661423,0.0014559521805495024,0.03,1.2556555271148682,-0.07431846112012863,0.34381356835365295,0.04332837834954262,-0.02387671358883381,0.10195354372262955,0.9935583472251892,0,0,0,0,0,0,0,0,0,0,0,0,0,0
0.5454826354980469,-1.0,-0.005621910095214844,-0.016830332577228546,-0.0254441499710083,-0.04536491632461548,-0.020696347579360008,0.009092768654227257,0.018108736723661423,0.0014559521805495024,0.03,1.2556555271148682,-0.07431846112012863,0.34381356835365295,0.04332837834954262,-0.02387671358883381,0.10195354372262955,0.9935583472251892,0,0,0,0,0,0,0,0,0,0,0,0,0,0
0.5466742515563965,-1.0,-0.005621910095214844,-0.016830332577228546,-0.0254441499710083,-0.04536491632461548,-0.020696347579360008,0.009092768654227257,0.018108736723661423,0.0014559521805495024,0.03,1.2556555271148682,-0.07431846112012863,0.34381356835365295,0.04332837834954262,-0.02387671358883381,0.10195354372262955,0.9935583472251892,0,0,0,0,0,0,0,0,0,0,0,0,0,0
0.5478851795196533,-1.0,-0.005621910095214844,-0.016830332577228546,-0.0254441499710083,-0.04536491632461548,-0.020696347579360008,0.009092768654227257,0.018108736723661423,0.0014559521805495024,0.03,1.2556555271148682,-0.07431846112012863,0.34381356835365295,0.04332837834954262,-0.02387671358883381,0.10195354372262955,0.9935583472251892,0,0,0,0,0,0,0,0,0,0,0,0,0,0
0.5493695735931396,-1.0,-0.005621910095214844,-0.016830332577228546,-0.0254441499710083,-0.04536491632461548,-0.020696347579360008,0.009092768654227257,0.018108736723661423,0.0014559521805495024,0.03,1.2556555271148682,-0.07431846112012863,0.34381356835365295,0.04332837834954262,-0.02387671358883381,0.10195354372262955,0.9935583472251892,0,0,0,0,0,0,0,0,0,0,0,0,0,0
0.5514547824859619,-1.0,-0.005621910095214844,-0.016830332577228546,-0.0254441499710083,-0.04536491632461548,-0.020696347579360008,0.009092768654227257,0.018108736723661423,0.0014559521805495024,0.03,1.2556555271148682,-0.07431846112012863,0.34381356835365295,0.04332837834954262,-0.02387671358883381,0.10195354372262955,0.9935583472251892,0,0,0,0,0,0,0,0,0,0,0,0,0,0
0.5530092716217041,-1.0,-0.005621910095214844,-0.016830332577228546,-0.0254441499710083,-0.04536491632461548,-0.020696347579360008,0.009092768654227257,0.018108736723661423,0.0014559521805495024,0.03,1.2556555271148682,-0.07431846112012863,0.34381356835365295,0.04332837834954262,-0.02387671358883381,0.10195354372262955,0.9935583472251892,0,0,0,0,0,0,0,0,0,0,0,0,0,0
0.5558326244354248,-1.0,-0.005621910095214844,-0.016830332577228546,-0.0254441499710083,-0.04536491632461548,-0.020696347579360008,0.009092768654227257,0.018108736723661423,0.0014559521805495024,0.03,1.2556555271148682,-0.07431846112012863,0.34381356835365295,0.04332837834954262,-0.02387671358883381,0.10195354372262955,0.9935583472251892,0,0,0,0,0,0,0,0,0,0,0,0,0,0
0.5570085048675537,-1.0,-0.005621910095214844,-0.016830332577228546,-0.0254441499710083,-0.04536491632461548,-0.020696347579360008,0.009092768654227257,0.018108736723661423,0.0014559521805495024,0.03,1.2556555271148682,-0.07431846112012863,0.34381356835365295,0.04332837834954262,-0.02387671358883381,0.10195354372262955,0.9935583472251892,0,0,0,0,0,0,0,0,0,0,0,0,0,0
0.5597336292266846,-1.0,-0.005621910095214844,-0.016830332577228546,-0.0254441499710083,-0.04536491632461548,-0.020696347579360008,0.009092768654227257,0.018108736723661423,0.0014559521805495024,0.03,1.2556555271148682,-0.07431846112012863,0.34381356835365295,0.04332837834954262,-0.02387671358883381,0.10195354372262955,0.9935583472251892,0,0,0,0,0,0,0,0,0,0,0,0,0,0
0.5613996982574463,-1.0,-0.005621910095214844,-0.016830332577228546,-0.0254441499710083,-0.04536491632461548,-0.020696347579360008,0.009092768654227257,0.018108736723661423,0.0014559521805495024,0.03,1.2556555271148682,-0.07431846112012863,0.34381356835365295,0.04332837834954262,-0.02387671358883381,0.10195354372262955,0.9935583472251892,0,0,0,0,0,0,0,0,0,0,0,0,0,0
0.5626156330108643,-1.0,-0.005621910095214844,-0.016830332577228546,-0.0254441499710083,-0.04536491632461548,-0.020696347579360008,0.009092768654227257,0.018108736723661423,0.0014559521805495024,0.03,1.255685806274414,-0.0742456391453743,0.34376728534698486,0.043098077178001404,-0.023438045755028725,0.10781645029783249,0.9929596781730652,0,0,0,0,0,0,0,0,0,0,0,0,0,0
0.563859224319458,-1.0,-0.005621910095214844,-0.016830332577228546,-0.0254441499710083,-0.04536491632461548,-0.020696347579360008,0.009092768654227257,0.018108736723661423,0.0014559521805495024,0.03,1.255682110786438,-0.07429497689008713,0.34371232986450195,0.043461885303258896,-0.023548541590571404,0.11240149289369583,0.9924325942993164,0,0,0,0,0,0,0,0,0,0,0,0,0,0
0.565239429473877,-1.0,-0.005621910095214844,-0.016830332577228546,-0.0254441499710083,-0.04536491632461548,-0.020696347579360008,0.009092768654227257,0.018108736723661423,0.0014559521805495024,0.03,1.255682110786438,-0.07429497689008713,0.34371232986450195,0.043461885303258896,-0.023548541590571404,0.11240149289369583,0.9924325942993164,0,0,0,0,0,0,0,0,0,0,0,0,0,0
0.5669875144958496,-1.0,-0.005621910095214844,-0.016830332577228546,-0.0254441499710083,-0.04536491632461548,-0.020696347579360008,0.009092768654227257,0.018108736723661423,0.0014559521805495024,0.03,1.255682110786438,-0.07429497689008713,0.34371232986450195,0.043461885303258896,-0.023548541590571404,0.11240149289369583,0.9924325942993164,0,0,0,0,0,0,0,0,0,0,0,0,0,0
0.5681240558624268,-1.0,-0.005621910095214844,-0.016830332577228546,-0.0254441499710083,-0.04536491632461548,-0.020696347579360008,0.009092768654227257,0.018108736723661423,0.0014559521805495024,0.03,1.255682110786438,-0.07429497689008713,0.34371232986450195,0.043461885303258896,-0.023548541590571404,0.11240149289369583,0.9924325942993164,0,0,0,0,0,0,0,0,0,0,0,0,0,0
0.5694675445556641,-1.0,-0.005621910095214844,-0.016830332577228546,-0.0254441499710083,-0.04536491632461548,-0.020696347579360008,0.009092768654227257,0.018108736723661423,0.0014559521805495024,0.03,1.255682110786438,-0.07429497689008713,0.34371232986450195,0.043461885303258896,-0.023548541590571404,0.11240149289369583,0.9924325942993164,0,0,0,0,0,0,0,0,0,0,0,0,0,0
0.5705559253692627,-1.0,-0.005621910095214844,-0.016830332577228546,-0.0254441499710083,-0.04536491632461548,-0.020696347579360008,0.009092768654227257,0.018108736723661423,0.0014559521805495024,0.03,1.255682110786438,-0.07429497689008713,0.34371232986450195,0.043461885303258896,-0.023548541590571404,0.11240149289369583,0.9924325942993164,0,0,0,0,0,0,0,0,0,0,0,0,0,0
0.5719144344329834,-1.0,-0.005621910095214844,-0.016830332577228546,-0.0254441499710083,-0.04536491632461548,-0.020696347579360008,0.009092768654227257,0.018108736723661423,0.0014559521805495024,0.03,1.255682110786438,-0.07429497689008713,0.34371232986450195,0.043461885303258896,-0.023548541590571404,0.11240149289369583,0.9924325942993164,0,0,0,0,0,0,0,0,0,0,0,0,0,0
0.5737347602844238,-1.0,-0.005621910095214844,-0.016830332577228546,-0.0254441499710083,-0.04536491632461548,-0.020696347579360008,0.009092768654227257,0.018108736723661423,0.0014559521805495024,0.03,1.255682110786438,-0.07429497689008713,0.34371232986450195,0.043461885303258896,-0.023548541590571404,0.11240149289369583,0.9924325942993164,0,0,0,0,0,0,0,0,0,0,0,0,0,0
0.5766797065734863,-1.0,-0.005621910095214844,-0.016830332577228546,-0.0254441499710083,-0.04536491632461548,-0.020696347579360008,0.009092768654227257,0.018108736723661423,0.0014559521805495024,0.03,1.2556792497634888,-0.07428934425115585,0.3436933755874634,0.04352501407265663,-0.023543566465377808,0.11269420385360718,0.9923967719078064,0,0,0,0,0,0,0,0,0,0,0,0,0,0
0.578047513961792,-1.0,-0.005621910095214844,-0.016830332577228546,-0.0254441499710083,-0.04536491632461548,-0.020696347579360008,0.009092768654227257,0.018108736723661423,0.0014559521805495024,0.03,1.2556815147399902,-0.07426082342863083,0.34373238682746887,0.04368027672171593,-0.023545539006590843,0.11391372978687286,0.9922506213188171,0,0,0,0,0,0,0,0,0,0,0,0,0,0
0.5794730186462402,-1.0,-0.005621910095214844,-0.016830332577228546,-0.0254441499710083,-0.04536491632461548,-0.020696347579360008,0.009092768654227257,0.018108736723661423,0.0014559521805495024,0.03,1.2556815147399902,-0.07426082342863083,0.34373238682746887,0.04368027672171593,-0.023545539006590843,0.11391372978687286,0.9922506213188171,0,0,0,0,0,0,0,0,0,0,0,0,0,0
0.5812065601348877,-1.0,-0.005621910095214844,-0.016830332577228546,-0.0254441499710083,-0.04536491632461548,-0.020696347579360008,0.009092768654227257,0.018108736723661423,0.0014559521805495024,0.03,1.2556815147399902,-0.07426082342863083,0.34373238682746887,0.04368027672171593,-0.023545539006590843,0.11391372978687286,0.9922506213188171,0,0,0,0,0,0,0,0,0,0,0,0,0,0
0.5832865238189697,-1.0,-0.005621910095214844,-0.016830332577228546,-0.0254441499710083,-0.04536491632461548,-0.020696347579360008,0.009092768654227257,0.018108736723661423,0.0014559521805495024,0.03,1.2556512355804443,-0.07432606816291809,0.34378719329833984,0.043842148035764694,-0.02397293783724308,0.10860199481248856,0.9928287267684937,0,0,0,0,0,0,0,0,0,0,0,0,0,0
0.5843782424926758,-1.0,-0.005621910095214844,-0.016830332577228546,-0.0254441499710083,-0.04536491632461548,-0.020696347579360008,0.009092768654227257,0.018108736723661423,0.0014559521805495024,0.03,1.2556512355804443,-0.07432606816291809,0.34378719329833984,0.043842148035764694,-0.02397293783724308,0.10860199481248856,0.9928287267684937,0,0,0,0,0,0,0,0,0,0,0,0,0,0
0.5866267681121826,-1.0,-0.005621910095214844,-0.016830332577228546,-0.0254441499710083,-0.04536491632461548,-0.020696347579360008,0.009092768654227257,0.018108736723661423,0.0014559521805495024,0.03,1.2556512355804443,-0.07432606816291809,0.34378719329833984,0.043842148035764694,-0.02397293783724308,0.10860199481248856,0.9928287267684937,0,0,0,0,0,0,0,0,0,0,0,0,0,0
0.5880305767059326,-1.0,-0.005621910095214844,-0.016830332577228546,-0.0254441499710083,-0.04536491632461548,-0.020696347579360008,0.009092768654227257,0.018108736723661423,0.0014559521805495024,0.03,1.2556512355804443,-0.07432606816291809,0.34378719329833984,0.043842148035764694,-0.02397293783724308,0.10860199481248856,0.9928287267684937,0,0,0,0,0,0,0,0,0,0,0,0,0,0
0.5916402339935303,-1.0,-0.005621910095214844,-0.016830332577228546,-0.0254441499710083,-0.04536491632461548,-0.020696347579360008,0.009092768654227257,0.018108736723661423,0.0014559521805495024,0.03,1.2556512355804443,-0.07432606816291809,0.34378719329833984,0.043842148035764694,-0.02397293783724308,0.10860199481248856,0.9928287267684937,0,0,0,0,0,0,0,0,0,0,0,0,0,0
0.5934591293334961,-1.0,-0.005621910095214844,-0.016830332577228546,-0.0254441499710083,-0.04536491632461548,-0.020696347579360008,0.009092768654227257,0.018108736723661423,0.0014559521805495024,0.03,1.255647897720337,-0.07433372735977173,0.3437911868095398,0.04376963898539543,-0.023916464298963547,0.1057349294424057,0.9931426644325256,0,0,0,0,0,0,0,0,0,0,0,0,0,0
0.5951399803161621,-1.0,-0.005621910095214844,-0.016830332577228546,-0.0254441499710083,-0.04536491632461548,-0.020696347579360008,0.009092768654227257,0.018108736723661423,0.0014559521805495024,0.03,1.255647897720337,-0.07433372735977173,0.3437911868095398,0.04376963898539543,-0.023916464298963547,0.1057349294424057,0.9931426644325256,0,0,0,0,0,0,0,0,0,0,0,0,0,0
0.5964491367340088,-1.0,-0.005621910095214844,-0.016830332577228546,-0.0254441499710083,-0.04536491632461548,-0.020696347579360008,0.009092768654227257,0.018108736723661423,0.0014559521805495024,0.03,1.255647897720337,-0.07433372735977173,0.3437911868095398,0.04376963898539543,-0.023916464298963547,0.1057349294424057,0.9931426644325256,0,0,0,0,0,0,0,0,0,0,0,0,0,0
0.5994162559509277,-1.0,-0.005621910095214844,-0.016830332577228546,-0.0254441499710083,-0.04536491632461548,-0.020696347579360008,0.009092768654227257,0.018108736723661423,0.0014559521805495024,0.03,1.255647897720337,-0.07433372735977173,0.3437911868095398,0.04376963898539543,-0.023916464298963547,0.1057349294424057,0.9931426644325256,0,0,0,0,0,0,0,0,0,0,0,0,0,0
0.6008672714233398,-1.0,-0.005621910095214844,-0.016830332577228546,-0.0254441499710083,-0.04536491632461548,-0.020696347579360008,0.009092768654227257,0.018108736723661423,0.0014559521805495024,0.03,1.2556766271591187,-0.07427562773227692,0.343733549118042,0.043277572840452194,-0.023440422490239143,0.10852239280939102,0.9928749203681946,0,0,0,0,0,0,0,0,0,0,0,0,0,0
0.6022210121154785,-1.0,-0.005621910095214844,-0.016830332577228546,-0.0254441499710083,-0.04536491632461548,-0.020696347579360008,0.009092768654227257,0.018108736723661423,0.0014559521805495024,0.03,1.2556766271591187,-0.07427562773227692,0.343733549118042,0.043277572840452194,-0.023440422490239143,0.10852239280939102,0.9928749203681946,0,0,0,0,0,0,0,0,0,0,0,0,0,0
0.6037330627441406,-1.0,-0.005621910095214844,-0.016830332577228546,-0.0254441499710083,-0.04536491632461548,-0.020696347579360008,0.009092768654227257,0.018108736723661423,0.0014559521805495024,0.03,1.2556766271591187,-0.07427562773227692,0.343733549118042,0.043277572840452194,-0.023440422490239143,0.10852239280939102,0.9928749203681946,0,0,0,0,0,0,0,0,0,0,0,0,0,0
0.6059145927429199,-1.0,-0.005621910095214844,-0.016830332577228546,-0.0254441499710083,-0.04536491632461548,-0.020696347579360008,0.009092768654227257,0.018108736723661423,0.0014559521805495024,0.03,1.2556766271591187,-0.07427562773227692,0.343733549118042,0.043277572840452194,-0.023440422490239143,0.10852239280939102,0.9928749203681946,0,0,0,0,0,0,0,0,0,0,0,0,0,0
0.6072397232055664,-1.0,-0.005621910095214844,-0.016830332577228546,-0.0254441499710083,-0.04536491632461548,-0.020696347579360008,0.009092768654227257,0.018108736723661423,0.0014559521805495024,0.03,1.2556766271591187,-0.07427562773227692,0.343733549118042,0.043277572840452194,-0.023440422490239143,0.10852239280939102,0.9928749203681946,0,0,0,0,0,0,0,0,0,0,0,0,0,0
0.6087071895599365,-1.0,-0.005621910095214844,-0.016830332577228546,-0.0254441499710083,-0.04536491632461548,-0.020696347579360008,0.009092768654227257,0.018108736723661423,0.0014559521805495024,0.03,1.2556766271591187,-0.07427562773227692,0.343733549118042,0.043277572840452194,-0.023440422490239143,0.10852239280939102,0.9928749203681946,0,0,0,0,0,0,0,0,0,0,0,0,0,0
0.6098687648773193,-1.0,-0.005621910095214844,-0.016830332577228546,-0.0254441499710083,-0.04536491632461548,-0.020696347579360008,0.009092768654227257,0.018108736723661423,0.0014559521805495024,0.03,1.2556766271591187,-0.07427562773227692,0.343733549118042,0.043277572840452194,-0.023440422490239143,0.10852239280939102,0.9928749203681946,0,0,0,0,0,0,0,0,0,0,0,0,0,0
0.6109609603881836,-1.0,-0.005621910095214844,-0.016830332577228546,-0.0254441499710083,-0.04536491632461548,-0.020696347579360008,0.009092768654227257,0.018108736723661423,0.0014559521805495024,0.03,1.2556766271591187,-0.07427562773227692,0.343733549118042,0.043277572840452194,-0.023440422490239143,0.10852239280939102,0.9928749203681946,0,0,0,0,0,0,0,0,0,0,0,0,0,0
0.6120617389678955,-1.0,-0.005621910095214844,-0.016830332577228546,-0.0254441499710083,-0.04536491632461548,-0.020696347579360008,0.009092768654227257,0.018108736723661423,0.0014559521805495024,0.03,1.2556766271591187,-0.07427562773227692,0.343733549118042,0.043277572840452194,-0.023440422490239143,0.10852239280939102,0.9928749203681946,0,0,0,0,0,0,0,0,0,0,0,0,0,0
0.6132125854492188,-1.0,-0.005621910095214844,-0.016830332577228546,-0.0254441499710083,-0.04536491632461548,-0.020696347579360008,0.009092768654227257,0.018108736723661423,0.0014559521805495024,0.03,1.2556766271591187,-0.07427562773227692,0.343733549118042,0.043277572840452194,-0.023440422490239143,0.10852239280939102,0.9928749203681946,0,0,0,0,0,0,0,0,0,0,0,0,0,0
0.6144247055053711,-1.0,-0.005621910095214844,-0.016830332577228546,-0.0254441499710083,-0.04536491632461548,-0.020696347579360008,0.009092768654227257,0.018108736723661423,0.0014559521805495024,0.03,1.2556766271591187,-0.07427562773227692,0.343733549118042,0.043277572840452194,-0.023440422490239143,0.10852239280939102,0.9928749203681946,0,0,0,0,0,0,0,0,0,0,0,0,0,0
0.6158900260925293,-1.0,-0.0056119561195373535,-0.016826152801513672,-0.02543807029724121,-0.04536706209182739,-6.234121246961877e-05,0.010202053934335709,-0.01464076992124319,-0.01106721255928278,0.03,1.2556469440460205,-0.0743909701704979,0.3437167704105377,0.04382093995809555,-0.023972313851118088,0.1071787178516388,0.9929843544960022,0,0,0,0,0,0,0,0,0,0,0,0,0,0
0.6177334785461426,-1.0,-0.005613446235656738,-0.016828857362270355,-0.025435328483581543,-0.04538440704345703,0.0065193395130336285,0.005195255391299725,-0.018422869965434074,-0.04260800778865814,0.03,1.2556469440460205,-0.0743909701704979,0.3437167704105377,0.04382093995809555,-0.023972313851118088,0.1071787178516388,0.9929843544960022,0,0,0,0,0,0,0,0,0,0,0,0,0,0
0.6190545558929443,-1.0,-0.005623579025268555,-0.016829535365104675,-0.025434374809265137,-0.04536312818527222,-0.01903201825916767,0.005757539998739958,-0.017592521384358406,0.004951306153088808,0.03,1.2556469440460205,-0.0743909701704979,0.3437167704105377,0.04382093995809555,-0.023972313851118088,0.1071787178516388,0.9929843544960022,0,0,0,0,0,0,0,0,0,0,0,0,0,0
0.6213622093200684,-1.0,-0.005623579025268555,-0.016829535365104675,-0.025434374809265137,-0.04536312818527222,-0.01903201825916767,0.005757539998739958,-0.017592521384358406,0.004951306153088808,0.03,1.2556469440460205,-0.0743909701704979,0.3437167704105377,0.04382093995809555,-0.023972313851118088,0.1071787178516388,0.9929843544960022,0,0,0,0,0,0,0,0,0,0,0,0,0,0
0.6245160102844238,-1.0,-0.005623579025268555,-0.016829535365104675,-0.025434374809265137,-0.04536312818527222,-0.01903201825916767,0.005757539998739958,-0.017592521384358406,0.004951306153088808,0.03,1.2556469440460205,-0.0743909701704979,0.3437167704105377,0.04382093995809555,-0.023972313851118088,0.1071787178516388,0.9929843544960022,0,0,0,0,0,0,0,0,0,0,0,0,0,0
0.6256012916564941,-1.0,-0.005623579025268555,-0.016829535365104675,-0.025434374809265137,-0.04536312818527222,-0.01903201825916767,0.005757539998739958,-0.017592521384358406,0.004951306153088808,0.03,1.2556469440460205,-0.0743909701704979,0.3437167704105377,0.04382093995809555,-0.023972313851118088,0.1071787178516388,0.9929843544960022,0,0,0,0,0,0,0,0,0,0,0,0,0,0
0.626793384552002,-1.0,-0.005623579025268555,-0.016829535365104675,-0.025434374809265137,-0.04536312818527222,-0.01903201825916767,0.005757539998739958,-0.017592521384358406,0.004951306153088808,0.03,1.2556469440460205,-0.0743909701704979,0.3437167704105377,0.04382093995809555,-0.023972313851118088,0.1071787178516388,0.9929843544960022,0,0,0,0,0,0,0,0,0,0,0,0,0,0
0.6290650367736816,-1.0,-0.005623579025268555,-0.016829535365104675,-0.025434374809265137,-0.04536312818527222,-0.01903201825916767,0.005757539998739958,-0.017592521384358406,0.004951306153088808,0.03,1.2556469440460205,-0.0743909701704979,0.3437167704105377,0.04382093995809555,-0.023972313851118088,0.1071787178516388,0.9929843544960022,0,0,0,0,0,0,0,0,0,0,0,0,0,0
0.6304624080657959,-1.0,-0.005623579025268555,-0.016829535365104675,-0.025434374809265137,-0.04536312818527222,-0.01903201825916767,0.005757539998739958,-0.017592521384358406,0.004951306153088808,0.03,1.2556469440460205,-0.0743909701704979,0.3437167704105377,0.04382093995809555,-0.023972313851118088,0.1071787178516388,0.9929843544960022,0,0,0,0,0,0,0,0,0,0,0,0,0,0
0.6317203044891357,-1.0,-0.005623579025268555,-0.016829535365104675,-0.025434374809265137,-0.04536312818527222,-0.01903201825916767,0.005757539998739958,-0.017592521384358406,0.004951306153088808,0.03,1.2556469440460205,-0.0743909701704979,0.3437167704105377,0.04382093995809555,-0.023972313851118088,0.1071787178516388,0.9929843544960022,0,0,0,0,0,0,0,0,0,0,0,0,0,0
0.6336867809295654,-1.0,-0.005623579025268555,-0.016829535365104675,-0.025434374809265137,-0.04536312818527222,-0.01903201825916767,0.005757539998739958,-0.017592521384358406,0.004951306153088808,0.03,1.2556469440460205,-0.0743909701704979,0.3437167704105377,0.04382093995809555,-0.023972313851118088,0.1071787178516388,0.9929843544960022,0,0,0,0,0,0,0,0,0,0,0,0,0,0
0.6350500583648682,-1.0,-0.005623579025268555,-0.016829535365104675,-0.025434374809265137,-0.04536312818527222,-0.01903201825916767,0.005757539998739958,-0.017592521384358406,0.004951306153088808,0.03,1.2556469440460205,-0.0743909701704979,0.3437167704105377,0.04382093995809555,-0.023972313851118088,0.1071787178516388,0.9929843544960022,0,0,0,0,0,0,0,0,0,0,0,0,0,0
0.63620924949646,-1.0,-0.005615651607513428,-0.016826733946800232,-0.02543431520462036,-0.045370519161224365,0.0023827399127185345,0.006147407926619053,-0.02163739688694477,-0.020009705796837807,0.03,1.2556469440460205,-0.0743909701704979,0.3437167704105377,0.04382093995809555,-0.023972313851118088,0.1071787178516388,0.9929843544960022,0,0,0,0,0,0,0,0,0,0,0,0,0,0
0.6373550891876221,-1.0,-0.0056266188621521,-0.0168362557888031,-0.02545696496963501,-0.045370519161224365,-0.026826685294508934,-0.009268222376704216,0.027310742065310478,-0.019382696598768234,0.03,1.2556469440460205,-0.0743909701704979,0.3437167704105377,0.04382093995809555,-0.023972313851118088,0.1071787178516388,0.9929843544960022,0,0,0,0,0,0,0,0,0,0,0,0,0,0
0.638481616973877,-1.0,-0.0056266188621521,-0.0168362557888031,-0.02545696496963501,-0.045370519161224365,-0.026826685294508934,-0.009268222376704216,0.027310742065310478,-0.019382696598768234,0.03,1.2556469440460205,-0.0743909701704979,0.3437167704105377,0.04382093995809555,-0.023972313851118088,0.1071787178516388,0.9929843544960022,0,0,0,0,0,0,0,0,0,0,0,0,0,0
0.6398260593414307,-1.0,-0.0056266188621521,-0.0168362557888031,-0.02545696496963501,-0.045370519161224365,-0.026826685294508934,-0.009268222376704216,0.027310742065310478,-0.019382696598768234,0.03,1.2556469440460205,-0.0743909701704979,0.3437167704105377,0.04382093995809555,-0.023972313851118088,0.1071787178516388,0.9929843544960022,0,0,0,0,0,0,0,0,0,0,0,0,0,0
0.6409478187561035,-1.0,-0.0056266188621521,-0.0168362557888031,-0.02545696496963501,-0.045370519161224365,-0.026826685294508934,-0.009268222376704216,0.027310742065310478,-0.019382696598768234,0.03,1.2556469440460205,-0.0743909701704979,0.3437167704105377,0.04382093995809555,-0.023972313851118088,0.1071787178516388,0.9929843544960022,0,0,0,0,0,0,0,0,0,0,0,0,0,0
0.6426265239715576,-1.0,-0.0056266188621521,-0.0168362557888031,-0.02545696496963501,-0.045370519161224365,-0.026826685294508934,-0.009268222376704216,0.027310742065310478,-0.019382696598768234,0.03,1.2556469440460205,-0.0743909701704979,0.3437167704105377,0.04382093995809555,-0.023972313851118088,0.1071787178516388,0.9929843544960022,0,0,0,0,0,0,0,0,0,0,0,0,0,0
0.6439793109893799,-1.0,-0.0056266188621521,-0.0168362557888031,-0.02545696496963501,-0.045370519161224365,-0.026826685294508934,-0.009268222376704216,0.027310742065310478,-0.019382696598768234,0.03,1.2556469440460205,-0.0743909701704979,0.3437167704105377,0.04382093995809555,-0.023972313851118088,0.1071787178516388,0.9929843544960022,0,0,0,0,0,0,0,0,0,0,0,0,0,0
0.6478273868560791,-1.0,-0.005619466304779053,-0.016841985285282135,-0.02543431520462036,-0.0453605055809021,-0.009475293569266796,-0.0182492658495903,-0.01724054291844368,0.0016713362419977784,0.03,1.2556469440460205,-0.0743909701704979,0.3437167704105377,0.04382093995809555,-0.023972313851118088,0.1071787178516388,0.9929843544960022,0,0,0,0,0,0,0,0,0,0,0,0,0,0
0.6491212844848633,-1.0,-0.005625247955322266,-0.016838572919368744,-0.02543741464614868,-0.04537266492843628,-0.017829079180955887,0.0025121760554611683,-0.017882177606225014,-0.017740337178111076,0.03,1.2556469440460205,-0.0743909701704979,0.3437167704105377,0.04382093995809555,-0.023972313851118088,0.1071787178516388,0.9929843544960022,0,0,0,0,0,0,0,0,0,0,0,0,0,0
0.6506636142730713,-1.0,-0.005613565444946289,-0.016838490962982178,-0.02544325590133667,-0.045370280742645264,0.01060328260064125,-0.010456386022269726,-0.012174905277788639,-0.014295827597379684,0.03,1.2556469440460205,-0.0743909701704979,0.3437167704105377,0.04382093995809555,-0.023972313851118088,0.1071787178516388,0.9929843544960022,0,0,0,0,0,0,0,0,0,0,0,0,0,0
0.6523065567016602,-1.0,-0.005610823631286621,-0.01683637499809265,-0.025441110134124756,-0.04538309574127197,0.01404840499162674,-0.011625908315181732,-0.01095056626945734,-0.0485263392329216,0.03,1.255652904510498,-0.0743185430765152,0.343783974647522,0.04360150545835495,-0.023912997916340828,0.1047445759177208,0.993255078792572,0,0,0,0,0,0,0,0,0,0,0,0,0,0
0.6534109115600586,-1.0,-0.005610823631286621,-0.01683637499809265,-0.025441110134124756,-0.04538309574127197,0.01404840499162674,-0.011625908315181732,-0.01095056626945734,-0.0485263392329216,0.03,1.255652904510498,-0.0743185430765152,0.343783974647522,0.04360150545835495,-0.023912997916340828,0.1047445759177208,0.993255078792572,0,0,0,0,0,0,0,0,0,0,0,0,0,0
0.6546368598937988,-1.0,-0.005610823631286621,-0.01683637499809265,-0.025441110134124756,-0.04538309574127197,0.01404840499162674,-0.011625908315181732,-0.01095056626945734,-0.0485263392329216,0.03,1.255652904510498,-0.0743185430765152,0.343783974647522,0.04360150545835495,-0.023912997916340828,0.1047445759177208,0.993255078792572,0,0,0,0,0,0,0,0,0,0,0,0,0,0
0.6562280654907227,-1.0,-0.005640864372253418,-0.016828171908855438,-0.025434434413909912,-0.045361995697021484,-0.04948624595999718,0.006723929196596146,-0.016973882913589478,0.0009432578226551414,0.03,1.255652904510498,-0.0743185430765152,0.343783974647522,0.04360150545835495,-0.023912997916340828,0.1047445759177208,0.993255078792572,0,0,0,0,0,0,0,0,0,0,0,0,0,0
0.6575675010681152,-1.0,-0.005640864372253418,-0.016828171908855438,-0.025434434413909912,-0.045361995697021484,-0.04948624595999718,0.006723929196596146,-0.016973882913589478,0.0009432578226551414,0.03,1.255652904510498,-0.0743185430765152,0.343783974647522,0.04360150545835495,-0.023912997916340828,0.1047445759177208,0.993255078792572,0,0,0,0,0,0,0,0,0,0,0,0,0,0
0.6589376926422119,-1.0,-0.005640864372253418,-0.016828171908855438,-0.025434434413909912,-0.045361995697021484,-0.04948624595999718,0.006723929196596146,-0.016973882913589478,0.0009432578226551414,0.03,1.255652904510498,-0.0743185430765152,0.343783974647522,0.04360150545835495,-0.023912997916340828,0.1047445759177208,0.993255078792572,0,0,0,0,0,0,0,0,0,0,0,0,0,0
0.6604118347167969,-1.0,-0.005640864372253418,-0.016828171908855438,-0.025434434413909912,-0.045361995697021484,-0.04948624595999718,0.006723929196596146,-0.016973882913589478,0.0009432578226551414,0.03,1.255652904510498,-0.0743185430765152,0.343783974647522,0.04360150545835495,-0.023912997916340828,0.1047445759177208,0.993255078792572,0,0,0,0,0,0,0,0,0,0,0,0,0,0
0.6616458892822266,-1.0,-0.005640864372253418,-0.016828171908855438,-0.025434434413909912,-0.045361995697021484,-0.04948624595999718,0.006723929196596146,-0.016973882913589478,0.0009432578226551414,0.03,1.255652904510498,-0.0743185430765152,0.343783974647522,0.04360150545835495,-0.023912997916340828,0.1047445759177208,0.993255078792572,0,0,0,0,0,0,0,0,0,0,0,0,0,0
0.6627359390258789,-1.0,-0.005640864372253418,-0.016828171908855438,-0.025434434413909912,-0.045361995697021484,-0.04948624595999718,0.006723929196596146,-0.016973882913589478,0.0009432578226551414,0.03,1.255652904510498,-0.0743185430765152,0.343783974647522,0.04360150545835495,-0.023912997916340828,0.1047445759177208,0.993255078792572,0,0,0,0,0,0,0,0,0,0,0,0,0,0
0.6656589508056641,-1.0,-0.005640864372253418,-0.016828171908855438,-0.025434434413909912,-0.045361995697021484,-0.04948624595999718,0.006723929196596146,-0.016973882913589478,0.0009432578226551414,0.03,1.255652904510498,-0.0743185430765152,0.343783974647522,0.04360150545835495,-0.023912997916340828,0.1047445759177208,0.993255078792572,0,0,0,0,0,0,0,0,0,0,0,0,0,0
0.6669564247131348,-1.0,-0.005640864372253418,-0.016828171908855438,-0.025434434413909912,-0.045361995697021484,-0.04948624595999718,0.006723929196596146,-0.016973882913589478,0.0009432578226551414,0.03,1.255652904510498,-0.0743185430765152,0.343783974647522,0.04360150545835495,-0.023912997916340828,0.1047445759177208,0.993255078792572,0,0,0,0,0,0,0,0,0,0,0,0,0,0
0.6691992282867432,-1.0,-0.005640864372253418,-0.016828171908855438,-0.025434434413909912,-0.045361995697021484,-0.04948624595999718,0.006723929196596146,-0.016973882913589478,0.0009432578226551414,0.03,1.255652904510498,-0.0743185430765152,0.343783974647522,0.04360150545835495,-0.023912997916340828,0.1047445759177208,0.993255078792572,0,0,0,0,0,0,0,0,0,0,0,0,0,0
0.671086311340332,-1.0,-0.005640864372253418,-0.016828171908855438,-0.025434434413909912,-0.045361995697021484,-0.04948624595999718,0.006723929196596146,-0.016973882913589478,0.0009432578226551414,0.03,1.255652904510498,-0.0743185430765152,0.343783974647522,0.04360150545835495,-0.023912997916340828,0.1047445759177208,0.993255078792572,0,0,0,0,0,0,0,0,0,0,0,0,0,0
0.6723294258117676,-1.0,-0.005640864372253418,-0.016828171908855438,-0.025434434413909912,-0.045361995697021484,-0.04948624595999718,0.006723929196596146,-0.016973882913589478,0.0009432578226551414,0.03,1.255652904510498,-0.0743185430765152,0.343783974647522,0.04360150545835495,-0.023912997916340828,0.1047445759177208,0.993255078792572,0,0,0,0,0,0,0,0,0,0,0,0,0,0
0.6734180450439453,-1.0,-0.005640864372253418,-0.016828171908855438,-0.025434434413909912,-0.045361995697021484,-0.04948624595999718,0.006723929196596146,-0.016973882913589478,0.0009432578226551414,0.03,1.255652904510498,-0.0743185430765152,0.343783974647522,0.04360150545835495,-0.023912997916340828,0.1047445759177208,0.993255078792572,0,0,0,0,0,0,0,0,0,0,0,0,0,0
0.6749379634857178,-1.0,-0.005640864372253418,-0.016828171908855438,-0.025434434413909912,-0.045361995697021484,-0.04948624595999718,0.006723929196596146,-0.016973882913589478,0.0009432578226551414,0.03,1.255652904510498,-0.0743185430765152,0.343783974647522,0.04360150545835495,-0.023912997916340828,0.1047445759177208,0.993255078792572,0,0,0,0,0,0,0,0,0,0,0,0,0,0
0.6770257949829102,-1.0,-0.005643367767333984,-0.016840554773807526,-0.025442421436309814,-0.045361995697021484,-0.03432638943195343,-0.015826642513275146,-0.011208578012883663,0.003945415839552879,0.03,1.255652904510498,-0.0743185430765152,0.343783974647522,0.04360150545835495,-0.023912997916340828,0.1047445759177208,0.993255078792572,0,0,0,0,0,0,0,0,0,0,0,0,0,0
0.6782174110412598,-1.0,-0.005643367767333984,-0.016840554773807526,-0.025442421436309814,-0.045361995697021484,-0.03432638943195343,-0.015826642513275146,-0.011208578012883663,0.003945415839552879,0.03,1.255652904510498,-0.0743185430765152,0.343783974647522,0.04360150545835495,-0.023912997916340828,0.1047445759177208,0.993255078792572,0,0,0,0,0,0,0,0,0,0,0,0,0,0
0.6794600486755371,-1.0,-0.005623877048492432,-0.016834042966365814,-0.025438129901885986,-0.04537290334701538,-0.025472741574048996,-0.005857330746948719,-0.018085181713104248,-0.026456529274582863,0.03,1.255652904510498,-0.0743185430765152,0.343783974647522,0.04360150545835495,-0.023912997916340828,0.1047445759177208,0.993255078792572,0,0,0,0,0,0,0,0,0,0,0,0,0,0
0.6808242797851562,-1.0,-0.0056154727935791016,-0.016829103231430054,-0.0254439115524292,-0.045367300510406494,0.002369388472288847,0.006382685154676437,-0.010360850021243095,-0.006446524057537317,0.03,1.2556512355804443,-0.07437435537576675,0.34372538328170776,0.04352151229977608,-0.02393793873488903,0.10292159020900726,0.9934485554695129,0,0,0,0,0,0,0,0,0,0,0,0,0,0
0.6821906566619873,-1.0,-0.0056154727935791016,-0.016829103231430054,-0.0254439115524292,-0.045367300510406494,0.002369388472288847,0.006382685154676437,-0.010360850021243095,-0.006446524057537317,0.03,1.2556512355804443,-0.07437435537576675,0.34372538328170776,0.04352151229977608,-0.02393793873488903,0.10292159020900726,0.9934485554695129,0,0,0,0,0,0,0,0,0,0,0,0,0,0
0.6833381652832031,-1.0,-0.0056154727935791016,-0.016829103231430054,-0.0254439115524292,-0.045367300510406494,0.002369388472288847,0.006382685154676437,-0.010360850021243095,-0.006446524057537317,0.03,1.2556512355804443,-0.07437435537576675,0.34372538328170776,0.04352151229977608,-0.02393793873488903,0.10292159020900726,0.9934485554695129,0,0,0,0,0,0,0,0,0,0,0,0,0,0
0.6845152378082275,-1.0,-0.0056154727935791016,-0.016829103231430054,-0.0254439115524292,-0.045367300510406494,0.002369388472288847,0.006382685154676437,-0.010360850021243095,-0.006446524057537317,0.03,1.2556512355804443,-0.07437435537576675,0.34372538328170776,0.04352151229977608,-0.02393793873488903,0.10292159020900726,0.9934485554695129,0,0,0,0,0,0,0,0,0,0,0,0,0,0
0.6868031024932861,-1.0,-0.0056154727935791016,-0.016829103231430054,-0.0254439115524292,-0.045367300510406494,0.002369388472288847,0.006382685154676437,-0.010360850021243095,-0.006446524057537317,0.03,1.2556512355804443,-0.07437435537576675,0.34372538328170776,0.04352151229977608,-0.02393793873488903,0.10292159020900726,0.9934485554695129,0,0,0,0,0,0,0,0,0,0,0,0,0,0
0.6878957748413086,-1.0,-0.0056154727935791016,-0.016829103231430054,-0.0254439115524292,-0.045367300510406494,0.002369388472288847,0.006382685154676437,-0.010360850021243095,-0.006446524057537317,0.03,1.2556512355804443,-0.07437435537576675,0.34372538328170776,0.04352151229977608,-0.02393793873488903,0.10292159020900726,0.9934485554695129,0,0,0,0,0,0,0,0,0,0,0,0,0,0
0.6891367435455322,-1.0,-0.0056154727935791016,-0.016829103231430054,-0.0254439115524292,-0.045367300510406494,0.002369388472288847,0.006382685154676437,-0.010360850021243095,-0.006446524057537317,0.03,1.2556512355804443,-0.07437435537576675,0.34372538328170776,0.04352151229977608,-0.02393793873488903,0.10292159020900726,0.9934485554695129,0,0,0,0,0,0,0,0,0,0,0,0,0,0
0.6902453899383545,-1.0,-0.0056154727935791016,-0.016829103231430054,-0.0254439115524292,-0.045367300510406494,0.002369388472288847,0.006382685154676437,-0.010360850021243095,-0.006446524057537317,0.03,1.2556512355804443,-0.07437435537576675,0.34372538328170776,0.04352151229977608,-0.02393793873488903,0.10292159020900726,0.9934485554695129,0,0,0,0,0,0,0,0,0,0,0,0,0,0
0.6913654804229736,-1.0,-0.0056154727935791016,-0.016829103231430054,-0.0254439115524292,-0.045367300510406494,0.002369388472288847,0.006382685154676437,-0.010360850021243095,-0.006446524057537317,0.03,1.2556512355804443,-0.07437435537576675,0.34372538328170776,0.04352151229977608,-0.02393793873488903,0.10292159020900726,0.9934485554695129,0,0,0,0,0,0,0,0,0,0,0,0,0,0
0.6927392482757568,-1.0,-0.0056154727935791016,-0.016829103231430054,-0.0254439115524292,-0.045367300510406494,0.002369388472288847,0.006382685154676437,-0.010360850021243095,-0.006446524057537317,0.03,1.2556512355804443,-0.07437435537576675,0.34372538328170776,0.04352151229977608,-0.02393793873488903,0.10292159020900726,0.9934485554695129,0,0,0,0,0,0,0,0,0,0,0,0,0,0
0.693803071975708,-1.0,-0.0056154727935791016,-0.016829103231430054,-0.0254439115524292,-0.045367300510406494,0.002369388472288847,0.006382685154676437,-0.010360850021243095,-0.006446524057537317,0.03,1.2556512355804443,-0.07437435537576675,0.34372538328170776,0.04352151229977608,-0.02393793873488903,0.10292159020900726,0.9934485554695129,0,0,0,0,0,0,0,0,0,0,0,0,0,0
0.6952986717224121,-1.0,-0.0056154727935791016,-0.016829103231430054,-0.0254439115524292,-0.045367300510406494,0.002369388472288847,0.006382685154676437,-0.010360850021243095,-0.006446524057537317,0.03,1.2556512355804443,-0.07437435537576675,0.34372538328170776,0.04352151229977608,-0.02393793873488903,0.10292159020900726,0.9934485554695129,0,0,0,0,0,0,0,0,0,0,0,0,0,0
0.6989150047302246,-1.0,-0.0056154727935791016,-0.016829103231430054,-0.0254439115524292,-0.045367300510406494,0.002369388472288847,0.006382685154676437,-0.010360850021243095,-0.006446524057537317,0.03,1.2556512355804443,-0.07437435537576675,0.34372538328170776,0.04352151229977608,-0.02393793873488903,0.10292159020900726,0.9934485554695129,0,0,0,0,0,0,0,0,0,0,0,0,0,0
0.7000739574432373,-1.0,-0.0056154727935791016,-0.016829103231430054,-0.0254439115524292,-0.045367300510406494,0.002369388472288847,0.006382685154676437,-0.010360850021243095,-0.006446524057537317,0.03,1.2556610107421875,-0.07440384477376938,0.343710720539093,0.04331813380122185,-0.023875990882515907,0.10169798880815506,0.993584930896759,0,0,0,0,0,0,0,0,0,0,0,0,0,0
0.7011866569519043,-1.0,-0.0056154727935791016,-0.016829103231430054,-0.0254439115524292,-0.045367300510406494,0.002369388472288847,0.006382685154676437,-0.010360850021243095,-0.006446524057537317,0.03,1.2556579113006592,-0.07438860088586807,0.3437615633010864,0.04330970719456673,-0.02391856722533703,0.10115160048007965,0.993640124797821,0,0,0,0,0,0,0,0,0,0,0,0,0,0
0.7024972438812256,-1.0,-0.0056154727935791016,-0.016829103231430054,-0.0254439115524292,-0.045367300510406494,0.002369388472288847,0.006382685154676437,-0.010360850021243095,-0.006446524057537317,0.03,1.2556579113006592,-0.07438860088586807,0.3437615633010864,0.04330970719456673,-0.02391856722533703,0.10115160048007965,0.993640124797821,0,0,0,0,0,0,0,0,0,0,0,0,0,0
0.7036733627319336,-1.0,-0.0056154727935791016,-0.016829103231430054,-0.0254439115524292,-0.045367300510406494,0.002369388472288847,0.006382685154676437,-0.010360850021243095,-0.006446524057537317,0.03,1.2556579113006592,-0.07438860088586807,0.3437615633010864,0.04330970719456673,-0.02391856722533703,0.10115160048007965,0.993640124797821,0,0,0,0,0,0,0,0,0,0,0,0,0,0
0.7050719261169434,-1.0,-0.005615532398223877,-0.01683848351240158,-0.02544403076171875,-0.0453755259513855,0.013970896601676941,-0.016577865928411484,-0.0057457261718809605,-0.03145090490579605,0.03,1.255661964416504,-0.07431619614362717,0.3437937796115875,0.043447792530059814,-0.023934397846460342,0.10430950671434402,0.9933071136474609,0,0,0,0,0,0,0,0,0,0,0,0,0,0
0.7070355415344238,-1.0,-0.005615532398223877,-0.01683848351240158,-0.02544403076171875,-0.0453755259513855,0.013970896601676941,-0.016577865928411484,-0.0057457261718809605,-0.03145090490579605,0.03,1.255661964416504,-0.07431619614362717,0.3437937796115875,0.043447792530059814,-0.023934397846460342,0.10430950671434402,0.9933071136474609,0,0,0,0,0,0,0,0,0,0,0,0,0,0
0.7090034484863281,-1.0,-0.005615353584289551,-0.01682645082473755,-0.025442123413085938,-0.04536581039428711,0.010392921976745129,0.010201389901340008,-0.0034453431144356728,-0.01115479413419962,0.03,1.255661964416504,-0.07431619614362717,0.3437937796115875,0.043447792530059814,-0.023934397846460342,0.10430950671434402,0.9933071136474609,0,0,0,0,0,0,0,0,0,0,0,0,0,0
0.7101173400878906,-1.0,-0.005615353584289551,-0.01682645082473755,-0.025442123413085938,-0.04536581039428711,0.010392921976745129,0.010201389901340008,-0.0034453431144356728,-0.01115479413419962,0.03,1.255661964416504,-0.07431619614362717,0.3437937796115875,0.043447792530059814,-0.023934397846460342,0.10430950671434402,0.9933071136474609,0,0,0,0,0,0,0,0,0,0,0,0,0,0
0.7113525867462158,-1.0,-0.005615353584289551,-0.01682645082473755,-0.025442123413085938,-0.04536581039428711,0.010392921976745129,0.010201389901340008,-0.0034453431144356728,-0.01115479413419962,0.03,1.255661964416504,-0.07431619614362717,0.3437937796115875,0.043447792530059814,-0.023934397846460342,0.10430950671434402,0.9933071136474609,0,0,0,0,0,0,0,0,0,0,0,0,0,0
0.7125945091247559,-1.0,-0.005615353584289551,-0.01682645082473755,-0.025442123413085938,-0.04536581039428711,0.010392921976745129,0.010201389901340008,-0.0034453431144356728,-0.01115479413419962,0.03,1.255661964416504,-0.07431619614362717,0.3437937796115875,0.043447792530059814,-0.023934397846460342,0.10430950671434402,0.9933071136474609,0,0,0,0,0,0,0,0,0,0,0,0,0,0
0.7138252258300781,-1.0,-0.005615353584289551,-0.01682645082473755,-0.025442123413085938,-0.04536581039428711,0.010392921976745129,0.010201389901340008,-0.0034453431144356728,-0.01115479413419962,0.03,1.255661964416504,-0.07431619614362717,0.3437937796115875,0.043447792530059814,-0.023934397846460342,0.10430950671434402,0.9933071136474609,0,0,0,0,0,0,0,0,0,0,0,0,0,0
0.7173023223876953,-1.0,-0.005615353584289551,-0.01682645082473755,-0.025442123413085938,-0.04536581039428711,0.010392921976745129,0.010201389901340008,-0.0034453431144356728,-0.01115479413419962,0.03,1.255661964416504,-0.07431619614362717,0.3437937796115875,0.043447792530059814,-0.023934397846460342,0.10430950671434402,0.9933071136474609,0,0,0,0,0,0,0,0,0,0,0,0,0,0
0.7184984683990479,-1.0,-0.005615353584289551,-0.01682645082473755,-0.025442123413085938,-0.04536581039428711,0.010392921976745129,0.010201389901340008,-0.0034453431144356728,-0.01115479413419962,0.03,1.255661964416504,-0.07431619614362717,0.3437937796115875,0.043447792530059814,-0.023934397846460342,0.10430950671434402,0.9933071136474609,0,0,0,0,0,0,0,0,0,0,0,0,0,0
0.71974778175354,-1.0,-0.005615353584289551,-0.01682645082473755,-0.025442123413085938,-0.04536581039428711,0.010392921976745129,0.010201389901340008,-0.0034453431144356728,-0.01115479413419962,0.03,1.255661964416504,-0.07431619614362717,0.3437937796115875,0.043447792530059814,-0.023934397846460342,0.10430950671434402,0.9933071136474609,0,0,0,0,0,0,0,0,0,0,0,0,0,0
0.7209179401397705,-1.0,-0.005615353584289551,-0.01682645082473755,-0.025442123413085938,-0.04536581039428711,0.010392921976745129,0.010201389901340008,-0.0034453431144356728,-0.01115479413419962,0.03,1.255661964416504,-0.07431619614362717,0.3437937796115875,0.043447792530059814,-0.023934397846460342,0.10430950671434402,0.9933071136474609,0,0,0,0,0,0,0,0,0,0,0,0,0,0
0.7220525741577148,-1.0,-0.005615353584289551,-0.01682645082473755,-0.025442123413085938,-0.04536581039428711,0.010392921976745129,0.010201389901340008,-0.0034453431144356728,-0.01115479413419962,0.03,1.255661964416504,-0.07431619614362717,0.3437937796115875,0.043447792530059814,-0.023934397846460342,0.10430950671434402,0.9933071136474609,0,0,0,0,0,0,0,0,0,0,0,0,0,0
0.7235491275787354,-1.0,-0.005615353584289551,-0.01682645082473755,-0.025442123413085938,-0.04536581039428711,0.010392921976745129,0.010201389901340008,-0.0034453431144356728,-0.01115479413419962,0.03,1.255661964416504,-0.07431619614362717,0.3437937796115875,0.043447792530059814,-0.023934397846460342,0.10430950671434402,0.9933071136474609,0,0,0,0,0,0,0,0,0,0,0,0,0,0
0.7251648902893066,-1.0,-0.005615353584289551,-0.01682645082473755,-0.025442123413085938,-0.04536581039428711,0.010392921976745129,0.010201389901340008,-0.0034453431144356728,-0.01115479413419962,0.03,1.255661964416504,-0.07431619614362717,0.3437937796115875,0.043447792530059814,-0.023934397846460342,0.10430950671434402,0.9933071136474609,0,0,0,0,0,0,0,0,0,0,0,0,0,0
0.7264320850372314,-1.0,-0.005617320537567139,-0.016835540533065796,-0.025446176528930664,-0.045366883277893066,0.005081766285002232,-0.008475139737129211,-0.006598868407309055,-0.01204940490424633,0.03,1.255661964416504,-0.07431619614362717,0.3437937796115875,0.043447792530059814,-0.023934397846460342,0.10430950671434402,0.9933071136474609,0,0,0,0,0,0,0,0,0,0,0,0,0,0
0.7290031909942627,-1.0,-0.005642831325531006,-0.016827598214149475,-0.025451958179473877,-0.045373618602752686,-0.044634073972702026,0.00840506050735712,0.005978381261229515,-0.026879584416747093,0.03,1.255661964416504,-0.07431619614362717,0.3437937796115875,0.043447792530059814,-0.023934397846460342,0.10430950671434402,0.9933071136474609,0,0,0,0,0,0,0,0,0,0,0,0,0,0
0.7300817966461182,-1.0,-0.005633711814880371,-0.016832545399665833,-0.025434017181396484,-0.04538851976394653,-0.0439208559691906,-0.01405718456953764,-0.02342570386826992,-0.05635993182659149,0.03,1.255661964416504,-0.07431619614362717,0.3437937796115875,0.043447792530059814,-0.023934397846460342,0.10430950671434402,0.9933071136474609,0,0,0,0,0,0,0,0,0,0,0,0,0,0
0.7315225601196289,-1.0,-0.005614876747131348,-0.016826316714286804,-0.02543818950653076,-0.04536318778991699,0.005003414116799831,0.011936381459236145,-0.012990475632250309,0.0048619164153933525,0.03,1.255698561668396,-0.0742756798863411,0.3437049090862274,0.04300988093018532,-0.023488014936447144,0.10740849375724792,0.9930064678192139,0,0,0,0,0,0,0,0,0,0,0,0,0,0
0.7328073978424072,-1.0,-0.005622148513793945,-0.016837045550346375,-0.02546459436416626,-0.045370638370513916,-0.01173077430576086,-0.0067504835315048695,0.041559889912605286,-0.023043571040034294,0.03,1.2556599378585815,-0.07437694072723389,0.3437296748161316,0.04368068650364876,-0.023976612836122513,0.10505884140729904,0.9932169318199158,0,0,0,0,0,0,0,0,0,0,0,0,0,0
0.7343132495880127,-1.0,-0.005635380744934082,-0.016834579408168793,-0.025447368621826172,-0.04536324739456177,-0.04013799503445625,-0.0068197352811694145,0.0005021946271881461,-0.00016350686200894415,0.03,1.2556599378585815,-0.07437694072723389,0.3437296748161316,0.04368068650364876,-0.023976612836122513,0.10505884140729904,0.9932169318199158,0,0,0,0,0,0,0,0,0,0,0,0,0,0
0.7356507778167725,-1.0,-0.005635380744934082,-0.016834579408168793,-0.025447368621826172,-0.04536324739456177,-0.04013799503445625,-0.0068197352811694145,0.0005021946271881461,-0.00016350686200894415,0.03,1.2556599378585815,-0.07437694072723389,0.3437296748161316,0.04368068650364876,-0.023976612836122513,0.10505884140729904,0.9932169318199158,0,0,0,0,0,0,0,0,0,0,0,0,0,0
0.7371912002563477,-1.0,-0.005635380744934082,-0.016834579408168793,-0.025447368621826172,-0.04536324739456177,-0.04013799503445625,-0.0068197352811694145,0.0005021946271881461,-0.00016350686200894415,0.03,1.2556599378585815,-0.07437694072723389,0.3437296748161316,0.04368068650364876,-0.023976612836122513,0.10505884140729904,0.9932169318199158,0,0,0,0,0,0,0,0,0,0,0,0,0,0
0.7384016513824463,-1.0,-0.005635380744934082,-0.016834579408168793,-0.025447368621826172,-0.04536324739456177,-0.04013799503445625,-0.0068197352811694145,0.0005021946271881461,-0.00016350686200894415,0.03,1.2556599378585815,-0.07437694072723389,0.3437296748161316,0.04368068650364876,-0.023976612836122513,0.10505884140729904,0.9932169318199158,0,0,0,0,0,0,0,0,0,0,0,0,0,0
0.7395520210266113,-1.0,-0.005635380744934082,-0.016834579408168793,-0.025447368621826172,-0.04536324739456177,-0.04013799503445625,-0.0068197352811694145,0.0005021946271881461,-0.00016350686200894415,0.03,1.2556599378585815,-0.07437694072723389,0.3437296748161316,0.04368068650364876,-0.023976612836122513,0.10505884140729904,0.9932169318199158,0,0,0,0,0,0,0,0,0,0,0,0,0,0
0.7406847476959229,-1.0,-0.005635380744934082,-0.016834579408168793,-0.025447368621826172,-0.04536324739456177,-0.04013799503445625,-0.0068197352811694145,0.0005021946271881461,-0.00016350686200894415,0.03,1.2556599378585815,-0.07437694072723389,0.3437296748161316,0.04368068650364876,-0.023976612836122513,0.10505884140729904,0.9932169318199158,0,0,0,0,0,0,0,0,0,0,0,0,0,0
0.741896390914917,-1.0,-0.005635380744934082,-0.016834579408168793,-0.025447368621826172,-0.04536324739456177,-0.04013799503445625,-0.0068197352811694145,0.0005021946271881461,-0.00016350686200894415,0.03,1.2556599378585815,-0.07437694072723389,0.3437296748161316,0.04368068650364876,-0.023976612836122513,0.10505884140729904,0.9932169318199158,0,0,0,0,0,0,0,0,0,0,0,0,0,0
0.7435264587402344,-1.0,-0.005635380744934082,-0.016834579408168793,-0.025447368621826172,-0.04536324739456177,-0.04013799503445625,-0.0068197352811694145,0.0005021946271881461,-0.00016350686200894415,0.03,1.2556599378585815,-0.07437694072723389,0.3437296748161316,0.04368068650364876,-0.023976612836122513,0.10505884140729904,0.9932169318199158,0,0,0,0,0,0,0,0,0,0,0,0,0,0
0.7445855140686035,-1.0,-0.005635380744934082,-0.016834579408168793,-0.025447368621826172,-0.04536324739456177,-0.04013799503445625,-0.0068197352811694145,0.0005021946271881461,-0.00016350686200894415,0.03,1.2556599378585815,-0.07437694072723389,0.3437296748161316,0.04368068650364876,-0.023976612836122513,0.10505884140729904,0.9932169318199158,0,0,0,0,0,0,0,0,0,0,0,0,0,0
0.7470653057098389,-1.0,-0.005635380744934082,-0.016834579408168793,-0.025447368621826172,-0.04536324739456177,-0.04013799503445625,-0.0068197352811694145,0.0005021946271881461,-0.00016350686200894415,0.03,1.2556599378585815,-0.07437694072723389,0.3437296748161316,0.04368068650364876,-0.023976612836122513,0.10505884140729904,0.9932169318199158,0,0,0,0,0,0,0,0,0,0,0,0,0,0
0.7486393451690674,-1.0,-0.005635380744934082,-0.016834579408168793,-0.025447368621826172,-0.04536324739456177,-0.04013799503445625,-0.0068197352811694145,0.0005021946271881461,-0.00016350686200894415,0.03,1.2556599378585815,-0.07437694072723389,0.3437296748161316,0.04368068650364876,-0.023976612836122513,0.10505884140729904,0.9932169318199158,0,0,0,0,0,0,0,0,0,0,0,0,0,0
0.7500503063201904,-1.0,-0.005635380744934082,-0.016834579408168793,-0.025447368621826172,-0.04536324739456177,-0.04013799503445625,-0.0068197352811694145,0.0005021946271881461,-0.00016350686200894415,0.03,1.2556599378585815,-0.07437694072723389,0.3437296748161316,0.04368068650364876,-0.023976612836122513,0.10505884140729904,0.9932169318199158,0,0,0,0,0,0,0,0,0,0,0,0,0,0
0.7512435913085938,-1.0,-0.005635380744934082,-0.016834579408168793,-0.025447368621826172,-0.04536324739456177,-0.04013799503445625,-0.0068197352811694145,0.0005021946271881461,-0.00016350686200894415,0.03,1.2556599378585815,-0.07437694072723389,0.3437296748161316,0.04368068650364876,-0.023976612836122513,0.10505884140729904,0.9932169318199158,0,0,0,0,0,0,0,0,0,0,0,0,0,0
0.7535433769226074,-1.0,-0.005635380744934082,-0.016834579408168793,-0.025447368621826172,-0.04536324739456177,-0.04013799503445625,-0.0068197352811694145,0.0005021946271881461,-0.00016350686200894415,0.03,1.255696415901184,-0.07425381988286972,0.34380611777305603,0.04311022907495499,-0.023471403867006302,0.10807231813669205,0.9929305911064148,0,0,0,0,0,0,0,0,0,0,0,0,0,0
0.7547876834869385,-1.0,-0.005635380744934082,-0.016834579408168793,-0.025447368621826172,-0.04536324739456177,-0.04013799503445625,-0.0068197352811694145,0.0005021946271881461,-0.00016350686200894415,0.03,1.255696415901184,-0.07425381988286972,0.34380611777305603,0.04311022907495499,-0.023471403867006302,0.10807231813669205,0.9929305911064148,0,0,0,0,0,0,0,0,0,0,0,0,0,0
0.7561521530151367,-1.0,-0.005635380744934082,-0.016834579408168793,-0.025447368621826172,-0.04536324739456177,-0.04013799503445625,-0.0068197352811694145,0.0005021946271881461,-0.00016350686200894415,0.03,1.255696415901184,-0.07425381988286972,0.34380611777305603,0.04311022907495499,-0.023471403867006302,0.10807231813669205,0.9929305911064148,0,0,0,0,0,0,0,0,0,0,0,0,0,0
0.7572548389434814,-1.0,-0.005635380744934082,-0.016834579408168793,-0.025447368621826172,-0.04536324739456177,-0.04013799503445625,-0.0068197352811694145,0.0005021946271881461,-0.00016350686200894415,0.03,1.255696415901184,-0.07425381988286972,0.34380611777305603,0.04311022907495499,-0.023471403867006302,0.10807231813669205,0.9929305911064148,0,0,0,0,0,0,0,0,0,0,0,0,0,0
0.7586479187011719,-1.0,-0.005635380744934082,-0.016834579408168793,-0.025447368621826172,-0.04536324739456177,-0.04013799503445625,-0.0068197352811694145,0.0005021946271881461,-0.00016350686200894415,0.03,1.255696415901184,-0.07425381988286972,0.34380611777305603,0.04311022907495499,-0.023471403867006302,0.10807231813669205,0.9929305911064148,0,0,0,0,0,0,0,0,0,0,0,0,0,0
0.7602090835571289,-1.0,-0.005635380744934082,-0.016834579408168793,-0.025447368621826172,-0.04536324739456177,-0.04013799503445625,-0.0068197352811694145,0.0005021946271881461,-0.00016350686200894415,0.03,1.255696415901184,-0.07425381988286972,0.34380611777305603,0.04311022907495499,-0.023471403867006302,0.10807231813669205,0.9929305911064148,0,0,0,0,0,0,0,0,0,0,0,0,0,0
0.7618262767791748,-1.0,-0.005625724792480469,-0.01682649552822113,-0.025438964366912842,-0.04537379741668701,-0.008924737572669983,0.0036085217725485563,-0.019703330472111702,-0.02125132828950882,0.03,1.255696415901184,-0.07425381988286972,0.34380611777305603,0.04311022907495499,-0.023471403867006302,0.10807231813669205,0.9929305911064148,0,0,0,0,0,0,0,0,0,0,0,0,0,0
0.7629828453063965,-1.0,-0.0056174397468566895,-0.016841106116771698,-0.025442779064178467,-0.0453605055809021,-0.002440845826640725,-0.011750258505344391,-0.013923801481723785,4.5262117055244744e-05,0.03,1.2556599378585815,-0.07432392984628677,0.3438287079334259,0.043687835335731506,-0.02397899515926838,0.1069154143333435,0.993018388748169,0,0,0,0,0,0,0,0,0,0,0,0,0,0
0.7658424377441406,-1.0,-0.005614101886749268,-0.016826823353767395,-0.025466203689575195,-0.04537522792816162,0.006075210869312286,0.015983449295163155,0.03949642926454544,-0.02715282142162323,0.03,1.2556934356689453,-0.07428330183029175,0.34375762939453125,0.043279048055410385,-0.023554464802145958,0.10976283997297287,0.9927358031272888,0,0,0,0,0,0,0,0,0,0,0,0,0,0
0.7677538394927979,-1.0,-0.005610764026641846,-0.01682785153388977,-0.025466561317443848,-0.04537123441696167,0.004705304279923439,0.01120354887098074,0.03879337012767792,-0.018749887123703957,0.03,1.25566828250885,-0.07434871047735214,0.34374216198921204,0.04376310855150223,-0.02399713359773159,0.10740377753973007,0.9929619431495667,0,0,0,0,0,0,0,0,0,0,0,0,0,0
0.7689177989959717,-1.0,-0.0056220293045043945,-0.01683427393436432,-0.025445163249969482,-0.045372724533081055,-0.011550665833055973,-0.0017462209798395634,-0.01315122377127409,-0.02469262294471264,0.03,1.25566828250885,-0.07434871047735214,0.34374216198921204,0.04376310855150223,-0.02399713359773159,0.10740377753973007,0.9929619431495667,0,0,0,0,0,0,0,0,0,0,0,0,0,0
0.7713651657104492,-1.0,-0.0056220293045043945,-0.01683427393436432,-0.025445163249969482,-0.045372724533081055,-0.011550665833055973,-0.0017462209798395634,-0.01315122377127409,-0.02469262294471264,0.03,1.25566828250885,-0.07434871047735214,0.34374216198921204,0.04376310855150223,-0.02399713359773159,0.10740377753973007,0.9929619431495667,0,0,0,0,0,0,0,0,0,0,0,0,0,0
0.773184061050415,-1.0,-0.0056220293045043945,-0.01683427393436432,-0.025445163249969482,-0.045372724533081055,-0.011550665833055973,-0.0017462209798395634,-0.01315122377127409,-0.02469262294471264,0.03,1.2556999921798706,-0.07426190376281738,0.3437771499156952,0.042903151363134384,-0.02347327396273613,0.10635221749544144,0.9931252002716064,0,0,0,0,0,0,0,0,0,0,0,0,0,0
0.7744081020355225,-1.0,-0.0056220293045043945,-0.01683427393436432,-0.025445163249969482,-0.045372724533081055,-0.011550665833055973,-0.0017462209798395634,-0.01315122377127409,-0.02469262294471264,0.03,1.2556999921798706,-0.07426190376281738,0.3437771499156952,0.042903151363134384,-0.02347327396273613,0.10635221749544144,0.9931252002716064,0,0,0,0,0,0,0,0,0,0,0,0,0,0
0.7755472660064697,-1.0,-0.0056220293045043945,-0.01683427393436432,-0.025445163249969482,-0.045372724533081055,-0.011550665833055973,-0.0017462209798395634,-0.01315122377127409,-0.02469262294471264,0.03,1.2556999921798706,-0.07426190376281738,0.3437771499156952,0.042903151363134384,-0.02347327396273613,0.10635221749544144,0.9931252002716064,0,0,0,0,0,0,0,0,0,0,0,0,0,0
0.776634931564331,-1.0,-0.0056220293045043945,-0.01683427393436432,-0.025445163249969482,-0.045372724533081055,-0.011550665833055973,-0.0017462209798395634,-0.01315122377127409,-0.02469262294471264,0.03,1.2556999921798706,-0.07426190376281738,0.3437771499156952,0.042903151363134384,-0.02347327396273613,0.10635221749544144,0.9931252002716064,0,0,0,0,0,0,0,0,0,0,0,0,0,0
0.7777175903320312,-1.0,-0.0056220293045043945,-0.01683427393436432,-0.025445163249969482,-0.045372724533081055,-0.011550665833055973,-0.0017462209798395634,-0.01315122377127409,-0.02469262294471264,0.03,1.2556999921798706,-0.07426190376281738,0.3437771499156952,0.042903151363134384,-0.02347327396273613,0.10635221749544144,0.9931252002716064,0,0,0,0,0,0,0,0,0,0,0,0,0,0
0.7790303230285645,-1.0,-0.0056220293045043945,-0.01683427393436432,-0.025445163249969482,-0.045372724533081055,-0.011550665833055973,-0.0017462209798395634,-0.01315122377127409,-0.02469262294471264,0.03,1.2556999921798706,-0.07426190376281738,0.3437771499156952,0.042903151363134384,-0.02347327396273613,0.10635221749544144,0.9931252002716064,0,0,0,0,0,0,0,0,0,0,0,0,0,0
0.7802722454071045,-1.0,-0.0056220293045043945,-0.01683427393436432,-0.025445163249969482,-0.045372724533081055,-0.011550665833055973,-0.0017462209798395634,-0.01315122377127409,-0.02469262294471264,0.03,1.2556999921798706,-0.07426190376281738,0.3437771499156952,0.042903151363134384,-0.02347327396273613,0.10635221749544144,0.9931252002716064,0,0,0,0,0,0,0,0,0,0,0,0,0,0
0.7827744483947754,-1.0,-0.0056220293045043945,-0.01683427393436432,-0.025445163249969482,-0.045372724533081055,-0.011550665833055973,-0.0017462209798395634,-0.01315122377127409,-0.02469262294471264,0.03,1.2556999921798706,-0.07426190376281738,0.3437771499156952,0.042903151363134384,-0.02347327396273613,0.10635221749544144,0.9931252002716064,0,0,0,0,0,0,0,0,0,0,0,0,0,0
0.7858457565307617,-1.0,-0.0056220293045043945,-0.01683427393436432,-0.025445163249969482,-0.045372724533081055,-0.011550665833055973,-0.0017462209798395634,-0.01315122377127409,-0.02469262294471264,0.03,1.2556592226028442,-0.0743757113814354,0.34372958540916443,0.043660443276166916,-0.023938270285725594,0.10477986931800842,0.9932482242584229,0,0,0,0,0,0,0,0,0,0,0,0,0,0
0.7871568202972412,-1.0,-0.0056220293045043945,-0.01683427393436432,-0.025445163249969482,-0.045372724533081055,-0.011550665833055973,-0.0017462209798395634,-0.01315122377127409,-0.02469262294471264,0.03,1.2557015419006348,-0.07431486248970032,0.34370511770248413,0.04325052350759506,-0.02355174906551838,0.11012064665555954,0.9926974177360535,0,0,0,0,0,0,0,0,0,0,0,0,0,0
0.7885334491729736,-1.0,-0.0056220293045043945,-0.01683427393436432,-0.025445163249969482,-0.045372724533081055,-0.011550665833055973,-0.0017462209798395634,-0.01315122377127409,-0.02469262294471264,0.03,1.2557015419006348,-0.07431486248970032,0.34370511770248413,0.04325052350759506,-0.02355174906551838,0.11012064665555954,0.9926974177360535,0,0,0,0,0,0,0,0,0,0,0,0,0,0
0.7897870540618896,-1.0,-0.0056220293045043945,-0.01683427393436432,-0.025445163249969482,-0.045372724533081055,-0.011550665833055973,-0.0017462209798395634,-0.01315122377127409,-0.02469262294471264,0.03,1.2557015419006348,-0.07431486248970032,0.34370511770248413,0.04325052350759506,-0.02355174906551838,0.11012064665555954,0.9926974177360535,0,0,0,0,0,0,0,0,0,0,0,0,0,0
0.7927815914154053,-1.0,-0.0056220293045043945,-0.01683427393436432,-0.025445163249969482,-0.045372724533081055,-0.011550665833055973,-0.0017462209798395634,-0.01315122377127409,-0.02469262294471264,0.03,1.2557015419006348,-0.07431486248970032,0.34370511770248413,0.04325052350759506,-0.02355174906551838,0.11012064665555954,0.9926974177360535,0,0,0,0,0,0,0,0,0,0,0,0,0,0
0.7938752174377441,-1.0,-0.0056220293045043945,-0.01683427393436432,-0.025445163249969482,-0.045372724533081055,-0.011550665833055973,-0.0017462209798395634,-0.01315122377127409,-0.02469262294471264,0.03,1.2557015419006348,-0.07431486248970032,0.34370511770248413,0.04325052350759506,-0.02355174906551838,0.11012064665555954,0.9926974177360535,0,0,0,0,0,0,0,0,0,0,0,0,0,0
0.7950289249420166,-1.0,-0.0056220293045043945,-0.01683427393436432,-0.025445163249969482,-0.045372724533081055,-0.011550665833055973,-0.0017462209798395634,-0.01315122377127409,-0.02469262294471264,0.03,1.2557015419006348,-0.07431486248970032,0.34370511770248413,0.04325052350759506,-0.02355174906551838,0.11012064665555954,0.9926974177360535,0,0,0,0,0,0,0,0,0,0,0,0,0,0
0.7963540554046631,-1.0,-0.0056220293045043945,-0.01683427393436432,-0.025445163249969482,-0.045372724533081055,-0.011550665833055973,-0.0017462209798395634,-0.01315122377127409,-0.02469262294471264,0.03,1.2557015419006348,-0.07431486248970032,0.34370511770248413,0.04325052350759506,-0.02355174906551838,0.11012064665555954,0.9926974177360535,0,0,0,0,0,0,0,0,0,0,0,0,0,0
0.7981536388397217,-1.0,-0.0056220293045043945,-0.01683427393436432,-0.025445163249969482,-0.045372724533081055,-0.011550665833055973,-0.0017462209798395634,-0.01315122377127409,-0.02469262294471264,0.03,1.2557015419006348,-0.07431486248970032,0.34370511770248413,0.04325052350759506,-0.02355174906551838,0.11012064665555954,0.9926974177360535,0,0,0,0,0,0,0,0,0,0,0,0,0,0
0.7992827892303467,-1.0,-0.0056220293045043945,-0.01683427393436432,-0.025445163249969482,-0.045372724533081055,-0.011550665833055973,-0.0017462209798395634,-0.01315122377127409,-0.02469262294471264,0.03,1.2557015419006348,-0.07431486248970032,0.34370511770248413,0.04325052350759506,-0.02355174906551838,0.11012064665555954,0.9926974177360535,0,0,0,0,0,0,0,0,0,0,0,0,0,0
0.8005373477935791,-1.0,-0.0056220293045043945,-0.01683427393436432,-0.025445163249969482,-0.045372724533081055,-0.011550665833055973,-0.0017462209798395634,-0.01315122377127409,-0.02469262294471264,0.03,1.2557015419006348,-0.07431486248970032,0.34370511770248413,0.04325052350759506,-0.02355174906551838,0.11012064665555954,0.9926974177360535,0,0,0,0,0,0,0,0,0,0,0,0,0,0
0.8017575740814209,-1.0,-0.0056220293045043945,-0.01683427393436432,-0.025445163249969482,-0.045372724533081055,-0.011550665833055973,-0.0017462209798395634,-0.01315122377127409,-0.02469262294471264,0.03,1.2557015419006348,-0.07431486248970032,0.34370511770248413,0.04325052350759506,-0.02355174906551838,0.11012064665555954,0.9926974177360535,0,0,0,0,0,0,0,0,0,0,0,0,0,0
0.8028490543365479,-1.0,-0.0056220293045043945,-0.01683427393436432,-0.025445163249969482,-0.045372724533081055,-0.011550665833055973,-0.0017462209798395634,-0.01315122377127409,-0.02469262294471264,0.03,1.2557015419006348,-0.07431486248970032,0.34370511770248413,0.04325052350759506,-0.02355174906551838,0.11012064665555954,0.9926974177360535,0,0,0,0,0,0,0,0,0,0,0,0,0,0
0.8053429126739502,-1.0,-0.0056220293045043945,-0.01683427393436432,-0.025445163249969482,-0.045372724533081055,-0.011550665833055973,-0.0017462209798395634,-0.01315122377127409,-0.02469262294471264,0.03,1.2557015419006348,-0.07431486248970032,0.34370511770248413,0.04325052350759506,-0.02355174906551838,0.11012064665555954,0.9926974177360535,0,0,0,0,0,0,0,0,0,0,0,0,0,0
0.8065288066864014,-1.0,-0.0056220293045043945,-0.01683427393436432,-0.025445163249969482,-0.045372724533081055,-0.011550665833055973,-0.0017462209798395634,-0.01315122377127409,-0.02469262294471264,0.03,1.2557015419006348,-0.07431486248970032,0.34370511770248413,0.04325052350759506,-0.02355174906551838,0.11012064665555954,0.9926974177360535,0,0,0,0,0,0,0,0,0,0,0,0,0,0
0.8093316555023193,-1.0,-0.0056220293045043945,-0.01683427393436432,-0.025445163249969482,-0.045372724533081055,-0.011550665833055973,-0.0017462209798395634,-0.01315122377127409,-0.02469262294471264,0.03,1.2557015419006348,-0.07431486248970032,0.34370511770248413,0.04325052350759506,-0.02355174906551838,0.11012064665555954,0.9926974177360535,0,0,0,0,0,0,0,0,0,0,0,0,0,0
0.810732364654541,-1.0,-0.0056220293045043945,-0.01683427393436432,-0.025445163249969482,-0.045372724533081055,-0.011550665833055973,-0.0017462209798395634,-0.01315122377127409,-0.02469262294471264,0.03,1.2557015419006348,-0.07431486248970032,0.34370511770248413,0.04325052350759506,-0.02355174906551838,0.11012064665555954,0.9926974177360535,0,0,0,0,0,0,0,0,0,0,0,0,0,0
0.8120334148406982,-1.0,-0.0056220293045043945,-0.01683427393436432,-0.025445163249969482,-0.045372724533081055,-0.011550665833055973,-0.0017462209798395634,-0.01315122377127409,-0.02469262294471264,0.03,1.2557015419006348,-0.07431486248970032,0.34370511770248413,0.04325052350759506,-0.02355174906551838,0.11012064665555954,0.9926974177360535,0,0,0,0,0,0,0,0,0,0,0,0,0,0
0.8137321472167969,-1.0,-0.0056220293045043945,-0.01683427393436432,-0.025445163249969482,-0.045372724533081055,-0.011550665833055973,-0.0017462209798395634,-0.01315122377127409,-0.02469262294471264,0.03,1.2557015419006348,-0.07431486248970032,0.34370511770248413,0.04325052350759506,-0.02355174906551838,0.11012064665555954,0.9926974177360535,0,0,0,0,0,0,0,0,0,0,0,0,0,0
0.8155016899108887,-1.0,-0.0056220293045043945,-0.01683427393436432,-0.025445163249969482,-0.045372724533081055,-0.011550665833055973,-0.0017462209798395634,-0.01315122377127409,-0.02469262294471264,0.03,1.2557015419006348,-0.07431486248970032,0.34370511770248413,0.04325052350759506,-0.02355174906551838,0.11012064665555954,0.9926974177360535,0,0,0,0,0,0,0,0,0,0,0,0,0,0
0.8165912628173828,-1.0,-0.0056220293045043945,-0.01683427393436432,-0.025445163249969482,-0.045372724533081055,-0.011550665833055973,-0.0017462209798395634,-0.01315122377127409,-0.02469262294471264,0.03,1.2557015419006348,-0.07431486248970032,0.34370511770248413,0.04325052350759506,-0.02355174906551838,0.11012064665555954,0.9926974177360535,0,0,0,0,0,0,0,0,0,0,0,0,0,0
0.8180453777313232,-1.0,-0.0056220293045043945,-0.01683427393436432,-0.025445163249969482,-0.045372724533081055,-0.011550665833055973,-0.0017462209798395634,-0.01315122377127409,-0.02469262294471264,0.03,1.2557015419006348,-0.07431486248970032,0.34370511770248413,0.04325052350759506,-0.02355174906551838,0.11012064665555954,0.9926974177360535,0,0,0,0,0,0,0,0,0,0,0,0,0,0
0.8191442489624023,-1.0,-0.0056220293045043945,-0.01683427393436432,-0.025445163249969482,-0.045372724533081055,-0.011550665833055973,-0.0017462209798395634,-0.01315122377127409,-0.02469262294471264,0.03,1.2557015419006348,-0.07431486248970032,0.34370511770248413,0.04325052350759506,-0.02355174906551838,0.11012064665555954,0.9926974177360535,0,0,0,0,0,0,0,0,0,0,0,0,0,0
0.820624589920044,-1.0,-0.0056220293045043945,-0.01683427393436432,-0.025445163249969482,-0.045372724533081055,-0.011550665833055973,-0.0017462209798395634,-0.01315122377127409,-0.02469262294471264,0.03,1.2557063102722168,-0.07426644116640091,0.34375983476638794,0.04332112520933151,-0.02353624626994133,0.11111660301685333,0.992583692073822,0,0,0,0,0,0,0,0,0,0,0,0,0,0
0.8217151165008545,-1.0,-0.0056220293045043945,-0.01683427393436432,-0.025445163249969482,-0.045372724533081055,-0.011550665833055973,-0.0017462209798395634,-0.01315122377127409,-0.02469262294471264,0.03,1.2557063102722168,-0.07426644116640091,0.34375983476638794,0.04332112520933151,-0.02353624626994133,0.11111660301685333,0.992583692073822,0,0,0,0,0,0,0,0,0,0,0,0,0,0
0.8244562149047852,-1.0,-0.0056220293045043945,-0.01683427393436432,-0.025445163249969482,-0.045372724533081055,-0.011550665833055973,-0.0017462209798395634,-0.01315122377127409,-0.02469262294471264,0.03,1.2557063102722168,-0.07426644116640091,0.34375983476638794,0.04332112520933151,-0.02353624626994133,0.11111660301685333,0.992583692073822,0,0,0,0,0,0,0,0,0,0,0,0,0,0
0.8258156776428223,-1.0,-0.0056220293045043945,-0.01683427393436432,-0.025445163249969482,-0.045372724533081055,-0.011550665833055973,-0.0017462209798395634,-0.01315122377127409,-0.02469262294471264,0.03,1.2557063102722168,-0.07426644116640091,0.34375983476638794,0.04332112520933151,-0.02353624626994133,0.11111660301685333,0.992583692073822,0,0,0,0,0,0,0,0,0,0,0,0,0,0
0.8274698257446289,-1.0,-0.0056220293045043945,-0.01683427393436432,-0.025445163249969482,-0.045372724533081055,-0.011550665833055973,-0.0017462209798395634,-0.01315122377127409,-0.02469262294471264,0.03,1.2557063102722168,-0.07426644116640091,0.34375983476638794,0.04332112520933151,-0.02353624626994133,0.11111660301685333,0.992583692073822,0,0,0,0,0,0,0,0,0,0,0,0,0,0
0.8315393924713135,-1.0,-0.0056220293045043945,-0.01683427393436432,-0.025445163249969482,-0.045372724533081055,-0.011550665833055973,-0.0017462209798395634,-0.01315122377127409,-0.02469262294471264,0.03,1.2557063102722168,-0.07426644116640091,0.34375983476638794,0.04332112520933151,-0.02353624626994133,0.11111660301685333,0.992583692073822,0,0,0,0,0,0,0,0,0,0,0,0,0,0
0.8330256938934326,-1.0,-0.0056220293045043945,-0.01683427393436432,-0.025445163249969482,-0.045372724533081055,-0.011550665833055973,-0.0017462209798395634,-0.01315122377127409,-0.02469262294471264,0.03,1.2557063102722168,-0.07426644116640091,0.34375983476638794,0.04332112520933151,-0.02353624626994133,0.11111660301685333,0.992583692073822,0,0,0,0,0,0,0,0,0,0,0,0,0,0
0.8342611789703369,-1.0,-0.0056220293045043945,-0.01683427393436432,-0.025445163249969482,-0.045372724533081055,-0.011550665833055973,-0.0017462209798395634,-0.01315122377127409,-0.02469262294471264,0.03,1.2557063102722168,-0.07426644116640091,0.34375983476638794,0.04332112520933151,-0.02353624626994133,0.11111660301685333,0.992583692073822,0,0,0,0,0,0,0,0,0,0,0,0,0,0
0.8357961177825928,-1.0,-0.0056220293045043945,-0.01683427393436432,-0.025445163249969482,-0.045372724533081055,-0.011550665833055973,-0.0017462209798395634,-0.01315122377127409,-0.02469262294471264,0.03,1.2557063102722168,-0.07426644116640091,0.34375983476638794,0.04332112520933151,-0.02353624626994133,0.11111660301685333,0.992583692073822,0,0,0,0,0,0,0,0,0,0,0,0,0,0
0.837334394454956,-1.0,-0.0056220293045043945,-0.01683427393436432,-0.025445163249969482,-0.045372724533081055,-0.011550665833055973,-0.0017462209798395634,-0.01315122377127409,-0.02469262294471264,0.03,1.2557063102722168,-0.07426644116640091,0.34375983476638794,0.04332112520933151,-0.02353624626994133,0.11111660301685333,0.992583692073822,0,0,0,0,0,0,0,0,0,0,0,0,0,0
0.8395912647247314,-1.0,-0.0056220293045043945,-0.01683427393436432,-0.025445163249969482,-0.045372724533081055,-0.011550665833055973,-0.0017462209798395634,-0.01315122377127409,-0.02469262294471264,0.03,1.2557063102722168,-0.07426644116640091,0.34375983476638794,0.04332112520933151,-0.02353624626994133,0.11111660301685333,0.992583692073822,0,0,0,0,0,0,0,0,0,0,0,0,0,0
0.8410742282867432,-1.0,-0.0056220293045043945,-0.01683427393436432,-0.025445163249969482,-0.045372724533081055,-0.011550665833055973,-0.0017462209798395634,-0.01315122377127409,-0.02469262294471264,0.03,1.2557063102722168,-0.07426644116640091,0.34375983476638794,0.04332112520933151,-0.02353624626994133,0.11111660301685333,0.992583692073822,0,0,0,0,0,0,0,0,0,0,0,0,0,0
0.8424234390258789,-1.0,-0.0056220293045043945,-0.01683427393436432,-0.025445163249969482,-0.045372724533081055,-0.011550665833055973,-0.0017462209798395634,-0.01315122377127409,-0.02469262294471264,0.03,1.255665898323059,-0.0743945837020874,0.34370920062065125,0.04343177750706673,-0.023916035890579224,0.10307056456804276,0.9934375286102295,0,0,0,0,0,0,0,0,0,0,0,0,0,0
0.8437438011169434,-1.0,-0.0056220293045043945,-0.01683427393436432,-0.025445163249969482,-0.045372724533081055,-0.011550665833055973,-0.0017462209798395634,-0.01315122377127409,-0.02469262294471264,0.03,1.255665898323059,-0.0743945837020874,0.34370920062065125,0.04343177750706673,-0.023916035890579224,0.10307056456804276,0.9934375286102295,0,0,0,0,0,0,0,0,0,0,0,0,0,0
0.8450541496276855,-1.0,-0.0056220293045043945,-0.01683427393436432,-0.025445163249969482,-0.045372724533081055,-0.011550665833055973,-0.0017462209798395634,-0.01315122377127409,-0.02469262294471264,0.03,1.255665898323059,-0.0743945837020874,0.34370920062065125,0.04343177750706673,-0.023916035890579224,0.10307056456804276,0.9934375286102295,0,0,0,0,0,0,0,0,0,0,0,0,0,0
0.8468194007873535,-1.0,-0.0056220293045043945,-0.01683427393436432,-0.025445163249969482,-0.045372724533081055,-0.011550665833055973,-0.0017462209798395634,-0.01315122377127409,-0.02469262294471264,0.03,1.255665898323059,-0.0743945837020874,0.34370920062065125,0.04343177750706673,-0.023916035890579224,0.10307056456804276,0.9934375286102295,0,0,0,0,0,0,0,0,0,0,0,0,0,0
0.8485569953918457,-1.0,-0.0056220293045043945,-0.01683427393436432,-0.025445163249969482,-0.045372724533081055,-0.011550665833055973,-0.0017462209798395634,-0.01315122377127409,-0.02469262294471264,0.03,1.255665898323059,-0.0743945837020874,0.34370920062065125,0.04343177750706673,-0.023916035890579224,0.10307056456804276,0.9934375286102295,0,0,0,0,0,0,0,0,0,0,0,0,0,0
0.8497257232666016,-1.0,-0.0056220293045043945,-0.01683427393436432,-0.025445163249969482,-0.045372724533081055,-0.011550665833055973,-0.0017462209798395634,-0.01315122377127409,-0.02469262294471264,0.03,1.255665898323059,-0.0743945837020874,0.34370920062065125,0.04343177750706673,-0.023916035890579224,0.10307056456804276,0.9934375286102295,0,0,0,0,0,0,0,0,0,0,0,0,0,0
0.850898027420044,-1.0,-0.0056220293045043945,-0.01683427393436432,-0.025445163249969482,-0.045372724533081055,-0.011550665833055973,-0.0017462209798395634,-0.01315122377127409,-0.02469262294471264,0.03,1.255665898323059,-0.0743945837020874,0.34370920062065125,0.04343177750706673,-0.023916035890579224,0.10307056456804276,0.9934375286102295,0,0,0,0,0,0,0,0,0,0,0,0,0,0
0.8519895076751709,-1.0,-0.0056220293045043945,-0.01683427393436432,-0.025445163249969482,-0.045372724533081055,-0.011550665833055973,-0.0017462209798395634,-0.01315122377127409,-0.02469262294471264,0.03,1.255669116973877,-0.07432766258716583,0.3438076078891754,0.04354669898748398,-0.02392389252781868,0.10501639544963837,0.9932286143302917,0,0,0,0,0,0,0,0,0,0,0,0,0,0
0.8532235622406006,-1.0,-0.0056220293045043945,-0.01683427393436432,-0.025445163249969482,-0.045372724533081055,-0.011550665833055973,-0.0017462209798395634,-0.01315122377127409,-0.02469262294471264,0.03,1.255669116973877,-0.07432766258716583,0.3438076078891754,0.04354669898748398,-0.02392389252781868,0.10501639544963837,0.9932286143302917,0,0,0,0,0,0,0,0,0,0,0,0,0,0
0.8543577194213867,-1.0,-0.0056220293045043945,-0.01683427393436432,-0.025445163249969482,-0.045372724533081055,-0.011550665833055973,-0.0017462209798395634,-0.01315122377127409,-0.02469262294471264,0.03,1.255669116973877,-0.07432766258716583,0.3438076078891754,0.04354669898748398,-0.02392389252781868,0.10501639544963837,0.9932286143302917,0,0,0,0,0,0,0,0,0,0,0,0,0,0
0.8554446697235107,-1.0,-0.0056220293045043945,-0.01683427393436432,-0.025445163249969482,-0.045372724533081055,-0.011550665833055973,-0.0017462209798395634,-0.01315122377127409,-0.02469262294471264,0.03,1.255669116973877,-0.07432766258716583,0.3438076078891754,0.04354669898748398,-0.02392389252781868,0.10501639544963837,0.9932286143302917,0,0,0,0,0,0,0,0,0,0,0,0,0,0
0.8569259643554688,-1.0,-0.0056220293045043945,-0.01683427393436432,-0.025445163249969482,-0.045372724533081055,-0.011550665833055973,-0.0017462209798395634,-0.01315122377127409,-0.02469262294471264,0.03,1.255669116973877,-0.07432766258716583,0.3438076078891754,0.04354669898748398,-0.02392389252781868,0.10501639544963837,0.9932286143302917,0,0,0,0,0,0,0,0,0,0,0,0,0,0
0.8583927154541016,-1.0,-0.0056220293045043945,-0.01683427393436432,-0.025445163249969482,-0.045372724533081055,-0.011550665833055973,-0.0017462209798395634,-0.01315122377127409,-0.02469262294471264,0.03,1.255669116973877,-0.07432766258716583,0.3438076078891754,0.04354669898748398,-0.02392389252781868,0.10501639544963837,0.9932286143302917,0,0,0,0,0,0,0,0,0,0,0,0,0,0
0.8595757484436035,-1.0,-0.0056220293045043945,-0.01683427393436432,-0.025445163249969482,-0.045372724533081055,-0.011550665833055973,-0.0017462209798395634,-0.01315122377127409,-0.02469262294471264,0.03,1.255669116973877,-0.07432766258716583,0.3438076078891754,0.04354669898748398,-0.02392389252781868,0.10501639544963837,0.9932286143302917,0,0,0,0,0,0,0,0,0,0,0,0,0,0
0.861771821975708,-1.0,-0.0056220293045043945,-0.01683427393436432,-0.025445163249969482,-0.045372724533081055,-0.011550665833055973,-0.0017462209798395634,-0.01315122377127409,-0.02469262294471264,0.03,1.255669116973877,-0.07432766258716583,0.3438076078891754,0.04354669898748398,-0.02392389252781868,0.10501639544963837,0.9932286143302917,0,0,0,0,0,0,0,0,0,0,0,0,0,0
0.8629617691040039,-1.0,-0.0056220293045043945,-0.01683427393436432,-0.025445163249969482,-0.045372724533081055,-0.011550665833055973,-0.0017462209798395634,-0.01315122377127409,-0.02469262294471264,0.03,1.255669116973877,-0.07432766258716583,0.3438076078891754,0.04354669898748398,-0.02392389252781868,0.10501639544963837,0.9932286143302917,0,0,0,0,0,0,0,0,0,0,0,0,0,0
0.8640329837799072,-1.0,-0.0056220293045043945,-0.01683427393436432,-0.025445163249969482,-0.045372724533081055,-0.011550665833055973,-0.0017462209798395634,-0.01315122377127409,-0.02469262294471264,0.03,1.255669116973877,-0.07432766258716583,0.3438076078891754,0.04354669898748398,-0.02392389252781868,0.10501639544963837,0.9932286143302917,0,0,0,0,0,0,0,0,0,0,0,0,0,0
0.8652801513671875,-1.0,-0.0056220293045043945,-0.01683427393436432,-0.025445163249969482,-0.045372724533081055,-0.011550665833055973,-0.0017462209798395634,-0.01315122377127409,-0.02469262294471264,0.03,1.255669116973877,-0.07432766258716583,0.3438076078891754,0.04354669898748398,-0.02392389252781868,0.10501639544963837,0.9932286143302917,0,0,0,0,0,0,0,0,0,0,0,0,0,0
0.8664467334747314,-1.0,-0.0056220293045043945,-0.01683427393436432,-0.025445163249969482,-0.045372724533081055,-0.011550665833055973,-0.0017462209798395634,-0.01315122377127409,-0.02469262294471264,0.03,1.255669116973877,-0.07432766258716583,0.3438076078891754,0.04354669898748398,-0.02392389252781868,0.10501639544963837,0.9932286143302917,0,0,0,0,0,0,0,0,0,0,0,0,0,0
0.8681235313415527,-1.0,-0.0056220293045043945,-0.01683427393436432,-0.025445163249969482,-0.045372724533081055,-0.011550665833055973,-0.0017462209798395634,-0.01315122377127409,-0.02469262294471264,0.03,1.255669116973877,-0.07432766258716583,0.3438076078891754,0.04354669898748398,-0.02392389252781868,0.10501639544963837,0.9932286143302917,0,0,0,0,0,0,0,0,0,0,0,0,0,0
0.8693413734436035,-1.0,-0.0056220293045043945,-0.01683427393436432,-0.025445163249969482,-0.045372724533081055,-0.011550665833055973,-0.0017462209798395634,-0.01315122377127409,-0.02469262294471264,0.03,1.255669116973877,-0.07432766258716583,0.3438076078891754,0.04354669898748398,-0.02392389252781868,0.10501639544963837,0.9932286143302917,0,0,0,0,0,0,0,0,0,0,0,0,0,0
0.8704826831817627,-1.0,-0.0056220293045043945,-0.01683427393436432,-0.025445163249969482,-0.045372724533081055,-0.011550665833055973,-0.0017462209798395634,-0.01315122377127409,-0.02469262294471264,0.03,1.255669116973877,-0.07432766258716583,0.3438076078891754,0.04354669898748398,-0.02392389252781868,0.10501639544963837,0.9932286143302917,0,0,0,0,0,0,0,0,0,0,0,0,0,0
0.8718345165252686,-1.0,-0.0056220293045043945,-0.01683427393436432,-0.025445163249969482,-0.045372724533081055,-0.011550665833055973,-0.0017462209798395634,-0.01315122377127409,-0.02469262294471264,0.03,1.255669116973877,-0.07432766258716583,0.3438076078891754,0.04354669898748398,-0.02392389252781868,0.10501639544963837,0.9932286143302917,0,0,0,0,0,0,0,0,0,0,0,0,0,0
0.8732271194458008,-1.0,-0.0056220293045043945,-0.01683427393436432,-0.025445163249969482,-0.045372724533081055,-0.011550665833055973,-0.0017462209798395634,-0.01315122377127409,-0.02469262294471264,0.03,1.2556709051132202,-0.07441943138837814,0.34369656443595886,0.0433991365134716,-0.02392834983766079,0.10235004872083664,0.9935131669044495,0,0,0,0,0,0,0,0,0,0,0,0,0,0
0.87445068359375,-1.0,-0.0056220293045043945,-0.01683427393436432,-0.025445163249969482,-0.045372724533081055,-0.011550665833055973,-0.0017462209798395634,-0.01315122377127409,-0.02469262294471264,0.03,1.2556709051132202,-0.07441943138837814,0.34369656443595886,0.0433991365134716,-0.02392834983766079,0.10235004872083664,0.9935131669044495,0,0,0,0,0,0,0,0,0,0,0,0,0,0
0.8756957054138184,-1.0,-0.0056220293045043945,-0.01683427393436432,-0.025445163249969482,-0.045372724533081055,-0.011550665833055973,-0.0017462209798395634,-0.01315122377127409,-0.02469262294471264,0.03,1.2556709051132202,-0.07441943138837814,0.34369656443595886,0.0433991365134716,-0.02392834983766079,0.10235004872083664,0.9935131669044495,0,0,0,0,0,0,0,0,0,0,0,0,0,0
0.87685227394104,-1.0,-0.0056220293045043945,-0.01683427393436432,-0.025445163249969482,-0.045372724533081055,-0.011550665833055973,-0.0017462209798395634,-0.01315122377127409,-0.02469262294471264,0.03,1.2556709051132202,-0.07441943138837814,0.34369656443595886,0.0433991365134716,-0.02392834983766079,0.10235004872083664,0.9935131669044495,0,0,0,0,0,0,0,0,0,0,0,0,0,0
0.878021240234375,-1.0,-0.0056220293045043945,-0.01683427393436432,-0.025445163249969482,-0.045372724533081055,-0.011550665833055973,-0.0017462209798395634,-0.01315122377127409,-0.02469262294471264,0.03,1.2556709051132202,-0.07441943138837814,0.34369656443595886,0.0433991365134716,-0.02392834983766079,0.10235004872083664,0.9935131669044495,0,0,0,0,0,0,0,0,0,0,0,0,0,0
0.8791134357452393,-1.0,-0.0056220293045043945,-0.01683427393436432,-0.025445163249969482,-0.045372724533081055,-0.011550665833055973,-0.0017462209798395634,-0.01315122377127409,-0.02469262294471264,0.03,1.2556709051132202,-0.07441943138837814,0.34369656443595886,0.0433991365134716,-0.02392834983766079,0.10235004872083664,0.9935131669044495,0,0,0,0,0,0,0,0,0,0,0,0,0,0
0.8802659511566162,-1.0,-0.0056220293045043945,-0.01683427393436432,-0.025445163249969482,-0.045372724533081055,-0.011550665833055973,-0.0017462209798395634,-0.01315122377127409,-0.02469262294471264,0.03,1.2556709051132202,-0.07441943138837814,0.34369656443595886,0.0433991365134716,-0.02392834983766079,0.10235004872083664,0.9935131669044495,0,0,0,0,0,0,0,0,0,0,0,0,0,0
0.8819644451141357,-1.0,-0.0056220293045043945,-0.01683427393436432,-0.025445163249969482,-0.045372724533081055,-0.011550665833055973,-0.0017462209798395634,-0.01315122377127409,-0.02469262294471264,0.03,1.2556709051132202,-0.07441943138837814,0.34369656443595886,0.0433991365134716,-0.02392834983766079,0.10235004872083664,0.9935131669044495,0,0,0,0,0,0,0,0,0,0,0,0,0,0
0.8845202922821045,-1.0,-0.0056220293045043945,-0.01683427393436432,-0.025445163249969482,-0.045372724533081055,-0.011550665833055973,-0.0017462209798395634,-0.01315122377127409,-0.02469262294471264,0.03,1.2556709051132202,-0.07441943138837814,0.34369656443595886,0.0433991365134716,-0.02392834983766079,0.10235004872083664,0.9935131669044495,0,0,0,0,0,0,0,0,0,0,0,0,0,0
0.8856172561645508,-1.0,-0.0056220293045043945,-0.01683427393436432,-0.025445163249969482,-0.045372724533081055,-0.011550665833055973,-0.0017462209798395634,-0.01315122377127409,-0.02469262294471264,0.03,1.2556709051132202,-0.07441943138837814,0.34369656443595886,0.0433991365134716,-0.02392834983766079,0.10235004872083664,0.9935131669044495,0,0,0,0,0,0,0,0,0,0,0,0,0,0
0.8868281841278076,-1.0,-0.0056220293045043945,-0.01683427393436432,-0.025445163249969482,-0.045372724533081055,-0.011550665833055973,-0.0017462209798395634,-0.01315122377127409,-0.02469262294471264,0.03,1.2556709051132202,-0.07441943138837814,0.34369656443595886,0.0433991365134716,-0.02392834983766079,0.10235004872083664,0.9935131669044495,0,0,0,0,0,0,0,0,0,0,0,0,0,0
0.8881683349609375,-1.0,-0.0056220293045043945,-0.01683427393436432,-0.025445163249969482,-0.045372724533081055,-0.011550665833055973,-0.0017462209798395634,-0.01315122377127409,-0.02469262294471264,0.03,1.2557069063186646,-0.07423162460327148,0.3438189625740051,0.04326688125729561,-0.023511482402682304,0.11040347069501877,0.9926663041114807,0,0,0,0,0,0,0,0,0,0,0,0,0,0
0.889493465423584,-1.0,-0.0056220293045043945,-0.01683427393436432,-0.025445163249969482,-0.045372724533081055,-0.011550665833055973,-0.0017462209798395634,-0.01315122377127409,-0.02469262294471264,0.03,1.2557069063186646,-0.07423162460327148,0.3438189625740051,0.04326688125729561,-0.023511482402682304,0.11040347069501877,0.9926663041114807,0,0,0,0,0,0,0,0,0,0,0,0,0,0
0.8907303810119629,-1.0,-0.0056220293045043945,-0.01683427393436432,-0.025445163249969482,-0.045372724533081055,-0.011550665833055973,-0.0017462209798395634,-0.01315122377127409,-0.02469262294471264,0.03,1.2557069063186646,-0.07423162460327148,0.3438189625740051,0.04326688125729561,-0.023511482402682304,0.11040347069501877,0.9926663041114807,0,0,0,0,0,0,0,0,0,0,0,0,0,0
0.8929290771484375,-1.0,-0.0056220293045043945,-0.01683427393436432,-0.025445163249969482,-0.045372724533081055,-0.011550665833055973,-0.0017462209798395634,-0.01315122377127409,-0.02469262294471264,0.03,1.2557069063186646,-0.07423162460327148,0.3438189625740051,0.04326688125729561,-0.023511482402682304,0.11040347069501877,0.9926663041114807,0,0,0,0,0,0,0,0,0,0,0,0,0,0
0.8940761089324951,-1.0,-0.0056220293045043945,-0.01683427393436432,-0.025445163249969482,-0.045372724533081055,-0.011550665833055973,-0.0017462209798395634,-0.01315122377127409,-0.02469262294471264,0.03,1.2557069063186646,-0.07423162460327148,0.3438189625740051,0.04326688125729561,-0.023511482402682304,0.11040347069501877,0.9926663041114807,0,0,0,0,0,0,0,0,0,0,0,0,0,0
0.8955447673797607,-1.0,-0.0056220293045043945,-0.01683427393436432,-0.025445163249969482,-0.045372724533081055,-0.011550665833055973,-0.0017462209798395634,-0.01315122377127409,-0.02469262294471264,0.03,1.2557079792022705,-0.07425510138273239,0.343792200088501,0.043378788977861404,-0.023487623780965805,0.11137054860591888,0.9925538897514343,0,0,0,0,0,0,0,0,0,0,0,0,0,0
0.8980638980865479,-1.0,-0.0056220293045043945,-0.01683427393436432,-0.025445163249969482,-0.045372724533081055,-0.011550665833055973,-0.0017462209798395634,-0.01315122377127409,-0.02469262294471264,0.03,1.2557079792022705,-0.07425510138273239,0.343792200088501,0.043378788977861404,-0.023487623780965805,0.11137054860591888,0.9925538897514343,0,0,0,0,0,0,0,0,0,0,0,0,0,0
0.8994016647338867,-1.0,-0.0056220293045043945,-0.01683427393436432,-0.025445163249969482,-0.045372724533081055,-0.011550665833055973,-0.0017462209798395634,-0.01315122377127409,-0.02469262294471264,0.03,1.2557079792022705,-0.07425510138273239,0.343792200088501,0.043378788977861404,-0.023487623780965805,0.11137054860591888,0.9925538897514343,0,0,0,0,0,0,0,0,0,0,0,0,0,0
0.9014294147491455,-1.0,-0.0056220293045043945,-0.01683427393436432,-0.025445163249969482,-0.045372724533081055,-0.011550665833055973,-0.0017462209798395634,-0.01315122377127409,-0.02469262294471264,0.03,1.2557079792022705,-0.07425510138273239,0.343792200088501,0.043378788977861404,-0.023487623780965805,0.11137054860591888,0.9925538897514343,0,0,0,0,0,0,0,0,0,0,0,0,0,0
0.9036314487457275,-1.0,-0.0056220293045043945,-0.01683427393436432,-0.025445163249969482,-0.045372724533081055,-0.011550665833055973,-0.0017462209798395634,-0.01315122377127409,-0.02469262294471264,0.03,1.2557079792022705,-0.07425510138273239,0.343792200088501,0.043378788977861404,-0.023487623780965805,0.11137054860591888,0.9925538897514343,0,0,0,0,0,0,0,0,0,0,0,0,0,0
0.9048335552215576,-1.0,-0.0056220293045043945,-0.01683427393436432,-0.025445163249969482,-0.045372724533081055,-0.011550665833055973,-0.0017462209798395634,-0.01315122377127409,-0.02469262294471264,0.03,1.2557079792022705,-0.07425510138273239,0.343792200088501,0.043378788977861404,-0.023487623780965805,0.11137054860591888,0.9925538897514343,0,0,0,0,0,0,0,0,0,0,0,0,0,0
0.9063286781311035,-1.0,-0.0056220293045043945,-0.01683427393436432,-0.025445163249969482,-0.045372724533081055,-0.011550665833055973,-0.0017462209798395634,-0.01315122377127409,-0.02469262294471264,0.03,1.2557079792022705,-0.07425510138273239,0.343792200088501,0.043378788977861404,-0.023487623780965805,0.11137054860591888,0.9925538897514343,0,0,0,0,0,0,0,0,0,0,0,0,0,0
0.9111859798431396,-1.0,-0.0056220293045043945,-0.01683427393436432,-0.025445163249969482,-0.045372724533081055,-0.011550665833055973,-0.0017462209798395634,-0.01315122377127409,-0.02469262294471264,0.03,1.2556735277175903,-0.07437676936388016,0.3437063992023468,0.04372667521238327,-0.024028928950428963,0.10801739245653152,0.9928962588310242,0,0,0,0,0,0,0,0,0,0,0,0,0,0
0.9128754138946533,-1.0,-0.0056220293045043945,-0.01683427393436432,-0.025445163249969482,-0.045372724533081055,-0.011550665833055973,-0.0017462209798395634,-0.01315122377127409,-0.02469262294471264,0.03,1.2556735277175903,-0.07437676936388016,0.3437063992023468,0.04372667521238327,-0.024028928950428963,0.10801739245653152,0.9928962588310242,0,0,0,0,0,0,0,0,0,0,0,0,0,0
0.9139702320098877,-1.0,-0.0056220293045043945,-0.01683427393436432,-0.025445163249969482,-0.045372724533081055,-0.011550665833055973,-0.0017462209798395634,-0.01315122377127409,-0.02469262294471264,0.03,1.2556735277175903,-0.07437676936388016,0.3437063992023468,0.04372667521238327,-0.024028928950428963,0.10801739245653152,0.9928962588310242,0,0,0,0,0,0,0,0,0,0,0,0,0,0
0.9154138565063477,-1.0,-0.0056220293045043945,-0.01683427393436432,-0.025445163249969482,-0.045372724533081055,-0.011550665833055973,-0.0017462209798395634,-0.01315122377127409,-0.02469262294471264,0.03,1.2556735277175903,-0.07437676936388016,0.3437063992023468,0.04372667521238327,-0.024028928950428963,0.10801739245653152,0.9928962588310242,0,0,0,0,0,0,0,0,0,0,0,0,0,0
0.9167423248291016,-1.0,-0.0056220293045043945,-0.01683427393436432,-0.025445163249969482,-0.045372724533081055,-0.011550665833055973,-0.0017462209798395634,-0.01315122377127409,-0.02469262294471264,0.03,1.2556735277175903,-0.07437676936388016,0.3437063992023468,0.04372667521238327,-0.024028928950428963,0.10801739245653152,0.9928962588310242,0,0,0,0,0,0,0,0,0,0,0,0,0,0
0.918210506439209,-1.0,-0.0056220293045043945,-0.01683427393436432,-0.025445163249969482,-0.045372724533081055,-0.011550665833055973,-0.0017462209798395634,-0.01315122377127409,-0.02469262294471264,0.03,1.2556735277175903,-0.07437676936388016,0.3437063992023468,0.04372667521238327,-0.024028928950428963,0.10801739245653152,0.9928962588310242,0,0,0,0,0,0,0,0,0,0,0,0,0,0
0.9193663597106934,-1.0,-0.0056220293045043945,-0.01683427393436432,-0.025445163249969482,-0.045372724533081055,-0.011550665833055973,-0.0017462209798395634,-0.01315122377127409,-0.02469262294471264,0.03,1.2556735277175903,-0.07437676936388016,0.3437063992023468,0.04372667521238327,-0.024028928950428963,0.10801739245653152,0.9928962588310242,0,0,0,0,0,0,0,0,0,0,0,0,0,0
0.9204621315002441,-1.0,-0.005616962909698486,-0.016826972365379333,-0.025448620319366455,-0.0453607439994812,-0.006801313254982233,0.011629503220319748,-0.005840068683028221,-0.0007179480162449181,0.03,1.2556735277175903,-0.07437676936388016,0.3437063992023468,0.04372667521238327,-0.024028928950428963,0.10801739245653152,0.9928962588310242,0,0,0,0,0,0,0,0,0,0,0,0,0,0
0.9218075275421143,-1.0,-0.005641758441925049,-0.016827188432216644,-0.02544581890106201,-0.04536426067352295,-0.05922732502222061,0.01208815723657608,-0.005194884724915028,-0.0005424446426331997,0.03,1.2556639909744263,-0.07438939064741135,0.343717485666275,0.04342305287718773,-0.023941151797771454,0.10260149091482162,0.9934858679771423,0,0,0,0,0,0,0,0,0,0,0,0,0,0
0.9234039783477783,-1.0,-0.005641758441925049,-0.016827188432216644,-0.02544581890106201,-0.04536426067352295,-0.05922732502222061,0.01208815723657608,-0.005194884724915028,-0.0005424446426331997,0.03,1.2556639909744263,-0.07438939064741135,0.343717485666275,0.04342305287718773,-0.023941151797771454,0.10260149091482162,0.9934858679771423,0,0,0,0,0,0,0,0,0,0,0,0,0,0
0.9246833324432373,-1.0,-0.005641758441925049,-0.016827188432216644,-0.02544581890106201,-0.04536426067352295,-0.05922732502222061,0.01208815723657608,-0.005194884724915028,-0.0005424446426331997,0.03,1.2556639909744263,-0.07438939064741135,0.343717485666275,0.04342305287718773,-0.023941151797771454,0.10260149091482162,0.9934858679771423,0,0,0,0,0,0,0,0,0,0,0,0,0,0
0.9258556365966797,-1.0,-0.005641758441925049,-0.016827188432216644,-0.02544581890106201,-0.04536426067352295,-0.05922732502222061,0.01208815723657608,-0.005194884724915028,-0.0005424446426331997,0.03,1.2556639909744263,-0.07438939064741135,0.343717485666275,0.04342305287718773,-0.023941151797771454,0.10260149091482162,0.9934858679771423,0,0,0,0,0,0,0,0,0,0,0,0,0,0
0.9270608425140381,-1.0,-0.005641758441925049,-0.016827188432216644,-0.02544581890106201,-0.04536426067352295,-0.05922732502222061,0.01208815723657608,-0.005194884724915028,-0.0005424446426331997,0.03,1.2556639909744263,-0.07438939064741135,0.343717485666275,0.04342305287718773,-0.023941151797771454,0.10260149091482162,0.9934858679771423,0,0,0,0,0,0,0,0,0,0,0,0,0,0
0.9281463623046875,-1.0,-0.005641758441925049,-0.016827188432216644,-0.02544581890106201,-0.04536426067352295,-0.05922732502222061,0.01208815723657608,-0.005194884724915028,-0.0005424446426331997,0.03,1.2556639909744263,-0.07438939064741135,0.343717485666275,0.04342305287718773,-0.023941151797771454,0.10260149091482162,0.9934858679771423,0,0,0,0,0,0,0,0,0,0,0,0,0,0
0.9294164180755615,-1.0,-0.005641758441925049,-0.016827188432216644,-0.02544581890106201,-0.04536426067352295,-0.05922732502222061,0.01208815723657608,-0.005194884724915028,-0.0005424446426331997,0.03,1.2556639909744263,-0.07438939064741135,0.343717485666275,0.04342305287718773,-0.023941151797771454,0.10260149091482162,0.9934858679771423,0,0,0,0,0,0,0,0,0,0,0,0,0,0
0.9305620193481445,-1.0,-0.005641758441925049,-0.016827188432216644,-0.02544581890106201,-0.04536426067352295,-0.05922732502222061,0.01208815723657608,-0.005194884724915028,-0.0005424446426331997,0.03,1.2556639909744263,-0.07438939064741135,0.343717485666275,0.04342305287718773,-0.023941151797771454,0.10260149091482162,0.9934858679771423,0,0,0,0,0,0,0,0,0,0,0,0,0,0
0.9321849346160889,-1.0,-0.005641758441925049,-0.016827188432216644,-0.02544581890106201,-0.04536426067352295,-0.05922732502222061,0.01208815723657608,-0.005194884724915028,-0.0005424446426331997,0.03,1.2556639909744263,-0.07438939064741135,0.343717485666275,0.04342305287718773,-0.023941151797771454,0.10260149091482162,0.9934858679771423,0,0,0,0,0,0,0,0,0,0,0,0,0,0
0.9334285259246826,-1.0,-0.005641758441925049,-0.016827188432216644,-0.02544581890106201,-0.04536426067352295,-0.05922732502222061,0.01208815723657608,-0.005194884724915028,-0.0005424446426331997,0.03,1.2556639909744263,-0.07438939064741135,0.343717485666275,0.04342305287718773,-0.023941151797771454,0.10260149091482162,0.9934858679771423,0,0,0,0,0,0,0,0,0,0,0,0,0,0
0.9359612464904785,-1.0,-0.005641758441925049,-0.016827188432216644,-0.02544581890106201,-0.04536426067352295,-0.05922732502222061,0.01208815723657608,-0.005194884724915028,-0.0005424446426331997,0.03,1.2556639909744263,-0.07438939064741135,0.343717485666275,0.04342305287718773,-0.023941151797771454,0.10260149091482162,0.9934858679771423,0,0,0,0,0,0,0,0,0,0,0,0,0,0
0.9374163150787354,-1.0,-0.005641758441925049,-0.016827188432216644,-0.02544581890106201,-0.04536426067352295,-0.05922732502222061,0.01208815723657608,-0.005194884724915028,-0.0005424446426331997,0.03,1.2556639909744263,-0.07438939064741135,0.343717485666275,0.04342305287718773,-0.023941151797771454,0.10260149091482162,0.9934858679771423,0,0,0,0,0,0,0,0,0,0,0,0,0,0
0.9387292861938477,-1.0,-0.005641758441925049,-0.016827188432216644,-0.02544581890106201,-0.04536426067352295,-0.05922732502222061,0.01208815723657608,-0.005194884724915028,-0.0005424446426331997,0.03,1.2556639909744263,-0.07438939064741135,0.343717485666275,0.04342305287718773,-0.023941151797771454,0.10260149091482162,0.9934858679771423,0,0,0,0,0,0,0,0,0,0,0,0,0,0
0.9407110214233398,-1.0,-0.005641758441925049,-0.016827188432216644,-0.02544581890106201,-0.04536426067352295,-0.05922732502222061,0.01208815723657608,-0.005194884724915028,-0.0005424446426331997,0.03,1.2556639909744263,-0.07438939064741135,0.343717485666275,0.04342305287718773,-0.023941151797771454,0.10260149091482162,0.9934858679771423,0,0,0,0,0,0,0,0,0,0,0,0,0,0
0.9427275657653809,-1.0,-0.005641758441925049,-0.016827188432216644,-0.02544581890106201,-0.04536426067352295,-0.05922732502222061,0.01208815723657608,-0.005194884724915028,-0.0005424446426331997,0.03,1.2556639909744263,-0.07438939064741135,0.343717485666275,0.04342305287718773,-0.023941151797771454,0.10260149091482162,0.9934858679771423,0,0,0,0,0,0,0,0,0,0,0,0,0,0
0.9438018798828125,-1.0,-0.005641758441925049,-0.016827188432216644,-0.02544581890106201,-0.04536426067352295,-0.05922732502222061,0.01208815723657608,-0.005194884724915028,-0.0005424446426331997,0.03,1.2556639909744263,-0.07438939064741135,0.343717485666275,0.04342305287718773,-0.023941151797771454,0.10260149091482162,0.9934858679771423,0,0,0,0,0,0,0,0,0,0,0,0,0,0
0.945101261138916,-1.0,-0.005641758441925049,-0.016827188432216644,-0.02544581890106201,-0.04536426067352295,-0.05922732502222061,0.01208815723657608,-0.005194884724915028,-0.0005424446426331997,0.03,1.2556639909744263,-0.07438939064741135,0.343717485666275,0.04342305287718773,-0.023941151797771454,0.10260149091482162,0.9934858679771423,0,0,0,0,0,0,0,0,0,0,0,0,0,0
0.9467458724975586,-1.0,-0.005641758441925049,-0.016827188432216644,-0.02544581890106201,-0.04536426067352295,-0.05922732502222061,0.01208815723657608,-0.005194884724915028,-0.0005424446426331997,0.03,1.2556639909744263,-0.07438939064741135,0.343717485666275,0.04342305287718773,-0.023941151797771454,0.10260149091482162,0.9934858679771423,0,0,0,0,0,0,0,0,0,0,0,0,0,0
0.9478964805603027,-1.0,-0.005641758441925049,-0.016827188432216644,-0.02544581890106201,-0.04536426067352295,-0.05922732502222061,0.01208815723657608,-0.005194884724915028,-0.0005424446426331997,0.03,1.2556639909744263,-0.07438939064741135,0.343717485666275,0.04342305287718773,-0.023941151797771454,0.10260149091482162,0.9934858679771423,0,0,0,0,0,0,0,0,0,0,0,0,0,0
0.9490985870361328,-1.0,-0.005641758441925049,-0.016827188432216644,-0.02544581890106201,-0.04536426067352295,-0.05922732502222061,0.01208815723657608,-0.005194884724915028,-0.0005424446426331997,0.03,1.2556639909744263,-0.07438939064741135,0.343717485666275,0.04342305287718773,-0.023941151797771454,0.10260149091482162,0.9934858679771423,0,0,0,0,0,0,0,0,0,0,0,0,0,0
0.9501879215240479,-1.0,-0.005641758441925049,-0.016827188432216644,-0.02544581890106201,-0.04536426067352295,-0.05922732502222061,0.01208815723657608,-0.005194884724915028,-0.0005424446426331997,0.03,1.2556639909744263,-0.07438939064741135,0.343717485666275,0.04342305287718773,-0.023941151797771454,0.10260149091482162,0.9934858679771423,0,0,0,0,0,0,0,0,0,0,0,0,0,0
0.9517605304718018,-1.0,-0.005641758441925049,-0.016827188432216644,-0.02544581890106201,-0.04536426067352295,-0.05922732502222061,0.01208815723657608,-0.005194884724915028,-0.0005424446426331997,0.03,1.2556639909744263,-0.07438939064741135,0.343717485666275,0.04342305287718773,-0.023941151797771454,0.10260149091482162,0.9934858679771423,0,0,0,0,0,0,0,0,0,0,0,0,0,0
0.9533600807189941,-1.0,-0.005641758441925049,-0.016827188432216644,-0.02544581890106201,-0.04536426067352295,-0.05922732502222061,0.01208815723657608,-0.005194884724915028,-0.0005424446426331997,0.03,1.2556639909744263,-0.07438939064741135,0.343717485666275,0.04342305287718773,-0.023941151797771454,0.10260149091482162,0.9934858679771423,0,0,0,0,0,0,0,0,0,0,0,0,0,0
0.9551417827606201,-1.0,-0.005641758441925049,-0.016827188432216644,-0.02544581890106201,-0.04536426067352295,-0.05922732502222061,0.01208815723657608,-0.005194884724915028,-0.0005424446426331997,0.03,1.2556639909744263,-0.07438939064741135,0.343717485666275,0.04342305287718773,-0.023941151797771454,0.10260149091482162,0.9934858679771423,0,0,0,0,0,0,0,0,0,0,0,0,0,0
0.9565722942352295,-1.0,-0.005641758441925049,-0.016827188432216644,-0.02544581890106201,-0.04536426067352295,-0.05922732502222061,0.01208815723657608,-0.005194884724915028,-0.0005424446426331997,0.03,1.2556639909744263,-0.07438939064741135,0.343717485666275,0.04342305287718773,-0.023941151797771454,0.10260149091482162,0.9934858679771423,0,0,0,0,0,0,0,0,0,0,0,0,0,0
0.9576797485351562,-1.0,-0.005641758441925049,-0.016827188432216644,-0.02544581890106201,-0.04536426067352295,-0.05922732502222061,0.01208815723657608,-0.005194884724915028,-0.0005424446426331997,0.03,1.2556639909744263,-0.07438939064741135,0.343717485666275,0.04342305287718773,-0.023941151797771454,0.10260149091482162,0.9934858679771423,0,0,0,0,0,0,0,0,0,0,0,0,0,0
0.9594295024871826,-1.0,-0.005641758441925049,-0.016827188432216644,-0.02544581890106201,-0.04536426067352295,-0.05922732502222061,0.01208815723657608,-0.005194884724915028,-0.0005424446426331997,0.03,1.2556639909744263,-0.07438939064741135,0.343717485666275,0.04342305287718773,-0.023941151797771454,0.10260149091482162,0.9934858679771423,0,0,0,0,0,0,0,0,0,0,0,0,0,0
0.9605429172515869,-1.0,-0.005641758441925049,-0.016827188432216644,-0.02544581890106201,-0.04536426067352295,-0.05922732502222061,0.01208815723657608,-0.005194884724915028,-0.0005424446426331997,0.03,1.2556639909744263,-0.07438939064741135,0.343717485666275,0.04342305287718773,-0.023941151797771454,0.10260149091482162,0.9934858679771423,0,0,0,0,0,0,0,0,0,0,0,0,0,0
0.9619290828704834,-1.0,-0.005641758441925049,-0.016827188432216644,-0.02544581890106201,-0.04536426067352295,-0.05922732502222061,0.01208815723657608,-0.005194884724915028,-0.0005424446426331997,0.03,1.2556639909744263,-0.07438939064741135,0.343717485666275,0.04342305287718773,-0.023941151797771454,0.10260149091482162,0.9934858679771423,0,0,0,0,0,0,0,0,0,0,0,0,0,0
0.9632365703582764,-1.0,-0.005641758441925049,-0.016827188432216644,-0.02544581890106201,-0.04536426067352295,-0.05922732502222061,0.01208815723657608,-0.005194884724915028,-0.0005424446426331997,0.03,1.2556639909744263,-0.07438939064741135,0.343717485666275,0.04342305287718773,-0.023941151797771454,0.10260149091482162,0.9934858679771423,0,0,0,0,0,0,0,0,0,0,0,0,0,0
0.9656689167022705,-1.0,-0.005641758441925049,-0.016827188432216644,-0.02544581890106201,-0.04536426067352295,-0.05922732502222061,0.01208815723657608,-0.005194884724915028,-0.0005424446426331997,0.03,1.2556639909744263,-0.07438939064741135,0.343717485666275,0.04342305287718773,-0.023941151797771454,0.10260149091482162,0.9934858679771423,0,0,0,0,0,0,0,0,0,0,0,0,0,0
0.9667589664459229,-1.0,-0.005641758441925049,-0.016827188432216644,-0.02544581890106201,-0.04536426067352295,-0.05922732502222061,0.01208815723657608,-0.005194884724915028,-0.0005424446426331997,0.03,1.2556639909744263,-0.07438939064741135,0.343717485666275,0.04342305287718773,-0.023941151797771454,0.10260149091482162,0.9934858679771423,0,0,0,0,0,0,0,0,0,0,0,0,0,0
0.9685046672821045,-1.0,-0.005641758441925049,-0.016827188432216644,-0.02544581890106201,-0.04536426067352295,-0.05922732502222061,0.01208815723657608,-0.005194884724915028,-0.0005424446426331997,0.03,1.2556639909744263,-0.07438939064741135,0.343717485666275,0.04342305287718773,-0.023941151797771454,0.10260149091482162,0.9934858679771423,0,0,0,0,0,0,0,0,0,0,0,0,0,0
0.9703209400177002,-1.0,-0.005641758441925049,-0.016827188432216644,-0.02544581890106201,-0.04536426067352295,-0.05922732502222061,0.01208815723657608,-0.005194884724915028,-0.0005424446426331997,0.03,1.2556639909744263,-0.07438939064741135,0.343717485666275,0.04342305287718773,-0.023941151797771454,0.10260149091482162,0.9934858679771423,0,0,0,0,0,0,0,0,0,0,0,0,0,0
0.9726481437683105,-1.0,-0.005641758441925049,-0.016827188432216644,-0.02544581890106201,-0.04536426067352295,-0.05922732502222061,0.01208815723657608,-0.005194884724915028,-0.0005424446426331997,0.03,1.2556639909744263,-0.07438939064741135,0.343717485666275,0.04342305287718773,-0.023941151797771454,0.10260149091482162,0.9934858679771423,0,0,0,0,0,0,0,0,0,0,0,0,0,0
0.974395751953125,-1.0,-0.005641758441925049,-0.016827188432216644,-0.02544581890106201,-0.04536426067352295,-0.05922732502222061,0.01208815723657608,-0.005194884724915028,-0.0005424446426331997,0.03,1.2556639909744263,-0.07438939064741135,0.343717485666275,0.04342305287718773,-0.023941151797771454,0.10260149091482162,0.9934858679771423,0,0,0,0,0,0,0,0,0,0,0,0,0,0
0.9761350154876709,-1.0,-0.005641758441925049,-0.016827188432216644,-0.02544581890106201,-0.04536426067352295,-0.05922732502222061,0.01208815723657608,-0.005194884724915028,-0.0005424446426331997,0.03,1.2556639909744263,-0.07438939064741135,0.343717485666275,0.04342305287718773,-0.023941151797771454,0.10260149091482162,0.9934858679771423,0,0,0,0,0,0,0,0,0,0,0,0,0,0
0.9772436618804932,-1.0,-0.005641758441925049,-0.016827188432216644,-0.02544581890106201,-0.04536426067352295,-0.05922732502222061,0.01208815723657608,-0.005194884724915028,-0.0005424446426331997,0.03,1.2556639909744263,-0.07438939064741135,0.343717485666275,0.04342305287718773,-0.023941151797771454,0.10260149091482162,0.9934858679771423,0,0,0,0,0,0,0,0,0,0,0,0,0,0
0.9783790111541748,-1.0,-0.005641758441925049,-0.016827188432216644,-0.02544581890106201,-0.04536426067352295,-0.05922732502222061,0.01208815723657608,-0.005194884724915028,-0.0005424446426331997,0.03,1.2556639909744263,-0.07438939064741135,0.343717485666275,0.04342305287718773,-0.023941151797771454,0.10260149091482162,0.9934858679771423,0,0,0,0,0,0,0,0,0,0,0,0,0,0
0.9797787666320801,-1.0,-0.005641758441925049,-0.016827188432216644,-0.02544581890106201,-0.04536426067352295,-0.05922732502222061,0.01208815723657608,-0.005194884724915028,-0.0005424446426331997,0.03,1.2556639909744263,-0.07438939064741135,0.343717485666275,0.04342305287718773,-0.023941151797771454,0.10260149091482162,0.9934858679771423,0,0,0,0,0,0,0,0,0,0,0,0,0,0
0.9813575744628906,-1.0,-0.005641758441925049,-0.016827188432216644,-0.02544581890106201,-0.04536426067352295,-0.05922732502222061,0.01208815723657608,-0.005194884724915028,-0.0005424446426331997,0.03,1.2556639909744263,-0.07438939064741135,0.343717485666275,0.04342305287718773,-0.023941151797771454,0.10260149091482162,0.9934858679771423,0,0,0,0,0,0,0,0,0,0,0,0,0,0
0.9831912517547607,-1.0,-0.005641758441925049,-0.016827188432216644,-0.02544581890106201,-0.04536426067352295,-0.05922732502222061,0.01208815723657608,-0.005194884724915028,-0.0005424446426331997,0.03,1.2556639909744263,-0.07438939064741135,0.343717485666275,0.04342305287718773,-0.023941151797771454,0.10260149091482162,0.9934858679771423,0,0,0,0,0,0,0,0,0,0,0,0,0,0
0.9846689701080322,-1.0,-0.005641758441925049,-0.016827188432216644,-0.02544581890106201,-0.04536426067352295,-0.05922732502222061,0.01208815723657608,-0.005194884724915028,-0.0005424446426331997,0.03,1.2556639909744263,-0.07438939064741135,0.343717485666275,0.04342305287718773,-0.023941151797771454,0.10260149091482162,0.9934858679771423,0,0,0,0,0,0,0,0,0,0,0,0,0,0
0.9876880645751953,-1.0,-0.005613386631011963,-0.01683524250984192,-0.02544015645980835,-0.04536086320877075,0.0009359154500998557,-0.004764116369187832,0.012226667255163193,-0.0011111049680039287,0.03,1.2556639909744263,-0.07438939064741135,0.343717485666275,0.04342305287718773,-0.023941151797771454,0.10260149091482162,0.9934858679771423,0,0,0,0,0,0,0,0,0,0,0,0,0,0
0.9903051853179932,-1.0,-0.005613386631011963,-0.01683524250984192,-0.02544015645980835,-0.04536086320877075,0.0009359154500998557,-0.004764116369187832,0.012226667255163193,-0.0011111049680039287,0.03,1.2556639909744263,-0.07438939064741135,0.343717485666275,0.04342305287718773,-0.023941151797771454,0.10260149091482162,0.9934858679771423,0,0,0,0,0,0,0,0,0,0,0,0,0,0
0.9914932250976562,-1.0,-0.005613386631011963,-0.01683524250984192,-0.02544015645980835,-0.04536086320877075,0.0009359154500998557,-0.004764116369187832,0.012226667255163193,-0.0011111049680039287,0.03,1.2556639909744263,-0.07438939064741135,0.343717485666275,0.04342305287718773,-0.023941151797771454,0.10260149091482162,0.9934858679771423,0,0,0,0,0,0,0,0,0,0,0,0,0,0
0.9926450252532959,-1.0,-0.005613386631011963,-0.01683524250984192,-0.02544015645980835,-0.04536086320877075,0.0009359154500998557,-0.004764116369187832,0.012226667255163193,-0.0011111049680039287,0.03,1.2556719779968262,-0.07434196770191193,0.343831330537796,0.0436440035700798,-0.0239848829805851,0.10605919361114502,0.9931119680404663,0,0,0,0,0,0,0,0,0,0,0,0,0,0
0.9937732219696045,-1.0,-0.005613386631011963,-0.01683524250984192,-0.02544015645980835,-0.04536086320877075,0.0009359154500998557,-0.004764116369187832,0.012226667255163193,-0.0011111049680039287,0.03,1.2556719779968262,-0.07434196770191193,0.343831330537796,0.0436440035700798,-0.0239848829805851,0.10605919361114502,0.9931119680404663,0,0,0,0,0,0,0,0,0,0,0,0,0,0
0.9948580265045166,-1.0,-0.005613386631011963,-0.01683524250984192,-0.02544015645980835,-0.04536086320877075,0.0009359154500998557,-0.004764116369187832,0.012226667255163193,-0.0011111049680039287,0.03,1.2556719779968262,-0.07434196770191193,0.343831330537796,0.0436440035700798,-0.0239848829805851,0.10605919361114502,0.9931119680404663,0,0,0,0,0,0,0,0,0,0,0,0,0,0
0.9962036609649658,-1.0,-0.005613386631011963,-0.01683524250984192,-0.02544015645980835,-0.04536086320877075,0.0009359154500998557,-0.004764116369187832,0.012226667255163193,-0.0011111049680039287,0.03,1.2556719779968262,-0.07434196770191193,0.343831330537796,0.0436440035700798,-0.0239848829805851,0.10605919361114502,0.9931119680404663,0,0,0,0,0,0,0,0,0,0,0,0,0,0
0.9974184036254883,-1.0,-0.005613386631011963,-0.01683524250984192,-0.02544015645980835,-0.04536086320877075,0.0009359154500998557,-0.004764116369187832,0.012226667255163193,-0.0011111049680039287,0.03,1.2556719779968262,-0.07434196770191193,0.343831330537796,0.0436440035700798,-0.0239848829805851,0.10605919361114502,0.9931119680404663,0,0,0,0,0,0,0,0,0,0,0,0,0,0
0.9990620613098145,-1.0,-0.005613386631011963,-0.01683524250984192,-0.02544015645980835,-0.04536086320877075,0.0009359154500998557,-0.004764116369187832,0.012226667255163193,-0.0011111049680039287,0.03,1.2556719779968262,-0.07434196770191193,0.343831330537796,0.0436440035700798,-0.0239848829805851,0.10605919361114502,0.9931119680404663,0,0,0,0,0,0,0,0,0,0,0,0,0,0
1.0006723403930664,-1.0,-0.005613386631011963,-0.01683524250984192,-0.02544015645980835,-0.04536086320877075,0.0009359154500998557,-0.004764116369187832,0.012226667255163193,-0.0011111049680039287,0.03,1.2556719779968262,-0.07434196770191193,0.343831330537796,0.0436440035700798,-0.0239848829805851,0.10605919361114502,0.9931119680404663,0,0,0,0,0,0,0,0,0,0,0,0,0,0
1.00516676902771,-1.0,-0.005611896514892578,-0.016836747527122498,-0.02545255422592163,-0.045364320278167725,-0.004059776663780212,-0.012039447203278542,0.03963460028171539,-0.002357525285333395,0.03,1.2557106018066406,-0.07429239898920059,0.3437648117542267,0.043224286288022995,-0.023538514971733093,0.10864821821451187,0.9928610920906067,0,0,0,0,0,0,0,0,0,0,0,0,0,0
1.0066819190979004,-1.0,-0.005612611770629883,-0.016837961971759796,-0.025453388690948486,-0.04536062479019165,-0.002160756615921855,-0.009815117344260216,-0.026064377278089523,-0.0005498016835190356,0.03,1.255674123764038,-0.07439503073692322,0.34368976950645447,0.043674636632204056,-0.023963257670402527,0.10521939396858215,0.9932005405426025,0,0,0,0,0,0,0,0,0,0,0,0,0,0
1.0081381797790527,-1.0,-0.005612611770629883,-0.016837961971759796,-0.025453388690948486,-0.04536062479019165,-0.002160756615921855,-0.009815117344260216,-0.026064377278089523,-0.0005498016835190356,0.03,1.255674123764038,-0.07439503073692322,0.34368976950645447,0.043674636632204056,-0.023963257670402527,0.10521939396858215,0.9932005405426025,0,0,0,0,0,0,0,0,0,0,0,0,0,0
1.0092442035675049,-1.0,-0.00562518835067749,-0.01682800054550171,-0.025438249111175537,-0.04536181688308716,-0.021676911041140556,0.011451509781181812,0.0008681283215992153,-0.02110910788178444,0.03,1.255717396736145,-0.07427418231964111,0.3437447249889374,0.043184544891119,-0.023535996675491333,0.10987456887960434,0.9927279353141785,0,0,0,0,0,0,0,0,0,0,0,0,0,0
1.010345220565796,-1.0,-0.0056266188621521,-0.0168413445353508,-0.025463402271270752,-0.04536861181259155,-0.04241254925727844,-0.010415823198854923,0.022570796310901642,-0.01968412473797798,0.03,1.255717396736145,-0.07427418231964111,0.3437447249889374,0.043184544891119,-0.023535996675491333,0.10987456887960434,0.9927279353141785,0,0,0,0,0,0,0,0,0,0,0,0,0,0
1.0115575790405273,-1.0,-0.005612015724182129,-0.016826719045639038,-0.02544271945953369,-0.04536396265029907,-0.0065061780624091625,0.005721213761717081,-0.021187221631407738,-0.00990701001137495,0.03,1.255717396736145,-0.07427418231964111,0.3437447249889374,0.043184544891119,-0.023535996675491333,0.10987456887960434,0.9927279353141785,0,0,0,0,0,0,0,0,0,0,0,0,0,0
1.0127172470092773,-1.0,-0.0056264400482177734,-0.016827456653118134,-0.025457262992858887,-0.04537731409072876,-0.04216105490922928,0.00803814735263586,0.014486607164144516,-0.02938511036336422,0.03,1.2557141780853271,-0.07426441460847855,0.3438025116920471,0.043216411024332047,-0.023533187806606293,0.11081697791814804,0.992621898651123,0,0,0,0,0,0,0,0,0,0,0,0,0,0
1.0148301124572754,-1.0,-0.0056264400482177734,-0.016827456653118134,-0.025457262992858887,-0.04537731409072876,-0.04216105490922928,0.00803814735263586,0.014486607164144516,-0.02938511036336422,0.03,1.2557141780853271,-0.07426441460847855,0.3438025116920471,0.043216411024332047,-0.023533187806606293,0.11081697791814804,0.992621898651123,0,0,0,0,0,0,0,0,0,0,0,0,0,0
1.0161092281341553,-1.0,-0.005611538887023926,-0.016842007637023926,-0.025443732738494873,-0.045365333557128906,-0.001545444712974131,-0.02832571230828762,-0.012337877415120602,-0.004951698239892721,0.03,1.2556753158569336,-0.07440343499183655,0.34371456503868103,0.04337834194302559,-0.023946313187479973,0.10226693004369736,0.9935222268104553,0,0,0,0,0,0,0,0,0,0,0,0,0,0
1.0178322792053223,-1.0,-0.005611538887023926,-0.016842007637023926,-0.025443732738494873,-0.045365333557128906,-0.001545444712974131,-0.02832571230828762,-0.012337877415120602,-0.004951698239892721,0.03,1.2556753158569336,-0.07440343499183655,0.34371456503868103,0.04337834194302559,-0.023946313187479973,0.10226693004369736,0.9935222268104553,0,0,0,0,0,0,0,0,0,0,0,0,0,0
1.018986701965332,-1.0,-0.005611538887023926,-0.016842007637023926,-0.025443732738494873,-0.045365333557128906,-0.001545444712974131,-0.02832571230828762,-0.012337877415120602,-0.004951698239892721,0.03,1.2556753158569336,-0.07440343499183655,0.34371456503868103,0.04337834194302559,-0.023946313187479973,0.10226693004369736,0.9935222268104553,0,0,0,0,0,0,0,0,0,0,0,0,0,0
1.0207536220550537,-1.0,-0.005611538887023926,-0.016842007637023926,-0.025443732738494873,-0.045365333557128906,-0.001545444712974131,-0.02832571230828762,-0.012337877415120602,-0.004951698239892721,0.03,1.2556753158569336,-0.07440343499183655,0.34371456503868103,0.04337834194302559,-0.023946313187479973,0.10226693004369736,0.9935222268104553,0,0,0,0,0,0,0,0,0,0,0,0,0,0
1.0219523906707764,-1.0,-0.005611538887023926,-0.016842007637023926,-0.025443732738494873,-0.045365333557128906,-0.001545444712974131,-0.02832571230828762,-0.012337877415120602,-0.004951698239892721,0.03,1.2556753158569336,-0.07440343499183655,0.34371456503868103,0.04337834194302559,-0.023946313187479973,0.10226693004369736,0.9935222268104553,0,0,0,0,0,0,0,0,0,0,0,0,0,0
1.0230956077575684,-1.0,-0.005611538887023926,-0.016842007637023926,-0.025443732738494873,-0.045365333557128906,-0.001545444712974131,-0.02832571230828762,-0.012337877415120602,-0.004951698239892721,0.03,1.2556753158569336,-0.07440343499183655,0.34371456503868103,0.04337834194302559,-0.023946313187479973,0.10226693004369736,0.9935222268104553,0,0,0,0,0,0,0,0,0,0,0,0,0,0
1.0242631435394287,-1.0,-0.005611538887023926,-0.016842007637023926,-0.025443732738494873,-0.045365333557128906,-0.001545444712974131,-0.02832571230828762,-0.012337877415120602,-0.004951698239892721,0.03,1.2556753158569336,-0.07440343499183655,0.34371456503868103,0.04337834194302559,-0.023946313187479973,0.10226693004369736,0.9935222268104553,0,0,0,0,0,0,0,0,0,0,0,0,0,0
1.0253262519836426,-1.0,-0.005611538887023926,-0.016842007637023926,-0.025443732738494873,-0.045365333557128906,-0.001545444712974131,-0.02832571230828762,-0.012337877415120602,-0.004951698239892721,0.03,1.2556753158569336,-0.07440343499183655,0.34371456503868103,0.04337834194302559,-0.023946313187479973,0.10226693004369736,0.9935222268104553,0,0,0,0,0,0,0,0,0,0,0,0,0,0
1.026834487915039,-1.0,-0.005611538887023926,-0.016842007637023926,-0.025443732738494873,-0.045365333557128906,-0.001545444712974131,-0.02832571230828762,-0.012337877415120602,-0.004951698239892721,0.03,1.2556753158569336,-0.07440343499183655,0.34371456503868103,0.04337834194302559,-0.023946313187479973,0.10226693004369736,0.9935222268104553,0,0,0,0,0,0,0,0,0,0,0,0,0,0
1.028541088104248,-1.0,-0.005611538887023926,-0.016842007637023926,-0.025443732738494873,-0.045365333557128906,-0.001545444712974131,-0.02832571230828762,-0.012337877415120602,-0.004951698239892721,0.03,1.2556753158569336,-0.07440343499183655,0.34371456503868103,0.04337834194302559,-0.023946313187479973,0.10226693004369736,0.9935222268104553,0,0,0,0,0,0,0,0,0,0,0,0,0,0
1.0296838283538818,-1.0,-0.005611538887023926,-0.016842007637023926,-0.025443732738494873,-0.045365333557128906,-0.001545444712974131,-0.02832571230828762,-0.012337877415120602,-0.004951698239892721,0.03,1.2556753158569336,-0.07440343499183655,0.34371456503868103,0.04337834194302559,-0.023946313187479973,0.10226693004369736,0.9935222268104553,0,0,0,0,0,0,0,0,0,0,0,0,0,0
1.0312395095825195,-1.0,-0.005611538887023926,-0.016842007637023926,-0.025443732738494873,-0.045365333557128906,-0.001545444712974131,-0.02832571230828762,-0.012337877415120602,-0.004951698239892721,0.03,1.2556753158569336,-0.07440343499183655,0.34371456503868103,0.04337834194302559,-0.023946313187479973,0.10226693004369736,0.9935222268104553,0,0,0,0,0,0,0,0,0,0,0,0,0,0
1.0338413715362549,-1.0,-0.005611538887023926,-0.016842007637023926,-0.025443732738494873,-0.045365333557128906,-0.001545444712974131,-0.02832571230828762,-0.012337877415120602,-0.004951698239892721,0.03,1.2556753158569336,-0.07440343499183655,0.34371456503868103,0.04337834194302559,-0.023946313187479973,0.10226693004369736,0.9935222268104553,0,0,0,0,0,0,0,0,0,0,0,0,0,0
1.0354158878326416,-1.0,-0.005611538887023926,-0.016842007637023926,-0.025443732738494873,-0.045365333557128906,-0.001545444712974131,-0.02832571230828762,-0.012337877415120602,-0.004951698239892721,0.03,1.2556753158569336,-0.07440343499183655,0.34371456503868103,0.04337834194302559,-0.023946313187479973,0.10226693004369736,0.9935222268104553,0,0,0,0,0,0,0,0,0,0,0,0,0,0
1.038177728652954,-1.0,-0.005611538887023926,-0.016842007637023926,-0.025443732738494873,-0.045365333557128906,-0.001545444712974131,-0.02832571230828762,-0.012337877415120602,-0.004951698239892721,0.03,1.2556753158569336,-0.07440343499183655,0.34371456503868103,0.04337834194302559,-0.023946313187479973,0.10226693004369736,0.9935222268104553,0,0,0,0,0,0,0,0,0,0,0,0,0,0
1.0396132469177246,-1.0,-0.005611538887023926,-0.016842007637023926,-0.025443732738494873,-0.045365333557128906,-0.001545444712974131,-0.02832571230828762,-0.012337877415120602,-0.004951698239892721,0.03,1.2556753158569336,-0.07440343499183655,0.34371456503868103,0.04337834194302559,-0.023946313187479973,0.10226693004369736,0.9935222268104553,0,0,0,0,0,0,0,0,0,0,0,0,0,0
1.0406789779663086,-1.0,-0.005611538887023926,-0.016842007637023926,-0.025443732738494873,-0.045365333557128906,-0.001545444712974131,-0.02832571230828762,-0.012337877415120602,-0.004951698239892721,0.03,1.2556753158569336,-0.07440343499183655,0.34371456503868103,0.04337834194302559,-0.023946313187479973,0.10226693004369736,0.9935222268104553,0,0,0,0,0,0,0,0,0,0,0,0,0,0
1.0434799194335938,-1.0,-0.005611538887023926,-0.016842007637023926,-0.025443732738494873,-0.045365333557128906,-0.001545444712974131,-0.02832571230828762,-0.012337877415120602,-0.004951698239892721,0.03,1.2556753158569336,-0.07440343499183655,0.34371456503868103,0.04337834194302559,-0.023946313187479973,0.10226693004369736,0.9935222268104553,0,0,0,0,0,0,0,0,0,0,0,0,0,0
1.0446984767913818,-1.0,-0.005611538887023926,-0.016842007637023926,-0.025443732738494873,-0.045365333557128906,-0.001545444712974131,-0.02832571230828762,-0.012337877415120602,-0.004951698239892721,0.03,1.2556753158569336,-0.07440343499183655,0.34371456503868103,0.04337834194302559,-0.023946313187479973,0.10226693004369736,0.9935222268104553,0,0,0,0,0,0,0,0,0,0,0,0,0,0
1.0478594303131104,-1.0,-0.005611538887023926,-0.016842007637023926,-0.025443732738494873,-0.045365333557128906,-0.001545444712974131,-0.02832571230828762,-0.012337877415120602,-0.004951698239892721,0.03,1.2556753158569336,-0.07440343499183655,0.34371456503868103,0.04337834194302559,-0.023946313187479973,0.10226693004369736,0.9935222268104553,0,0,0,0,0,0,0,0,0,0,0,0,0,0
1.0498814582824707,-1.0,-0.005611538887023926,-0.016842007637023926,-0.025443732738494873,-0.045365333557128906,-0.001545444712974131,-0.02832571230828762,-0.012337877415120602,-0.004951698239892721,0.03,1.2556753158569336,-0.07440343499183655,0.34371456503868103,0.04337834194302559,-0.023946313187479973,0.10226693004369736,0.9935222268104553,0,0,0,0,0,0,0,0,0,0,0,0,0,0
1.051894187927246,-1.0,-0.005611538887023926,-0.016842007637023926,-0.025443732738494873,-0.045365333557128906,-0.001545444712974131,-0.02832571230828762,-0.012337877415120602,-0.004951698239892721,0.03,1.2556753158569336,-0.07440343499183655,0.34371456503868103,0.04337834194302559,-0.023946313187479973,0.10226693004369736,0.9935222268104553,0,0,0,0,0,0,0,0,0,0,0,0,0,0
1.054187536239624,-1.0,-0.005611538887023926,-0.016842007637023926,-0.025443732738494873,-0.045365333557128906,-0.001545444712974131,-0.02832571230828762,-0.012337877415120602,-0.004951698239892721,0.03,1.2556753158569336,-0.07440343499183655,0.34371456503868103,0.04337834194302559,-0.023946313187479973,0.10226693004369736,0.9935222268104553,0,0,0,0,0,0,0,0,0,0,0,0,0,0
1.0562167167663574,-1.0,-0.005611538887023926,-0.016842007637023926,-0.025443732738494873,-0.045365333557128906,-0.001545444712974131,-0.02832571230828762,-0.012337877415120602,-0.004951698239892721,0.03,1.2556753158569336,-0.07440343499183655,0.34371456503868103,0.04337834194302559,-0.023946313187479973,0.10226693004369736,0.9935222268104553,0,0,0,0,0,0,0,0,0,0,0,0,0,0
1.0573785305023193,-1.0,-0.005611538887023926,-0.016842007637023926,-0.025443732738494873,-0.045365333557128906,-0.001545444712974131,-0.02832571230828762,-0.012337877415120602,-0.004951698239892721,0.03,1.2556753158569336,-0.07440343499183655,0.34371456503868103,0.04337834194302559,-0.023946313187479973,0.10226693004369736,0.9935222268104553,0,0,0,0,0,0,0,0,0,0,0,0,0,0
1.0584592819213867,-1.0,-0.005611538887023926,-0.016842007637023926,-0.025443732738494873,-0.045365333557128906,-0.001545444712974131,-0.02832571230828762,-0.012337877415120602,-0.004951698239892721,0.03,1.2556753158569336,-0.07440343499183655,0.34371456503868103,0.04337834194302559,-0.023946313187479973,0.10226693004369736,0.9935222268104553,0,0,0,0,0,0,0,0,0,0,0,0,0,0
1.0595645904541016,-1.0,-0.005611538887023926,-0.016842007637023926,-0.025443732738494873,-0.045365333557128906,-0.001545444712974131,-0.02832571230828762,-0.012337877415120602,-0.004951698239892721,0.03,1.2556753158569336,-0.07440343499183655,0.34371456503868103,0.04337834194302559,-0.023946313187479973,0.10226693004369736,0.9935222268104553,0,0,0,0,0,0,0,0,0,0,0,0,0,0
1.0610134601593018,-1.0,-0.005611538887023926,-0.016842007637023926,-0.025443732738494873,-0.045365333557128906,-0.001545444712974131,-0.02832571230828762,-0.012337877415120602,-0.004951698239892721,0.03,1.2556753158569336,-0.07440343499183655,0.34371456503868103,0.04337834194302559,-0.023946313187479973,0.10226693004369736,0.9935222268104553,0,0,0,0,0,0,0,0,0,0,0,0,0,0
1.062657117843628,-1.0,-0.005611538887023926,-0.016842007637023926,-0.025443732738494873,-0.045365333557128906,-0.001545444712974131,-0.02832571230828762,-0.012337877415120602,-0.004951698239892721,0.03,1.2556753158569336,-0.07440343499183655,0.34371456503868103,0.04337834194302559,-0.023946313187479973,0.10226693004369736,0.9935222268104553,0,0,0,0,0,0,0,0,0,0,0,0,0,0
1.0637743473052979,-1.0,-0.005611538887023926,-0.016842007637023926,-0.025443732738494873,-0.045365333557128906,-0.001545444712974131,-0.02832571230828762,-0.012337877415120602,-0.004951698239892721,0.03,1.2556753158569336,-0.07440343499183655,0.34371456503868103,0.04337834194302559,-0.023946313187479973,0.10226693004369736,0.9935222268104553,0,0,0,0,0,0,0,0,0,0,0,0,0,0
1.064845085144043,-1.0,-0.005611538887023926,-0.016842007637023926,-0.025443732738494873,-0.045365333557128906,-0.001545444712974131,-0.02832571230828762,-0.012337877415120602,-0.004951698239892721,0.03,1.2556753158569336,-0.07440343499183655,0.34371456503868103,0.04337834194302559,-0.023946313187479973,0.10226693004369736,0.9935222268104553,0,0,0,0,0,0,0,0,0,0,0,0,0,0
1.0660042762756348,-1.0,-0.005611538887023926,-0.016842007637023926,-0.025443732738494873,-0.045365333557128906,-0.001545444712974131,-0.02832571230828762,-0.012337877415120602,-0.004951698239892721,0.03,1.2556753158569336,-0.07440343499183655,0.34371456503868103,0.04337834194302559,-0.023946313187479973,0.10226693004369736,0.9935222268104553,0,0,0,0,0,0,0,0,0,0,0,0,0,0
1.0673770904541016,-1.0,-0.005611538887023926,-0.016842007637023926,-0.025443732738494873,-0.045365333557128906,-0.001545444712974131,-0.02832571230828762,-0.012337877415120602,-0.004951698239892721,0.03,1.2557189464569092,-0.07428710907697678,0.34375110268592834,0.042858365923166275,-0.023504123091697693,0.10551536828279495,0.9932156801223755,0,0,0,0,0,0,0,0,0,0,0,0,0,0
1.068744421005249,-1.0,-0.005611538887023926,-0.016842007637023926,-0.025443732738494873,-0.045365333557128906,-0.001545444712974131,-0.02832571230828762,-0.012337877415120602,-0.004951698239892721,0.03,1.2557188272476196,-0.07425753772258759,0.34373846650123596,0.04294902831315994,-0.023485081270337105,0.10692090541124344,0.9930618405342102,0,0,0,0,0,0,0,0,0,0,0,0,0,0
1.0698487758636475,-1.0,-0.005611538887023926,-0.016842007637023926,-0.025443732738494873,-0.045365333557128906,-0.001545444712974131,-0.02832571230828762,-0.012337877415120602,-0.004951698239892721,0.03,1.2557188272476196,-0.07425753772258759,0.34373846650123596,0.04294902831315994,-0.023485081270337105,0.10692090541124344,0.9930618405342102,0,0,0,0,0,0,0,0,0,0,0,0,0,0
1.0709965229034424,-1.0,-0.005611538887023926,-0.016842007637023926,-0.025443732738494873,-0.045365333557128906,-0.001545444712974131,-0.02832571230828762,-0.012337877415120602,-0.004951698239892721,0.03,1.2557188272476196,-0.07425753772258759,0.34373846650123596,0.04294902831315994,-0.023485081270337105,0.10692090541124344,0.9930618405342102,0,0,0,0,0,0,0,0,0,0,0,0,0,0
1.0720980167388916,-1.0,-0.005611538887023926,-0.016842007637023926,-0.025443732738494873,-0.045365333557128906,-0.001545444712974131,-0.02832571230828762,-0.012337877415120602,-0.004951698239892721,0.03,1.2557188272476196,-0.07425753772258759,0.34373846650123596,0.04294902831315994,-0.023485081270337105,0.10692090541124344,0.9930618405342102,0,0,0,0,0,0,0,0,0,0,0,0,0,0
1.0732831954956055,-1.0,-0.005611538887023926,-0.016842007637023926,-0.025443732738494873,-0.045365333557128906,-0.001545444712974131,-0.02832571230828762,-0.012337877415120602,-0.004951698239892721,0.03,1.2557179927825928,-0.07432364672422409,0.34370312094688416,0.04318954050540924,-0.02351268380880356,0.10911276191473007,0.9928122758865356,0,0,0,0,0,0,0,0,0,0,0,0,0,0
1.0746045112609863,-1.0,-0.005611538887023926,-0.016842007637023926,-0.025443732738494873,-0.045365333557128906,-0.001545444712974131,-0.02832571230828762,-0.012337877415120602,-0.004951698239892721,0.03,1.2557179927825928,-0.07432364672422409,0.34370312094688416,0.04318954050540924,-0.02351268380880356,0.10911276191473007,0.9928122758865356,0,0,0,0,0,0,0,0,0,0,0,0,0,0
1.0757882595062256,-1.0,-0.005611538887023926,-0.016842007637023926,-0.025443732738494873,-0.045365333557128906,-0.001545444712974131,-0.02832571230828762,-0.012337877415120602,-0.004951698239892721,0.03,1.2557179927825928,-0.07432364672422409,0.34370312094688416,0.04318954050540924,-0.02351268380880356,0.10911276191473007,0.9928122758865356,0,0,0,0,0,0,0,0,0,0,0,0,0,0
1.0777487754821777,-1.0,-0.005611538887023926,-0.016842007637023926,-0.025443732738494873,-0.045365333557128906,-0.001545444712974131,-0.02832571230828762,-0.012337877415120602,-0.004951698239892721,0.03,1.2557179927825928,-0.07432364672422409,0.34370312094688416,0.04318954050540924,-0.02351268380880356,0.10911276191473007,0.9928122758865356,0,0,0,0,0,0,0,0,0,0,0,0,0,0
1.07955002784729,-1.0,-0.005611538887023926,-0.016842007637023926,-0.025443732738494873,-0.045365333557128906,-0.001545444712974131,-0.02832571230828762,-0.012337877415120602,-0.004951698239892721,0.03,1.2557179927825928,-0.07432364672422409,0.34370312094688416,0.04318954050540924,-0.02351268380880356,0.10911276191473007,0.9928122758865356,0,0,0,0,0,0,0,0,0,0,0,0,0,0
1.0812938213348389,-1.0,-0.005611538887023926,-0.016842007637023926,-0.025443732738494873,-0.045365333557128906,-0.001545444712974131,-0.02832571230828762,-0.012337877415120602,-0.004951698239892721,0.03,1.2557179927825928,-0.07432364672422409,0.34370312094688416,0.04318954050540924,-0.02351268380880356,0.10911276191473007,0.9928122758865356,0,0,0,0,0,0,0,0,0,0,0,0,0,0
1.0827021598815918,-1.0,-0.005619704723358154,-0.01682690531015396,-0.025458455085754395,-0.04536658525466919,-0.010393752716481686,0.006578564178198576,0.01981445960700512,-0.00934387557208538,0.03,1.2557179927825928,-0.07432364672422409,0.34370312094688416,0.04318954050540924,-0.02351268380880356,0.10911276191473007,0.9928122758865356,0,0,0,0,0,0,0,0,0,0,0,0,0,0
1.0843505859375,-1.0,-0.005620241165161133,-0.016835831105709076,-0.02544236183166504,-0.04537630081176758,-0.019347157329320908,-0.00046706292778253555,-0.012888542376458645,-0.030963772907853127,0.03,1.2557179927825928,-0.07432364672422409,0.34370312094688416,0.04318954050540924,-0.02351268380880356,0.10911276191473007,0.9928122758865356,0,0,0,0,0,0,0,0,0,0,0,0,0,0
1.0860447883605957,-1.0,-0.005612492561340332,-0.016826778650283813,-0.02545487880706787,-0.04537683725357056,-0.006641778629273176,0.012177172116935253,0.0002788776473607868,-0.03976123407483101,0.03,1.2557220458984375,-0.07427564263343811,0.3437618911266327,0.0433950312435627,-0.023539384827017784,0.11083909869194031,0.9926114678382874,0,0,0,0,0,0,0,0,0,0,0,0,0,0
1.0877363681793213,-1.0,-0.005612492561340332,-0.016826778650283813,-0.02545487880706787,-0.04537683725357056,-0.006641778629273176,0.012177172116935253,0.0002788776473607868,-0.03976123407483101,0.03,1.2557220458984375,-0.07427564263343811,0.3437618911266327,0.0433950312435627,-0.023539384827017784,0.11083909869194031,0.9926114678382874,0,0,0,0,0,0,0,0,0,0,0,0,0,0
1.0922787189483643,-1.0,-0.005612492561340332,-0.016826778650283813,-0.02545487880706787,-0.04537683725357056,-0.006641778629273176,0.012177172116935253,0.0002788776473607868,-0.03976123407483101,0.03,1.2557220458984375,-0.07427564263343811,0.3437618911266327,0.0433950312435627,-0.023539384827017784,0.11083909869194031,0.9926114678382874,0,0,0,0,0,0,0,0,0,0,0,0,0,0
1.0947892665863037,-1.0,-0.005612492561340332,-0.016826778650283813,-0.02545487880706787,-0.04537683725357056,-0.006641778629273176,0.012177172116935253,0.0002788776473607868,-0.03976123407483101,0.03,1.2557220458984375,-0.07427564263343811,0.3437618911266327,0.0433950312435627,-0.023539384827017784,0.11083909869194031,0.9926114678382874,0,0,0,0,0,0,0,0,0,0,0,0,0,0
1.096282720565796,-1.0,-0.005612492561340332,-0.016826778650283813,-0.02545487880706787,-0.04537683725357056,-0.006641778629273176,0.012177172116935253,0.0002788776473607868,-0.03976123407483101,0.03,1.2557220458984375,-0.07427564263343811,0.3437618911266327,0.0433950312435627,-0.023539384827017784,0.11083909869194031,0.9926114678382874,0,0,0,0,0,0,0,0,0,0,0,0,0,0
1.097564935684204,-1.0,-0.005612492561340332,-0.016826778650283813,-0.02545487880706787,-0.04537683725357056,-0.006641778629273176,0.012177172116935253,0.0002788776473607868,-0.03976123407483101,0.03,1.2557220458984375,-0.07427564263343811,0.3437618911266327,0.0433950312435627,-0.023539384827017784,0.11083909869194031,0.9926114678382874,0,0,0,0,0,0,0,0,0,0,0,0,0,0
1.0989055633544922,-1.0,-0.005612492561340332,-0.016826778650283813,-0.02545487880706787,-0.04537683725357056,-0.006641778629273176,0.012177172116935253,0.0002788776473607868,-0.03976123407483101,0.03,1.2557220458984375,-0.07427564263343811,0.3437618911266327,0.0433950312435627,-0.023539384827017784,0.11083909869194031,0.9926114678382874,0,0,0,0,0,0,0,0,0,0,0,0,0,0
1.1005916595458984,-1.0,-0.005612492561340332,-0.016826778650283813,-0.02545487880706787,-0.04537683725357056,-0.006641778629273176,0.012177172116935253,0.0002788776473607868,-0.03976123407483101,0.03,1.2557220458984375,-0.07427564263343811,0.3437618911266327,0.0433950312435627,-0.023539384827017784,0.11083909869194031,0.9926114678382874,0,0,0,0,0,0,0,0,0,0,0,0,0,0
1.1017568111419678,-1.0,-0.005612492561340332,-0.016826778650283813,-0.02545487880706787,-0.04537683725357056,-0.006641778629273176,0.012177172116935253,0.0002788776473607868,-0.03976123407483101,0.03,1.2557220458984375,-0.07427564263343811,0.3437618911266327,0.0433950312435627,-0.023539384827017784,0.11083909869194031,0.9926114678382874,0,0,0,0,0,0,0,0,0,0,0,0,0,0
1.1028172969818115,-1.0,-0.005612492561340332,-0.016826778650283813,-0.02545487880706787,-0.04537683725357056,-0.006641778629273176,0.012177172116935253,0.0002788776473607868,-0.03976123407483101,0.03,1.2557220458984375,-0.07427564263343811,0.3437618911266327,0.0433950312435627,-0.023539384827017784,0.11083909869194031,0.9926114678382874,0,0,0,0,0,0,0,0,0,0,0,0,0,0
1.1039721965789795,-1.0,-0.005612492561340332,-0.016826778650283813,-0.02545487880706787,-0.04537683725357056,-0.006641778629273176,0.012177172116935253,0.0002788776473607868,-0.03976123407483101,0.03,1.2557220458984375,-0.07427564263343811,0.3437618911266327,0.0433950312435627,-0.023539384827017784,0.11083909869194031,0.9926114678382874,0,0,0,0,0,0,0,0,0,0,0,0,0,0
1.1055207252502441,-1.0,-0.005612492561340332,-0.016826778650283813,-0.02545487880706787,-0.04537683725357056,-0.006641778629273176,0.012177172116935253,0.0002788776473607868,-0.03976123407483101,0.03,1.2557220458984375,-0.07427564263343811,0.3437618911266327,0.0433950312435627,-0.023539384827017784,0.11083909869194031,0.9926114678382874,0,0,0,0,0,0,0,0,0,0,0,0,0,0
1.107100248336792,-1.0,-0.005612492561340332,-0.016826778650283813,-0.02545487880706787,-0.04537683725357056,-0.006641778629273176,0.012177172116935253,0.0002788776473607868,-0.03976123407483101,0.03,1.2557220458984375,-0.07427564263343811,0.3437618911266327,0.0433950312435627,-0.023539384827017784,0.11083909869194031,0.9926114678382874,0,0,0,0,0,0,0,0,0,0,0,0,0,0
1.1096415519714355,-1.0,-0.005612492561340332,-0.016826778650283813,-0.02545487880706787,-0.04537683725357056,-0.006641778629273176,0.012177172116935253,0.0002788776473607868,-0.03976123407483101,0.03,1.2557220458984375,-0.07427564263343811,0.3437618911266327,0.0433950312435627,-0.023539384827017784,0.11083909869194031,0.9926114678382874,0,0,0,0,0,0,0,0,0,0,0,0,0,0
1.1109952926635742,-1.0,-0.005612492561340332,-0.016826778650283813,-0.02545487880706787,-0.04537683725357056,-0.006641778629273176,0.012177172116935253,0.0002788776473607868,-0.03976123407483101,0.03,1.2556865215301514,-0.07440356910228729,0.34367093443870544,0.0438879020512104,-0.024046611040830612,0.1087210401892662,0.9928118586540222,0,0,0,0,0,0,0,0,0,0,0,0,0,0
1.1123807430267334,-1.0,-0.005612492561340332,-0.016826778650283813,-0.02545487880706787,-0.04537683725357056,-0.006641778629273176,0.012177172116935253,0.0002788776473607868,-0.03976123407483101,0.03,1.255721926689148,-0.07427972555160522,0.3437556326389313,0.04313379153609276,-0.023478742688894272,0.10865844786167145,0.9928653240203857,0,0,0,0,0,0,0,0,0,0,0,0,0,0
1.1135320663452148,-1.0,-0.005612492561340332,-0.016826778650283813,-0.02545487880706787,-0.04537683725357056,-0.006641778629273176,0.012177172116935253,0.0002788776473607868,-0.03976123407483101,0.03,1.255721926689148,-0.07427972555160522,0.3437556326389313,0.04313379153609276,-0.023478742688894272,0.10865844786167145,0.9928653240203857,0,0,0,0,0,0,0,0,0,0,0,0,0,0
1.1148483753204346,-1.0,-0.005612492561340332,-0.016826778650283813,-0.02545487880706787,-0.04537683725357056,-0.006641778629273176,0.012177172116935253,0.0002788776473607868,-0.03976123407483101,0.03,1.255721926689148,-0.07427972555160522,0.3437556326389313,0.04313379153609276,-0.023478742688894272,0.10865844786167145,0.9928653240203857,0,0,0,0,0,0,0,0,0,0,0,0,0,0
1.1190927028656006,-1.0,-0.005612492561340332,-0.016826778650283813,-0.02545487880706787,-0.04537683725357056,-0.006641778629273176,0.012177172116935253,0.0002788776473607868,-0.03976123407483101,0.03,1.2556811571121216,-0.07432766258716583,0.343827486038208,0.04365090653300285,-0.023983119055628777,0.10620621591806412,0.9930960536003113,0,0,0,0,0,0,0,0,0,0,0,0,0,0
1.1201941967010498,-1.0,-0.005612492561340332,-0.016826778650283813,-0.02545487880706787,-0.04537683725357056,-0.006641778629273176,0.012177172116935253,0.0002788776473607868,-0.03976123407483101,0.03,1.2556811571121216,-0.07432766258716583,0.343827486038208,0.04365090653300285,-0.023983119055628777,0.10620621591806412,0.9930960536003113,0,0,0,0,0,0,0,0,0,0,0,0,0,0
1.1212825775146484,-1.0,-0.005612492561340332,-0.016826778650283813,-0.02545487880706787,-0.04537683725357056,-0.006641778629273176,0.012177172116935253,0.0002788776473607868,-0.03976123407483101,0.03,1.2556811571121216,-0.07432766258716583,0.343827486038208,0.04365090653300285,-0.023983119055628777,0.10620621591806412,0.9930960536003113,0,0,0,0,0,0,0,0,0,0,0,0,0,0
1.122807502746582,-1.0,-0.005612492561340332,-0.016826778650283813,-0.02545487880706787,-0.04537683725357056,-0.006641778629273176,0.012177172116935253,0.0002788776473607868,-0.03976123407483101,0.03,1.2556811571121216,-0.07432766258716583,0.343827486038208,0.04365090653300285,-0.023983119055628777,0.10620621591806412,0.9930960536003113,0,0,0,0,0,0,0,0,0,0,0,0,0,0
1.1247682571411133,-1.0,-0.005612492561340332,-0.016826778650283813,-0.02545487880706787,-0.04537683725357056,-0.006641778629273176,0.012177172116935253,0.0002788776473607868,-0.03976123407483101,0.03,1.2556794881820679,-0.07440727204084396,0.34372541308403015,0.04364987462759018,-0.02400139532983303,0.10642965137958527,0.9930717349052429,0,0,0,0,0,0,0,0,0,0,0,0,0,0
1.1258282661437988,-1.0,-0.005612492561340332,-0.016826778650283813,-0.02545487880706787,-0.04537683725357056,-0.006641778629273176,0.012177172116935253,0.0002788776473607868,-0.03976123407483101,0.03,1.2556794881820679,-0.07440727204084396,0.34372541308403015,0.04364987462759018,-0.02400139532983303,0.10642965137958527,0.9930717349052429,0,0,0,0,0,0,0,0,0,0,0,0,0,0
1.1285531520843506,-1.0,-0.005612492561340332,-0.016826778650283813,-0.02545487880706787,-0.04537683725357056,-0.006641778629273176,0.012177172116935253,0.0002788776473607868,-0.03976123407483101,0.03,1.2556794881820679,-0.07440727204084396,0.34372541308403015,0.04364987462759018,-0.02400139532983303,0.10642965137958527,0.9930717349052429,0,0,0,0,0,0,0,0,0,0,0,0,0,0
1.1302449703216553,-1.0,-0.005612492561340332,-0.016826778650283813,-0.02545487880706787,-0.04537683725357056,-0.006641778629273176,0.012177172116935253,0.0002788776473607868,-0.03976123407483101,0.03,1.2556794881820679,-0.07440727204084396,0.34372541308403015,0.04364987462759018,-0.02400139532983303,0.10642965137958527,0.9930717349052429,0,0,0,0,0,0,0,0,0,0,0,0,0,0
1.1313519477844238,-1.0,-0.005612492561340332,-0.016826778650283813,-0.02545487880706787,-0.04537683725357056,-0.006641778629273176,0.012177172116935253,0.0002788776473607868,-0.03976123407483101,0.03,1.2556794881820679,-0.07440727204084396,0.34372541308403015,0.04364987462759018,-0.02400139532983303,0.10642965137958527,0.9930717349052429,0,0,0,0,0,0,0,0,0,0,0,0,0,0
1.1377742290496826,-1.0,-0.005612492561340332,-0.016826778650283813,-0.02545487880706787,-0.04537683725357056,-0.006641778629273176,0.012177172116935253,0.0002788776473607868,-0.03976123407483101,0.03,1.25571870803833,-0.07429179549217224,0.3437213897705078,0.04302683100104332,-0.023520102724432945,0.10762092471122742,0.992982029914856,0,0,0,0,0,0,0,0,0,0,0,0,0,0
1.138915777206421,-1.0,-0.005612492561340332,-0.016826778650283813,-0.02545487880706787,-0.04537683725357056,-0.006641778629273176,0.012177172116935253,0.0002788776473607868,-0.03976123407483101,0.03,1.25571870803833,-0.07429179549217224,0.3437213897705078,0.04302683100104332,-0.023520102724432945,0.10762092471122742,0.992982029914856,0,0,0,0,0,0,0,0,0,0,0,0,0,0
1.1404049396514893,-1.0,-0.005612492561340332,-0.016826778650283813,-0.02545487880706787,-0.04537683725357056,-0.006641778629273176,0.012177172116935253,0.0002788776473607868,-0.03976123407483101,0.03,1.25571870803833,-0.07429179549217224,0.3437213897705078,0.04302683100104332,-0.023520102724432945,0.10762092471122742,0.992982029914856,0,0,0,0,0,0,0,0,0,0,0,0,0,0
1.142611026763916,-1.0,-0.005612492561340332,-0.016826778650283813,-0.02545487880706787,-0.04537683725357056,-0.006641778629273176,0.012177172116935253,0.0002788776473607868,-0.03976123407483101,0.03,1.25571870803833,-0.07429179549217224,0.3437213897705078,0.04302683100104332,-0.023520102724432945,0.10762092471122742,0.992982029914856,0,0,0,0,0,0,0,0,0,0,0,0,0,0
1.1439499855041504,-1.0,-0.005612492561340332,-0.016826778650283813,-0.02545487880706787,-0.04537683725357056,-0.006641778629273176,0.012177172116935253,0.0002788776473607868,-0.03976123407483101,0.03,1.25571870803833,-0.07429179549217224,0.3437213897705078,0.04302683100104332,-0.023520102724432945,0.10762092471122742,0.992982029914856,0,0,0,0,0,0,0,0,0,0,0,0,0,0
1.1451044082641602,-1.0,-0.005612492561340332,-0.016826778650283813,-0.02545487880706787,-0.04537683725357056,-0.006641778629273176,0.012177172116935253,0.0002788776473607868,-0.03976123407483101,0.03,1.25571870803833,-0.07429179549217224,0.3437213897705078,0.04302683100104332,-0.023520102724432945,0.10762092471122742,0.992982029914856,0,0,0,0,0,0,0,0,0,0,0,0,0,0
1.146242380142212,-1.0,-0.005612492561340332,-0.016826778650283813,-0.02545487880706787,-0.04537683725357056,-0.006641778629273176,0.012177172116935253,0.0002788776473607868,-0.03976123407483101,0.03,1.25571870803833,-0.07429179549217224,0.3437213897705078,0.04302683100104332,-0.023520102724432945,0.10762092471122742,0.992982029914856,0,0,0,0,0,0,0,0,0,0,0,0,0,0
1.1477110385894775,-1.0,-0.005612492561340332,-0.016826778650283813,-0.02545487880706787,-0.04537683725357056,-0.006641778629273176,0.012177172116935253,0.0002788776473607868,-0.03976123407483101,0.03,1.25571870803833,-0.07429179549217224,0.3437213897705078,0.04302683100104332,-0.023520102724432945,0.10762092471122742,0.992982029914856,0,0,0,0,0,0,0,0,0,0,0,0,0,0
1.1488256454467773,-1.0,-0.005612492561340332,-0.016826778650283813,-0.02545487880706787,-0.04537683725357056,-0.006641778629273176,0.012177172116935253,0.0002788776473607868,-0.03976123407483101,0.03,1.25571870803833,-0.07429179549217224,0.3437213897705078,0.04302683100104332,-0.023520102724432945,0.10762092471122742,0.992982029914856,0,0,0,0,0,0,0,0,0,0,0,0,0,0
1.1498944759368896,-1.0,-0.005612492561340332,-0.016826778650283813,-0.02545487880706787,-0.04537683725357056,-0.006641778629273176,0.012177172116935253,0.0002788776473607868,-0.03976123407483101,0.03,1.25571870803833,-0.07429179549217224,0.3437213897705078,0.04302683100104332,-0.023520102724432945,0.10762092471122742,0.992982029914856,0,0,0,0,0,0,0,0,0,0,0,0,0,0
1.1510181427001953,-1.0,-0.005612492561340332,-0.016826778650283813,-0.02545487880706787,-0.04537683725357056,-0.006641778629273176,0.012177172116935253,0.0002788776473607868,-0.03976123407483101,0.03,1.25571870803833,-0.07429179549217224,0.3437213897705078,0.04302683100104332,-0.023520102724432945,0.10762092471122742,0.992982029914856,0,0,0,0,0,0,0,0,0,0,0,0,0,0
1.1521475315093994,-1.0,-0.005612492561340332,-0.016826778650283813,-0.02545487880706787,-0.04537683725357056,-0.006641778629273176,0.012177172116935253,0.0002788776473607868,-0.03976123407483101,0.03,1.25571870803833,-0.07429179549217224,0.3437213897705078,0.04302683100104332,-0.023520102724432945,0.10762092471122742,0.992982029914856,0,0,0,0,0,0,0,0,0,0,0,0,0,0
1.1533873081207275,-1.0,-0.005612492561340332,-0.016826778650283813,-0.02545487880706787,-0.04537683725357056,-0.006641778629273176,0.012177172116935253,0.0002788776473607868,-0.03976123407483101,0.03,1.25571870803833,-0.07429179549217224,0.3437213897705078,0.04302683100104332,-0.023520102724432945,0.10762092471122742,0.992982029914856,0,0,0,0,0,0,0,0,0,0,0,0,0,0
1.1551604270935059,-1.0,-0.005612492561340332,-0.016826778650283813,-0.02545487880706787,-0.04537683725357056,-0.006641778629273176,0.012177172116935253,0.0002788776473607868,-0.03976123407483101,0.03,1.25571870803833,-0.07429179549217224,0.3437213897705078,0.04302683100104332,-0.023520102724432945,0.10762092471122742,0.992982029914856,0,0,0,0,0,0,0,0,0,0,0,0,0,0
1.1562635898590088,-1.0,-0.005612492561340332,-0.016826778650283813,-0.02545487880706787,-0.04537683725357056,-0.006641778629273176,0.012177172116935253,0.0002788776473607868,-0.03976123407483101,0.03,1.2557235956192017,-0.07423526048660278,0.34377098083496094,0.043373953551054,-0.02357824705541134,0.11231137067079544,0.9924459457397461,0,0,0,0,0,0,0,0,0,0,0,0,0,0
1.1575641632080078,-1.0,-0.005612492561340332,-0.016826778650283813,-0.02545487880706787,-0.04537683725357056,-0.006641778629273176,0.012177172116935253,0.0002788776473607868,-0.03976123407483101,0.03,1.2557235956192017,-0.07423526048660278,0.34377098083496094,0.043373953551054,-0.02357824705541134,0.11231137067079544,0.9924459457397461,0,0,0,0,0,0,0,0,0,0,0,0,0,0
1.1587755680084229,-1.0,-0.005612492561340332,-0.016826778650283813,-0.02545487880706787,-0.04537683725357056,-0.006641778629273176,0.012177172116935253,0.0002788776473607868,-0.03976123407483101,0.03,1.2557235956192017,-0.07423526048660278,0.34377098083496094,0.043373953551054,-0.02357824705541134,0.11231137067079544,0.9924459457397461,0,0,0,0,0,0,0,0,0,0,0,0,0,0
1.1600966453552246,-1.0,-0.005612492561340332,-0.016826778650283813,-0.02545487880706787,-0.04537683725357056,-0.006641778629273176,0.012177172116935253,0.0002788776473607868,-0.03976123407483101,0.03,1.2557235956192017,-0.07423526048660278,0.34377098083496094,0.043373953551054,-0.02357824705541134,0.11231137067079544,0.9924459457397461,0,0,0,0,0,0,0,0,0,0,0,0,0,0
1.1612443923950195,-1.0,-0.005612492561340332,-0.016826778650283813,-0.02545487880706787,-0.04537683725357056,-0.006641778629273176,0.012177172116935253,0.0002788776473607868,-0.03976123407483101,0.03,1.2557235956192017,-0.07423526048660278,0.34377098083496094,0.043373953551054,-0.02357824705541134,0.11231137067079544,0.9924459457397461,0,0,0,0,0,0,0,0,0,0,0,0,0,0
1.1626465320587158,-1.0,-0.005612492561340332,-0.016826778650283813,-0.02545487880706787,-0.04537683725357056,-0.006641778629273176,0.012177172116935253,0.0002788776473607868,-0.03976123407483101,0.03,1.2557235956192017,-0.07423526048660278,0.34377098083496094,0.043373953551054,-0.02357824705541134,0.11231137067079544,0.9924459457397461,0,0,0,0,0,0,0,0,0,0,0,0,0,0
1.1638412475585938,-1.0,-0.005612492561340332,-0.016826778650283813,-0.02545487880706787,-0.04537683725357056,-0.006641778629273176,0.012177172116935253,0.0002788776473607868,-0.03976123407483101,0.03,1.2557138204574585,-0.07429556548595428,0.34373873472213745,0.043600741773843765,-0.02362997829914093,0.11322113871574402,0.9923313856124878,0,0,0,0,0,0,0,0,0,0,0,0,0,0
1.165048599243164,-1.0,-0.005612492561340332,-0.016826778650283813,-0.02545487880706787,-0.04537683725357056,-0.006641778629273176,0.012177172116935253,0.0002788776473607868,-0.03976123407483101,0.03,1.2557138204574585,-0.07429556548595428,0.34373873472213745,0.043600741773843765,-0.02362997829914093,0.11322113871574402,0.9923313856124878,0,0,0,0,0,0,0,0,0,0,0,0,0,0
1.1667695045471191,-1.0,-0.005612492561340332,-0.016826778650283813,-0.02545487880706787,-0.04537683725357056,-0.006641778629273176,0.012177172116935253,0.0002788776473607868,-0.03976123407483101,0.03,1.2557138204574585,-0.07429556548595428,0.34373873472213745,0.043600741773843765,-0.02362997829914093,0.11322113871574402,0.9923313856124878,0,0,0,0,0,0,0,0,0,0,0,0,0,0
1.1682615280151367,-1.0,-0.005612492561340332,-0.016826778650283813,-0.02545487880706787,-0.04537683725357056,-0.006641778629273176,0.012177172116935253,0.0002788776473607868,-0.03976123407483101,0.03,1.2557138204574585,-0.07429556548595428,0.34373873472213745,0.043600741773843765,-0.02362997829914093,0.11322113871574402,0.9923313856124878,0,0,0,0,0,0,0,0,0,0,0,0,0,0
1.1693823337554932,-1.0,-0.005612492561340332,-0.016826778650283813,-0.02545487880706787,-0.04537683725357056,-0.006641778629273176,0.012177172116935253,0.0002788776473607868,-0.03976123407483101,0.03,1.2557138204574585,-0.07429556548595428,0.34373873472213745,0.043600741773843765,-0.02362997829914093,0.11322113871574402,0.9923313856124878,0,0,0,0,0,0,0,0,0,0,0,0,0,0
1.170518398284912,-1.0,-0.005612492561340332,-0.016826778650283813,-0.02545487880706787,-0.04537683725357056,-0.006641778629273176,0.012177172116935253,0.0002788776473607868,-0.03976123407483101,0.03,1.2557138204574585,-0.07429556548595428,0.34373873472213745,0.043600741773843765,-0.02362997829914093,0.11322113871574402,0.9923313856124878,0,0,0,0,0,0,0,0,0,0,0,0,0,0
1.1716601848602295,-1.0,-0.005612492561340332,-0.016826778650283813,-0.02545487880706787,-0.04537683725357056,-0.006641778629273176,0.012177172116935253,0.0002788776473607868,-0.03976123407483101,0.03,1.2557138204574585,-0.07429556548595428,0.34373873472213745,0.043600741773843765,-0.02362997829914093,0.11322113871574402,0.9923313856124878,0,0,0,0,0,0,0,0,0,0,0,0,0,0
1.1731345653533936,-1.0,-0.005612492561340332,-0.016826778650283813,-0.02545487880706787,-0.04537683725357056,-0.006641778629273176,0.012177172116935253,0.0002788776473607868,-0.03976123407483101,0.03,1.2557138204574585,-0.07429556548595428,0.34373873472213745,0.043600741773843765,-0.02362997829914093,0.11322113871574402,0.9923313856124878,0,0,0,0,0,0,0,0,0,0,0,0,0,0
1.1742455959320068,-1.0,-0.005612492561340332,-0.016826778650283813,-0.02545487880706787,-0.04537683725357056,-0.006641778629273176,0.012177172116935253,0.0002788776473607868,-0.03976123407483101,0.03,1.2557138204574585,-0.07429556548595428,0.34373873472213745,0.043600741773843765,-0.02362997829914093,0.11322113871574402,0.9923313856124878,0,0,0,0,0,0,0,0,0,0,0,0,0,0
1.1754150390625,-1.0,-0.005612492561340332,-0.016826778650283813,-0.02545487880706787,-0.04537683725357056,-0.006641778629273176,0.012177172116935253,0.0002788776473607868,-0.03976123407483101,0.03,1.2557138204574585,-0.07429556548595428,0.34373873472213745,0.043600741773843765,-0.02362997829914093,0.11322113871574402,0.9923313856124878,0,0,0,0,0,0,0,0,0,0,0,0,0,0
1.1771492958068848,-1.0,-0.005612492561340332,-0.016826778650283813,-0.02545487880706787,-0.04537683725357056,-0.006641778629273176,0.012177172116935253,0.0002788776473607868,-0.03976123407483101,0.03,1.2557138204574585,-0.07429556548595428,0.34373873472213745,0.043600741773843765,-0.02362997829914093,0.11322113871574402,0.9923313856124878,0,0,0,0,0,0,0,0,0,0,0,0,0,0
1.1787805557250977,-1.0,-0.005612492561340332,-0.016826778650283813,-0.02545487880706787,-0.04537683725357056,-0.006641778629273176,0.012177172116935253,0.0002788776473607868,-0.03976123407483101,0.03,1.255721092224121,-0.07431474328041077,0.3437276780605316,0.04335406795144081,-0.023543598130345345,0.11047134548425674,0.9926542043685913,0,0,0,0,0,0,0,0,0,0,0,0,0,0
1.1802895069122314,-1.0,-0.005612492561340332,-0.016826778650283813,-0.02545487880706787,-0.04537683725357056,-0.006641778629273176,0.012177172116935253,0.0002788776473607868,-0.03976123407483101,0.03,1.255721092224121,-0.07431474328041077,0.3437276780605316,0.04335406795144081,-0.023543598130345345,0.11047134548425674,0.9926542043685913,0,0,0,0,0,0,0,0,0,0,0,0,0,0
1.1814560890197754,-1.0,-0.005612492561340332,-0.016826778650283813,-0.02545487880706787,-0.04537683725357056,-0.006641778629273176,0.012177172116935253,0.0002788776473607868,-0.03976123407483101,0.03,1.255721092224121,-0.07431474328041077,0.3437276780605316,0.04335406795144081,-0.023543598130345345,0.11047134548425674,0.9926542043685913,0,0,0,0,0,0,0,0,0,0,0,0,0,0
1.1851890087127686,-1.0,-0.005612492561340332,-0.016826778650283813,-0.02545487880706787,-0.04537683725357056,-0.006641778629273176,0.012177172116935253,0.0002788776473607868,-0.03976123407483101,0.03,1.2557332515716553,-0.07429090142250061,0.3438010811805725,0.043330639600753784,-0.023601697757840157,0.11139508336782455,0.9925506114959717,0,0,0,0,0,0,0,0,0,0,0,0,0,0
1.1865825653076172,-1.0,-0.005612492561340332,-0.016826778650283813,-0.02545487880706787,-0.04537683725357056,-0.006641778629273176,0.012177172116935253,0.0002788776473607868,-0.03976123407483101,0.03,1.2557332515716553,-0.07429090142250061,0.3438010811805725,0.043330639600753784,-0.023601697757840157,0.11139508336782455,0.9925506114959717,0,0,0,0,0,0,0,0,0,0,0,0,0,0
1.1877655982971191,-1.0,-0.005612492561340332,-0.016826778650283813,-0.02545487880706787,-0.04537683725357056,-0.006641778629273176,0.012177172116935253,0.0002788776473607868,-0.03976123407483101,0.03,1.2557332515716553,-0.07429090142250061,0.3438010811805725,0.043330639600753784,-0.023601697757840157,0.11139508336782455,0.9925506114959717,0,0,0,0,0,0,0,0,0,0,0,0,0,0
1.189528465270996,-1.0,-0.005612492561340332,-0.016826778650283813,-0.02545487880706787,-0.04537683725357056,-0.006641778629273176,0.012177172116935253,0.0002788776473607868,-0.03976123407483101,0.03,1.2557332515716553,-0.07429090142250061,0.3438010811805725,0.043330639600753784,-0.023601697757840157,0.11139508336782455,0.9925506114959717,0,0,0,0,0,0,0,0,0,0,0,0,0,0
1.19073486328125,-1.0,-0.005612492561340332,-0.016826778650283813,-0.02545487880706787,-0.04537683725357056,-0.006641778629273176,0.012177172116935253,0.0002788776473607868,-0.03976123407483101,0.03,1.255730152130127,-0.07424543797969818,0.34380996227264404,0.043227020651102066,-0.023533282801508904,0.11058409512042999,0.9926474094390869,0,0,0,0,0,0,0,0,0,0,0,0,0,0
1.1918864250183105,-1.0,-0.005612492561340332,-0.016826778650283813,-0.02545487880706787,-0.04537683725357056,-0.006641778629273176,0.012177172116935253,0.0002788776473607868,-0.03976123407483101,0.03,1.255730152130127,-0.07424543797969818,0.34380996227264404,0.043227020651102066,-0.023533282801508904,0.11058409512042999,0.9926474094390869,0,0,0,0,0,0,0,0,0,0,0,0,0,0
1.1930387020111084,-1.0,-0.005612492561340332,-0.016826778650283813,-0.02545487880706787,-0.04537683725357056,-0.006641778629273176,0.012177172116935253,0.0002788776473607868,-0.03976123407483101,0.03,1.255730152130127,-0.07424543797969818,0.34380996227264404,0.043227020651102066,-0.023533282801508904,0.11058409512042999,0.9926474094390869,0,0,0,0,0,0,0,0,0,0,0,0,0,0
1.1942248344421387,-1.0,-0.005612492561340332,-0.016826778650283813,-0.02545487880706787,-0.04537683725357056,-0.006641778629273176,0.012177172116935253,0.0002788776473607868,-0.03976123407483101,0.03,1.255730152130127,-0.07424543797969818,0.34380996227264404,0.043227020651102066,-0.023533282801508904,0.11058409512042999,0.9926474094390869,0,0,0,0,0,0,0,0,0,0,0,0,0,0
1.1955962181091309,-1.0,-0.005612492561340332,-0.016826778650283813,-0.02545487880706787,-0.04537683725357056,-0.006641778629273176,0.012177172116935253,0.0002788776473607868,-0.03976123407483101,0.03,1.255730152130127,-0.07424543797969818,0.34380996227264404,0.043227020651102066,-0.023533282801508904,0.11058409512042999,0.9926474094390869,0,0,0,0,0,0,0,0,0,0,0,0,0,0
1.1966581344604492,-1.0,-0.005612492561340332,-0.016826778650283813,-0.02545487880706787,-0.04537683725357056,-0.006641778629273176,0.012177172116935253,0.0002788776473607868,-0.03976123407483101,0.03,1.255730152130127,-0.07424543797969818,0.34380996227264404,0.043227020651102066,-0.023533282801508904,0.11058409512042999,0.9926474094390869,0,0,0,0,0,0,0,0,0,0,0,0,0,0
1.1977181434631348,-1.0,-0.005612492561340332,-0.016826778650283813,-0.02545487880706787,-0.04537683725357056,-0.006641778629273176,0.012177172116935253,0.0002788776473607868,-0.03976123407483101,0.03,1.255730152130127,-0.07424543797969818,0.34380996227264404,0.043227020651102066,-0.023533282801508904,0.11058409512042999,0.9926474094390869,0,0,0,0,0,0,0,0,0,0,0,0,0,0
1.2002694606781006,-1.0,-0.005612492561340332,-0.016826778650283813,-0.02545487880706787,-0.04537683725357056,-0.006641778629273176,0.012177172116935253,0.0002788776473607868,-0.03976123407483101,0.03,1.255730152130127,-0.07424543797969818,0.34380996227264404,0.043227020651102066,-0.023533282801508904,0.11058409512042999,0.9926474094390869,0,0,0,0,0,0,0,0,0,0,0,0,0,0
1.201627254486084,-1.0,-0.005612492561340332,-0.016826778650283813,-0.02545487880706787,-0.04537683725357056,-0.006641778629273176,0.012177172116935253,0.0002788776473607868,-0.03976123407483101,0.03,1.255730152130127,-0.07424543797969818,0.34380996227264404,0.043227020651102066,-0.023533282801508904,0.11058409512042999,0.9926474094390869,0,0,0,0,0,0,0,0,0,0,0,0,0,0
1.2036025524139404,-1.0,-0.005612492561340332,-0.016826778650283813,-0.02545487880706787,-0.04537683725357056,-0.006641778629273176,0.012177172116935253,0.0002788776473607868,-0.03976123407483101,0.03,1.255730152130127,-0.07424543797969818,0.34380996227264404,0.043227020651102066,-0.023533282801508904,0.11058409512042999,0.9926474094390869,0,0,0,0,0,0,0,0,0,0,0,0,0,0
1.20489501953125,-1.0,-0.005612492561340332,-0.016826778650283813,-0.02545487880706787,-0.04537683725357056,-0.006641778629273176,0.012177172116935253,0.0002788776473607868,-0.03976123407483101,0.03,1.255730152130127,-0.07424543797969818,0.34380996227264404,0.043227020651102066,-0.023533282801508904,0.11058409512042999,0.9926474094390869,0,0,0,0,0,0,0,0,0,0,0,0,0,0
1.206775188446045,-1.0,-0.005612492561340332,-0.016826778650283813,-0.02545487880706787,-0.04537683725357056,-0.006641778629273176,0.012177172116935253,0.0002788776473607868,-0.03976123407483101,0.03,1.255730152130127,-0.07424543797969818,0.34380996227264404,0.043227020651102066,-0.023533282801508904,0.11058409512042999,0.9926474094390869,0,0,0,0,0,0,0,0,0,0,0,0,0,0
1.2083158493041992,-1.0,-0.005612492561340332,-0.016826778650283813,-0.02545487880706787,-0.04537683725357056,-0.006641778629273176,0.012177172116935253,0.0002788776473607868,-0.03976123407483101,0.03,1.255730152130127,-0.07424543797969818,0.34380996227264404,0.043227020651102066,-0.023533282801508904,0.11058409512042999,0.9926474094390869,0,0,0,0,0,0,0,0,0,0,0,0,0,0
1.2094202041625977,-1.0,-0.005612492561340332,-0.016826778650283813,-0.02545487880706787,-0.04537683725357056,-0.006641778629273176,0.012177172116935253,0.0002788776473607868,-0.03976123407483101,0.03,1.255730152130127,-0.07424543797969818,0.34380996227264404,0.043227020651102066,-0.023533282801508904,0.11058409512042999,0.9926474094390869,0,0,0,0,0,0,0,0,0,0,0,0,0,0
1.2105631828308105,-1.0,-0.005612015724182129,-0.016827255487442017,-0.02546161413192749,-0.04536592960357666,-0.007665592711418867,0.008535673841834068,0.008193696849048138,-0.005336655303835869,0.03,1.255730152130127,-0.07424543797969818,0.34380996227264404,0.043227020651102066,-0.023533282801508904,0.11058409512042999,0.9926474094390869,0,0,0,0,0,0,0,0,0,0,0,0,0,0
1.2116656303405762,-1.0,-0.005612015724182129,-0.016827255487442017,-0.02546161413192749,-0.04536592960357666,-0.007665592711418867,0.008535673841834068,0.008193696849048138,-0.005336655303835869,0.03,1.2557294368743896,-0.07429590821266174,0.3437475860118866,0.04325827583670616,-0.02356289140880108,0.11101426929235458,0.9925973415374756,0,0,0,0,0,0,0,0,0,0,0,0,0,0
1.2130935192108154,-1.0,-0.005612015724182129,-0.016827255487442017,-0.02546161413192749,-0.04536592960357666,-0.007665592711418867,0.008535673841834068,0.008193696849048138,-0.005336655303835869,0.03,1.2557294368743896,-0.07429590821266174,0.3437475860118866,0.04325827583670616,-0.02356289140880108,0.11101426929235458,0.9925973415374756,0,0,0,0,0,0,0,0,0,0,0,0,0,0
1.215266466140747,-1.0,-0.005612313747406006,-0.016831211745738983,-0.025462806224822998,-0.04536086320877075,-0.008599474094808102,0.0022426703944802284,0.04549498111009598,-0.00563643267378211,0.03,1.2557294368743896,-0.07429590821266174,0.3437475860118866,0.04325827583670616,-0.02356289140880108,0.11101426929235458,0.9925973415374756,0,0,0,0,0,0,0,0,0,0,0,0,0,0
1.2166635990142822,-1.0,-0.005612194538116455,-0.016827374696731567,-0.02546781301498413,-0.04539060592651367,-0.008683250285685062,0.010932216420769691,0.03941284492611885,-0.005319265648722649,0.03,1.2557294368743896,-0.07429590821266174,0.3437475860118866,0.04325827583670616,-0.02356289140880108,0.11101426929235458,0.9925973415374756,0,0,0,0,0,0,0,0,0,0,0,0,0,0
1.2179145812988281,-1.0,-0.005612194538116455,-0.016827374696731567,-0.02546781301498413,-0.04539060592651367,-0.008683250285685062,0.010932216420769691,0.03941284492611885,-0.005319265648722649,0.03,1.2557294368743896,-0.07429590821266174,0.3437475860118866,0.04325827583670616,-0.02356289140880108,0.11101426929235458,0.9925973415374756,0,0,0,0,0,0,0,0,0,0,0,0,0,0
1.219071865081787,-1.0,-0.005612194538116455,-0.016827374696731567,-0.02546781301498413,-0.04539060592651367,-0.008683250285685062,0.010932216420769691,0.03941284492611885,-0.005319265648722649,0.03,1.2557294368743896,-0.07429590821266174,0.3437475860118866,0.04325827583670616,-0.02356289140880108,0.11101426929235458,0.9925973415374756,0,0,0,0,0,0,0,0,0,0,0,0,0,0
1.2204217910766602,-1.0,-0.005612194538116455,-0.016827374696731567,-0.02546781301498413,-0.04539060592651367,-0.008683250285685062,0.010932216420769691,0.03941284492611885,-0.005319265648722649,0.03,1.2557294368743896,-0.07429590821266174,0.3437475860118866,0.04325827583670616,-0.02356289140880108,0.11101426929235458,0.9925973415374756,0,0,0,0,0,0,0,0,0,0,0,0,0,0
1.2222998142242432,-1.0,-0.005612015724182129,-0.016827479004859924,-0.02544933557510376,-0.04536080360412598,-0.006971845403313637,0.013660326600074768,0.03868899121880531,-0.0035923307295888662,0.03,1.2557294368743896,-0.07429590821266174,0.3437475860118866,0.04325827583670616,-0.02356289140880108,0.11101426929235458,0.9925973415374756,0,0,0,0,0,0,0,0,0,0,0,0,0,0
1.223442792892456,-1.0,-0.005612194538116455,-0.01683635264635086,-0.025446772575378418,-0.04536306858062744,-0.009393072687089443,-0.008665942586958408,-0.0004227618919685483,-0.04495903104543686,0.03,1.2557294368743896,-0.07429590821266174,0.3437475860118866,0.04325827583670616,-0.02356289140880108,0.11101426929235458,0.9925973415374756,0,0,0,0,0,0,0,0,0,0,0,0,0,0
1.2246370315551758,-1.0,-0.005612194538116455,-0.01682744175195694,-0.025448322296142578,-0.045372605323791504,-0.00955942738801241,0.009381428360939026,-0.017200283706188202,-0.0034571015276014805,0.03,1.2557294368743896,-0.07429590821266174,0.3437475860118866,0.04325827583670616,-0.02356289140880108,0.11101426929235458,0.9925973415374756,0,0,0,0,0,0,0,0,0,0,0,0,0,0
1.2258524894714355,-1.0,-0.005612194538116455,-0.01682744175195694,-0.025448322296142578,-0.045372605323791504,-0.00955942738801241,0.009381428360939026,-0.017200283706188202,-0.0034571015276014805,0.03,1.2557294368743896,-0.07429590821266174,0.3437475860118866,0.04325827583670616,-0.02356289140880108,0.11101426929235458,0.9925973415374756,0,0,0,0,0,0,0,0,0,0,0,0,0,0
1.2271091938018799,-1.0,-0.005612194538116455,-0.01682744175195694,-0.025448322296142578,-0.045372605323791504,-0.00955942738801241,0.009381428360939026,-0.017200283706188202,-0.0034571015276014805,0.03,1.2557294368743896,-0.07429590821266174,0.3437475860118866,0.04325827583670616,-0.02356289140880108,0.11101426929235458,0.9925973415374756,0,0,0,0,0,0,0,0,0,0,0,0,0,0
1.2283647060394287,-1.0,-0.005612194538116455,-0.01682744175195694,-0.025448322296142578,-0.045372605323791504,-0.00955942738801241,0.009381428360939026,-0.017200283706188202,-0.0034571015276014805,0.03,1.2557294368743896,-0.07429590821266174,0.3437475860118866,0.04325827583670616,-0.02356289140880108,0.11101426929235458,0.9925973415374756,0,0,0,0,0,0,0,0,0,0,0,0,0,0
1.229649543762207,-1.0,-0.005612194538116455,-0.01682744175195694,-0.025448322296142578,-0.045372605323791504,-0.00955942738801241,0.009381428360939026,-0.017200283706188202,-0.0034571015276014805,0.03,1.2557294368743896,-0.07429590821266174,0.3437475860118866,0.04325827583670616,-0.02356289140880108,0.11101426929235458,0.9925973415374756,0,0,0,0,0,0,0,0,0,0,0,0,0,0
1.2308239936828613,-1.0,-0.005612194538116455,-0.01682744175195694,-0.025448322296142578,-0.045372605323791504,-0.00955942738801241,0.009381428360939026,-0.017200283706188202,-0.0034571015276014805,0.03,1.2556917667388916,-0.07440834492444992,0.3436826765537262,0.04379377141594887,-0.024044476449489594,0.10778291523456573,0.9929183721542358,0,0,0,0,0,0,0,0,0,0,0,0,0,0
1.2323641777038574,-1.0,-0.005612194538116455,-0.01682744175195694,-0.025448322296142578,-0.045372605323791504,-0.00955942738801241,0.009381428360939026,-0.017200283706188202,-0.0034571015276014805,0.03,1.255692720413208,-0.074397012591362,0.34370285272598267,0.04350614547729492,-0.0239979550242424,0.10373131930828094,0.993363618850708,0,0,0,0,0,0,0,0,0,0,0,0,0,0
1.2334790229797363,-1.0,-0.005612194538116455,-0.01682744175195694,-0.025448322296142578,-0.045372605323791504,-0.00955942738801241,0.009381428360939026,-0.017200283706188202,-0.0034571015276014805,0.03,1.255692720413208,-0.074397012591362,0.34370285272598267,0.04350614547729492,-0.0239979550242424,0.10373131930828094,0.993363618850708,0,0,0,0,0,0,0,0,0,0,0,0,0,0
1.234856128692627,-1.0,-0.005612194538116455,-0.01682744175195694,-0.025448322296142578,-0.045372605323791504,-0.00955942738801241,0.009381428360939026,-0.017200283706188202,-0.0034571015276014805,0.03,1.255692720413208,-0.074397012591362,0.34370285272598267,0.04350614547729492,-0.0239979550242424,0.10373131930828094,0.993363618850708,0,0,0,0,0,0,0,0,0,0,0,0,0,0
1.2363126277923584,-1.0,-0.005612194538116455,-0.01682744175195694,-0.025448322296142578,-0.045372605323791504,-0.00955942738801241,0.009381428360939026,-0.017200283706188202,-0.0034571015276014805,0.03,1.255692720413208,-0.074397012591362,0.34370285272598267,0.04350614547729492,-0.0239979550242424,0.10373131930828094,0.993363618850708,0,0,0,0,0,0,0,0,0,0,0,0,0,0
1.237574815750122,-1.0,-0.005612194538116455,-0.01682744175195694,-0.025448322296142578,-0.045372605323791504,-0.00955942738801241,0.009381428360939026,-0.017200283706188202,-0.0034571015276014805,0.03,1.255692720413208,-0.074397012591362,0.34370285272598267,0.04350614547729492,-0.0239979550242424,0.10373131930828094,0.993363618850708,0,0,0,0,0,0,0,0,0,0,0,0,0,0
1.238785743713379,-1.0,-0.005612194538116455,-0.01682744175195694,-0.025448322296142578,-0.045372605323791504,-0.00955942738801241,0.009381428360939026,-0.017200283706188202,-0.0034571015276014805,0.03,1.255692720413208,-0.074397012591362,0.34370285272598267,0.04350614547729492,-0.0239979550242424,0.10373131930828094,0.993363618850708,0,0,0,0,0,0,0,0,0,0,0,0,0,0
1.2400577068328857,-1.0,-0.005612194538116455,-0.01682744175195694,-0.025448322296142578,-0.045372605323791504,-0.00955942738801241,0.009381428360939026,-0.017200283706188202,-0.0034571015276014805,0.03,1.255692720413208,-0.074397012591362,0.34370285272598267,0.04350614547729492,-0.0239979550242424,0.10373131930828094,0.993363618850708,0,0,0,0,0,0,0,0,0,0,0,0,0,0
1.242680549621582,-1.0,-0.005612194538116455,-0.01682744175195694,-0.025448322296142578,-0.045372605323791504,-0.00955942738801241,0.009381428360939026,-0.017200283706188202,-0.0034571015276014805,0.03,1.255692720413208,-0.074397012591362,0.34370285272598267,0.04350614547729492,-0.0239979550242424,0.10373131930828094,0.993363618850708,0,0,0,0,0,0,0,0,0,0,0,0,0,0
1.2438695430755615,-1.0,-0.0056119561195373535,-0.01682647317647934,-0.025461196899414062,-0.045360445976257324,-0.00738391513004899,0.013102956116199493,0.007735989056527615,0.0006819619447924197,0.03,1.255692720413208,-0.074397012591362,0.34370285272598267,0.04350614547729492,-0.0239979550242424,0.10373131930828094,0.993363618850708,0,0,0,0,0,0,0,0,0,0,0,0,0,0
1.2451171875,-1.0,-0.005612194538116455,-0.016834884881973267,-0.025467514991760254,-0.04536104202270508,-0.0039361692033708096,-0.0008054079953581095,0.0187995582818985,-0.0061798496171832085,0.03,1.255692720413208,-0.074397012591362,0.34370285272598267,0.04350614547729492,-0.0239979550242424,0.10373131930828094,0.993363618850708,0,0,0,0,0,0,0,0,0,0,0,0,0,0
1.2465267181396484,-1.0,-0.005612194538116455,-0.016834884881973267,-0.025467514991760254,-0.04536104202270508,-0.0039361692033708096,-0.0008054079953581095,0.0187995582818985,-0.0061798496171832085,0.03,1.255692720413208,-0.074397012591362,0.34370285272598267,0.04350614547729492,-0.0239979550242424,0.10373131930828094,0.993363618850708,0,0,0,0,0,0,0,0,0,0,0,0,0,0
1.2489550113677979,-1.0,-0.005612194538116455,-0.016838349401950836,-0.025458335876464844,-0.04536181688308716,-0.00955820269882679,-0.008428109809756279,0.02284594438970089,-0.023671872913837433,0.03,1.255692720413208,-0.074397012591362,0.34370285272598267,0.04350614547729492,-0.0239979550242424,0.10373131930828094,0.993363618850708,0,0,0,0,0,0,0,0,0,0,0,0,0,0
1.2518935203552246,-1.0,-0.005612313747406006,-0.016839228570461273,-0.02546900510787964,-0.045362651348114014,-0.009227041155099869,-0.0009242487722076476,0.019860196858644485,-0.008402342908084393,0.03,1.255692720413208,-0.074397012591362,0.34370285272598267,0.04350614547729492,-0.0239979550242424,0.10373131930828094,0.993363618850708,0,0,0,0,0,0,0,0,0,0,0,0,0,0
1.2529942989349365,-1.0,-0.005612313747406006,-0.016839228570461273,-0.02546900510787964,-0.045362651348114014,-0.009227041155099869,-0.0009242487722076476,0.019860196858644485,-0.008402342908084393,0.03,1.255692720413208,-0.074397012591362,0.34370285272598267,0.04350614547729492,-0.0239979550242424,0.10373131930828094,0.993363618850708,0,0,0,0,0,0,0,0,0,0,0,0,0,0
1.254204273223877,-1.0,-0.005612313747406006,-0.016839228570461273,-0.02546900510787964,-0.045362651348114014,-0.009227041155099869,-0.0009242487722076476,0.019860196858644485,-0.008402342908084393,0.03,1.255692720413208,-0.074397012591362,0.34370285272598267,0.04350614547729492,-0.0239979550242424,0.10373131930828094,0.993363618850708,0,0,0,0,0,0,0,0,0,0,0,0,0,0
1.2553637027740479,-1.0,-0.005612313747406006,-0.016839228570461273,-0.02546900510787964,-0.045362651348114014,-0.009227041155099869,-0.0009242487722076476,0.019860196858644485,-0.008402342908084393,0.03,1.255692720413208,-0.074397012591362,0.34370285272598267,0.04350614547729492,-0.0239979550242424,0.10373131930828094,0.993363618850708,0,0,0,0,0,0,0,0,0,0,0,0,0,0
1.2564551830291748,-1.0,-0.005612313747406006,-0.016839228570461273,-0.02546900510787964,-0.045362651348114014,-0.009227041155099869,-0.0009242487722076476,0.019860196858644485,-0.008402342908084393,0.03,1.255692720413208,-0.074397012591362,0.34370285272598267,0.04350614547729492,-0.0239979550242424,0.10373131930828094,0.993363618850708,0,0,0,0,0,0,0,0,0,0,0,0,0,0
1.2582857608795166,-1.0,-0.005612313747406006,-0.016839228570461273,-0.02546900510787964,-0.045362651348114014,-0.009227041155099869,-0.0009242487722076476,0.019860196858644485,-0.008402342908084393,0.03,1.255692720413208,-0.074397012591362,0.34370285272598267,0.04350614547729492,-0.0239979550242424,0.10373131930828094,0.993363618850708,0,0,0,0,0,0,0,0,0,0,0,0,0,0
1.2597355842590332,-1.0,-0.005612313747406006,-0.016839228570461273,-0.02546900510787964,-0.045362651348114014,-0.009227041155099869,-0.0009242487722076476,0.019860196858644485,-0.008402342908084393,0.03,1.255692720413208,-0.074397012591362,0.34370285272598267,0.04350614547729492,-0.0239979550242424,0.10373131930828094,0.993363618850708,0,0,0,0,0,0,0,0,0,0,0,0,0,0
1.2628796100616455,-1.0,-0.005612492561340332,-0.016836196184158325,-0.0254591703414917,-0.04537332057952881,-0.010606714524328709,-0.0070125083439052105,0.005436302162706852,-0.029401306062936783,0.03,1.255692720413208,-0.074397012591362,0.34370285272598267,0.04350614547729492,-0.0239979550242424,0.10373131930828094,0.993363618850708,0,0,0,0,0,0,0,0,0,0,0,0,0,0
1.2645533084869385,-1.0,-0.005612313747406006,-0.016832910478115082,-0.025457322597503662,-0.045360684394836426,-0.009260554797947407,0.0016543029341846704,-0.00013661375851370394,-0.0037348575424402952,0.03,1.2556871175765991,-0.07434159517288208,0.3437795042991638,0.043303582817316055,-0.023964686319231987,0.10263730585575104,0.9934868812561035,0,0,0,0,0,0,0,0,0,0,0,0,0,0
1.2657413482666016,-1.0,-0.005612313747406006,-0.016833961009979248,-0.025444209575653076,-0.04536813497543335,-0.008929530158638954,0.00687731709331274,-0.02666539140045643,-0.016556555405259132,0.03,1.2556871175765991,-0.07434159517288208,0.3437795042991638,0.043303582817316055,-0.023964686319231987,0.10263730585575104,0.9934868812561035,0,0,0,0,0,0,0,0,0,0,0,0,0,0
1.2673101425170898,-1.0,-0.005612194538116455,-0.016846247017383575,-0.02545177936553955,-0.045365095138549805,-0.008599678985774517,-0.029902957379817963,-0.0008440578239969909,-0.010219791904091835,0.03,1.2556871175765991,-0.07434159517288208,0.3437795042991638,0.043303582817316055,-0.023964686319231987,0.10263730585575104,0.9934868812561035,0,0,0,0,0,0,0,0,0,0,0,0,0,0
1.2697944641113281,-1.0,-0.005612194538116455,-0.016846247017383575,-0.02545177936553955,-0.045365095138549805,-0.008599678985774517,-0.029902957379817963,-0.0008440578239969909,-0.010219791904091835,0.03,1.2556871175765991,-0.07434159517288208,0.3437795042991638,0.043303582817316055,-0.023964686319231987,0.10263730585575104,0.9934868812561035,0,0,0,0,0,0,0,0,0,0,0,0,0,0
1.2711801528930664,-1.0,-0.005612194538116455,-0.016846247017383575,-0.02545177936553955,-0.045365095138549805,-0.008599678985774517,-0.029902957379817963,-0.0008440578239969909,-0.010219791904091835,0.03,1.2556871175765991,-0.07434159517288208,0.3437795042991638,0.043303582817316055,-0.023964686319231987,0.10263730585575104,0.9934868812561035,0,0,0,0,0,0,0,0,0,0,0,0,0,0
1.272458553314209,-1.0,-0.005612194538116455,-0.016846247017383575,-0.02545177936553955,-0.045365095138549805,-0.008599678985774517,-0.029902957379817963,-0.0008440578239969909,-0.010219791904091835,0.03,1.2556871175765991,-0.07434159517288208,0.3437795042991638,0.043303582817316055,-0.023964686319231987,0.10263730585575104,0.9934868812561035,0,0,0,0,0,0,0,0,0,0,0,0,0,0
1.2735648155212402,-1.0,-0.005612194538116455,-0.016846247017383575,-0.02545177936553955,-0.045365095138549805,-0.008599678985774517,-0.029902957379817963,-0.0008440578239969909,-0.010219791904091835,0.03,1.2556871175765991,-0.07434159517288208,0.3437795042991638,0.043303582817316055,-0.023964686319231987,0.10263730585575104,0.9934868812561035,0,0,0,0,0,0,0,0,0,0,0,0,0,0
1.2749686241149902,-1.0,-0.005612194538116455,-0.016846247017383575,-0.02545177936553955,-0.045365095138549805,-0.008599678985774517,-0.029902957379817963,-0.0008440578239969909,-0.010219791904091835,0.03,1.2556871175765991,-0.07434159517288208,0.3437795042991638,0.043303582817316055,-0.023964686319231987,0.10263730585575104,0.9934868812561035,0,0,0,0,0,0,0,0,0,0,0,0,0,0
1.2764818668365479,-1.0,-0.005612194538116455,-0.016846247017383575,-0.02545177936553955,-0.045365095138549805,-0.008599678985774517,-0.029902957379817963,-0.0008440578239969909,-0.010219791904091835,0.03,1.2556871175765991,-0.07434159517288208,0.3437795042991638,0.043303582817316055,-0.023964686319231987,0.10263730585575104,0.9934868812561035,0,0,0,0,0,0,0,0,0,0,0,0,0,0
1.2798066139221191,-1.0,-0.005612194538116455,-0.016846247017383575,-0.02545177936553955,-0.045365095138549805,-0.008599678985774517,-0.029902957379817963,-0.0008440578239969909,-0.010219791904091835,0.03,1.2556871175765991,-0.07434159517288208,0.3437795042991638,0.043303582817316055,-0.023964686319231987,0.10263730585575104,0.9934868812561035,0,0,0,0,0,0,0,0,0,0,0,0,0,0
1.2812354564666748,-1.0,-0.005612194538116455,-0.016846247017383575,-0.02545177936553955,-0.045365095138549805,-0.008599678985774517,-0.029902957379817963,-0.0008440578239969909,-0.010219791904091835,0.03,1.2556871175765991,-0.07434159517288208,0.3437795042991638,0.043303582817316055,-0.023964686319231987,0.10263730585575104,0.9934868812561035,0,0,0,0,0,0,0,0,0,0,0,0,0,0
1.2837121486663818,-1.0,-0.005612194538116455,-0.016846247017383575,-0.02545177936553955,-0.045365095138549805,-0.008599678985774517,-0.029902957379817963,-0.0008440578239969909,-0.010219791904091835,0.03,1.2556871175765991,-0.07434159517288208,0.3437795042991638,0.043303582817316055,-0.023964686319231987,0.10263730585575104,0.9934868812561035,0,0,0,0,0,0,0,0,0,0,0,0,0,0
1.2855937480926514,-1.0,-0.005612313747406006,-0.016836129128932953,-0.025455176830291748,-0.04536128044128418,-0.009013651870191097,-0.011421151459217072,0.001948277815245092,-0.009826569817960262,0.03,1.2556871175765991,-0.07434159517288208,0.3437795042991638,0.043303582817316055,-0.023964686319231987,0.10263730585575104,0.9934868812561035,0,0,0,0,0,0,0,0,0,0,0,0,0,0
1.2882192134857178,-1.0,-0.005612194538116455,-0.016826242208480835,-0.025450170040130615,-0.045361101627349854,-0.008882028050720692,0.015247155912220478,-0.009389045648276806,-0.008563713170588017,0.03,1.2557300329208374,-0.074253611266613,0.343811959028244,0.04279540479183197,-0.023491138592362404,0.10589856654405594,0.9931778311729431,0,0,0,0,0,0,0,0,0,0,0,0,0,0
1.2895934581756592,-1.0,-0.005612194538116455,-0.016826242208480835,-0.025450170040130615,-0.045361101627349854,-0.008882028050720692,0.015247155912220478,-0.009389045648276806,-0.008563713170588017,0.03,1.2557300329208374,-0.074253611266613,0.343811959028244,0.04279540479183197,-0.023491138592362404,0.10589856654405594,0.9931778311729431,0,0,0,0,0,0,0,0,0,0,0,0,0,0
1.2907521724700928,-1.0,-0.005612194538116455,-0.016826242208480835,-0.025450170040130615,-0.045361101627349854,-0.008882028050720692,0.015247155912220478,-0.009389045648276806,-0.008563713170588017,0.03,1.2557300329208374,-0.074253611266613,0.343811959028244,0.04279540479183197,-0.023491138592362404,0.10589856654405594,0.9931778311729431,0,0,0,0,0,0,0,0,0,0,0,0,0,0
1.2924785614013672,-1.0,-0.005612194538116455,-0.01685335487127304,-0.025439977645874023,-0.04536402225494385,-0.009378920309245586,-0.046655964106321335,-0.02400708943605423,-0.01201339066028595,0.03,1.2557300329208374,-0.074253611266613,0.343811959028244,0.04279540479183197,-0.023491138592362404,0.10589856654405594,0.9931778311729431,0,0,0,0,0,0,0,0,0,0,0,0,0,0
1.2940638065338135,-1.0,-0.005612313747406006,-0.016828373074531555,-0.025458872318267822,-0.045368850231170654,-0.009255396202206612,0.013703283853828907,0.007998773828148842,-0.023701194673776627,0.03,1.2557300329208374,-0.074253611266613,0.343811959028244,0.04279540479183197,-0.023491138592362404,0.10589856654405594,0.9931778311729431,0,0,0,0,0,0,0,0,0,0,0,0,0,0
1.2952942848205566,-1.0,-0.005612313747406006,-0.01684359461069107,-0.025448501110076904,-0.045362234115600586,-0.00875834096223116,-0.02634255774319172,-0.01845826953649521,-0.005252965725958347,0.03,1.2557300329208374,-0.074253611266613,0.343811959028244,0.04279540479183197,-0.023491138592362404,0.10589856654405594,0.9931778311729431,0,0,0,0,0,0,0,0,0,0,0,0,0,0
1.2964441776275635,-1.0,-0.005612313747406006,-0.01684359461069107,-0.025448501110076904,-0.045362234115600586,-0.00875834096223116,-0.02634255774319172,-0.01845826953649521,-0.005252965725958347,0.03,1.2557300329208374,-0.074253611266613,0.343811959028244,0.04279540479183197,-0.023491138592362404,0.10589856654405594,0.9931778311729431,0,0,0,0,0,0,0,0,0,0,0,0,0,0
1.2976300716400146,-1.0,-0.005612313747406006,-0.01684359461069107,-0.025448501110076904,-0.045362234115600586,-0.00875834096223116,-0.02634255774319172,-0.01845826953649521,-0.005252965725958347,0.03,1.2557300329208374,-0.074253611266613,0.343811959028244,0.04279540479183197,-0.023491138592362404,0.10589856654405594,0.9931778311729431,0,0,0,0,0,0,0,0,0,0,0,0,0,0
1.2991087436676025,-1.0,-0.005612313747406006,-0.01684359461069107,-0.025448501110076904,-0.045362234115600586,-0.00875834096223116,-0.02634255774319172,-0.01845826953649521,-0.005252965725958347,0.03,1.2557300329208374,-0.074253611266613,0.343811959028244,0.04279540479183197,-0.023491138592362404,0.10589856654405594,0.9931778311729431,0,0,0,0,0,0,0,0,0,0,0,0,0,0
1.3004405498504639,-1.0,-0.005612313747406006,-0.01684359461069107,-0.025448501110076904,-0.045362234115600586,-0.00875834096223116,-0.02634255774319172,-0.01845826953649521,-0.005252965725958347,0.03,1.2557300329208374,-0.074253611266613,0.343811959028244,0.04279540479183197,-0.023491138592362404,0.10589856654405594,0.9931778311729431,0,0,0,0,0,0,0,0,0,0,0,0,0,0
1.3015649318695068,-1.0,-0.005612313747406006,-0.01684359461069107,-0.025448501110076904,-0.045362234115600586,-0.00875834096223116,-0.02634255774319172,-0.01845826953649521,-0.005252965725958347,0.03,1.2557300329208374,-0.074253611266613,0.343811959028244,0.04279540479183197,-0.023491138592362404,0.10589856654405594,0.9931778311729431,0,0,0,0,0,0,0,0,0,0,0,0,0,0
1.3048348426818848,-1.0,-0.005612194538116455,-0.01683861017227173,-0.025436878204345703,-0.04536682367324829,-0.009599256329238415,-0.01861821860074997,-0.043639253824949265,-0.014615465886890888,0.03,1.2556885480880737,-0.07441675662994385,0.3437059819698334,0.0437551885843277,-0.024002285674214363,0.10669919848442078,0.9930381178855896,0,0,0,0,0,0,0,0,0,0,0,0,0,0
1.3061652183532715,-1.0,-0.005612730979919434,-0.016830995678901672,-0.025459647178649902,-0.0453607439994812,-0.0071739815175533295,0.004815894179046154,0.006513005588203669,-0.005584436003118753,0.03,1.2556885480880737,-0.07441675662994385,0.3437059819698334,0.0437551885843277,-0.024002285674214363,0.10669919848442078,0.9930381178855896,0,0,0,0,0,0,0,0,0,0,0,0,0,0
1.3072590827941895,-1.0,-0.005612194538116455,-0.01683058589696884,-0.025478005409240723,-0.04536128044128418,-0.009159069508314133,-0.0011030788300558925,0.04845167696475983,-0.010411718860268593,0.03,1.255726933479309,-0.0742550790309906,0.34377148747444153,0.04323746636509895,-0.02354561910033226,0.11110121011734009,0.9925888776779175,0,0,0,0,0,0,0,0,0,0,0,0,0,0
1.3085319995880127,-1.0,-0.005612313747406006,-0.016826577484607697,-0.025473177433013916,-0.04536139965057373,-0.009861059486865997,0.007434219121932983,0.03441394492983818,-0.010744570754468441,0.03,1.255726933479309,-0.0742550790309906,0.34377148747444153,0.04323746636509895,-0.02354561910033226,0.11110121011734009,0.9925888776779175,0,0,0,0,0,0,0,0,0,0,0,0,0,0
1.3096258640289307,-1.0,-0.005612313747406006,-0.016826577484607697,-0.025473177433013916,-0.04536139965057373,-0.009861059486865997,0.007434219121932983,0.03441394492983818,-0.010744570754468441,0.03,1.255726933479309,-0.0742550790309906,0.34377148747444153,0.04323746636509895,-0.02354561910033226,0.11110121011734009,0.9925888776779175,0,0,0,0,0,0,0,0,0,0,0,0,0,0
1.3107190132141113,-1.0,-0.005612313747406006,-0.016826577484607697,-0.025473177433013916,-0.04536139965057373,-0.009861059486865997,0.007434219121932983,0.03441394492983818,-0.010744570754468441,0.03,1.255726933479309,-0.0742550790309906,0.34377148747444153,0.04323746636509895,-0.02354561910033226,0.11110121011734009,0.9925888776779175,0,0,0,0,0,0,0,0,0,0,0,0,0,0
1.3118290901184082,-1.0,-0.005612313747406006,-0.016826577484607697,-0.025473177433013916,-0.04536139965057373,-0.009861059486865997,0.007434219121932983,0.03441394492983818,-0.010744570754468441,0.03,1.255726933479309,-0.0742550790309906,0.34377148747444153,0.04323746636509895,-0.02354561910033226,0.11110121011734009,0.9925888776779175,0,0,0,0,0,0,0,0,0,0,0,0,0,0
1.3134880065917969,-1.0,-0.0056244730949401855,-0.016840428113937378,-0.025467097759246826,-0.04536515474319458,-0.03478076681494713,-0.020778892561793327,0.02253616601228714,-0.009555025957524776,0.03,1.2557294368743896,-0.07425177097320557,0.3437841236591339,0.0433821827173233,-0.023542985320091248,0.11182989180088043,0.9925008416175842,0,0,0,0,0,0,0,0,0,0,0,0,0,0
1.314682960510254,-1.0,-0.005612194538116455,-0.016826927661895752,-0.025456547737121582,-0.04537087678909302,-0.009061343036592007,0.005178090184926987,-0.015996001660823822,-0.02845575474202633,0.03,1.2557264566421509,-0.07429707050323486,0.3437255918979645,0.04347919672727585,-0.023607734590768814,0.11219833046197891,0.992453396320343,0,0,0,0,0,0,0,0,0,0,0,0,0,0
1.3159527778625488,-1.0,-0.005612313747406006,-0.016826577484607697,-0.025453567504882812,-0.0453609824180603,-0.009846393950283527,0.007286102045327425,-0.012771197594702244,-0.007849389687180519,0.03,1.2557264566421509,-0.07429707050323486,0.3437255918979645,0.04347919672727585,-0.023607734590768814,0.11219833046197891,0.992453396320343,0,0,0,0,0,0,0,0,0,0,0,0,0,0
1.3177649974822998,-1.0,-0.005612313747406006,-0.01682666689157486,-0.02544558048248291,-0.045361101627349854,-0.009681882336735725,0.0051923044957220554,-0.022347478196024895,-0.00896030105650425,0.03,1.2557264566421509,-0.07429707050323486,0.3437255918979645,0.04347919672727585,-0.023607734590768814,0.11219833046197891,0.992453396320343,0,0,0,0,0,0,0,0,0,0,0,0,0,0
1.3191912174224854,-1.0,-0.005612313747406006,-0.01682666689157486,-0.02544558048248291,-0.045361101627349854,-0.009681882336735725,0.0051923044957220554,-0.022347478196024895,-0.00896030105650425,0.03,1.2557264566421509,-0.07429707050323486,0.3437255918979645,0.04347919672727585,-0.023607734590768814,0.11219833046197891,0.992453396320343,0,0,0,0,0,0,0,0,0,0,0,0,0,0
1.3205254077911377,-1.0,-0.005612313747406006,-0.01682666689157486,-0.02544558048248291,-0.045361101627349854,-0.009681882336735725,0.0051923044957220554,-0.022347478196024895,-0.00896030105650425,0.03,1.2557264566421509,-0.07429707050323486,0.3437255918979645,0.04347919672727585,-0.023607734590768814,0.11219833046197891,0.992453396320343,0,0,0,0,0,0,0,0,0,0,0,0,0,0
1.3218986988067627,-1.0,-0.005612313747406006,-0.01682666689157486,-0.02544558048248291,-0.045361101627349854,-0.009681882336735725,0.0051923044957220554,-0.022347478196024895,-0.00896030105650425,0.03,1.2557264566421509,-0.07429707050323486,0.3437255918979645,0.04347919672727585,-0.023607734590768814,0.11219833046197891,0.992453396320343,0,0,0,0,0,0,0,0,0,0,0,0,0,0
1.3231327533721924,-1.0,-0.005612313747406006,-0.01682666689157486,-0.02544558048248291,-0.045361101627349854,-0.009681882336735725,0.0051923044957220554,-0.022347478196024895,-0.00896030105650425,0.03,1.2557264566421509,-0.07429707050323486,0.3437255918979645,0.04347919672727585,-0.023607734590768814,0.11219833046197891,0.992453396320343,0,0,0,0,0,0,0,0,0,0,0,0,0,0
1.3243408203125,-1.0,-0.005612313747406006,-0.01682666689157486,-0.02544558048248291,-0.045361101627349854,-0.009681882336735725,0.0051923044957220554,-0.022347478196024895,-0.00896030105650425,0.03,1.2557264566421509,-0.07429707050323486,0.3437255918979645,0.04347919672727585,-0.023607734590768814,0.11219833046197891,0.992453396320343,0,0,0,0,0,0,0,0,0,0,0,0,0,0
1.3260626792907715,-1.0,-0.005612313747406006,-0.01682666689157486,-0.02544558048248291,-0.045361101627349854,-0.009681882336735725,0.0051923044957220554,-0.022347478196024895,-0.00896030105650425,0.03,1.2557264566421509,-0.07429707050323486,0.3437255918979645,0.04347919672727585,-0.023607734590768814,0.11219833046197891,0.992453396320343,0,0,0,0,0,0,0,0,0,0,0,0,0,0
1.3271300792694092,-1.0,-0.005612313747406006,-0.01682666689157486,-0.02544558048248291,-0.045361101627349854,-0.009681882336735725,0.0051923044957220554,-0.022347478196024895,-0.00896030105650425,0.03,1.2557264566421509,-0.07429707050323486,0.3437255918979645,0.04347919672727585,-0.023607734590768814,0.11219833046197891,0.992453396320343,0,0,0,0,0,0,0,0,0,0,0,0,0,0
1.3284971714019775,-1.0,-0.005612313747406006,-0.01682666689157486,-0.02544558048248291,-0.045361101627349854,-0.009681882336735725,0.0051923044957220554,-0.022347478196024895,-0.00896030105650425,0.03,1.2557264566421509,-0.07429707050323486,0.3437255918979645,0.04347919672727585,-0.023607734590768814,0.11219833046197891,0.992453396320343,0,0,0,0,0,0,0,0,0,0,0,0,0,0
1.3297514915466309,-1.0,-0.005612313747406006,-0.01682666689157486,-0.02544558048248291,-0.045361101627349854,-0.009681882336735725,0.0051923044957220554,-0.022347478196024895,-0.00896030105650425,0.03,1.2557264566421509,-0.07429707050323486,0.3437255918979645,0.04347919672727585,-0.023607734590768814,0.11219833046197891,0.992453396320343,0,0,0,0,0,0,0,0,0,0,0,0,0,0
1.3308446407318115,-1.0,-0.005612313747406006,-0.01682666689157486,-0.02544558048248291,-0.045361101627349854,-0.009681882336735725,0.0051923044957220554,-0.022347478196024895,-0.00896030105650425,0.03,1.2557264566421509,-0.07429707050323486,0.3437255918979645,0.04347919672727585,-0.023607734590768814,0.11219833046197891,0.992453396320343,0,0,0,0,0,0,0,0,0,0,0,0,0,0
1.33233642578125,-1.0,-0.005612313747406006,-0.01682666689157486,-0.02544558048248291,-0.045361101627349854,-0.009681882336735725,0.0051923044957220554,-0.022347478196024895,-0.00896030105650425,0.03,1.2557237148284912,-0.07433084398508072,0.3436968922615051,0.04345477372407913,-0.023574527353048325,0.11226748675107956,0.9924474954605103,0,0,0,0,0,0,0,0,0,0,0,0,0,0
1.3336000442504883,-1.0,-0.005612313747406006,-0.01683899015188217,-0.025462746620178223,-0.045360445976257324,-0.008689014241099358,-0.015541180968284607,0.013150490820407867,-0.001437266473658383,0.03,1.255722999572754,-0.07431819289922714,0.3437207043170929,0.04339742660522461,-0.02359037473797798,0.11218929290771484,0.9924584031105042,0,0,0,0,0,0,0,0,0,0,0,0,0,0
1.3347218036651611,-1.0,-0.005612194538116455,-0.01683155447244644,-0.025477170944213867,-0.04536086320877075,-0.00947702769190073,-0.0008004397386685014,0.032567717134952545,-0.0014736995799466968,0.03,1.255722999572754,-0.07431819289922714,0.3437207043170929,0.04339742660522461,-0.02359037473797798,0.11218929290771484,0.9924584031105042,0,0,0,0,0,0,0,0,0,0,0,0,0,0
1.3362042903900146,-1.0,-0.005612194538116455,-0.016841858625411987,-0.025460422039031982,-0.04536128044128418,-0.009809806942939758,-0.027884429320693016,0.0013527044793590903,-0.004618355538696051,0.03,1.255722999572754,-0.07431819289922714,0.3437207043170929,0.04339742660522461,-0.02359037473797798,0.11218929290771484,0.9924584031105042,0,0,0,0,0,0,0,0,0,0,0,0,0,0
1.3373143672943115,-1.0,-0.005612194538116455,-0.016841858625411987,-0.025460422039031982,-0.04536128044128418,-0.009809806942939758,-0.027884429320693016,0.0013527044793590903,-0.004618355538696051,0.03,1.255722999572754,-0.07431819289922714,0.3437207043170929,0.04339742660522461,-0.02359037473797798,0.11218929290771484,0.9924584031105042,0,0,0,0,0,0,0,0,0,0,0,0,0,0
1.33843994140625,-1.0,-0.005612194538116455,-0.016841858625411987,-0.025460422039031982,-0.04536128044128418,-0.009809806942939758,-0.027884429320693016,0.0013527044793590903,-0.004618355538696051,0.03,1.255722999572754,-0.07431819289922714,0.3437207043170929,0.04339742660522461,-0.02359037473797798,0.11218929290771484,0.9924584031105042,0,0,0,0,0,0,0,0,0,0,0,0,0,0
1.3397815227508545,-1.0,-0.005612194538116455,-0.016841858625411987,-0.025460422039031982,-0.04536128044128418,-0.009809806942939758,-0.027884429320693016,0.0013527044793590903,-0.004618355538696051,0.03,1.255722999572754,-0.07431819289922714,0.3437207043170929,0.04339742660522461,-0.02359037473797798,0.11218929290771484,0.9924584031105042,0,0,0,0,0,0,0,0,0,0,0,0,0,0
1.3417489528656006,-1.0,-0.005612194538116455,-0.016841858625411987,-0.025460422039031982,-0.04536128044128418,-0.009809806942939758,-0.027884429320693016,0.0013527044793590903,-0.004618355538696051,0.03,1.255722999572754,-0.07431819289922714,0.3437207043170929,0.04339742660522461,-0.02359037473797798,0.11218929290771484,0.9924584031105042,0,0,0,0,0,0,0,0,0,0,0,0,0,0
1.3434638977050781,-1.0,-0.005612194538116455,-0.016841858625411987,-0.025460422039031982,-0.04536128044128418,-0.009809806942939758,-0.027884429320693016,0.0013527044793590903,-0.004618355538696051,0.03,1.2557270526885986,-0.07429052144289017,0.3437872529029846,0.04339345544576645,-0.02359018661081791,0.11257898062467575,0.9924145340919495,0,0,0,0,0,0,0,0,0,0,0,0,0,0
1.3447301387786865,-1.0,-0.005612194538116455,-0.016841858625411987,-0.025460422039031982,-0.04536128044128418,-0.009809806942939758,-0.027884429320693016,0.0013527044793590903,-0.004618355538696051,0.03,1.2557275295257568,-0.07425837218761444,0.34380656480789185,0.04353535920381546,-0.023618286475539207,0.11276707798242569,0.9923862218856812,0,0,0,0,0,0,0,0,0,0,0,0,0,0
1.345900297164917,-1.0,-0.005612194538116455,-0.016841858625411987,-0.025460422039031982,-0.04536128044128418,-0.009809806942939758,-0.027884429320693016,0.0013527044793590903,-0.004618355538696051,0.03,1.2557275295257568,-0.07425837218761444,0.34380656480789185,0.04353535920381546,-0.023618286475539207,0.11276707798242569,0.9923862218856812,0,0,0,0,0,0,0,0,0,0,0,0,0,0
1.3474748134613037,-1.0,-0.005612194538116455,-0.016841858625411987,-0.025460422039031982,-0.04536128044128418,-0.009809806942939758,-0.027884429320693016,0.0013527044793590903,-0.004618355538696051,0.03,1.2557275295257568,-0.07425837218761444,0.34380656480789185,0.04353535920381546,-0.023618286475539207,0.11276707798242569,0.9923862218856812,0,0,0,0,0,0,0,0,0,0,0,0,0,0
1.3485913276672363,-1.0,-0.005612194538116455,-0.016841858625411987,-0.025460422039031982,-0.04536128044128418,-0.009809806942939758,-0.027884429320693016,0.0013527044793590903,-0.004618355538696051,0.03,1.2557275295257568,-0.07425837218761444,0.34380656480789185,0.04353535920381546,-0.023618286475539207,0.11276707798242569,0.9923862218856812,0,0,0,0,0,0,0,0,0,0,0,0,0,0
1.3499155044555664,-1.0,-0.005612194538116455,-0.016841858625411987,-0.025460422039031982,-0.04536128044128418,-0.009809806942939758,-0.027884429320693016,0.0013527044793590903,-0.004618355538696051,0.03,1.2557275295257568,-0.07425837218761444,0.34380656480789185,0.04353535920381546,-0.023618286475539207,0.11276707798242569,0.9923862218856812,0,0,0,0,0,0,0,0,0,0,0,0,0,0
1.3514747619628906,-1.0,-0.005612194538116455,-0.016841858625411987,-0.025460422039031982,-0.04536128044128418,-0.009809806942939758,-0.027884429320693016,0.0013527044793590903,-0.004618355538696051,0.03,1.2557275295257568,-0.07425837218761444,0.34380656480789185,0.04353535920381546,-0.023618286475539207,0.11276707798242569,0.9923862218856812,0,0,0,0,0,0,0,0,0,0,0,0,0,0
1.352653980255127,-1.0,-0.005612194538116455,-0.016841858625411987,-0.025460422039031982,-0.04536128044128418,-0.009809806942939758,-0.027884429320693016,0.0013527044793590903,-0.004618355538696051,0.03,1.2557275295257568,-0.07425837218761444,0.34380656480789185,0.04353535920381546,-0.023618286475539207,0.11276707798242569,0.9923862218856812,0,0,0,0,0,0,0,0,0,0,0,0,0,0
1.3538923263549805,-1.0,-0.005612194538116455,-0.016841858625411987,-0.025460422039031982,-0.04536128044128418,-0.009809806942939758,-0.027884429320693016,0.0013527044793590903,-0.004618355538696051,0.03,1.2557275295257568,-0.07425837218761444,0.34380656480789185,0.04353535920381546,-0.023618286475539207,0.11276707798242569,0.9923862218856812,0,0,0,0,0,0,0,0,0,0,0,0,0,0
1.3550045490264893,-1.0,-0.005612194538116455,-0.016841858625411987,-0.025460422039031982,-0.04536128044128418,-0.009809806942939758,-0.027884429320693016,0.0013527044793590903,-0.004618355538696051,0.03,1.2557275295257568,-0.07425837218761444,0.34380656480789185,0.04353535920381546,-0.023618286475539207,0.11276707798242569,0.9923862218856812,0,0,0,0,0,0,0,0,0,0,0,0,0,0
1.3572494983673096,-1.0,-0.005612194538116455,-0.016841858625411987,-0.025460422039031982,-0.04536128044128418,-0.009809806942939758,-0.027884429320693016,0.0013527044793590903,-0.004618355538696051,0.03,1.2557275295257568,-0.07425837218761444,0.34380656480789185,0.04353535920381546,-0.023618286475539207,0.11276707798242569,0.9923862218856812,0,0,0,0,0,0,0,0,0,0,0,0,0,0
1.3583564758300781,-1.0,-0.005612194538116455,-0.016841858625411987,-0.025460422039031982,-0.04536128044128418,-0.009809806942939758,-0.027884429320693016,0.0013527044793590903,-0.004618355538696051,0.03,1.2557326555252075,-0.0743090957403183,0.3437071144580841,0.0434735044836998,-0.023605819791555405,0.11220669746398926,0.9924528002738953,0,0,0,0,0,0,0,0,0,0,0,0,0,0
1.359422206878662,-1.0,-0.005612194538116455,-0.016841858625411987,-0.025460422039031982,-0.04536128044128418,-0.009809806942939758,-0.027884429320693016,0.0013527044793590903,-0.004618355538696051,0.03,1.2557326555252075,-0.0743090957403183,0.3437071144580841,0.0434735044836998,-0.023605819791555405,0.11220669746398926,0.9924528002738953,0,0,0,0,0,0,0,0,0,0,0,0,0,0
1.3620929718017578,-1.0,-0.005612194538116455,-0.016841858625411987,-0.025460422039031982,-0.04536128044128418,-0.009809806942939758,-0.027884429320693016,0.0013527044793590903,-0.004618355538696051,0.03,1.2557326555252075,-0.0743090957403183,0.3437071144580841,0.0434735044836998,-0.023605819791555405,0.11220669746398926,0.9924528002738953,0,0,0,0,0,0,0,0,0,0,0,0,0,0
1.3635530471801758,-1.0,-0.005612194538116455,-0.016841858625411987,-0.025460422039031982,-0.04536128044128418,-0.009809806942939758,-0.027884429320693016,0.0013527044793590903,-0.004618355538696051,0.03,1.2557238340377808,-0.07430151849985123,0.3437555730342865,0.043291136622428894,-0.023573024198412895,0.11007943004369736,0.9926996827125549,0,0,0,0,0,0,0,0,0,0,0,0,0,0
1.3646314144134521,-1.0,-0.005612194538116455,-0.016841858625411987,-0.025460422039031982,-0.04536128044128418,-0.009809806942939758,-0.027884429320693016,0.0013527044793590903,-0.004618355538696051,0.03,1.25572669506073,-0.07426093518733978,0.3438078463077545,0.04335176944732666,-0.023598792031407356,0.11252658814191818,0.9924220442771912,0,0,0,0,0,0,0,0,0,0,0,0,0,0
1.365746021270752,-1.0,-0.005612194538116455,-0.016841858625411987,-0.025460422039031982,-0.04536128044128418,-0.009809806942939758,-0.027884429320693016,0.0013527044793590903,-0.004618355538696051,0.03,1.25572669506073,-0.07426093518733978,0.3438078463077545,0.04335176944732666,-0.023598792031407356,0.11252658814191818,0.9924220442771912,0,0,0,0,0,0,0,0,0,0,0,0,0,0
1.370116949081421,-1.0,-0.005612194538116455,-0.016841858625411987,-0.025460422039031982,-0.04536128044128418,-0.009809806942939758,-0.027884429320693016,0.0013527044793590903,-0.004618355538696051,0.03,1.25572669506073,-0.07426093518733978,0.3438078463077545,0.04335176944732666,-0.023598792031407356,0.11252658814191818,0.9924220442771912,0,0,0,0,0,0,0,0,0,0,0,0,0,0
1.371389389038086,-1.0,-0.005612194538116455,-0.016841858625411987,-0.025460422039031982,-0.04536128044128418,-0.009809806942939758,-0.027884429320693016,0.0013527044793590903,-0.004618355538696051,0.03,1.2556778192520142,-0.07432813942432404,0.3437989354133606,0.043949294835329056,-0.024098962545394897,0.10968229174613953,0.9927021265029907,0,0,0,0,0,0,0,0,0,0,0,0,0,0
1.372730016708374,-1.0,-0.005612194538116455,-0.016841858625411987,-0.025460422039031982,-0.04536128044128418,-0.009809806942939758,-0.027884429320693016,0.0013527044793590903,-0.004618355538696051,0.03,1.2556778192520142,-0.07432813942432404,0.3437989354133606,0.043949294835329056,-0.024098962545394897,0.10968229174613953,0.9927021265029907,0,0,0,0,0,0,0,0,0,0,0,0,0,0
1.374044418334961,-1.0,-0.005612194538116455,-0.016841858625411987,-0.025460422039031982,-0.04536128044128418,-0.009809806942939758,-0.027884429320693016,0.0013527044793590903,-0.004618355538696051,0.03,1.2556778192520142,-0.07432813942432404,0.3437989354133606,0.043949294835329056,-0.024098962545394897,0.10968229174613953,0.9927021265029907,0,0,0,0,0,0,0,0,0,0,0,0,0,0
1.3752174377441406,-1.0,-0.005612194538116455,-0.016841858625411987,-0.025460422039031982,-0.04536128044128418,-0.009809806942939758,-0.027884429320693016,0.0013527044793590903,-0.004618355538696051,0.03,1.2556778192520142,-0.07432813942432404,0.3437989354133606,0.043949294835329056,-0.024098962545394897,0.10968229174613953,0.9927021265029907,0,0,0,0,0,0,0,0,0,0,0,0,0,0
1.3766505718231201,-1.0,-0.005612194538116455,-0.016841858625411987,-0.025460422039031982,-0.04536128044128418,-0.009809806942939758,-0.027884429320693016,0.0013527044793590903,-0.004618355538696051,0.03,1.2556778192520142,-0.07432813942432404,0.3437989354133606,0.043949294835329056,-0.024098962545394897,0.10968229174613953,0.9927021265029907,0,0,0,0,0,0,0,0,0,0,0,0,0,0
1.3777430057525635,-1.0,-0.005612194538116455,-0.016841858625411987,-0.025460422039031982,-0.04536128044128418,-0.009809806942939758,-0.027884429320693016,0.0013527044793590903,-0.004618355538696051,0.03,1.2556778192520142,-0.07432813942432404,0.3437989354133606,0.043949294835329056,-0.024098962545394897,0.10968229174613953,0.9927021265029907,0,0,0,0,0,0,0,0,0,0,0,0,0,0
1.3789756298065186,-1.0,-0.005612194538116455,-0.016841858625411987,-0.025460422039031982,-0.04536128044128418,-0.009809806942939758,-0.027884429320693016,0.0013527044793590903,-0.004618355538696051,0.03,1.2556778192520142,-0.07432813942432404,0.3437989354133606,0.043949294835329056,-0.024098962545394897,0.10968229174613953,0.9927021265029907,0,0,0,0,0,0,0,0,0,0,0,0,0,0
1.3800935745239258,-1.0,-0.005612194538116455,-0.016841858625411987,-0.025460422039031982,-0.04536128044128418,-0.009809806942939758,-0.027884429320693016,0.0013527044793590903,-0.004618355538696051,0.03,1.2556778192520142,-0.07432813942432404,0.3437989354133606,0.043949294835329056,-0.024098962545394897,0.10968229174613953,0.9927021265029907,0,0,0,0,0,0,0,0,0,0,0,0,0,0
1.3812685012817383,-1.0,-0.005612194538116455,-0.016841858625411987,-0.025460422039031982,-0.04536128044128418,-0.009809806942939758,-0.027884429320693016,0.0013527044793590903,-0.004618355538696051,0.03,1.2556778192520142,-0.07432813942432404,0.3437989354133606,0.043949294835329056,-0.024098962545394897,0.10968229174613953,0.9927021265029907,0,0,0,0,0,0,0,0,0,0,0,0,0,0
1.3828387260437012,-1.0,-0.005612194538116455,-0.016841858625411987,-0.025460422039031982,-0.04536128044128418,-0.009809806942939758,-0.027884429320693016,0.0013527044793590903,-0.004618355538696051,0.03,1.2556778192520142,-0.07432813942432404,0.3437989354133606,0.043949294835329056,-0.024098962545394897,0.10968229174613953,0.9927021265029907,0,0,0,0,0,0,0,0,0,0,0,0,0,0
1.3841419219970703,-1.0,-0.005612194538116455,-0.016841858625411987,-0.025460422039031982,-0.04536128044128418,-0.009809806942939758,-0.027884429320693016,0.0013527044793590903,-0.004618355538696051,0.03,1.2556778192520142,-0.07432813942432404,0.3437989354133606,0.043949294835329056,-0.024098962545394897,0.10968229174613953,0.9927021265029907,0,0,0,0,0,0,0,0,0,0,0,0,0,0
1.3852298259735107,-1.0,-0.005612194538116455,-0.016841858625411987,-0.025460422039031982,-0.04536128044128418,-0.009809806942939758,-0.027884429320693016,0.0013527044793590903,-0.004618355538696051,0.03,1.2556930780410767,-0.07442312687635422,0.3436718285083771,0.04381885752081871,-0.0240350179374218,0.10647393018007278,0.9930587410926819,0,0,0,0,0,0,0,0,0,0,0,0,0,0
1.3863215446472168,-1.0,-0.005612194538116455,-0.016841858625411987,-0.025460422039031982,-0.04536128044128418,-0.009809806942939758,-0.027884429320693016,0.0013527044793590903,-0.004618355538696051,0.03,1.2556930780410767,-0.07442312687635422,0.3436718285083771,0.04381885752081871,-0.0240350179374218,0.10647393018007278,0.9930587410926819,0,0,0,0,0,0,0,0,0,0,0,0,0,0
1.3873872756958008,-1.0,-0.005612194538116455,-0.016841858625411987,-0.025460422039031982,-0.04536128044128418,-0.009809806942939758,-0.027884429320693016,0.0013527044793590903,-0.004618355538696051,0.03,1.2556930780410767,-0.07442312687635422,0.3436718285083771,0.04381885752081871,-0.0240350179374218,0.10647393018007278,0.9930587410926819,0,0,0,0,0,0,0,0,0,0,0,0,0,0
1.3884384632110596,-1.0,-0.005612194538116455,-0.016841858625411987,-0.025460422039031982,-0.04536128044128418,-0.009809806942939758,-0.027884429320693016,0.0013527044793590903,-0.004618355538696051,0.03,1.2556930780410767,-0.07442312687635422,0.3436718285083771,0.04381885752081871,-0.0240350179374218,0.10647393018007278,0.9930587410926819,0,0,0,0,0,0,0,0,0,0,0,0,0,0
1.3895699977874756,-1.0,-0.005612194538116455,-0.016841858625411987,-0.025460422039031982,-0.04536128044128418,-0.009809806942939758,-0.027884429320693016,0.0013527044793590903,-0.004618355538696051,0.03,1.2556930780410767,-0.07442312687635422,0.3436718285083771,0.04381885752081871,-0.0240350179374218,0.10647393018007278,0.9930587410926819,0,0,0,0,0,0,0,0,0,0,0,0,0,0
1.3908307552337646,-1.0,-0.005612194538116455,-0.016841858625411987,-0.025460422039031982,-0.04536128044128418,-0.009809806942939758,-0.027884429320693016,0.0013527044793590903,-0.004618355538696051,0.03,1.2556930780410767,-0.07442312687635422,0.3436718285083771,0.04381885752081871,-0.0240350179374218,0.10647393018007278,0.9930587410926819,0,0,0,0,0,0,0,0,0,0,0,0,0,0
1.3919389247894287,-1.0,-0.005612194538116455,-0.016841858625411987,-0.025460422039031982,-0.04536128044128418,-0.009809806942939758,-0.027884429320693016,0.0013527044793590903,-0.004618355538696051,0.03,1.2556930780410767,-0.07442312687635422,0.3436718285083771,0.04381885752081871,-0.0240350179374218,0.10647393018007278,0.9930587410926819,0,0,0,0,0,0,0,0,0,0,0,0,0,0
1.3933167457580566,-1.0,-0.005612194538116455,-0.016841858625411987,-0.025460422039031982,-0.04536128044128418,-0.009809806942939758,-0.027884429320693016,0.0013527044793590903,-0.004618355538696051,0.03,1.2556930780410767,-0.07442312687635422,0.3436718285083771,0.04381885752081871,-0.0240350179374218,0.10647393018007278,0.9930587410926819,0,0,0,0,0,0,0,0,0,0,0,0,0,0
1.39467191696167,-1.0,-0.005612194538116455,-0.016841858625411987,-0.025460422039031982,-0.04536128044128418,-0.009809806942939758,-0.027884429320693016,0.0013527044793590903,-0.004618355538696051,0.03,1.2556930780410767,-0.07442312687635422,0.3436718285083771,0.04381885752081871,-0.0240350179374218,0.10647393018007278,0.9930587410926819,0,0,0,0,0,0,0,0,0,0,0,0,0,0
1.3960049152374268,-1.0,-0.005612194538116455,-0.016841858625411987,-0.025460422039031982,-0.04536128044128418,-0.009809806942939758,-0.027884429320693016,0.0013527044793590903,-0.004618355538696051,0.03,1.2557265758514404,-0.07430540025234222,0.343716561794281,0.04309936985373497,-0.023548929020762444,0.10890842974185944,0.9928377866744995,0,0,0,0,0,0,0,0,0,0,0,0,0,0
1.398073673248291,-1.0,-0.005612194538116455,-0.016841858625411987,-0.025460422039031982,-0.04536128044128418,-0.009809806942939758,-0.027884429320693016,0.0013527044793590903,-0.004618355538696051,0.03,1.2557265758514404,-0.07430540025234222,0.343716561794281,0.04309936985373497,-0.023548929020762444,0.10890842974185944,0.9928377866744995,0,0,0,0,0,0,0,0,0,0,0,0,0,0
1.3993587493896484,-1.0,-0.005612194538116455,-0.016841858625411987,-0.025460422039031982,-0.04536128044128418,-0.009809806942939758,-0.027884429320693016,0.0013527044793590903,-0.004618355538696051,0.03,1.2557265758514404,-0.07430540025234222,0.343716561794281,0.04309936985373497,-0.023548929020762444,0.10890842974185944,0.9928377866744995,0,0,0,0,0,0,0,0,0,0,0,0,0,0
1.400439977645874,-1.0,-0.005612194538116455,-0.016841858625411987,-0.025460422039031982,-0.04536128044128418,-0.009809806942939758,-0.027884429320693016,0.0013527044793590903,-0.004618355538696051,0.03,1.2557265758514404,-0.07430540025234222,0.343716561794281,0.04309936985373497,-0.023548929020762444,0.10890842974185944,0.9928377866744995,0,0,0,0,0,0,0,0,0,0,0,0,0,0
1.4017393589019775,-1.0,-0.005612194538116455,-0.016841858625411987,-0.025460422039031982,-0.04536128044128418,-0.009809806942939758,-0.027884429320693016,0.0013527044793590903,-0.004618355538696051,0.03,1.2557265758514404,-0.07430540025234222,0.343716561794281,0.04309936985373497,-0.023548929020762444,0.10890842974185944,0.9928377866744995,0,0,0,0,0,0,0,0,0,0,0,0,0,0
1.4037461280822754,-1.0,-0.005612194538116455,-0.016841858625411987,-0.025460422039031982,-0.04536128044128418,-0.009809806942939758,-0.027884429320693016,0.0013527044793590903,-0.004618355538696051,0.03,1.2557282447814941,-0.07424116134643555,0.3438059687614441,0.04319286346435547,-0.02352060377597809,0.1095753163099289,0.9927610158920288,0,0,0,0,0,0,0,0,0,0,0,0,0,0
1.4049079418182373,-1.0,-0.005612194538116455,-0.016841858625411987,-0.025460422039031982,-0.04536128044128418,-0.009809806942939758,-0.027884429320693016,0.0013527044793590903,-0.004618355538696051,0.03,1.2557282447814941,-0.07424116134643555,0.3438059687614441,0.04319286346435547,-0.02352060377597809,0.1095753163099289,0.9927610158920288,0,0,0,0,0,0,0,0,0,0,0,0,0,0
1.4061477184295654,-1.0,-0.005612194538116455,-0.016841858625411987,-0.025460422039031982,-0.04536128044128418,-0.009809806942939758,-0.027884429320693016,0.0013527044793590903,-0.004618355538696051,0.03,1.2557282447814941,-0.07424116134643555,0.3438059687614441,0.04319286346435547,-0.02352060377597809,0.1095753163099289,0.9927610158920288,0,0,0,0,0,0,0,0,0,0,0,0,0,0
1.4072277545928955,-1.0,-0.005612194538116455,-0.016841858625411987,-0.025460422039031982,-0.04536128044128418,-0.009809806942939758,-0.027884429320693016,0.0013527044793590903,-0.004618355538696051,0.03,1.2557282447814941,-0.07424116134643555,0.3438059687614441,0.04319286346435547,-0.02352060377597809,0.1095753163099289,0.9927610158920288,0,0,0,0,0,0,0,0,0,0,0,0,0,0
1.4102067947387695,-1.0,-0.005612194538116455,-0.016841858625411987,-0.025460422039031982,-0.04536128044128418,-0.009809806942939758,-0.027884429320693016,0.0013527044793590903,-0.004618355538696051,0.03,1.2557282447814941,-0.07424116134643555,0.3438059687614441,0.04319286346435547,-0.02352060377597809,0.1095753163099289,0.9927610158920288,0,0,0,0,0,0,0,0,0,0,0,0,0,0
1.4112846851348877,-1.0,-0.005612194538116455,-0.016841858625411987,-0.025460422039031982,-0.04536128044128418,-0.009809806942939758,-0.027884429320693016,0.0013527044793590903,-0.004618355538696051,0.03,1.2557282447814941,-0.07424116134643555,0.3438059687614441,0.04319286346435547,-0.02352060377597809,0.1095753163099289,0.9927610158920288,0,0,0,0,0,0,0,0,0,0,0,0,0,0
1.4123501777648926,-1.0,-0.005612194538116455,-0.016841858625411987,-0.025460422039031982,-0.04536128044128418,-0.009809806942939758,-0.027884429320693016,0.0013527044793590903,-0.004618355538696051,0.03,1.2557282447814941,-0.07424116134643555,0.3438059687614441,0.04319286346435547,-0.02352060377597809,0.1095753163099289,0.9927610158920288,0,0,0,0,0,0,0,0,0,0,0,0,0,0
1.4135916233062744,-1.0,-0.005612194538116455,-0.016841858625411987,-0.025460422039031982,-0.04536128044128418,-0.009809806942939758,-0.027884429320693016,0.0013527044793590903,-0.004618355538696051,0.03,1.255722999572754,-0.07424813508987427,0.34380513429641724,0.04335206747055054,-0.02354070357978344,0.11133065074682236,0.9925583600997925,0,0,0,0,0,0,0,0,0,0,0,0,0,0
1.4150145053863525,-1.0,-0.005612194538116455,-0.016841858625411987,-0.025460422039031982,-0.04536128044128418,-0.009809806942939758,-0.027884429320693016,0.0013527044793590903,-0.004618355538696051,0.03,1.255722999572754,-0.07424813508987427,0.34380513429641724,0.04335206747055054,-0.02354070357978344,0.11133065074682236,0.9925583600997925,0,0,0,0,0,0,0,0,0,0,0,0,0,0
1.4165294170379639,-1.0,-0.005612194538116455,-0.016841858625411987,-0.025460422039031982,-0.04536128044128418,-0.009809806942939758,-0.027884429320693016,0.0013527044793590903,-0.004618355538696051,0.03,1.255722999572754,-0.07424813508987427,0.34380513429641724,0.04335206747055054,-0.02354070357978344,0.11133065074682236,0.9925583600997925,0,0,0,0,0,0,0,0,0,0,0,0,0,0
1.4182355403900146,-1.0,-0.005612194538116455,-0.016841858625411987,-0.025460422039031982,-0.04536128044128418,-0.009809806942939758,-0.027884429320693016,0.0013527044793590903,-0.004618355538696051,0.03,1.255722999572754,-0.07424813508987427,0.34380513429641724,0.04335206747055054,-0.02354070357978344,0.11133065074682236,0.9925583600997925,0,0,0,0,0,0,0,0,0,0,0,0,0,0
1.4204754829406738,-1.0,-0.005612194538116455,-0.016841858625411987,-0.025460422039031982,-0.04536128044128418,-0.009809806942939758,-0.027884429320693016,0.0013527044793590903,-0.004618355538696051,0.03,1.255722999572754,-0.07424813508987427,0.34380513429641724,0.04335206747055054,-0.02354070357978344,0.11133065074682236,0.9925583600997925,0,0,0,0,0,0,0,0,0,0,0,0,0,0
1.4219269752502441,-1.0,-0.005612194538116455,-0.016841858625411987,-0.025460422039031982,-0.04536128044128418,-0.009809806942939758,-0.027884429320693016,0.0013527044793590903,-0.004618355538696051,0.03,1.255722999572754,-0.07424813508987427,0.34380513429641724,0.04335206747055054,-0.02354070357978344,0.11133065074682236,0.9925583600997925,0,0,0,0,0,0,0,0,0,0,0,0,0,0
1.4230315685272217,-1.0,-0.005612194538116455,-0.016841858625411987,-0.025460422039031982,-0.04536128044128418,-0.009809806942939758,-0.027884429320693016,0.0013527044793590903,-0.004618355538696051,0.03,1.255722999572754,-0.07424813508987427,0.34380513429641724,0.04335206747055054,-0.02354070357978344,0.11133065074682236,0.9925583600997925,0,0,0,0,0,0,0,0,0,0,0,0,0,0
1.4243297576904297,-1.0,-0.005612194538116455,-0.016841858625411987,-0.025460422039031982,-0.04536128044128418,-0.009809806942939758,-0.027884429320693016,0.0013527044793590903,-0.004618355538696051,0.03,1.255722999572754,-0.07424813508987427,0.34380513429641724,0.04335206747055054,-0.02354070357978344,0.11133065074682236,0.9925583600997925,0,0,0,0,0,0,0,0,0,0,0,0,0,0
1.427110195159912,-1.0,-0.005612194538116455,-0.016841858625411987,-0.025460422039031982,-0.04536128044128418,-0.009809806942939758,-0.027884429320693016,0.0013527044793590903,-0.004618355538696051,0.03,1.255722999572754,-0.07424813508987427,0.34380513429641724,0.04335206747055054,-0.02354070357978344,0.11133065074682236,0.9925583600997925,0,0,0,0,0,0,0,0,0,0,0,0,0,0
1.4294185638427734,-1.0,-0.005612194538116455,-0.016838528215885162,-0.025490164756774902,-0.04536473751068115,-0.009063866920769215,-0.013374768197536469,0.06722249835729599,-0.013636714778840542,0.03,1.255722999572754,-0.07424813508987427,0.34380513429641724,0.04335206747055054,-0.02354070357978344,0.11133065074682236,0.9925583600997925,0,0,0,0,0,0,0,0,0,0,0,0,0,0
1.4307818412780762,-1.0,-0.005612194538116455,-0.01684916764497757,-0.025445103645324707,-0.04536467790603638,-0.009561380371451378,-0.03614308685064316,-0.03054690919816494,-0.010063591413199902,0.03,1.255720853805542,-0.0743098109960556,0.3437294363975525,0.04338821768760681,-0.02359396032989025,0.11258004605770111,0.9924145340919495,0,0,0,0,0,0,0,0,0,0,0,0,0,0
1.4322726726531982,-1.0,-0.005612492561340332,-0.016826584935188293,-0.025469958782196045,-0.0453609824180603,-0.01058587059378624,0.006574026774615049,0.029409609735012054,-0.007374089676886797,0.03,1.255720853805542,-0.0743098109960556,0.3437294363975525,0.04338821768760681,-0.02359396032989025,0.11258004605770111,0.9924145340919495,0,0,0,0,0,0,0,0,0,0,0,0,0,0
1.435065746307373,-1.0,-0.005612492561340332,-0.016826584935188293,-0.025469958782196045,-0.0453609824180603,-0.01058587059378624,0.006574026774615049,0.029409609735012054,-0.007374089676886797,0.03,1.255720853805542,-0.0743098109960556,0.3437294363975525,0.04338821768760681,-0.02359396032989025,0.11258004605770111,0.9924145340919495,0,0,0,0,0,0,0,0,0,0,0,0,0,0
1.4361388683319092,-1.0,-0.005612492561340332,-0.016826584935188293,-0.025469958782196045,-0.0453609824180603,-0.01058587059378624,0.006574026774615049,0.029409609735012054,-0.007374089676886797,0.03,1.255720853805542,-0.0743098109960556,0.3437294363975525,0.04338821768760681,-0.02359396032989025,0.11258004605770111,0.9924145340919495,0,0,0,0,0,0,0,0,0,0,0,0,0,0
1.437213659286499,-1.0,-0.005612492561340332,-0.016826584935188293,-0.025469958782196045,-0.0453609824180603,-0.01058587059378624,0.006574026774615049,0.029409609735012054,-0.007374089676886797,0.03,1.255720853805542,-0.0743098109960556,0.3437294363975525,0.04338821768760681,-0.02359396032989025,0.11258004605770111,0.9924145340919495,0,0,0,0,0,0,0,0,0,0,0,0,0,0
1.439713716506958,-1.0,-0.005612492561340332,-0.016826584935188293,-0.025469958782196045,-0.0453609824180603,-0.01058587059378624,0.006574026774615049,0.029409609735012054,-0.007374089676886797,0.03,1.255720853805542,-0.0743098109960556,0.3437294363975525,0.04338821768760681,-0.02359396032989025,0.11258004605770111,0.9924145340919495,0,0,0,0,0,0,0,0,0,0,0,0,0,0
1.4415948390960693,-1.0,-0.005612492561340332,-0.016826584935188293,-0.025469958782196045,-0.0453609824180603,-0.01058587059378624,0.006574026774615049,0.029409609735012054,-0.007374089676886797,0.03,1.255720853805542,-0.0743098109960556,0.3437294363975525,0.04338821768760681,-0.02359396032989025,0.11258004605770111,0.9924145340919495,0,0,0,0,0,0,0,0,0,0,0,0,0,0
1.4427335262298584,-1.0,-0.005612492561340332,-0.016826584935188293,-0.025469958782196045,-0.0453609824180603,-0.01058587059378624,0.006574026774615049,0.029409609735012054,-0.007374089676886797,0.03,1.255720853805542,-0.0743098109960556,0.3437294363975525,0.04338821768760681,-0.02359396032989025,0.11258004605770111,0.9924145340919495,0,0,0,0,0,0,0,0,0,0,0,0,0,0
1.4459986686706543,-1.0,-0.005612492561340332,-0.016826584935188293,-0.025469958782196045,-0.0453609824180603,-0.01058587059378624,0.006574026774615049,0.029409609735012054,-0.007374089676886797,0.03,1.255720853805542,-0.0743098109960556,0.3437294363975525,0.04338821768760681,-0.02359396032989025,0.11258004605770111,0.9924145340919495,0,0,0,0,0,0,0,0,0,0,0,0,0,0
1.448169469833374,-1.0,-0.005612492561340332,-0.016826584935188293,-0.025469958782196045,-0.0453609824180603,-0.01058587059378624,0.006574026774615049,0.029409609735012054,-0.007374089676886797,0.03,1.255720853805542,-0.0743098109960556,0.3437294363975525,0.04338821768760681,-0.02359396032989025,0.11258004605770111,0.9924145340919495,0,0,0,0,0,0,0,0,0,0,0,0,0,0
1.4493341445922852,-1.0,-0.005612492561340332,-0.016826584935188293,-0.025469958782196045,-0.0453609824180603,-0.01058587059378624,0.006574026774615049,0.029409609735012054,-0.007374089676886797,0.03,1.255720853805542,-0.0743098109960556,0.3437294363975525,0.04338821768760681,-0.02359396032989025,0.11258004605770111,0.9924145340919495,0,0,0,0,0,0,0,0,0,0,0,0,0,0
1.4504430294036865,-1.0,-0.005612492561340332,-0.016826584935188293,-0.025469958782196045,-0.0453609824180603,-0.01058587059378624,0.006574026774615049,0.029409609735012054,-0.007374089676886797,0.03,1.255720853805542,-0.0743098109960556,0.3437294363975525,0.04338821768760681,-0.02359396032989025,0.11258004605770111,0.9924145340919495,0,0,0,0,0,0,0,0,0,0,0,0,0,0
1.4515178203582764,-1.0,-0.005612492561340332,-0.016826584935188293,-0.025469958782196045,-0.0453609824180603,-0.01058587059378624,0.006574026774615049,0.029409609735012054,-0.007374089676886797,0.03,1.255720853805542,-0.0743098109960556,0.3437294363975525,0.04338821768760681,-0.02359396032989025,0.11258004605770111,0.9924145340919495,0,0,0,0,0,0,0,0,0,0,0,0,0,0
1.4530270099639893,-1.0,-0.005612492561340332,-0.016826584935188293,-0.025469958782196045,-0.0453609824180603,-0.01058587059378624,0.006574026774615049,0.029409609735012054,-0.007374089676886797,0.03,1.255720853805542,-0.0743098109960556,0.3437294363975525,0.04338821768760681,-0.02359396032989025,0.11258004605770111,0.9924145340919495,0,0,0,0,0,0,0,0,0,0,0,0,0,0
1.4542036056518555,-1.0,-0.005612492561340332,-0.016826584935188293,-0.025469958782196045,-0.0453609824180603,-0.01058587059378624,0.006574026774615049,0.029409609735012054,-0.007374089676886797,0.03,1.255720853805542,-0.0743098109960556,0.3437294363975525,0.04338821768760681,-0.02359396032989025,0.11258004605770111,0.9924145340919495,0,0,0,0,0,0,0,0,0,0,0,0,0,0
1.4558334350585938,-1.0,-0.005612492561340332,-0.016826584935188293,-0.025469958782196045,-0.0453609824180603,-0.01058587059378624,0.006574026774615049,0.029409609735012054,-0.007374089676886797,0.03,1.255720853805542,-0.0743098109960556,0.3437294363975525,0.04338821768760681,-0.02359396032989025,0.11258004605770111,0.9924145340919495,0,0,0,0,0,0,0,0,0,0,0,0,0,0
1.4576542377471924,-1.0,-0.005612492561340332,-0.016826584935188293,-0.025469958782196045,-0.0453609824180603,-0.01058587059378624,0.006574026774615049,0.029409609735012054,-0.007374089676886797,0.03,1.255720853805542,-0.0743098109960556,0.3437294363975525,0.04338821768760681,-0.02359396032989025,0.11258004605770111,0.9924145340919495,0,0,0,0,0,0,0,0,0,0,0,0,0,0
1.458798885345459,-1.0,-0.005612492561340332,-0.016826584935188293,-0.025469958782196045,-0.0453609824180603,-0.01058587059378624,0.006574026774615049,0.029409609735012054,-0.007374089676886797,0.03,1.255720853805542,-0.0743098109960556,0.3437294363975525,0.04338821768760681,-0.02359396032989025,0.11258004605770111,0.9924145340919495,0,0,0,0,0,0,0,0,0,0,0,0,0,0
1.4599180221557617,-1.0,-0.005612492561340332,-0.016826584935188293,-0.025469958782196045,-0.0453609824180603,-0.01058587059378624,0.006574026774615049,0.029409609735012054,-0.007374089676886797,0.03,1.255720853805542,-0.0743098109960556,0.3437294363975525,0.04338821768760681,-0.02359396032989025,0.11258004605770111,0.9924145340919495,0,0,0,0,0,0,0,0,0,0,0,0,0,0
1.4620883464813232,-1.0,-0.005612492561340332,-0.016826584935188293,-0.025469958782196045,-0.0453609824180603,-0.01058587059378624,0.006574026774615049,0.029409609735012054,-0.007374089676886797,0.03,1.255720853805542,-0.0743098109960556,0.3437294363975525,0.04338821768760681,-0.02359396032989025,0.11258004605770111,0.9924145340919495,0,0,0,0,0,0,0,0,0,0,0,0,0,0
1.4634389877319336,-1.0,-0.005612492561340332,-0.016826584935188293,-0.025469958782196045,-0.0453609824180603,-0.01058587059378624,0.006574026774615049,0.029409609735012054,-0.007374089676886797,0.03,1.255720853805542,-0.0743098109960556,0.3437294363975525,0.04338821768760681,-0.02359396032989025,0.11258004605770111,0.9924145340919495,0,0,0,0,0,0,0,0,0,0,0,0,0,0
1.4645042419433594,-1.0,-0.005612492561340332,-0.016826584935188293,-0.025469958782196045,-0.0453609824180603,-0.01058587059378624,0.006574026774615049,0.029409609735012054,-0.007374089676886797,0.03,1.255720853805542,-0.0743098109960556,0.3437294363975525,0.04338821768760681,-0.02359396032989025,0.11258004605770111,0.9924145340919495,0,0,0,0,0,0,0,0,0,0,0,0,0,0
1.4656870365142822,-1.0,-0.005612492561340332,-0.016826584935188293,-0.025469958782196045,-0.0453609824180603,-0.01058587059378624,0.006574026774615049,0.029409609735012054,-0.007374089676886797,0.03,1.255720853805542,-0.0743098109960556,0.3437294363975525,0.04338821768760681,-0.02359396032989025,0.11258004605770111,0.9924145340919495,0,0,0,0,0,0,0,0,0,0,0,0,0,0
1.4667506217956543,-1.0,-0.005612492561340332,-0.016826584935188293,-0.025469958782196045,-0.0453609824180603,-0.01058587059378624,0.006574026774615049,0.029409609735012054,-0.007374089676886797,0.03,1.255720853805542,-0.0743098109960556,0.3437294363975525,0.04338821768760681,-0.02359396032989025,0.11258004605770111,0.9924145340919495,0,0,0,0,0,0,0,0,0,0,0,0,0,0
1.468186378479004,-1.0,-0.005612492561340332,-0.016826584935188293,-0.025469958782196045,-0.0453609824180603,-0.01058587059378624,0.006574026774615049,0.029409609735012054,-0.007374089676886797,0.03,1.255720853805542,-0.0743098109960556,0.3437294363975525,0.04338821768760681,-0.02359396032989025,0.11258004605770111,0.9924145340919495,0,0,0,0,0,0,0,0,0,0,0,0,0,0
1.469775915145874,-1.0,-0.005618155002593994,-0.01682688295841217,-0.02547973394393921,-0.045363783836364746,-0.018797848373651505,0.003859857330098748,0.04908737912774086,-0.008664533495903015,0.03,1.255720853805542,-0.0743098109960556,0.3437294363975525,0.04338821768760681,-0.02359396032989025,0.11258004605770111,0.9924145340919495,0,0,0,0,0,0,0,0,0,0,0,0,0,0
1.4708502292633057,-1.0,-0.005618155002593994,-0.01682688295841217,-0.02547973394393921,-0.045363783836364746,-0.018797848373651505,0.003859857330098748,0.04908737912774086,-0.008664533495903015,0.03,1.255720853805542,-0.0743098109960556,0.3437294363975525,0.04338821768760681,-0.02359396032989025,0.11258004605770111,0.9924145340919495,0,0,0,0,0,0,0,0,0,0,0,0,0,0
1.472386121749878,-1.0,-0.005618155002593994,-0.01682688295841217,-0.02547973394393921,-0.045363783836364746,-0.018797848373651505,0.003859857330098748,0.04908737912774086,-0.008664533495903015,0.03,1.255720853805542,-0.0743098109960556,0.3437294363975525,0.04338821768760681,-0.02359396032989025,0.11258004605770111,0.9924145340919495,0,0,0,0,0,0,0,0,0,0,0,0,0,0
1.4735243320465088,-1.0,-0.005618155002593994,-0.01682688295841217,-0.02547973394393921,-0.045363783836364746,-0.018797848373651505,0.003859857330098748,0.04908737912774086,-0.008664533495903015,0.03,1.255720853805542,-0.0743098109960556,0.3437294363975525,0.04338821768760681,-0.02359396032989025,0.11258004605770111,0.9924145340919495,0,0,0,0,0,0,0,0,0,0,0,0,0,0
1.4748904705047607,-1.0,-0.005618155002593994,-0.01682688295841217,-0.02547973394393921,-0.045363783836364746,-0.018797848373651505,0.003859857330098748,0.04908737912774086,-0.008664533495903015,0.03,1.255720853805542,-0.0743098109960556,0.3437294363975525,0.04338821768760681,-0.02359396032989025,0.11258004605770111,0.9924145340919495,0,0,0,0,0,0,0,0,0,0,0,0,0,0
1.4778103828430176,-1.0,-0.005612194538116455,-0.01682943105697632,-0.02546381950378418,-0.04536092281341553,-0.009073070250451565,0.008298310451209545,0.023840205743908882,-0.007614558562636375,0.03,1.2556856870651245,-0.07442969083786011,0.34368404746055603,0.04377845674753189,-0.02407270483672619,0.10691435635089874,0.9930122494697571,0,0,0,0,0,0,0,0,0,0,0,0,0,0
1.4789512157440186,-1.0,-0.005612194538116455,-0.01682943105697632,-0.02546381950378418,-0.04536092281341553,-0.009073070250451565,0.008298310451209545,0.023840205743908882,-0.007614558562636375,0.03,1.2556856870651245,-0.07442969083786011,0.34368404746055603,0.04377845674753189,-0.02407270483672619,0.10691435635089874,0.9930122494697571,0,0,0,0,0,0,0,0,0,0,0,0,0,0
1.4804983139038086,-1.0,-0.005612313747406006,-0.01682893931865692,-0.025458812713623047,-0.0453609824180603,-0.008700741454958916,0.006187410093843937,0.006932568270713091,-0.004777887836098671,0.03,1.2556856870651245,-0.07442969083786011,0.34368404746055603,0.04377845674753189,-0.02407270483672619,0.10691435635089874,0.9930122494697571,0,0,0,0,0,0,0,0,0,0,0,0,0,0
1.481611967086792,-1.0,-0.005612313747406006,-0.01682893931865692,-0.025458812713623047,-0.0453609824180603,-0.008700741454958916,0.006187410093843937,0.006932568270713091,-0.004777887836098671,0.03,1.2556856870651245,-0.07442969083786011,0.34368404746055603,0.04377845674753189,-0.02407270483672619,0.10691435635089874,0.9930122494697571,0,0,0,0,0,0,0,0,0,0,0,0,0,0
1.4827806949615479,-1.0,-0.005612313747406006,-0.01682893931865692,-0.025458812713623047,-0.0453609824180603,-0.008700741454958916,0.006187410093843937,0.006932568270713091,-0.004777887836098671,0.03,1.2556856870651245,-0.07442969083786011,0.34368404746055603,0.04377845674753189,-0.02407270483672619,0.10691435635089874,0.9930122494697571,0,0,0,0,0,0,0,0,0,0,0,0,0,0
1.4839451313018799,-1.0,-0.005612313747406006,-0.01682893931865692,-0.025458812713623047,-0.0453609824180603,-0.008700741454958916,0.006187410093843937,0.006932568270713091,-0.004777887836098671,0.03,1.2556856870651245,-0.07442969083786011,0.34368404746055603,0.04377845674753189,-0.02407270483672619,0.10691435635089874,0.9930122494697571,0,0,0,0,0,0,0,0,0,0,0,0,0,0
1.4850213527679443,-1.0,-0.005612313747406006,-0.01682893931865692,-0.025458812713623047,-0.0453609824180603,-0.008700741454958916,0.006187410093843937,0.006932568270713091,-0.004777887836098671,0.03,1.2556856870651245,-0.07442969083786011,0.34368404746055603,0.04377845674753189,-0.02407270483672619,0.10691435635089874,0.9930122494697571,0,0,0,0,0,0,0,0,0,0,0,0,0,0
1.4864988327026367,-1.0,-0.005612313747406006,-0.01682893931865692,-0.025458812713623047,-0.0453609824180603,-0.008700741454958916,0.006187410093843937,0.006932568270713091,-0.004777887836098671,0.03,1.2556856870651245,-0.07442969083786011,0.34368404746055603,0.04377845674753189,-0.02407270483672619,0.10691435635089874,0.9930122494697571,0,0,0,0,0,0,0,0,0,0,0,0,0,0
1.4877936840057373,-1.0,-0.005612313747406006,-0.01682893931865692,-0.025458812713623047,-0.0453609824180603,-0.008700741454958916,0.006187410093843937,0.006932568270713091,-0.004777887836098671,0.03,1.2556856870651245,-0.07442969083786011,0.34368404746055603,0.04377845674753189,-0.02407270483672619,0.10691435635089874,0.9930122494697571,0,0,0,0,0,0,0,0,0,0,0,0,0,0
1.4905407428741455,-1.0,-0.005612313747406006,-0.01682893931865692,-0.025458812713623047,-0.0453609824180603,-0.008700741454958916,0.006187410093843937,0.006932568270713091,-0.004777887836098671,0.03,1.2556856870651245,-0.07442969083786011,0.34368404746055603,0.04377845674753189,-0.02407270483672619,0.10691435635089874,0.9930122494697571,0,0,0,0,0,0,0,0,0,0,0,0,0,0
1.4920284748077393,-1.0,-0.005612313747406006,-0.01682893931865692,-0.025458812713623047,-0.0453609824180603,-0.008700741454958916,0.006187410093843937,0.006932568270713091,-0.004777887836098671,0.03,1.2556856870651245,-0.07442969083786011,0.34368404746055603,0.04377845674753189,-0.02407270483672619,0.10691435635089874,0.9930122494697571,0,0,0,0,0,0,0,0,0,0,0,0,0,0
1.4931111335754395,-1.0,-0.005612313747406006,-0.01682893931865692,-0.025458812713623047,-0.0453609824180603,-0.008700741454958916,0.006187410093843937,0.006932568270713091,-0.004777887836098671,0.03,1.2556856870651245,-0.07442969083786011,0.34368404746055603,0.04377845674753189,-0.02407270483672619,0.10691435635089874,0.9930122494697571,0,0,0,0,0,0,0,0,0,0,0,0,0,0
1.4943382740020752,-1.0,-0.005612313747406006,-0.01682893931865692,-0.025458812713623047,-0.0453609824180603,-0.008700741454958916,0.006187410093843937,0.006932568270713091,-0.004777887836098671,0.03,1.2556856870651245,-0.07442969083786011,0.34368404746055603,0.04377845674753189,-0.02407270483672619,0.10691435635089874,0.9930122494697571,0,0,0,0,0,0,0,0,0,0,0,0,0,0
1.4954488277435303,-1.0,-0.005612313747406006,-0.01682893931865692,-0.025458812713623047,-0.0453609824180603,-0.008700741454958916,0.006187410093843937,0.006932568270713091,-0.004777887836098671,0.03,1.2556856870651245,-0.07442969083786011,0.34368404746055603,0.04377845674753189,-0.02407270483672619,0.10691435635089874,0.9930122494697571,0,0,0,0,0,0,0,0,0,0,0,0,0,0
1.4970066547393799,-1.0,-0.005612313747406006,-0.01682893931865692,-0.025458812713623047,-0.0453609824180603,-0.008700741454958916,0.006187410093843937,0.006932568270713091,-0.004777887836098671,0.03,1.2556856870651245,-0.07442969083786011,0.34368404746055603,0.04377845674753189,-0.02407270483672619,0.10691435635089874,0.9930122494697571,0,0,0,0,0,0,0,0,0,0,0,0,0,0
1.4982337951660156,-1.0,-0.005612313747406006,-0.01682893931865692,-0.025458812713623047,-0.0453609824180603,-0.008700741454958916,0.006187410093843937,0.006932568270713091,-0.004777887836098671,0.03,1.2556856870651245,-0.07442969083786011,0.34368404746055603,0.04377845674753189,-0.02407270483672619,0.10691435635089874,0.9930122494697571,0,0,0,0,0,0,0,0,0,0,0,0,0,0
1.5008213520050049,-1.0,-0.005612313747406006,-0.01682893931865692,-0.025458812713623047,-0.0453609824180603,-0.008700741454958916,0.006187410093843937,0.006932568270713091,-0.004777887836098671,0.03,1.2556856870651245,-0.07442969083786011,0.34368404746055603,0.04377845674753189,-0.02407270483672619,0.10691435635089874,0.9930122494697571,0,0,0,0,0,0,0,0,0,0,0,0,0,0
1.5020055770874023,-1.0,-0.005612313747406006,-0.01682893931865692,-0.025458812713623047,-0.0453609824180603,-0.008700741454958916,0.006187410093843937,0.006932568270713091,-0.004777887836098671,0.03,1.2556856870651245,-0.07442969083786011,0.34368404746055603,0.04377845674753189,-0.02407270483672619,0.10691435635089874,0.9930122494697571,0,0,0,0,0,0,0,0,0,0,0,0,0,0
1.5040323734283447,-1.0,-0.005612313747406006,-0.01682618260383606,-0.02545565366744995,-0.04536086320877075,-0.009081684984266758,0.013090522959828377,0.011311733163893223,-0.0046814060769975185,0.03,1.2556856870651245,-0.07442969083786011,0.34368404746055603,0.04377845674753189,-0.02407270483672619,0.10691435635089874,0.9930122494697571,0,0,0,0,0,0,0,0,0,0,0,0,0,0
1.5051264762878418,-1.0,-0.005612313747406006,-0.01682618260383606,-0.02545565366744995,-0.04536086320877075,-0.009081684984266758,0.013090522959828377,0.011311733163893223,-0.0046814060769975185,0.03,1.2556856870651245,-0.07442969083786011,0.34368404746055603,0.04377845674753189,-0.02407270483672619,0.10691435635089874,0.9930122494697571,0,0,0,0,0,0,0,0,0,0,0,0,0,0
1.506699800491333,-1.0,-0.005612313747406006,-0.01682618260383606,-0.02545565366744995,-0.04536086320877075,-0.009081684984266758,0.013090522959828377,0.011311733163893223,-0.0046814060769975185,0.03,1.2556856870651245,-0.07442969083786011,0.34368404746055603,0.04377845674753189,-0.02407270483672619,0.10691435635089874,0.9930122494697571,0,0,0,0,0,0,0,0,0,0,0,0,0,0
1.50791597366333,-1.0,-0.005612313747406006,-0.01682671159505844,-0.02547609806060791,-0.0453757643699646,-0.009331163950264454,0.004708506632596254,-0.016211766749620438,-0.036664485931396484,0.03,1.2557202577590942,-0.07431182265281677,0.34372150897979736,0.043204501271247864,-0.023556388914585114,0.10931047797203064,0.9927888512611389,0,0,0,0,0,0,0,0,0,0,0,0,0,0
1.5094752311706543,-1.0,-0.005612194538116455,-0.01682642102241516,-0.025458693504333496,-0.045360445976257324,-0.009041700512170792,0.007061555050313473,-0.013623110949993134,-0.003217325545847416,0.03,1.2557202577590942,-0.07431182265281677,0.34372150897979736,0.043204501271247864,-0.023556388914585114,0.10931047797203064,0.9927888512611389,0,0,0,0,0,0,0,0,0,0,0,0,0,0
1.5108842849731445,-1.0,-0.005612194538116455,-0.01682642102241516,-0.025458693504333496,-0.045360445976257324,-0.009041700512170792,0.007061555050313473,-0.013623110949993134,-0.003217325545847416,0.03,1.2557202577590942,-0.07431182265281677,0.34372150897979736,0.043204501271247864,-0.023556388914585114,0.10931047797203064,0.9927888512611389,0,0,0,0,0,0,0,0,0,0,0,0,0,0
1.5123405456542969,-1.0,-0.005612194538116455,-0.01682642102241516,-0.025458693504333496,-0.045360445976257324,-0.009041700512170792,0.007061555050313473,-0.013623110949993134,-0.003217325545847416,0.03,1.2557202577590942,-0.07431182265281677,0.34372150897979736,0.043204501271247864,-0.023556388914585114,0.10931047797203064,0.9927888512611389,0,0,0,0,0,0,0,0,0,0,0,0,0,0
1.5151071548461914,-1.0,-0.005612194538116455,-0.01682642102241516,-0.025458693504333496,-0.045360445976257324,-0.009041700512170792,0.007061555050313473,-0.013623110949993134,-0.003217325545847416,0.03,1.2557202577590942,-0.07431182265281677,0.34372150897979736,0.043204501271247864,-0.023556388914585114,0.10931047797203064,0.9927888512611389,0,0,0,0,0,0,0,0,0,0,0,0,0,0
1.5161991119384766,-1.0,-0.005612194538116455,-0.01682642102241516,-0.025458693504333496,-0.045360445976257324,-0.009041700512170792,0.007061555050313473,-0.013623110949993134,-0.003217325545847416,0.03,1.2557202577590942,-0.07431182265281677,0.34372150897979736,0.043204501271247864,-0.023556388914585114,0.10931047797203064,0.9927888512611389,0,0,0,0,0,0,0,0,0,0,0,0,0,0
1.5176587104797363,-1.0,-0.005612194538116455,-0.01682642102241516,-0.025458693504333496,-0.045360445976257324,-0.009041700512170792,0.007061555050313473,-0.013623110949993134,-0.003217325545847416,0.03,1.2557247877120972,-0.07425355911254883,0.3437883257865906,0.04322449862957001,-0.02354363352060318,0.10989701747894287,0.9927235245704651,0,0,0,0,0,0,0,0,0,0,0,0,0,0
1.5188159942626953,-1.0,-0.005612194538116455,-0.01682642102241516,-0.025458693504333496,-0.045360445976257324,-0.009041700512170792,0.007061555050313473,-0.013623110949993134,-0.003217325545847416,0.03,1.2557247877120972,-0.07425355911254883,0.3437883257865906,0.04322449862957001,-0.02354363352060318,0.10989701747894287,0.9927235245704651,0,0,0,0,0,0,0,0,0,0,0,0,0,0
1.5201714038848877,-1.0,-0.005612194538116455,-0.01682642102241516,-0.025458693504333496,-0.045360445976257324,-0.009041700512170792,0.007061555050313473,-0.013623110949993134,-0.003217325545847416,0.03,1.2557247877120972,-0.07425355911254883,0.3437883257865906,0.04322449862957001,-0.02354363352060318,0.10989701747894287,0.9927235245704651,0,0,0,0,0,0,0,0,0,0,0,0,0,0
1.521608591079712,-1.0,-0.005612194538116455,-0.01682642102241516,-0.025458693504333496,-0.045360445976257324,-0.009041700512170792,0.007061555050313473,-0.013623110949993134,-0.003217325545847416,0.03,1.2557247877120972,-0.07425355911254883,0.3437883257865906,0.04322449862957001,-0.02354363352060318,0.10989701747894287,0.9927235245704651,0,0,0,0,0,0,0,0,0,0,0,0,0,0
1.5235095024108887,-1.0,-0.005612194538116455,-0.01682642102241516,-0.025458693504333496,-0.045360445976257324,-0.009041700512170792,0.007061555050313473,-0.013623110949993134,-0.003217325545847416,0.03,1.2557247877120972,-0.07425355911254883,0.3437883257865906,0.04322449862957001,-0.02354363352060318,0.10989701747894287,0.9927235245704651,0,0,0,0,0,0,0,0,0,0,0,0,0,0
1.5247480869293213,-1.0,-0.005612194538116455,-0.01682642102241516,-0.025458693504333496,-0.045360445976257324,-0.009041700512170792,0.007061555050313473,-0.013623110949993134,-0.003217325545847416,0.03,1.2557247877120972,-0.07425355911254883,0.3437883257865906,0.04322449862957001,-0.02354363352060318,0.10989701747894287,0.9927235245704651,0,0,0,0,0,0,0,0,0,0,0,0,0,0
1.5298025608062744,-1.0,-0.005612194538116455,-0.01682642102241516,-0.025458693504333496,-0.045360445976257324,-0.009041700512170792,0.007061555050313473,-0.013623110949993134,-0.003217325545847416,0.03,1.2557175159454346,-0.07431486994028091,0.34374701976776123,0.04343791306018829,-0.02361711673438549,0.11229806393384933,0.9924437403678894,0,0,0,0,0,0,0,0,0,0,0,0,0,0
1.5317370891571045,-1.0,-0.005612194538116455,-0.01682642102241516,-0.025458693504333496,-0.045360445976257324,-0.009041700512170792,0.007061555050313473,-0.013623110949993134,-0.003217325545847416,0.03,1.2556885480880737,-0.07441048324108124,0.34370389580726624,0.04391606152057648,-0.024048734456300735,0.10925821959972382,0.9927515983581543,0,0,0,0,0,0,0,0,0,0,0,0,0,0
1.5330567359924316,-1.0,-0.005612194538116455,-0.01682642102241516,-0.025458693504333496,-0.045360445976257324,-0.009041700512170792,0.007061555050313473,-0.013623110949993134,-0.003217325545847416,0.03,1.2557222843170166,-0.07428640127182007,0.34372127056121826,0.04335365816950798,-0.02359706535935402,0.11078839749097824,0.9926176071166992,0,0,0,0,0,0,0,0,0,0,0,0,0,0
1.534447431564331,-1.0,-0.005612194538116455,-0.01682642102241516,-0.025458693504333496,-0.045360445976257324,-0.009041700512170792,0.007061555050313473,-0.013623110949993134,-0.003217325545847416,0.03,1.255724310874939,-0.07425621151924133,0.34376898407936096,0.04343770071864128,-0.02358992211520672,0.11303140968084335,0.9923611283302307,0,0,0,0,0,0,0,0,0,0,0,0,0,0
1.5364792346954346,-1.0,-0.005612194538116455,-0.01682642102241516,-0.025458693504333496,-0.045360445976257324,-0.009041700512170792,0.007061555050313473,-0.013623110949993134,-0.003217325545847416,0.03,1.255724310874939,-0.07425621151924133,0.34376898407936096,0.04343770071864128,-0.02358992211520672,0.11303140968084335,0.9923611283302307,0,0,0,0,0,0,0,0,0,0,0,0,0,0
1.538496732711792,-1.0,-0.005612194538116455,-0.01682642102241516,-0.025458693504333496,-0.045360445976257324,-0.009041700512170792,0.007061555050313473,-0.013623110949993134,-0.003217325545847416,0.03,1.255724310874939,-0.07425621151924133,0.34376898407936096,0.04343770071864128,-0.02358992211520672,0.11303140968084335,0.9923611283302307,0,0,0,0,0,0,0,0,0,0,0,0,0,0
1.5396254062652588,-1.0,-0.005612194538116455,-0.01682642102241516,-0.025458693504333496,-0.045360445976257324,-0.009041700512170792,0.007061555050313473,-0.013623110949993134,-0.003217325545847416,0.03,1.255724310874939,-0.07425621151924133,0.34376898407936096,0.04343770071864128,-0.02358992211520672,0.11303140968084335,0.9923611283302307,0,0,0,0,0,0,0,0,0,0,0,0,0,0
1.540757417678833,-1.0,-0.005612194538116455,-0.01682642102241516,-0.025458693504333496,-0.045360445976257324,-0.009041700512170792,0.007061555050313473,-0.013623110949993134,-0.003217325545847416,0.03,1.255724310874939,-0.07425621151924133,0.34376898407936096,0.04343770071864128,-0.02358992211520672,0.11303140968084335,0.9923611283302307,0,0,0,0,0,0,0,0,0,0,0,0,0,0
1.541874885559082,-1.0,-0.005612194538116455,-0.01682642102241516,-0.025458693504333496,-0.045360445976257324,-0.009041700512170792,0.007061555050313473,-0.013623110949993134,-0.003217325545847416,0.03,1.255724310874939,-0.07425621151924133,0.34376898407936096,0.04343770071864128,-0.02358992211520672,0.11303140968084335,0.9923611283302307,0,0,0,0,0,0,0,0,0,0,0,0,0,0
1.5430362224578857,-1.0,-0.005612194538116455,-0.01682642102241516,-0.025458693504333496,-0.045360445976257324,-0.009041700512170792,0.007061555050313473,-0.013623110949993134,-0.003217325545847416,0.03,1.255724310874939,-0.07425621151924133,0.34376898407936096,0.04343770071864128,-0.02358992211520672,0.11303140968084335,0.9923611283302307,0,0,0,0,0,0,0,0,0,0,0,0,0,0
1.5449180603027344,-1.0,-0.005612194538116455,-0.01682642102241516,-0.025458693504333496,-0.045360445976257324,-0.009041700512170792,0.007061555050313473,-0.013623110949993134,-0.003217325545847416,0.03,1.255724310874939,-0.07425621151924133,0.34376898407936096,0.04343770071864128,-0.02358992211520672,0.11303140968084335,0.9923611283302307,0,0,0,0,0,0,0,0,0,0,0,0,0,0
1.5461139678955078,-1.0,-0.005612194538116455,-0.01682642102241516,-0.025458693504333496,-0.045360445976257324,-0.009041700512170792,0.007061555050313473,-0.013623110949993134,-0.003217325545847416,0.03,1.255724310874939,-0.07425621151924133,0.34376898407936096,0.04343770071864128,-0.02358992211520672,0.11303140968084335,0.9923611283302307,0,0,0,0,0,0,0,0,0,0,0,0,0,0
1.5474395751953125,-1.0,-0.005612194538116455,-0.01682642102241516,-0.025458693504333496,-0.045360445976257324,-0.009041700512170792,0.007061555050313473,-0.013623110949993134,-0.003217325545847416,0.03,1.255724310874939,-0.07425621151924133,0.34376898407936096,0.04343770071864128,-0.02358992211520672,0.11303140968084335,0.9923611283302307,0,0,0,0,0,0,0,0,0,0,0,0,0,0
1.5485360622406006,-1.0,-0.005612194538116455,-0.01682642102241516,-0.025458693504333496,-0.045360445976257324,-0.009041700512170792,0.007061555050313473,-0.013623110949993134,-0.003217325545847416,0.03,1.255724310874939,-0.07425621151924133,0.34376898407936096,0.04343770071864128,-0.02358992211520672,0.11303140968084335,0.9923611283302307,0,0,0,0,0,0,0,0,0,0,0,0,0,0
1.5496494770050049,-1.0,-0.005612194538116455,-0.01682642102241516,-0.025458693504333496,-0.045360445976257324,-0.009041700512170792,0.007061555050313473,-0.013623110949993134,-0.003217325545847416,0.03,1.255724310874939,-0.07425621151924133,0.34376898407936096,0.04343770071864128,-0.02358992211520672,0.11303140968084335,0.9923611283302307,0,0,0,0,0,0,0,0,0,0,0,0,0,0
1.5509498119354248,-1.0,-0.005612194538116455,-0.01682642102241516,-0.025458693504333496,-0.045360445976257324,-0.009041700512170792,0.007061555050313473,-0.013623110949993134,-0.003217325545847416,0.03,1.255724310874939,-0.07425621151924133,0.34376898407936096,0.04343770071864128,-0.02358992211520672,0.11303140968084335,0.9923611283302307,0,0,0,0,0,0,0,0,0,0,0,0,0,0
1.5520474910736084,-1.0,-0.005612194538116455,-0.01682642102241516,-0.025458693504333496,-0.045360445976257324,-0.009041700512170792,0.007061555050313473,-0.013623110949993134,-0.003217325545847416,0.03,1.255724310874939,-0.07425621151924133,0.34376898407936096,0.04343770071864128,-0.02358992211520672,0.11303140968084335,0.9923611283302307,0,0,0,0,0,0,0,0,0,0,0,0,0,0
1.5531084537506104,-1.0,-0.005612194538116455,-0.01682642102241516,-0.025458693504333496,-0.045360445976257324,-0.009041700512170792,0.007061555050313473,-0.013623110949993134,-0.003217325545847416,0.03,1.255724310874939,-0.07425621151924133,0.34376898407936096,0.04343770071864128,-0.02358992211520672,0.11303140968084335,0.9923611283302307,0,0,0,0,0,0,0,0,0,0,0,0,0,0
1.5543177127838135,-1.0,-0.005612194538116455,-0.01682642102241516,-0.025458693504333496,-0.045360445976257324,-0.009041700512170792,0.007061555050313473,-0.013623110949993134,-0.003217325545847416,0.03,1.255724310874939,-0.07425621151924133,0.34376898407936096,0.04343770071864128,-0.02358992211520672,0.11303140968084335,0.9923611283302307,0,0,0,0,0,0,0,0,0,0,0,0,0,0
1.5554945468902588,-1.0,-0.005612373352050781,-0.016836263239383698,-0.025457561016082764,-0.04537057876586914,-0.006085294298827648,-0.013120647519826889,-8.22344736661762e-05,-0.023757554590702057,0.03,1.255724310874939,-0.07425621151924133,0.34376898407936096,0.04343770071864128,-0.02358992211520672,0.11303140968084335,0.9923611283302307,0,0,0,0,0,0,0,0,0,0,0,0,0,0
1.5570423603057861,-1.0,-0.005612194538116455,-0.01682666689157486,-0.025463640689849854,-0.045360684394836426,-0.009054899215698242,0.006971215829253197,0.01141352392733097,-0.0071828942745924,0.03,1.255724310874939,-0.07425621151924133,0.34376898407936096,0.04343770071864128,-0.02358992211520672,0.11303140968084335,0.9923611283302307,0,0,0,0,0,0,0,0,0,0,0,0,0,0
1.5581352710723877,-1.0,-0.005612313747406006,-0.016839109361171722,-0.025458157062530518,-0.04536104202270508,-0.00984040554612875,-0.01612761616706848,0.002797506982460618,-0.00993118342012167,0.03,1.2556746006011963,-0.07439016550779343,0.3437407314777374,0.04380077123641968,-0.023986855521798134,0.10695227235555649,0.9930092096328735,0,0,0,0,0,0,0,0,0,0,0,0,0,0
1.559394121170044,-1.0,-0.005612313747406006,-0.016839109361171722,-0.025458157062530518,-0.04536104202270508,-0.00984040554612875,-0.01612761616706848,0.002797506982460618,-0.00993118342012167,0.03,1.2556746006011963,-0.07439016550779343,0.3437407314777374,0.04380077123641968,-0.023986855521798134,0.10695227235555649,0.9930092096328735,0,0,0,0,0,0,0,0,0,0,0,0,0,0
1.560633659362793,-1.0,-0.005612313747406006,-0.016839109361171722,-0.025458157062530518,-0.04536104202270508,-0.00984040554612875,-0.01612761616706848,0.002797506982460618,-0.00993118342012167,0.03,1.2556746006011963,-0.07439016550779343,0.3437407314777374,0.04380077123641968,-0.023986855521798134,0.10695227235555649,0.9930092096328735,0,0,0,0,0,0,0,0,0,0,0,0,0,0
1.5617260932922363,-1.0,-0.005612313747406006,-0.016839109361171722,-0.025458157062530518,-0.04536104202270508,-0.00984040554612875,-0.01612761616706848,0.002797506982460618,-0.00993118342012167,0.03,1.2556746006011963,-0.07439016550779343,0.3437407314777374,0.04380077123641968,-0.023986855521798134,0.10695227235555649,0.9930092096328735,0,0,0,0,0,0,0,0,0,0,0,0,0,0
1.5629878044128418,-1.0,-0.005612313747406006,-0.016839109361171722,-0.025458157062530518,-0.04536104202270508,-0.00984040554612875,-0.01612761616706848,0.002797506982460618,-0.00993118342012167,0.03,1.2556746006011963,-0.07439016550779343,0.3437407314777374,0.04380077123641968,-0.023986855521798134,0.10695227235555649,0.9930092096328735,0,0,0,0,0,0,0,0,0,0,0,0,0,0
1.5641510486602783,-1.0,-0.005612313747406006,-0.016839109361171722,-0.025458157062530518,-0.04536104202270508,-0.00984040554612875,-0.01612761616706848,0.002797506982460618,-0.00993118342012167,0.03,1.2556746006011963,-0.07439016550779343,0.3437407314777374,0.04380077123641968,-0.023986855521798134,0.10695227235555649,0.9930092096328735,0,0,0,0,0,0,0,0,0,0,0,0,0,0
1.5653314590454102,-1.0,-0.005612313747406006,-0.016839109361171722,-0.025458157062530518,-0.04536104202270508,-0.00984040554612875,-0.01612761616706848,0.002797506982460618,-0.00993118342012167,0.03,1.2556746006011963,-0.07439016550779343,0.3437407314777374,0.04380077123641968,-0.023986855521798134,0.10695227235555649,0.9930092096328735,0,0,0,0,0,0,0,0,0,0,0,0,0,0
1.5665552616119385,-1.0,-0.005612313747406006,-0.016839109361171722,-0.025458157062530518,-0.04536104202270508,-0.00984040554612875,-0.01612761616706848,0.002797506982460618,-0.00993118342012167,0.03,1.2556746006011963,-0.07439016550779343,0.3437407314777374,0.04380077123641968,-0.023986855521798134,0.10695227235555649,0.9930092096328735,0,0,0,0,0,0,0,0,0,0,0,0,0,0
1.5678319931030273,-1.0,-0.005612313747406006,-0.016839109361171722,-0.025458157062530518,-0.04536104202270508,-0.00984040554612875,-0.01612761616706848,0.002797506982460618,-0.00993118342012167,0.03,1.2556746006011963,-0.07439016550779343,0.3437407314777374,0.04380077123641968,-0.023986855521798134,0.10695227235555649,0.9930092096328735,0,0,0,0,0,0,0,0,0,0,0,0,0,0
1.5693676471710205,-1.0,-0.005612313747406006,-0.016839109361171722,-0.025458157062530518,-0.04536104202270508,-0.00984040554612875,-0.01612761616706848,0.002797506982460618,-0.00993118342012167,0.03,1.2556746006011963,-0.07439016550779343,0.3437407314777374,0.04380077123641968,-0.023986855521798134,0.10695227235555649,0.9930092096328735,0,0,0,0,0,0,0,0,0,0,0,0,0,0
1.5706474781036377,-1.0,-0.005612313747406006,-0.01685083657503128,-0.02545565366744995,-0.04536402225494385,-0.00975937768816948,-0.03960952162742615,0.002975955605506897,-0.008600943721830845,0.03,1.255674958229065,-0.07434333860874176,0.3437940776348114,0.043502625077962875,-0.023968413472175598,0.10372525453567505,0.9933651089668274,0,0,0,0,0,0,0,0,0,0,0,0,0,0
1.5717453956604004,-1.0,-0.005612313747406006,-0.01685083657503128,-0.02545565366744995,-0.04536402225494385,-0.00975937768816948,-0.03960952162742615,0.002975955605506897,-0.008600943721830845,0.03,1.255674958229065,-0.07434333860874176,0.3437940776348114,0.043502625077962875,-0.023968413472175598,0.10372525453567505,0.9933651089668274,0,0,0,0,0,0,0,0,0,0,0,0,0,0
1.5731241703033447,-1.0,-0.005612313747406006,-0.01685083657503128,-0.02545565366744995,-0.04536402225494385,-0.00975937768816948,-0.03960952162742615,0.002975955605506897,-0.008600943721830845,0.03,1.255674958229065,-0.07434333860874176,0.3437940776348114,0.043502625077962875,-0.023968413472175598,0.10372525453567505,0.9933651089668274,0,0,0,0,0,0,0,0,0,0,0,0,0,0
1.5752286911010742,-1.0,-0.005612313747406006,-0.01685083657503128,-0.02545565366744995,-0.04536402225494385,-0.00975937768816948,-0.03960952162742615,0.002975955605506897,-0.008600943721830845,0.03,1.255674958229065,-0.07434333860874176,0.3437940776348114,0.043502625077962875,-0.023968413472175598,0.10372525453567505,0.9933651089668274,0,0,0,0,0,0,0,0,0,0,0,0,0,0
1.5769321918487549,-1.0,-0.005612313747406006,-0.01685083657503128,-0.02545565366744995,-0.04536402225494385,-0.00975937768816948,-0.03960952162742615,0.002975955605506897,-0.008600943721830845,0.03,1.255674958229065,-0.07434333860874176,0.3437940776348114,0.043502625077962875,-0.023968413472175598,0.10372525453567505,0.9933651089668274,0,0,0,0,0,0,0,0,0,0,0,0,0,0
1.5780668258666992,-1.0,-0.005612313747406006,-0.01685083657503128,-0.02545565366744995,-0.04536402225494385,-0.00975937768816948,-0.03960952162742615,0.002975955605506897,-0.008600943721830845,0.03,1.255674958229065,-0.07434333860874176,0.3437940776348114,0.043502625077962875,-0.023968413472175598,0.10372525453567505,0.9933651089668274,0,0,0,0,0,0,0,0,0,0,0,0,0,0
1.5791690349578857,-1.0,-0.005612313747406006,-0.01685083657503128,-0.02545565366744995,-0.04536402225494385,-0.00975937768816948,-0.03960952162742615,0.002975955605506897,-0.008600943721830845,0.03,1.255674958229065,-0.07434333860874176,0.3437940776348114,0.043502625077962875,-0.023968413472175598,0.10372525453567505,0.9933651089668274,0,0,0,0,0,0,0,0,0,0,0,0,0,0
1.5803768634796143,-1.0,-0.005612313747406006,-0.01685083657503128,-0.02545565366744995,-0.04536402225494385,-0.00975937768816948,-0.03960952162742615,0.002975955605506897,-0.008600943721830845,0.03,1.255674958229065,-0.07434333860874176,0.3437940776348114,0.043502625077962875,-0.023968413472175598,0.10372525453567505,0.9933651089668274,0,0,0,0,0,0,0,0,0,0,0,0,0,0
1.5835657119750977,-1.0,-0.005612313747406006,-0.01685083657503128,-0.02545565366744995,-0.04536402225494385,-0.00975937768816948,-0.03960952162742615,0.002975955605506897,-0.008600943721830845,0.03,1.255674958229065,-0.07434333860874176,0.3437940776348114,0.043502625077962875,-0.023968413472175598,0.10372525453567505,0.9933651089668274,0,0,0,0,0,0,0,0,0,0,0,0,0,0
1.5856499671936035,-1.0,-0.005612313747406006,-0.01685083657503128,-0.02545565366744995,-0.04536402225494385,-0.00975937768816948,-0.03960952162742615,0.002975955605506897,-0.008600943721830845,0.03,1.2556740045547485,-0.0743977352976799,0.34367161989212036,0.04364189878106117,-0.023950599133968353,0.10588651895523071,0.9931313395500183,0,0,0,0,0,0,0,0,0,0,0,0,0,0
1.5867247581481934,-1.0,-0.005612313747406006,-0.01685083657503128,-0.02545565366744995,-0.04536402225494385,-0.00975937768816948,-0.03960952162742615,0.002975955605506897,-0.008600943721830845,0.03,1.2557100057601929,-0.07427723705768585,0.3437954783439636,0.04285266622900963,-0.023491594940423965,0.10565707087516785,0.9932010769844055,0,0,0,0,0,0,0,0,0,0,0,0,0,0
1.587838888168335,-1.0,-0.005612313747406006,-0.01685083657503128,-0.02545565366744995,-0.04536402225494385,-0.00975937768816948,-0.03960952162742615,0.002975955605506897,-0.008600943721830845,0.03,1.2557100057601929,-0.07427723705768585,0.3437954783439636,0.04285266622900963,-0.023491594940423965,0.10565707087516785,0.9932010769844055,0,0,0,0,0,0,0,0,0,0,0,0,0,0
1.5889067649841309,-1.0,-0.005612313747406006,-0.01685083657503128,-0.02545565366744995,-0.04536402225494385,-0.00975937768816948,-0.03960952162742615,0.002975955605506897,-0.008600943721830845,0.03,1.2557100057601929,-0.07427723705768585,0.3437954783439636,0.04285266622900963,-0.023491594940423965,0.10565707087516785,0.9932010769844055,0,0,0,0,0,0,0,0,0,0,0,0,0,0
1.5899748802185059,-1.0,-0.005612313747406006,-0.01685083657503128,-0.02545565366744995,-0.04536402225494385,-0.00975937768816948,-0.03960952162742615,0.002975955605506897,-0.008600943721830845,0.03,1.2557100057601929,-0.07427723705768585,0.3437954783439636,0.04285266622900963,-0.023491594940423965,0.10565707087516785,0.9932010769844055,0,0,0,0,0,0,0,0,0,0,0,0,0,0
1.5911641120910645,-1.0,-0.005612313747406006,-0.01685083657503128,-0.02545565366744995,-0.04536402225494385,-0.00975937768816948,-0.03960952162742615,0.002975955605506897,-0.008600943721830845,0.03,1.2557100057601929,-0.07427723705768585,0.3437954783439636,0.04285266622900963,-0.023491594940423965,0.10565707087516785,0.9932010769844055,0,0,0,0,0,0,0,0,0,0,0,0,0,0
1.5923383235931396,-1.0,-0.005612313747406006,-0.01685083657503128,-0.02545565366744995,-0.04536402225494385,-0.00975937768816948,-0.03960952162742615,0.002975955605506897,-0.008600943721830845,0.03,1.2557100057601929,-0.07427723705768585,0.3437954783439636,0.04285266622900963,-0.023491594940423965,0.10565707087516785,0.9932010769844055,0,0,0,0,0,0,0,0,0,0,0,0,0,0
1.5934045314788818,-1.0,-0.005612313747406006,-0.01685083657503128,-0.02545565366744995,-0.04536402225494385,-0.00975937768816948,-0.03960952162742615,0.002975955605506897,-0.008600943721830845,0.03,1.2557100057601929,-0.07427723705768585,0.3437954783439636,0.04285266622900963,-0.023491594940423965,0.10565707087516785,0.9932010769844055,0,0,0,0,0,0,0,0,0,0,0,0,0,0
1.5949029922485352,-1.0,-0.005612313747406006,-0.01685083657503128,-0.02545565366744995,-0.04536402225494385,-0.00975937768816948,-0.03960952162742615,0.002975955605506897,-0.008600943721830845,0.03,1.2557100057601929,-0.07427723705768585,0.3437954783439636,0.04285266622900963,-0.023491594940423965,0.10565707087516785,0.9932010769844055,0,0,0,0,0,0,0,0,0,0,0,0,0,0
1.5964610576629639,-1.0,-0.005612313747406006,-0.01685083657503128,-0.02545565366744995,-0.04536402225494385,-0.00975937768816948,-0.03960952162742615,0.002975955605506897,-0.008600943721830845,0.03,1.2557100057601929,-0.07427723705768585,0.3437954783439636,0.04285266622900963,-0.023491594940423965,0.10565707087516785,0.9932010769844055,0,0,0,0,0,0,0,0,0,0,0,0,0,0
1.6003179550170898,-1.0,-0.005612313747406006,-0.01685083657503128,-0.02545565366744995,-0.04536402225494385,-0.00975937768816948,-0.03960952162742615,0.002975955605506897,-0.008600943721830845,0.03,1.2557100057601929,-0.07427723705768585,0.3437954783439636,0.04285266622900963,-0.023491594940423965,0.10565707087516785,0.9932010769844055,0,0,0,0,0,0,0,0,0,0,0,0,0,0
1.601743459701538,-1.0,-0.005612313747406006,-0.01685083657503128,-0.02545565366744995,-0.04536402225494385,-0.00975937768816948,-0.03960952162742615,0.002975955605506897,-0.008600943721830845,0.03,1.2557100057601929,-0.07427723705768585,0.3437954783439636,0.04285266622900963,-0.023491594940423965,0.10565707087516785,0.9932010769844055,0,0,0,0,0,0,0,0,0,0,0,0,0,0
1.6028635501861572,-1.0,-0.005612313747406006,-0.01685083657503128,-0.02545565366744995,-0.04536402225494385,-0.00975937768816948,-0.03960952162742615,0.002975955605506897,-0.008600943721830845,0.03,1.2557100057601929,-0.07427723705768585,0.3437954783439636,0.04285266622900963,-0.023491594940423965,0.10565707087516785,0.9932010769844055,0,0,0,0,0,0,0,0,0,0,0,0,0,0
1.6039485931396484,-1.0,-0.005612313747406006,-0.01685083657503128,-0.02545565366744995,-0.04536402225494385,-0.00975937768816948,-0.03960952162742615,0.002975955605506897,-0.008600943721830845,0.03,1.2557100057601929,-0.07427723705768585,0.3437954783439636,0.04285266622900963,-0.023491594940423965,0.10565707087516785,0.9932010769844055,0,0,0,0,0,0,0,0,0,0,0,0,0,0
1.6050724983215332,-1.0,-0.005612313747406006,-0.01685083657503128,-0.02545565366744995,-0.04536402225494385,-0.00975937768816948,-0.03960952162742615,0.002975955605506897,-0.008600943721830845,0.03,1.2557100057601929,-0.07427723705768585,0.3437954783439636,0.04285266622900963,-0.023491594940423965,0.10565707087516785,0.9932010769844055,0,0,0,0,0,0,0,0,0,0,0,0,0,0
1.6074590682983398,-1.0,-0.005612313747406006,-0.01685083657503128,-0.02545565366744995,-0.04536402225494385,-0.00975937768816948,-0.03960952162742615,0.002975955605506897,-0.008600943721830845,0.03,1.2557100057601929,-0.07427723705768585,0.3437954783439636,0.04285266622900963,-0.023491594940423965,0.10565707087516785,0.9932010769844055,0,0,0,0,0,0,0,0,0,0,0,0,0,0
1.6086781024932861,-1.0,-0.005612313747406006,-0.01685083657503128,-0.02545565366744995,-0.04536402225494385,-0.00975937768816948,-0.03960952162742615,0.002975955605506897,-0.008600943721830845,0.03,1.2557100057601929,-0.07427723705768585,0.3437954783439636,0.04285266622900963,-0.023491594940423965,0.10565707087516785,0.9932010769844055,0,0,0,0,0,0,0,0,0,0,0,0,0,0
1.6115171909332275,-1.0,-0.005612313747406006,-0.01685083657503128,-0.02545565366744995,-0.04536402225494385,-0.00975937768816948,-0.03960952162742615,0.002975955605506897,-0.008600943721830845,0.03,1.2557100057601929,-0.07427723705768585,0.3437954783439636,0.04285266622900963,-0.023491594940423965,0.10565707087516785,0.9932010769844055,0,0,0,0,0,0,0,0,0,0,0,0,0,0
1.612703561782837,-1.0,-0.005612313747406006,-0.01685083657503128,-0.02545565366744995,-0.04536402225494385,-0.00975937768816948,-0.03960952162742615,0.002975955605506897,-0.008600943721830845,0.03,1.2557100057601929,-0.07427723705768585,0.3437954783439636,0.04285266622900963,-0.023491594940423965,0.10565707087516785,0.9932010769844055,0,0,0,0,0,0,0,0,0,0,0,0,0,0
1.6137804985046387,-1.0,-0.005612313747406006,-0.01685083657503128,-0.02545565366744995,-0.04536402225494385,-0.00975937768816948,-0.03960952162742615,0.002975955605506897,-0.008600943721830845,0.03,1.2557100057601929,-0.07427723705768585,0.3437954783439636,0.04285266622900963,-0.023491594940423965,0.10565707087516785,0.9932010769844055,0,0,0,0,0,0,0,0,0,0,0,0,0,0
1.6166374683380127,-1.0,-0.005612313747406006,-0.01685083657503128,-0.02545565366744995,-0.04536402225494385,-0.00975937768816948,-0.03960952162742615,0.002975955605506897,-0.008600943721830845,0.03,1.2557100057601929,-0.07427723705768585,0.3437954783439636,0.04285266622900963,-0.023491594940423965,0.10565707087516785,0.9932010769844055,0,0,0,0,0,0,0,0,0,0,0,0,0,0
1.6186103820800781,-1.0,-0.005612313747406006,-0.01685083657503128,-0.02545565366744995,-0.04536402225494385,-0.00975937768816948,-0.03960952162742615,0.002975955605506897,-0.008600943721830845,0.03,1.2557100057601929,-0.07427723705768585,0.3437954783439636,0.04285266622900963,-0.023491594940423965,0.10565707087516785,0.9932010769844055,0,0,0,0,0,0,0,0,0,0,0,0,0,0
1.6198163032531738,-1.0,-0.005612313747406006,-0.01685083657503128,-0.02545565366744995,-0.04536402225494385,-0.00975937768816948,-0.03960952162742615,0.002975955605506897,-0.008600943721830845,0.03,1.2557100057601929,-0.07427723705768585,0.3437954783439636,0.04285266622900963,-0.023491594940423965,0.10565707087516785,0.9932010769844055,0,0,0,0,0,0,0,0,0,0,0,0,0,0
1.622244119644165,-1.0,-0.005612313747406006,-0.01685083657503128,-0.02545565366744995,-0.04536402225494385,-0.00975937768816948,-0.03960952162742615,0.002975955605506897,-0.008600943721830845,0.03,1.2557100057601929,-0.07427723705768585,0.3437954783439636,0.04285266622900963,-0.023491594940423965,0.10565707087516785,0.9932010769844055,0,0,0,0,0,0,0,0,0,0,0,0,0,0
1.624424934387207,-1.0,-0.005612313747406006,-0.01685083657503128,-0.02545565366744995,-0.04536402225494385,-0.00975937768816948,-0.03960952162742615,0.002975955605506897,-0.008600943721830845,0.03,1.2557100057601929,-0.07427723705768585,0.3437954783439636,0.04285266622900963,-0.023491594940423965,0.10565707087516785,0.9932010769844055,0,0,0,0,0,0,0,0,0,0,0,0,0,0
1.626371145248413,-1.0,-0.005612313747406006,-0.01685083657503128,-0.02545565366744995,-0.04536402225494385,-0.00975937768816948,-0.03960952162742615,0.002975955605506897,-0.008600943721830845,0.03,1.2557100057601929,-0.07427723705768585,0.3437954783439636,0.04285266622900963,-0.023491594940423965,0.10565707087516785,0.9932010769844055,0,0,0,0,0,0,0,0,0,0,0,0,0,0
1.6278462409973145,-1.0,-0.005612313747406006,-0.01685083657503128,-0.02545565366744995,-0.04536402225494385,-0.00975937768816948,-0.03960952162742615,0.002975955605506897,-0.008600943721830845,0.03,1.2557100057601929,-0.07427723705768585,0.3437954783439636,0.04285266622900963,-0.023491594940423965,0.10565707087516785,0.9932010769844055,0,0,0,0,0,0,0,0,0,0,0,0,0,0
1.6292619705200195,-1.0,-0.005612313747406006,-0.01685083657503128,-0.02545565366744995,-0.04536402225494385,-0.00975937768816948,-0.03960952162742615,0.002975955605506897,-0.008600943721830845,0.03,1.2557100057601929,-0.07427723705768585,0.3437954783439636,0.04285266622900963,-0.023491594940423965,0.10565707087516785,0.9932010769844055,0,0,0,0,0,0,0,0,0,0,0,0,0,0
1.6315274238586426,-1.0,-0.005612313747406006,-0.01685083657503128,-0.02545565366744995,-0.04536402225494385,-0.00975937768816948,-0.03960952162742615,0.002975955605506897,-0.008600943721830845,0.03,1.2557100057601929,-0.07427723705768585,0.3437954783439636,0.04285266622900963,-0.023491594940423965,0.10565707087516785,0.9932010769844055,0,0,0,0,0,0,0,0,0,0,0,0,0,0
1.6334779262542725,-1.0,-0.005612313747406006,-0.01685083657503128,-0.02545565366744995,-0.04536402225494385,-0.00975937768816948,-0.03960952162742615,0.002975955605506897,-0.008600943721830845,0.03,1.2557100057601929,-0.07427723705768585,0.3437954783439636,0.04285266622900963,-0.023491594940423965,0.10565707087516785,0.9932010769844055,0,0,0,0,0,0,0,0,0,0,0,0,0,0
1.6346144676208496,-1.0,-0.005612313747406006,-0.01685083657503128,-0.02545565366744995,-0.04536402225494385,-0.00975937768816948,-0.03960952162742615,0.002975955605506897,-0.008600943721830845,0.03,1.2556781768798828,-0.07439684122800827,0.34368523955345154,0.04371028020977974,-0.023979708552360535,0.10600476711988449,0.9931150674819946,0,0,0,0,0,0,0,0,0,0,0,0,0,0
1.63576078414917,-1.0,-0.005612313747406006,-0.01685083657503128,-0.02545565366744995,-0.04536402225494385,-0.00975937768816948,-0.03960952162742615,0.002975955605506897,-0.008600943721830845,0.03,1.2556781768798828,-0.07439684122800827,0.34368523955345154,0.04371028020977974,-0.023979708552360535,0.10600476711988449,0.9931150674819946,0,0,0,0,0,0,0,0,0,0,0,0,0,0
1.6380290985107422,-1.0,-0.005612313747406006,-0.01685083657503128,-0.02545565366744995,-0.04536402225494385,-0.00975937768816948,-0.03960952162742615,0.002975955605506897,-0.008600943721830845,0.03,1.2556781768798828,-0.07439684122800827,0.34368523955345154,0.04371028020977974,-0.023979708552360535,0.10600476711988449,0.9931150674819946,0,0,0,0,0,0,0,0,0,0,0,0,0,0
1.6391077041625977,-1.0,-0.005612313747406006,-0.01685083657503128,-0.02545565366744995,-0.04536402225494385,-0.00975937768816948,-0.03960952162742615,0.002975955605506897,-0.008600943721830845,0.03,1.2556781768798828,-0.07439684122800827,0.34368523955345154,0.04371028020977974,-0.023979708552360535,0.10600476711988449,0.9931150674819946,0,0,0,0,0,0,0,0,0,0,0,0,0,0
1.6402003765106201,-1.0,-0.005612313747406006,-0.01685083657503128,-0.02545565366744995,-0.04536402225494385,-0.00975937768816948,-0.03960952162742615,0.002975955605506897,-0.008600943721830845,0.03,1.2556781768798828,-0.07439684122800827,0.34368523955345154,0.04371028020977974,-0.023979708552360535,0.10600476711988449,0.9931150674819946,0,0,0,0,0,0,0,0,0,0,0,0,0,0
1.6413497924804688,-1.0,-0.005612313747406006,-0.01685083657503128,-0.02545565366744995,-0.04536402225494385,-0.00975937768816948,-0.03960952162742615,0.002975955605506897,-0.008600943721830845,0.03,1.2556781768798828,-0.07439684122800827,0.34368523955345154,0.04371028020977974,-0.023979708552360535,0.10600476711988449,0.9931150674819946,0,0,0,0,0,0,0,0,0,0,0,0,0,0
1.6424453258514404,-1.0,-0.005612313747406006,-0.01685083657503128,-0.02545565366744995,-0.04536402225494385,-0.00975937768816948,-0.03960952162742615,0.002975955605506897,-0.008600943721830845,0.03,1.2556781768798828,-0.07439684122800827,0.34368523955345154,0.04371028020977974,-0.023979708552360535,0.10600476711988449,0.9931150674819946,0,0,0,0,0,0,0,0,0,0,0,0,0,0
1.6435415744781494,-1.0,-0.005612313747406006,-0.01685083657503128,-0.02545565366744995,-0.04536402225494385,-0.00975937768816948,-0.03960952162742615,0.002975955605506897,-0.008600943721830845,0.03,1.2556781768798828,-0.07439684122800827,0.34368523955345154,0.04371028020977974,-0.023979708552360535,0.10600476711988449,0.9931150674819946,0,0,0,0,0,0,0,0,0,0,0,0,0,0
1.6449360847473145,-1.0,-0.005612313747406006,-0.01685083657503128,-0.02545565366744995,-0.04536402225494385,-0.00975937768816948,-0.03960952162742615,0.002975955605506897,-0.008600943721830845,0.03,1.2556781768798828,-0.07439684122800827,0.34368523955345154,0.04371028020977974,-0.023979708552360535,0.10600476711988449,0.9931150674819946,0,0,0,0,0,0,0,0,0,0,0,0,0,0
1.646026611328125,-1.0,-0.005612313747406006,-0.01685083657503128,-0.02545565366744995,-0.04536402225494385,-0.00975937768816948,-0.03960952162742615,0.002975955605506897,-0.008600943721830845,0.03,1.2556781768798828,-0.07439684122800827,0.34368523955345154,0.04371028020977974,-0.023979708552360535,0.10600476711988449,0.9931150674819946,0,0,0,0,0,0,0,0,0,0,0,0,0,0
1.6473560333251953,-1.0,-0.005612313747406006,-0.01685083657503128,-0.02545565366744995,-0.04536402225494385,-0.00975937768816948,-0.03960952162742615,0.002975955605506897,-0.008600943721830845,0.03,1.2556781768798828,-0.07439684122800827,0.34368523955345154,0.04371028020977974,-0.023979708552360535,0.10600476711988449,0.9931150674819946,0,0,0,0,0,0,0,0,0,0,0,0,0,0
1.6485567092895508,-1.0,-0.005612313747406006,-0.01685083657503128,-0.02545565366744995,-0.04536402225494385,-0.00975937768816948,-0.03960952162742615,0.002975955605506897,-0.008600943721830845,0.03,1.2556781768798828,-0.07439684122800827,0.34368523955345154,0.04371028020977974,-0.023979708552360535,0.10600476711988449,0.9931150674819946,0,0,0,0,0,0,0,0,0,0,0,0,0,0
1.6501085758209229,-1.0,-0.005612313747406006,-0.01685083657503128,-0.02545565366744995,-0.04536402225494385,-0.00975937768816948,-0.03960952162742615,0.002975955605506897,-0.008600943721830845,0.03,1.2556781768798828,-0.07439684122800827,0.34368523955345154,0.04371028020977974,-0.023979708552360535,0.10600476711988449,0.9931150674819946,0,0,0,0,0,0,0,0,0,0,0,0,0,0
1.6513416767120361,-1.0,-0.005612313747406006,-0.01685083657503128,-0.02545565366744995,-0.04536402225494385,-0.00975937768816948,-0.03960952162742615,0.002975955605506897,-0.008600943721830845,0.03,1.2556781768798828,-0.07439684122800827,0.34368523955345154,0.04371028020977974,-0.023979708552360535,0.10600476711988449,0.9931150674819946,0,0,0,0,0,0,0,0,0,0,0,0,0,0
1.6525325775146484,-1.0,-0.005612313747406006,-0.01685083657503128,-0.02545565366744995,-0.04536402225494385,-0.00975937768816948,-0.03960952162742615,0.002975955605506897,-0.008600943721830845,0.03,1.2556781768798828,-0.07439684122800827,0.34368523955345154,0.04371028020977974,-0.023979708552360535,0.10600476711988449,0.9931150674819946,0,0,0,0,0,0,0,0,0,0,0,0,0,0
1.6536917686462402,-1.0,-0.005612313747406006,-0.01685083657503128,-0.02545565366744995,-0.04536402225494385,-0.00975937768816948,-0.03960952162742615,0.002975955605506897,-0.008600943721830845,0.03,1.2556781768798828,-0.07439684122800827,0.34368523955345154,0.04371028020977974,-0.023979708552360535,0.10600476711988449,0.9931150674819946,0,0,0,0,0,0,0,0,0,0,0,0,0,0
1.6548402309417725,-1.0,-0.005612313747406006,-0.01685083657503128,-0.02545565366744995,-0.04536402225494385,-0.00975937768816948,-0.03960952162742615,0.002975955605506897,-0.008600943721830845,0.03,1.2556781768798828,-0.07439684122800827,0.34368523955345154,0.04371028020977974,-0.023979708552360535,0.10600476711988449,0.9931150674819946,0,0,0,0,0,0,0,0,0,0,0,0,0,0
1.6559076309204102,-1.0,-0.005612313747406006,-0.01685083657503128,-0.02545565366744995,-0.04536402225494385,-0.00975937768816948,-0.03960952162742615,0.002975955605506897,-0.008600943721830845,0.03,1.2556781768798828,-0.07439684122800827,0.34368523955345154,0.04371028020977974,-0.023979708552360535,0.10600476711988449,0.9931150674819946,0,0,0,0,0,0,0,0,0,0,0,0,0,0
1.6573545932769775,-1.0,-0.005612313747406006,-0.01685083657503128,-0.02545565366744995,-0.04536402225494385,-0.00975937768816948,-0.03960952162742615,0.002975955605506897,-0.008600943721830845,0.03,1.2556781768798828,-0.07439684122800827,0.34368523955345154,0.04371028020977974,-0.023979708552360535,0.10600476711988449,0.9931150674819946,0,0,0,0,0,0,0,0,0,0,0,0,0,0
1.658721685409546,-1.0,-0.005612313747406006,-0.01685083657503128,-0.02545565366744995,-0.04536402225494385,-0.00975937768816948,-0.03960952162742615,0.002975955605506897,-0.008600943721830845,0.03,1.2556781768798828,-0.07439684122800827,0.34368523955345154,0.04371028020977974,-0.023979708552360535,0.10600476711988449,0.9931150674819946,0,0,0,0,0,0,0,0,0,0,0,0,0,0
1.660315990447998,-1.0,-0.005612313747406006,-0.01685083657503128,-0.02545565366744995,-0.04536402225494385,-0.00975937768816948,-0.03960952162742615,0.002975955605506897,-0.008600943721830845,0.03,1.255675196647644,-0.0744076743721962,0.34366095066070557,0.04352765157818794,-0.0239772479981184,0.10460157692432404,0.9932718873023987,0,0,0,0,0,0,0,0,0,0,0,0,0,0
1.6633594036102295,-1.0,-0.005612313747406006,-0.01685083657503128,-0.02545565366744995,-0.04536402225494385,-0.00975937768816948,-0.03960952162742615,0.002975955605506897,-0.008600943721830845,0.03,1.255675196647644,-0.0744076743721962,0.34366095066070557,0.04352765157818794,-0.0239772479981184,0.10460157692432404,0.9932718873023987,0,0,0,0,0,0,0,0,0,0,0,0,0,0
1.6644065380096436,-1.0,-0.005612313747406006,-0.01685083657503128,-0.02545565366744995,-0.04536402225494385,-0.00975937768816948,-0.03960952162742615,0.002975955605506897,-0.008600943721830845,0.03,1.255675196647644,-0.0744076743721962,0.34366095066070557,0.04352765157818794,-0.0239772479981184,0.10460157692432404,0.9932718873023987,0,0,0,0,0,0,0,0,0,0,0,0,0,0
1.6654818058013916,-1.0,-0.005612313747406006,-0.01685083657503128,-0.02545565366744995,-0.04536402225494385,-0.00975937768816948,-0.03960952162742615,0.002975955605506897,-0.008600943721830845,0.03,1.255675196647644,-0.0744076743721962,0.34366095066070557,0.04352765157818794,-0.0239772479981184,0.10460157692432404,0.9932718873023987,0,0,0,0,0,0,0,0,0,0,0,0,0,0
1.666646957397461,-1.0,-0.005612313747406006,-0.01685083657503128,-0.02545565366744995,-0.04536402225494385,-0.00975937768816948,-0.03960952162742615,0.002975955605506897,-0.008600943721830845,0.03,1.255675196647644,-0.0744076743721962,0.34366095066070557,0.04352765157818794,-0.0239772479981184,0.10460157692432404,0.9932718873023987,0,0,0,0,0,0,0,0,0,0,0,0,0,0
1.6680569648742676,-1.0,-0.005612313747406006,-0.01685083657503128,-0.02545565366744995,-0.04536402225494385,-0.00975937768816948,-0.03960952162742615,0.002975955605506897,-0.008600943721830845,0.03,1.255675196647644,-0.0744076743721962,0.34366095066070557,0.04352765157818794,-0.0239772479981184,0.10460157692432404,0.9932718873023987,0,0,0,0,0,0,0,0,0,0,0,0,0,0
1.66994309425354,-1.0,-0.005612313747406006,-0.01685083657503128,-0.02545565366744995,-0.04536402225494385,-0.00975937768816948,-0.03960952162742615,0.002975955605506897,-0.008600943721830845,0.03,1.255675196647644,-0.0744076743721962,0.34366095066070557,0.04352765157818794,-0.0239772479981184,0.10460157692432404,0.9932718873023987,0,0,0,0,0,0,0,0,0,0,0,0,0,0
1.671309232711792,-1.0,-0.005612313747406006,-0.01685083657503128,-0.02545565366744995,-0.04536402225494385,-0.00975937768816948,-0.03960952162742615,0.002975955605506897,-0.008600943721830845,0.03,1.255675196647644,-0.0744076743721962,0.34366095066070557,0.04352765157818794,-0.0239772479981184,0.10460157692432404,0.9932718873023987,0,0,0,0,0,0,0,0,0,0,0,0,0,0
1.6756868362426758,-1.0,-0.005612313747406006,-0.01685083657503128,-0.02545565366744995,-0.04536402225494385,-0.00975937768816948,-0.03960952162742615,0.002975955605506897,-0.008600943721830845,0.03,1.2557164430618286,-0.07428518682718277,0.34374505281448364,0.04302658513188362,-0.02350793592631817,0.10694675147533417,0.9930551648139954,0,0,0,0,0,0,0,0,0,0,0,0,0,0
1.6772172451019287,-1.0,-0.005612194538116455,-0.016829587519168854,-0.025449812412261963,-0.04539179801940918,-0.008821229450404644,0.0013782106107100844,-0.0038476947229355574,-0.07269056141376495,0.03,1.255704402923584,-0.07426778227090836,0.34380877017974854,0.043440576642751694,-0.02354428730905056,0.11279606819152832,0.992388904094696,0,0,0,0,0,0,0,0,0,0,0,0,0,0
1.6802959442138672,-1.0,-0.005612194538116455,-0.0168265700340271,-0.025449156761169434,-0.045361220836639404,-0.009782710112631321,0.013373872265219688,-0.00730649009346962,-0.0004140124947298318,0.03,1.255704402923584,-0.07426778227090836,0.34380877017974854,0.043440576642751694,-0.02354428730905056,0.11279606819152832,0.992388904094696,0,0,0,0,0,0,0,0,0,0,0,0,0,0
1.681577444076538,-1.0,-0.005612313747406006,-0.016838937997817993,-0.025454223155975342,-0.045361101627349854,-0.009575288742780685,-0.019802099093794823,0.010253958404064178,-0.011120484210550785,0.03,1.255704402923584,-0.07426778227090836,0.34380877017974854,0.043440576642751694,-0.02354428730905056,0.11279606819152832,0.992388904094696,0,0,0,0,0,0,0,0,0,0,0,0,0,0
1.6826980113983154,-1.0,-0.005612313747406006,-0.016836538910865784,-0.025481224060058594,-0.0453607439994812,-0.008912825025618076,-0.002851062221452594,0.05271867662668228,-0.008268327452242374,0.03,1.2556610107421875,-0.07441256195306778,0.3437383472919464,0.04404686391353607,-0.024067852646112442,0.1097446084022522,0.9926916360855103,0,0,0,0,0,0,0,0,0,0,0,0,0,0
1.6850690841674805,-1.0,-0.005612313747406006,-0.01683267205953598,-0.025454580783843994,-0.04537796974182129,-0.009988348931074142,-0.0043863216415047646,0.016692573204636574,-0.04394717514514923,0.03,1.2556711435317993,-0.07440506666898727,0.3437035381793976,0.04387452453374863,-0.023958859965205193,0.10827036947011948,0.9928638935089111,0,0,0,0,0,0,0,0,0,0,0,0,0,0
1.687589168548584,-1.0,-0.005612194538116455,-0.016829729080200195,-0.025450468063354492,-0.0453609824180603,-0.00961898174136877,0.0006037132698111236,0.006812580395489931,-0.007851912640035152,0.03,1.255706548690796,-0.07426565885543823,0.34373921155929565,0.04338466748595238,-0.023545945063233376,0.11112136393785477,0.992580235004425,0,0,0,0,0,0,0,0,0,0,0,0,0,0
1.6895532608032227,-1.0,-0.005612194538116455,-0.016829729080200195,-0.025450468063354492,-0.0453609824180603,-0.00961898174136877,0.0006037132698111236,0.006812580395489931,-0.007851912640035152,0.03,1.255706548690796,-0.07426565885543823,0.34373921155929565,0.04338466748595238,-0.023545945063233376,0.11112136393785477,0.992580235004425,0,0,0,0,0,0,0,0,0,0,0,0,0,0
1.6906614303588867,-1.0,-0.005612194538116455,-0.016829729080200195,-0.025450468063354492,-0.0453609824180603,-0.00961898174136877,0.0006037132698111236,0.006812580395489931,-0.007851912640035152,0.03,1.255706548690796,-0.07426565885543823,0.34373921155929565,0.04338466748595238,-0.023545945063233376,0.11112136393785477,0.992580235004425,0,0,0,0,0,0,0,0,0,0,0,0,0,0
1.6918175220489502,-1.0,-0.005612194538116455,-0.016829729080200195,-0.025450468063354492,-0.0453609824180603,-0.00961898174136877,0.0006037132698111236,0.006812580395489931,-0.007851912640035152,0.03,1.255706548690796,-0.07426565885543823,0.34373921155929565,0.04338466748595238,-0.023545945063233376,0.11112136393785477,0.992580235004425,0,0,0,0,0,0,0,0,0,0,0,0,0,0
1.6929965019226074,-1.0,-0.005612194538116455,-0.016829729080200195,-0.025450468063354492,-0.0453609824180603,-0.00961898174136877,0.0006037132698111236,0.006812580395489931,-0.007851912640035152,0.03,1.255706548690796,-0.07426565885543823,0.34373921155929565,0.04338466748595238,-0.023545945063233376,0.11112136393785477,0.992580235004425,0,0,0,0,0,0,0,0,0,0,0,0,0,0
1.694249153137207,-1.0,-0.005612194538116455,-0.016829729080200195,-0.025450468063354492,-0.0453609824180603,-0.00961898174136877,0.0006037132698111236,0.006812580395489931,-0.007851912640035152,0.03,1.255706548690796,-0.07426565885543823,0.34373921155929565,0.04338466748595238,-0.023545945063233376,0.11112136393785477,0.992580235004425,0,0,0,0,0,0,0,0,0,0,0,0,0,0
1.695723295211792,-1.0,-0.005612194538116455,-0.016829729080200195,-0.025450468063354492,-0.0453609824180603,-0.00961898174136877,0.0006037132698111236,0.006812580395489931,-0.007851912640035152,0.03,1.255706548690796,-0.07426565885543823,0.34373921155929565,0.04338466748595238,-0.023545945063233376,0.11112136393785477,0.992580235004425,0,0,0,0,0,0,0,0,0,0,0,0,0,0
1.6968040466308594,-1.0,-0.005612194538116455,-0.016829729080200195,-0.025450468063354492,-0.0453609824180603,-0.00961898174136877,0.0006037132698111236,0.006812580395489931,-0.007851912640035152,0.03,1.255706548690796,-0.07426565885543823,0.34373921155929565,0.04338466748595238,-0.023545945063233376,0.11112136393785477,0.992580235004425,0,0,0,0,0,0,0,0,0,0,0,0,0,0
1.6991684436798096,-1.0,-0.005612194538116455,-0.016829729080200195,-0.025450468063354492,-0.0453609824180603,-0.00961898174136877,0.0006037132698111236,0.006812580395489931,-0.007851912640035152,0.03,1.255706548690796,-0.07426565885543823,0.34373921155929565,0.04338466748595238,-0.023545945063233376,0.11112136393785477,0.992580235004425,0,0,0,0,0,0,0,0,0,0,0,0,0,0
1.7009551525115967,-1.0,-0.005612194538116455,-0.016829729080200195,-0.025450468063354492,-0.0453609824180603,-0.00961898174136877,0.0006037132698111236,0.006812580395489931,-0.007851912640035152,0.03,1.255706548690796,-0.07426565885543823,0.34373921155929565,0.04338466748595238,-0.023545945063233376,0.11112136393785477,0.992580235004425,0,0,0,0,0,0,0,0,0,0,0,0,0,0
1.7020692825317383,-1.0,-0.005612194538116455,-0.016829729080200195,-0.025450468063354492,-0.0453609824180603,-0.00961898174136877,0.0006037132698111236,0.006812580395489931,-0.007851912640035152,0.03,1.255706548690796,-0.07426565885543823,0.34373921155929565,0.04338466748595238,-0.023545945063233376,0.11112136393785477,0.992580235004425,0,0,0,0,0,0,0,0,0,0,0,0,0,0
1.7032723426818848,-1.0,-0.005612194538116455,-0.016829729080200195,-0.025450468063354492,-0.0453609824180603,-0.00961898174136877,0.0006037132698111236,0.006812580395489931,-0.007851912640035152,0.03,1.255706548690796,-0.07426565885543823,0.34373921155929565,0.04338466748595238,-0.023545945063233376,0.11112136393785477,0.992580235004425,0,0,0,0,0,0,0,0,0,0,0,0,0,0
1.7083384990692139,-1.0,-0.005612730979919434,-0.016827262938022614,-0.025450527667999268,-0.04536128044128418,-0.007196439895778894,0.008958603255450726,0.007869664579629898,-0.012393242679536343,0.03,1.255708932876587,-0.07424627244472504,0.3437574803829193,0.04346310347318649,-0.023537708446383476,0.11232496052980423,0.9924415349960327,0,0,0,0,0,0,0,0,0,0,0,0,0,0
1.7099854946136475,-1.0,-0.005612194538116455,-0.016828544437885284,-0.02545541524887085,-0.04536557197570801,-0.009657228365540504,0.003268700558692217,0.007388861384242773,-0.016830436885356903,0.03,1.2556567192077637,-0.07439364492893219,0.343717485666275,0.04345845803618431,-0.02397426962852478,0.10313773900270462,0.9934280514717102,0,0,0,0,0,0,0,0,0,0,0,0,0,0
1.7111666202545166,-1.0,-0.005612194538116455,-0.016828544437885284,-0.02545541524887085,-0.04536557197570801,-0.009657228365540504,0.003268700558692217,0.007388861384242773,-0.016830436885356903,0.03,1.2556567192077637,-0.07439364492893219,0.343717485666275,0.04345845803618431,-0.02397426962852478,0.10313773900270462,0.9934280514717102,0,0,0,0,0,0,0,0,0,0,0,0,0,0
1.7122304439544678,-1.0,-0.005612194538116455,-0.016828544437885284,-0.02545541524887085,-0.04536557197570801,-0.009657228365540504,0.003268700558692217,0.007388861384242773,-0.016830436885356903,0.03,1.2556567192077637,-0.07439364492893219,0.343717485666275,0.04345845803618431,-0.02397426962852478,0.10313773900270462,0.9934280514717102,0,0,0,0,0,0,0,0,0,0,0,0,0,0
1.7132987976074219,-1.0,-0.005612194538116455,-0.016835980117321014,-0.025441229343414307,-0.04536473751068115,-0.009018389508128166,-0.0077262320555746555,-0.01683845929801464,-0.013178533874452114,0.03,1.2556639909744263,-0.0743156373500824,0.34381192922592163,0.04376772791147232,-0.023951519280672073,0.10657884180545807,0.9930517077445984,0,0,0,0,0,0,0,0,0,0,0,0,0,0
1.7145028114318848,-1.0,-0.0056122541427612305,-0.016832061111927032,-0.025452256202697754,-0.0453609824180603,-0.010042598471045494,-0.0010364294284954667,0.00044884762610308826,-0.006151870358735323,0.03,1.2556639909744263,-0.0743156373500824,0.34381192922592163,0.04376772791147232,-0.023951519280672073,0.10657884180545807,0.9930517077445984,0,0,0,0,0,0,0,0,0,0,0,0,0,0
1.715756893157959,-1.0,-0.0056122541427612305,-0.016832061111927032,-0.025452256202697754,-0.0453609824180603,-0.010042598471045494,-0.0010364294284954667,0.00044884762610308826,-0.006151870358735323,0.03,1.2556639909744263,-0.0743156373500824,0.34381192922592163,0.04376772791147232,-0.023951519280672073,0.10657884180545807,0.9930517077445984,0,0,0,0,0,0,0,0,0,0,0,0,0,0
1.717285394668579,-1.0,-0.0056122541427612305,-0.016832061111927032,-0.025452256202697754,-0.0453609824180603,-0.010042598471045494,-0.0010364294284954667,0.00044884762610308826,-0.006151870358735323,0.03,1.2556639909744263,-0.0743156373500824,0.34381192922592163,0.04376772791147232,-0.023951519280672073,0.10657884180545807,0.9930517077445984,0,0,0,0,0,0,0,0,0,0,0,0,0,0
1.7184031009674072,-1.0,-0.0056122541427612305,-0.016832061111927032,-0.025452256202697754,-0.0453609824180603,-0.010042598471045494,-0.0010364294284954667,0.00044884762610308826,-0.006151870358735323,0.03,1.2556639909744263,-0.0743156373500824,0.34381192922592163,0.04376772791147232,-0.023951519280672073,0.10657884180545807,0.9930517077445984,0,0,0,0,0,0,0,0,0,0,0,0,0,0
1.7195241451263428,-1.0,-0.0056122541427612305,-0.016832061111927032,-0.025452256202697754,-0.0453609824180603,-0.010042598471045494,-0.0010364294284954667,0.00044884762610308826,-0.006151870358735323,0.03,1.2556639909744263,-0.0743156373500824,0.34381192922592163,0.04376772791147232,-0.023951519280672073,0.10657884180545807,0.9930517077445984,0,0,0,0,0,0,0,0,0,0,0,0,0,0
1.72133469581604,-1.0,-0.005612015724182129,-0.016831643879413605,-0.025457680225372314,-0.04536169767379761,-0.00839964672923088,-0.000624949112534523,0.028711680322885513,-0.0085554588586092,0.03,1.2557063102722168,-0.07424615323543549,0.3437766134738922,0.043169811367988586,-0.023471925407648087,0.10866792500019073,0.99286288022995,0,0,0,0,0,0,0,0,0,0,0,0,0,0
1.7225074768066406,-1.0,-0.005612015724182129,-0.016831643879413605,-0.025457680225372314,-0.04536169767379761,-0.00839964672923088,-0.000624949112534523,0.028711680322885513,-0.0085554588586092,0.03,1.2557063102722168,-0.07424615323543549,0.3437766134738922,0.043169811367988586,-0.023471925407648087,0.10866792500019073,0.99286288022995,0,0,0,0,0,0,0,0,0,0,0,0,0,0
1.723677396774292,-1.0,-0.005612015724182129,-0.016831643879413605,-0.025457680225372314,-0.04536169767379761,-0.00839964672923088,-0.000624949112534523,0.028711680322885513,-0.0085554588586092,0.03,1.2557063102722168,-0.07424615323543549,0.3437766134738922,0.043169811367988586,-0.023471925407648087,0.10866792500019073,0.99286288022995,0,0,0,0,0,0,0,0,0,0,0,0,0,0
1.7249104976654053,-1.0,-0.005612015724182129,-0.016831643879413605,-0.025457680225372314,-0.04536169767379761,-0.00839964672923088,-0.000624949112534523,0.028711680322885513,-0.0085554588586092,0.03,1.2557063102722168,-0.07424615323543549,0.3437766134738922,0.043169811367988586,-0.023471925407648087,0.10866792500019073,0.99286288022995,0,0,0,0,0,0,0,0,0,0,0,0,0,0
1.725985050201416,-1.0,-0.005612015724182129,-0.016831643879413605,-0.025457680225372314,-0.04536169767379761,-0.00839964672923088,-0.000624949112534523,0.028711680322885513,-0.0085554588586092,0.03,1.2557063102722168,-0.07424615323543549,0.3437766134738922,0.043169811367988586,-0.023471925407648087,0.10866792500019073,0.99286288022995,0,0,0,0,0,0,0,0,0,0,0,0,0,0
1.7271037101745605,-1.0,-0.005612015724182129,-0.016831643879413605,-0.025457680225372314,-0.04536169767379761,-0.00839964672923088,-0.000624949112534523,0.028711680322885513,-0.0085554588586092,0.03,1.2557063102722168,-0.07424615323543549,0.3437766134738922,0.043169811367988586,-0.023471925407648087,0.10866792500019073,0.99286288022995,0,0,0,0,0,0,0,0,0,0,0,0,0,0
1.7282662391662598,-1.0,-0.005612015724182129,-0.016831643879413605,-0.025457680225372314,-0.04536169767379761,-0.00839964672923088,-0.000624949112534523,0.028711680322885513,-0.0085554588586092,0.03,1.2557063102722168,-0.07424615323543549,0.3437766134738922,0.043169811367988586,-0.023471925407648087,0.10866792500019073,0.99286288022995,0,0,0,0,0,0,0,0,0,0,0,0,0,0
1.7296142578125,-1.0,-0.005612015724182129,-0.016831643879413605,-0.025457680225372314,-0.04536169767379761,-0.00839964672923088,-0.000624949112534523,0.028711680322885513,-0.0085554588586092,0.03,1.2557063102722168,-0.07424615323543549,0.3437766134738922,0.043169811367988586,-0.023471925407648087,0.10866792500019073,0.99286288022995,0,0,0,0,0,0,0,0,0,0,0,0,0,0
1.730670690536499,-1.0,-0.005612015724182129,-0.016831643879413605,-0.025457680225372314,-0.04536169767379761,-0.00839964672923088,-0.000624949112534523,0.028711680322885513,-0.0085554588586092,0.03,1.2557063102722168,-0.07424615323543549,0.3437766134738922,0.043169811367988586,-0.023471925407648087,0.10866792500019073,0.99286288022995,0,0,0,0,0,0,0,0,0,0,0,0,0,0
1.7323780059814453,-1.0,-0.005612015724182129,-0.016831643879413605,-0.025457680225372314,-0.04536169767379761,-0.00839964672923088,-0.000624949112534523,0.028711680322885513,-0.0085554588586092,0.03,1.2557063102722168,-0.07424615323543549,0.3437766134738922,0.043169811367988586,-0.023471925407648087,0.10866792500019073,0.99286288022995,0,0,0,0,0,0,0,0,0,0,0,0,0,0
1.7341148853302002,-1.0,-0.005612015724182129,-0.016831643879413605,-0.025457680225372314,-0.04536169767379761,-0.00839964672923088,-0.000624949112534523,0.028711680322885513,-0.0085554588586092,0.03,1.2556586265563965,-0.07440420240163803,0.3436800539493561,0.04370006546378136,-0.02399485372006893,0.10507165640592575,0.9932142496109009,0,0,0,0,0,0,0,0,0,0,0,0,0,0
1.7352509498596191,-1.0,-0.005612015724182129,-0.016831643879413605,-0.025457680225372314,-0.04536169767379761,-0.00839964672923088,-0.000624949112534523,0.028711680322885513,-0.0085554588586092,0.03,1.2556586265563965,-0.07440420240163803,0.3436800539493561,0.04370006546378136,-0.02399485372006893,0.10507165640592575,0.9932142496109009,0,0,0,0,0,0,0,0,0,0,0,0,0,0
1.7365124225616455,-1.0,-0.005612015724182129,-0.016831643879413605,-0.025457680225372314,-0.04536169767379761,-0.00839964672923088,-0.000624949112534523,0.028711680322885513,-0.0085554588586092,0.03,1.2556586265563965,-0.07440420240163803,0.3436800539493561,0.04370006546378136,-0.02399485372006893,0.10507165640592575,0.9932142496109009,0,0,0,0,0,0,0,0,0,0,0,0,0,0
1.73848557472229,-1.0,-0.005612015724182129,-0.016831643879413605,-0.025457680225372314,-0.04536169767379761,-0.00839964672923088,-0.000624949112534523,0.028711680322885513,-0.0085554588586092,0.03,1.2556586265563965,-0.07440420240163803,0.3436800539493561,0.04370006546378136,-0.02399485372006893,0.10507165640592575,0.9932142496109009,0,0,0,0,0,0,0,0,0,0,0,0,0,0
1.7401249408721924,-1.0,-0.005612015724182129,-0.016831643879413605,-0.025457680225372314,-0.04536169767379761,-0.00839964672923088,-0.000624949112534523,0.028711680322885513,-0.0085554588586092,0.03,1.2556586265563965,-0.07440420240163803,0.3436800539493561,0.04370006546378136,-0.02399485372006893,0.10507165640592575,0.9932142496109009,0,0,0,0,0,0,0,0,0,0,0,0,0,0
1.7415342330932617,-1.0,-0.005612015724182129,-0.016831643879413605,-0.025457680225372314,-0.04536169767379761,-0.00839964672923088,-0.000624949112534523,0.028711680322885513,-0.0085554588586092,0.03,1.2556586265563965,-0.07440420240163803,0.3436800539493561,0.04370006546378136,-0.02399485372006893,0.10507165640592575,0.9932142496109009,0,0,0,0,0,0,0,0,0,0,0,0,0,0
1.7429099082946777,-1.0,-0.005612015724182129,-0.016831643879413605,-0.025457680225372314,-0.04536169767379761,-0.00839964672923088,-0.000624949112534523,0.028711680322885513,-0.0085554588586092,0.03,1.2556586265563965,-0.07440420240163803,0.3436800539493561,0.04370006546378136,-0.02399485372006893,0.10507165640592575,0.9932142496109009,0,0,0,0,0,0,0,0,0,0,0,0,0,0
1.744095802307129,-1.0,-0.005612015724182129,-0.016831643879413605,-0.025457680225372314,-0.04536169767379761,-0.00839964672923088,-0.000624949112534523,0.028711680322885513,-0.0085554588586092,0.03,1.2556586265563965,-0.07440420240163803,0.3436800539493561,0.04370006546378136,-0.02399485372006893,0.10507165640592575,0.9932142496109009,0,0,0,0,0,0,0,0,0,0,0,0,0,0
1.7455389499664307,-1.0,-0.005612015724182129,-0.016831643879413605,-0.025457680225372314,-0.04536169767379761,-0.00839964672923088,-0.000624949112534523,0.028711680322885513,-0.0085554588586092,0.03,1.2556586265563965,-0.07440420240163803,0.3436800539493561,0.04370006546378136,-0.02399485372006893,0.10507165640592575,0.9932142496109009,0,0,0,0,0,0,0,0,0,0,0,0,0,0
1.746816873550415,-1.0,-0.005612015724182129,-0.016831643879413605,-0.025457680225372314,-0.04536169767379761,-0.00839964672923088,-0.000624949112534523,0.028711680322885513,-0.0085554588586092,0.03,1.2556586265563965,-0.07440420240163803,0.3436800539493561,0.04370006546378136,-0.02399485372006893,0.10507165640592575,0.9932142496109009,0,0,0,0,0,0,0,0,0,0,0,0,0,0
1.7481613159179688,-1.0,-0.005612015724182129,-0.016831643879413605,-0.025457680225372314,-0.04536169767379761,-0.00839964672923088,-0.000624949112534523,0.028711680322885513,-0.0085554588586092,0.03,1.2556586265563965,-0.07440420240163803,0.3436800539493561,0.04370006546378136,-0.02399485372006893,0.10507165640592575,0.9932142496109009,0,0,0,0,0,0,0,0,0,0,0,0,0,0
1.7512526512145996,-1.0,-0.005612015724182129,-0.016831643879413605,-0.025457680225372314,-0.04536169767379761,-0.00839964672923088,-0.000624949112534523,0.028711680322885513,-0.0085554588586092,0.03,1.2556586265563965,-0.07440420240163803,0.3436800539493561,0.04370006546378136,-0.02399485372006893,0.10507165640592575,0.9932142496109009,0,0,0,0,0,0,0,0,0,0,0,0,0,0
1.7526023387908936,-1.0,-0.005612015724182129,-0.016831643879413605,-0.025457680225372314,-0.04536169767379761,-0.00839964672923088,-0.000624949112534523,0.028711680322885513,-0.0085554588586092,0.03,1.2556583881378174,-0.07437966018915176,0.343758225440979,0.043403781950473785,-0.02396976388990879,0.104216068983078,0.9933179616928101,0,0,0,0,0,0,0,0,0,0,0,0,0,0
1.7537312507629395,-1.0,-0.005612015724182129,-0.016831643879413605,-0.025457680225372314,-0.04536169767379761,-0.00839964672923088,-0.000624949112534523,0.028711680322885513,-0.0085554588586092,0.03,1.2556583881378174,-0.07437966018915176,0.343758225440979,0.043403781950473785,-0.02396976388990879,0.104216068983078,0.9933179616928101,0,0,0,0,0,0,0,0,0,0,0,0,0,0
1.7548785209655762,-1.0,-0.005612015724182129,-0.016831643879413605,-0.025457680225372314,-0.04536169767379761,-0.00839964672923088,-0.000624949112534523,0.028711680322885513,-0.0085554588586092,0.03,1.2556583881378174,-0.07437966018915176,0.343758225440979,0.043403781950473785,-0.02396976388990879,0.104216068983078,0.9933179616928101,0,0,0,0,0,0,0,0,0,0,0,0,0,0
1.756079912185669,-1.0,-0.005612015724182129,-0.016831643879413605,-0.025457680225372314,-0.04536169767379761,-0.00839964672923088,-0.000624949112534523,0.028711680322885513,-0.0085554588586092,0.03,1.2556573152542114,-0.07431919872760773,0.3438341021537781,0.04363057762384415,-0.023956943303346634,0.1059405505657196,0.993125855922699,0,0,0,0,0,0,0,0,0,0,0,0,0,0
1.7574231624603271,-1.0,-0.005612015724182129,-0.016831643879413605,-0.025457680225372314,-0.04536169767379761,-0.00839964672923088,-0.000624949112534523,0.028711680322885513,-0.0085554588586092,0.03,1.2556573152542114,-0.07431919872760773,0.3438341021537781,0.04363057762384415,-0.023956943303346634,0.1059405505657196,0.993125855922699,0,0,0,0,0,0,0,0,0,0,0,0,0,0
1.7590689659118652,-1.0,-0.005612015724182129,-0.016831643879413605,-0.025457680225372314,-0.04536169767379761,-0.00839964672923088,-0.000624949112534523,0.028711680322885513,-0.0085554588586092,0.03,1.2556573152542114,-0.07431919872760773,0.3438341021537781,0.04363057762384415,-0.023956943303346634,0.1059405505657196,0.993125855922699,0,0,0,0,0,0,0,0,0,0,0,0,0,0
1.7616407871246338,-1.0,-0.005612015724182129,-0.016831643879413605,-0.025457680225372314,-0.04536169767379761,-0.00839964672923088,-0.000624949112534523,0.028711680322885513,-0.0085554588586092,0.03,1.2556573152542114,-0.07431919872760773,0.3438341021537781,0.04363057762384415,-0.023956943303346634,0.1059405505657196,0.993125855922699,0,0,0,0,0,0,0,0,0,0,0,0,0,0
1.7631542682647705,-1.0,-0.005612015724182129,-0.016831643879413605,-0.025457680225372314,-0.04536169767379761,-0.00839964672923088,-0.000624949112534523,0.028711680322885513,-0.0085554588586092,0.03,1.2556573152542114,-0.07431919872760773,0.3438341021537781,0.04363057762384415,-0.023956943303346634,0.1059405505657196,0.993125855922699,0,0,0,0,0,0,0,0,0,0,0,0,0,0
1.764218807220459,-1.0,-0.005612015724182129,-0.016831643879413605,-0.025457680225372314,-0.04536169767379761,-0.00839964672923088,-0.000624949112534523,0.028711680322885513,-0.0085554588586092,0.03,1.2556573152542114,-0.07431919872760773,0.3438341021537781,0.04363057762384415,-0.023956943303346634,0.1059405505657196,0.993125855922699,0,0,0,0,0,0,0,0,0,0,0,0,0,0
1.765486717224121,-1.0,-0.005612015724182129,-0.016831643879413605,-0.025457680225372314,-0.04536169767379761,-0.00839964672923088,-0.000624949112534523,0.028711680322885513,-0.0085554588586092,0.03,1.2556573152542114,-0.07431919872760773,0.3438341021537781,0.04363057762384415,-0.023956943303346634,0.1059405505657196,0.993125855922699,0,0,0,0,0,0,0,0,0,0,0,0,0,0
1.7676351070404053,-1.0,-0.005612015724182129,-0.016831643879413605,-0.025457680225372314,-0.04536169767379761,-0.00839964672923088,-0.000624949112534523,0.028711680322885513,-0.0085554588586092,0.03,1.2556573152542114,-0.07431919872760773,0.3438341021537781,0.04363057762384415,-0.023956943303346634,0.1059405505657196,0.993125855922699,0,0,0,0,0,0,0,0,0,0,0,0,0,0
1.7688744068145752,-1.0,-0.005612015724182129,-0.016831643879413605,-0.025457680225372314,-0.04536169767379761,-0.00839964672923088,-0.000624949112534523,0.028711680322885513,-0.0085554588586092,0.03,1.2556573152542114,-0.07431919872760773,0.3438341021537781,0.04363057762384415,-0.023956943303346634,0.1059405505657196,0.993125855922699,0,0,0,0,0,0,0,0,0,0,0,0,0,0
1.770200490951538,-1.0,-0.005612015724182129,-0.016831643879413605,-0.025457680225372314,-0.04536169767379761,-0.00839964672923088,-0.000624949112534523,0.028711680322885513,-0.0085554588586092,0.03,1.2556573152542114,-0.07431919872760773,0.3438341021537781,0.04363057762384415,-0.023956943303346634,0.1059405505657196,0.993125855922699,0,0,0,0,0,0,0,0,0,0,0,0,0,0
1.7713501453399658,-1.0,-0.005612015724182129,-0.016831643879413605,-0.025457680225372314,-0.04536169767379761,-0.00839964672923088,-0.000624949112534523,0.028711680322885513,-0.0085554588586092,0.03,1.2556573152542114,-0.07431919872760773,0.3438341021537781,0.04363057762384415,-0.023956943303346634,0.1059405505657196,0.993125855922699,0,0,0,0,0,0,0,0,0,0,0,0,0,0
1.7731361389160156,-1.0,-0.005612015724182129,-0.016831643879413605,-0.025457680225372314,-0.04536169767379761,-0.00839964672923088,-0.000624949112534523,0.028711680322885513,-0.0085554588586092,0.03,1.2556573152542114,-0.07431919872760773,0.3438341021537781,0.04363057762384415,-0.023956943303346634,0.1059405505657196,0.993125855922699,0,0,0,0,0,0,0,0,0,0,0,0,0,0
1.7745559215545654,-1.0,-0.005612015724182129,-0.016831643879413605,-0.025457680225372314,-0.04536169767379761,-0.00839964672923088,-0.000624949112534523,0.028711680322885513,-0.0085554588586092,0.03,1.2556573152542114,-0.07431919872760773,0.3438341021537781,0.04363057762384415,-0.023956943303346634,0.1059405505657196,0.993125855922699,0,0,0,0,0,0,0,0,0,0,0,0,0,0
1.7765119075775146,-1.0,-0.005612015724182129,-0.016831643879413605,-0.025457680225372314,-0.04536169767379761,-0.00839964672923088,-0.000624949112534523,0.028711680322885513,-0.0085554588586092,0.03,1.2556573152542114,-0.07431919872760773,0.3438341021537781,0.04363057762384415,-0.023956943303346634,0.1059405505657196,0.993125855922699,0,0,0,0,0,0,0,0,0,0,0,0,0,0
1.7776851654052734,-1.0,-0.005612015724182129,-0.016831643879413605,-0.025457680225372314,-0.04536169767379761,-0.00839964672923088,-0.000624949112534523,0.028711680322885513,-0.0085554588586092,0.03,1.2556573152542114,-0.07431919872760773,0.3438341021537781,0.04363057762384415,-0.023956943303346634,0.1059405505657196,0.993125855922699,0,0,0,0,0,0,0,0,0,0,0,0,0,0
1.7793848514556885,-1.0,-0.005612015724182129,-0.016831643879413605,-0.025457680225372314,-0.04536169767379761,-0.00839964672923088,-0.000624949112534523,0.028711680322885513,-0.0085554588586092,0.03,1.2556573152542114,-0.07431919872760773,0.3438341021537781,0.04363057762384415,-0.023956943303346634,0.1059405505657196,0.993125855922699,0,0,0,0,0,0,0,0,0,0,0,0,0,0
1.7808327674865723,-1.0,-0.005612015724182129,-0.016831643879413605,-0.025457680225372314,-0.04536169767379761,-0.00839964672923088,-0.000624949112534523,0.028711680322885513,-0.0085554588586092,0.03,1.2556573152542114,-0.07431919872760773,0.3438341021537781,0.04363057762384415,-0.023956943303346634,0.1059405505657196,0.993125855922699,0,0,0,0,0,0,0,0,0,0,0,0,0,0
1.7835745811462402,-1.0,-0.005612015724182129,-0.016831643879413605,-0.025457680225372314,-0.04536169767379761,-0.00839964672923088,-0.000624949112534523,0.028711680322885513,-0.0085554588586092,0.03,1.2556573152542114,-0.07431919872760773,0.3438341021537781,0.04363057762384415,-0.023956943303346634,0.1059405505657196,0.993125855922699,0,0,0,0,0,0,0,0,0,0,0,0,0,0
1.784639596939087,-1.0,-0.005612015724182129,-0.016831643879413605,-0.025457680225372314,-0.04536169767379761,-0.00839964672923088,-0.000624949112534523,0.028711680322885513,-0.0085554588586092,0.03,1.2556573152542114,-0.07431919872760773,0.3438341021537781,0.04363057762384415,-0.023956943303346634,0.1059405505657196,0.993125855922699,0,0,0,0,0,0,0,0,0,0,0,0,0,0
1.7857627868652344,-1.0,-0.005612015724182129,-0.016831643879413605,-0.025457680225372314,-0.04536169767379761,-0.00839964672923088,-0.000624949112534523,0.028711680322885513,-0.0085554588586092,0.03,1.2556573152542114,-0.07431919872760773,0.3438341021537781,0.04363057762384415,-0.023956943303346634,0.1059405505657196,0.993125855922699,0,0,0,0,0,0,0,0,0,0,0,0,0,0
1.7871856689453125,-1.0,-0.005612015724182129,-0.016831643879413605,-0.025457680225372314,-0.04536169767379761,-0.00839964672923088,-0.000624949112534523,0.028711680322885513,-0.0085554588586092,0.03,1.2556573152542114,-0.07431919872760773,0.3438341021537781,0.04363057762384415,-0.023956943303346634,0.1059405505657196,0.993125855922699,0,0,0,0,0,0,0,0,0,0,0,0,0,0
1.7882769107818604,-1.0,-0.005612015724182129,-0.016831643879413605,-0.025457680225372314,-0.04536169767379761,-0.00839964672923088,-0.000624949112534523,0.028711680322885513,-0.0085554588586092,0.03,1.2556573152542114,-0.07431919872760773,0.3438341021537781,0.04363057762384415,-0.023956943303346634,0.1059405505657196,0.993125855922699,0,0,0,0,0,0,0,0,0,0,0,0,0,0
1.789398193359375,-1.0,-0.005612015724182129,-0.016831643879413605,-0.025457680225372314,-0.04536169767379761,-0.00839964672923088,-0.000624949112534523,0.028711680322885513,-0.0085554588586092,0.03,1.2556573152542114,-0.07431919872760773,0.3438341021537781,0.04363057762384415,-0.023956943303346634,0.1059405505657196,0.993125855922699,0,0,0,0,0,0,0,0,0,0,0,0,0,0
1.7913482189178467,-1.0,-0.005612015724182129,-0.016831643879413605,-0.025457680225372314,-0.04536169767379761,-0.00839964672923088,-0.000624949112534523,0.028711680322885513,-0.0085554588586092,0.03,1.2556573152542114,-0.07431919872760773,0.3438341021537781,0.04363057762384415,-0.023956943303346634,0.1059405505657196,0.993125855922699,0,0,0,0,0,0,0,0,0,0,0,0,0,0
1.7929503917694092,-1.0,-0.005612015724182129,-0.016831643879413605,-0.025457680225372314,-0.04536169767379761,-0.00839964672923088,-0.000624949112534523,0.028711680322885513,-0.0085554588586092,0.03,1.2556573152542114,-0.07431919872760773,0.3438341021537781,0.04363057762384415,-0.023956943303346634,0.1059405505657196,0.993125855922699,0,0,0,0,0,0,0,0,0,0,0,0,0,0
1.7940855026245117,-1.0,-0.005612015724182129,-0.016831643879413605,-0.025457680225372314,-0.04536169767379761,-0.00839964672923088,-0.000624949112534523,0.028711680322885513,-0.0085554588586092,0.03,1.2556573152542114,-0.07431919872760773,0.3438341021537781,0.04363057762384415,-0.023956943303346634,0.1059405505657196,0.993125855922699,0,0,0,0,0,0,0,0,0,0,0,0,0,0
1.7951958179473877,-1.0,-0.005612015724182129,-0.016831643879413605,-0.025457680225372314,-0.04536169767379761,-0.00839964672923088,-0.000624949112534523,0.028711680322885513,-0.0085554588586092,0.03,1.2556573152542114,-0.07431919872760773,0.3438341021537781,0.04363057762384415,-0.023956943303346634,0.1059405505657196,0.993125855922699,0,0,0,0,0,0,0,0,0,0,0,0,0,0
1.7970805168151855,-1.0,-0.005612015724182129,-0.016831643879413605,-0.025457680225372314,-0.04536169767379761,-0.00839964672923088,-0.000624949112534523,0.028711680322885513,-0.0085554588586092,0.03,1.2556573152542114,-0.07431919872760773,0.3438341021537781,0.04363057762384415,-0.023956943303346634,0.1059405505657196,0.993125855922699,0,0,0,0,0,0,0,0,0,0,0,0,0,0
1.7982053756713867,-1.0,-0.005612015724182129,-0.016831643879413605,-0.025457680225372314,-0.04536169767379761,-0.00839964672923088,-0.000624949112534523,0.028711680322885513,-0.0085554588586092,0.03,1.2556573152542114,-0.07431919872760773,0.3438341021537781,0.04363057762384415,-0.023956943303346634,0.1059405505657196,0.993125855922699,0,0,0,0,0,0,0,0,0,0,0,0,0,0
1.7994558811187744,-1.0,-0.005612015724182129,-0.016831643879413605,-0.025457680225372314,-0.04536169767379761,-0.00839964672923088,-0.000624949112534523,0.028711680322885513,-0.0085554588586092,0.03,1.2556573152542114,-0.07431919872760773,0.3438341021537781,0.04363057762384415,-0.023956943303346634,0.1059405505657196,0.993125855922699,0,0,0,0,0,0,0,0,0,0,0,0,0,0
1.800532341003418,-1.0,-0.005612015724182129,-0.016831643879413605,-0.025457680225372314,-0.04536169767379761,-0.00839964672923088,-0.000624949112534523,0.028711680322885513,-0.0085554588586092,0.03,1.2556573152542114,-0.07431919872760773,0.3438341021537781,0.04363057762384415,-0.023956943303346634,0.1059405505657196,0.993125855922699,0,0,0,0,0,0,0,0,0,0,0,0,0,0
1.8016166687011719,-1.0,-0.005612015724182129,-0.016831643879413605,-0.025457680225372314,-0.04536169767379761,-0.00839964672923088,-0.000624949112534523,0.028711680322885513,-0.0085554588586092,0.03,1.2556573152542114,-0.07431919872760773,0.3438341021537781,0.04363057762384415,-0.023956943303346634,0.1059405505657196,0.993125855922699,0,0,0,0,0,0,0,0,0,0,0,0,0,0
1.8027458190917969,-1.0,-0.005612015724182129,-0.016831643879413605,-0.025457680225372314,-0.04536169767379761,-0.00839964672923088,-0.000624949112534523,0.028711680322885513,-0.0085554588586092,0.03,1.2556573152542114,-0.07431919872760773,0.3438341021537781,0.04363057762384415,-0.023956943303346634,0.1059405505657196,0.993125855922699,0,0,0,0,0,0,0,0,0,0,0,0,0,0
1.8038835525512695,-1.0,-0.005612015724182129,-0.016831643879413605,-0.025457680225372314,-0.04536169767379761,-0.00839964672923088,-0.000624949112534523,0.028711680322885513,-0.0085554588586092,0.03,1.2556573152542114,-0.07431919872760773,0.3438341021537781,0.04363057762384415,-0.023956943303346634,0.1059405505657196,0.993125855922699,0,0,0,0,0,0,0,0,0,0,0,0,0,0
1.8049728870391846,-1.0,-0.005612015724182129,-0.016831643879413605,-0.025457680225372314,-0.04536169767379761,-0.00839964672923088,-0.000624949112534523,0.028711680322885513,-0.0085554588586092,0.03,1.2556573152542114,-0.07431919872760773,0.3438341021537781,0.04363057762384415,-0.023956943303346634,0.1059405505657196,0.993125855922699,0,0,0,0,0,0,0,0,0,0,0,0,0,0
1.8062419891357422,-1.0,-0.005612015724182129,-0.016831643879413605,-0.025457680225372314,-0.04536169767379761,-0.00839964672923088,-0.000624949112534523,0.028711680322885513,-0.0085554588586092,0.03,1.2556573152542114,-0.07431919872760773,0.3438341021537781,0.04363057762384415,-0.023956943303346634,0.1059405505657196,0.993125855922699,0,0,0,0,0,0,0,0,0,0,0,0,0,0
1.8116350173950195,-1.0,-0.005612015724182129,-0.016831643879413605,-0.025457680225372314,-0.04536169767379761,-0.00839964672923088,-0.000624949112534523,0.028711680322885513,-0.0085554588586092,0.03,1.2556573152542114,-0.07431919872760773,0.3438341021537781,0.04363057762384415,-0.023956943303346634,0.1059405505657196,0.993125855922699,0,0,0,0,0,0,0,0,0,0,0,0,0,0
1.8129820823669434,-1.0,-0.005612015724182129,-0.016831643879413605,-0.025457680225372314,-0.04536169767379761,-0.00839964672923088,-0.000624949112534523,0.028711680322885513,-0.0085554588586092,0.03,1.2556573152542114,-0.07431919872760773,0.3438341021537781,0.04363057762384415,-0.023956943303346634,0.1059405505657196,0.993125855922699,0,0,0,0,0,0,0,0,0,0,0,0,0,0
1.8141586780548096,-1.0,-0.005612015724182129,-0.016831643879413605,-0.025457680225372314,-0.04536169767379761,-0.00839964672923088,-0.000624949112534523,0.028711680322885513,-0.0085554588586092,0.03,1.2556573152542114,-0.07431919872760773,0.3438341021537781,0.04363057762384415,-0.023956943303346634,0.1059405505657196,0.993125855922699,0,0,0,0,0,0,0,0,0,0,0,0,0,0
1.8153643608093262,-1.0,-0.005612015724182129,-0.016831643879413605,-0.025457680225372314,-0.04536169767379761,-0.00839964672923088,-0.000624949112534523,0.028711680322885513,-0.0085554588586092,0.03,1.2556573152542114,-0.07431919872760773,0.3438341021537781,0.04363057762384415,-0.023956943303346634,0.1059405505657196,0.993125855922699,0,0,0,0,0,0,0,0,0,0,0,0,0,0
1.816650629043579,-1.0,-0.005612015724182129,-0.016831643879413605,-0.025457680225372314,-0.04536169767379761,-0.00839964672923088,-0.000624949112534523,0.028711680322885513,-0.0085554588586092,0.03,1.2556573152542114,-0.07431919872760773,0.3438341021537781,0.04363057762384415,-0.023956943303346634,0.1059405505657196,0.993125855922699,0,0,0,0,0,0,0,0,0,0,0,0,0,0
1.818145990371704,-1.0,-0.005612015724182129,-0.016831643879413605,-0.025457680225372314,-0.04536169767379761,-0.00839964672923088,-0.000624949112534523,0.028711680322885513,-0.0085554588586092,0.03,1.2556573152542114,-0.07431919872760773,0.3438341021537781,0.04363057762384415,-0.023956943303346634,0.1059405505657196,0.993125855922699,0,0,0,0,0,0,0,0,0,0,0,0,0,0
1.8195466995239258,-1.0,-0.005612015724182129,-0.016831643879413605,-0.025457680225372314,-0.04536169767379761,-0.00839964672923088,-0.000624949112534523,0.028711680322885513,-0.0085554588586092,0.03,1.2556573152542114,-0.07431919872760773,0.3438341021537781,0.04363057762384415,-0.023956943303346634,0.1059405505657196,0.993125855922699,0,0,0,0,0,0,0,0,0,0,0,0,0,0
1.8208143711090088,-1.0,-0.005612492561340332,-0.016826435923576355,-0.02545166015625,-0.045364558696746826,-0.006790575571358204,0.007885158061981201,0.007993516512215137,-0.01505096536129713,0.03,1.2556573152542114,-0.07431919872760773,0.3438341021537781,0.04363057762384415,-0.023956943303346634,0.1059405505657196,0.993125855922699,0,0,0,0,0,0,0,0,0,0,0,0,0,0
1.822143316268921,-1.0,-0.005612492561340332,-0.016826435923576355,-0.02545166015625,-0.045364558696746826,-0.006790575571358204,0.007885158061981201,0.007993516512215137,-0.01505096536129713,0.03,1.2556573152542114,-0.07431919872760773,0.3438341021537781,0.04363057762384415,-0.023956943303346634,0.1059405505657196,0.993125855922699,0,0,0,0,0,0,0,0,0,0,0,0,0,0
1.8232569694519043,-1.0,-0.005612492561340332,-0.016826435923576355,-0.02545166015625,-0.045364558696746826,-0.006790575571358204,0.007885158061981201,0.007993516512215137,-0.01505096536129713,0.03,1.2556573152542114,-0.07431919872760773,0.3438341021537781,0.04363057762384415,-0.023956943303346634,0.1059405505657196,0.993125855922699,0,0,0,0,0,0,0,0,0,0,0,0,0,0
1.8254454135894775,-1.0,-0.005612194538116455,-0.016827262938022614,-0.025442659854888916,-0.045389652252197266,-0.009104331023991108,0.005518394056707621,-0.014369158074259758,-0.07038088887929916,0.03,1.2556573152542114,-0.07431919872760773,0.3438341021537781,0.04363057762384415,-0.023956943303346634,0.1059405505657196,0.993125855922699,0,0,0,0,0,0,0,0,0,0,0,0,0,0
1.826648473739624,-1.0,-0.005612194538116455,-0.016827262938022614,-0.025442659854888916,-0.045389652252197266,-0.009104331023991108,0.005518394056707621,-0.014369158074259758,-0.07038088887929916,0.03,1.2556573152542114,-0.07431919872760773,0.3438341021537781,0.04363057762384415,-0.023956943303346634,0.1059405505657196,0.993125855922699,0,0,0,0,0,0,0,0,0,0,0,0,0,0
1.8278074264526367,-1.0,-0.005612194538116455,-0.016827262938022614,-0.025442659854888916,-0.045389652252197266,-0.009104331023991108,0.005518394056707621,-0.014369158074259758,-0.07038088887929916,0.03,1.2556573152542114,-0.07431919872760773,0.3438341021537781,0.04363057762384415,-0.023956943303346634,0.1059405505657196,0.993125855922699,0,0,0,0,0,0,0,0,0,0,0,0,0,0
1.8291237354278564,-1.0,-0.005612194538116455,-0.016827262938022614,-0.025442659854888916,-0.045389652252197266,-0.009104331023991108,0.005518394056707621,-0.014369158074259758,-0.07038088887929916,0.03,1.2556573152542114,-0.07431919872760773,0.3438341021537781,0.04363057762384415,-0.023956943303346634,0.1059405505657196,0.993125855922699,0,0,0,0,0,0,0,0,0,0,0,0,0,0
1.830702781677246,-1.0,-0.005612194538116455,-0.016827262938022614,-0.025442659854888916,-0.045389652252197266,-0.009104331023991108,0.005518394056707621,-0.014369158074259758,-0.07038088887929916,0.03,1.2556573152542114,-0.07431919872760773,0.3438341021537781,0.04363057762384415,-0.023956943303346634,0.1059405505657196,0.993125855922699,0,0,0,0,0,0,0,0,0,0,0,0,0,0
1.8324363231658936,-1.0,-0.005612194538116455,-0.016827262938022614,-0.025442659854888916,-0.045389652252197266,-0.009104331023991108,0.005518394056707621,-0.014369158074259758,-0.07038088887929916,0.03,1.2556573152542114,-0.07431919872760773,0.3438341021537781,0.04363057762384415,-0.023956943303346634,0.1059405505657196,0.993125855922699,0,0,0,0,0,0,0,0,0,0,0,0,0,0
1.8339030742645264,-1.0,-0.005612194538116455,-0.016827262938022614,-0.025442659854888916,-0.045389652252197266,-0.009104331023991108,0.005518394056707621,-0.014369158074259758,-0.07038088887929916,0.03,1.2556573152542114,-0.07431919872760773,0.3438341021537781,0.04363057762384415,-0.023956943303346634,0.1059405505657196,0.993125855922699,0,0,0,0,0,0,0,0,0,0,0,0,0,0
1.8361842632293701,-1.0,-0.005611836910247803,-0.016831345856189728,-0.025449812412261963,-0.04536092281341553,-0.006947509944438934,0.005830823909491301,-0.003556494601070881,-0.01037872675806284,0.03,1.2556564807891846,-0.074364073574543,0.34372806549072266,0.04349745437502861,-0.02391822636127472,0.10244424641132355,0.9934994578361511,0,0,0,0,0,0,0,0,0,0,0,0,0,0
1.8374452590942383,-1.0,-0.00561213493347168,-0.0168444886803627,-0.025464355945587158,-0.04536116123199463,-0.00901222787797451,-0.019871734082698822,0.036394789814949036,-0.012559938244521618,0.03,1.255703091621399,-0.07429441064596176,0.34369102120399475,0.04293513670563698,-0.023521078750491142,0.10586623847484589,0.9931746125221252,0,0,0,0,0,0,0,0,0,0,0,0,0,0
1.8385348320007324,-1.0,-0.005612194538116455,-0.01683235913515091,-0.02546590566635132,-0.04536128044128418,-0.009247589856386185,0.007983078248798847,0.03169440105557442,-0.012886823154985905,0.03,1.255671739578247,-0.07431895285844803,0.3438117206096649,0.043467774987220764,-0.023946713656187057,0.1043972447514534,0.9932966828346252,0,0,0,0,0,0,0,0,0,0,0,0,0,0
1.8402519226074219,-1.0,-0.005612194538116455,-0.01683235913515091,-0.02546590566635132,-0.04536128044128418,-0.009247589856386185,0.007983078248798847,0.03169440105557442,-0.012886823154985905,0.03,1.255671739578247,-0.07431895285844803,0.3438117206096649,0.043467774987220764,-0.023946713656187057,0.1043972447514534,0.9932966828346252,0,0,0,0,0,0,0,0,0,0,0,0,0,0
1.8430523872375488,-1.0,-0.005612194538116455,-0.01683235913515091,-0.02546590566635132,-0.04536128044128418,-0.009247589856386185,0.007983078248798847,0.03169440105557442,-0.012886823154985905,0.03,1.255671739578247,-0.07431895285844803,0.3438117206096649,0.043467774987220764,-0.023946713656187057,0.1043972447514534,0.9932966828346252,0,0,0,0,0,0,0,0,0,0,0,0,0,0
1.8443167209625244,-1.0,-0.005612194538116455,-0.01683235913515091,-0.02546590566635132,-0.04536128044128418,-0.009247589856386185,0.007983078248798847,0.03169440105557442,-0.012886823154985905,0.03,1.255671739578247,-0.07431895285844803,0.3438117206096649,0.043467774987220764,-0.023946713656187057,0.1043972447514534,0.9932966828346252,0,0,0,0,0,0,0,0,0,0,0,0,0,0
1.8463289737701416,-1.0,-0.005612313747406006,-0.016838304698467255,-0.025469422340393066,-0.04536080360412598,-0.009552747011184692,-0.01478584948927164,0.03435239568352699,-0.009867639280855656,0.03,1.2556662559509277,-0.07430597394704819,0.34384316205978394,0.0432991087436676,-0.02384105511009693,0.10170145332813263,0.9935863018035889,0,0,0,0,0,0,0,0,0,0,0,0,0,0
1.8476932048797607,-1.0,-0.005612313747406006,-0.016838304698467255,-0.025469422340393066,-0.04536080360412598,-0.009552747011184692,-0.01478584948927164,0.03435239568352699,-0.009867639280855656,0.03,1.2556662559509277,-0.07430597394704819,0.34384316205978394,0.0432991087436676,-0.02384105511009693,0.10170145332813263,0.9935863018035889,0,0,0,0,0,0,0,0,0,0,0,0,0,0
1.8489134311676025,-1.0,-0.005612313747406006,-0.016838304698467255,-0.025469422340393066,-0.04536080360412598,-0.009552747011184692,-0.01478584948927164,0.03435239568352699,-0.009867639280855656,0.03,1.2556662559509277,-0.07430597394704819,0.34384316205978394,0.0432991087436676,-0.02384105511009693,0.10170145332813263,0.9935863018035889,0,0,0,0,0,0,0,0,0,0,0,0,0,0
1.8501677513122559,-1.0,-0.005612671375274658,-0.016826190054416656,-0.025469541549682617,-0.04536700248718262,-0.007003767415881157,0.008253142237663269,0.04692219942808151,-0.021474409848451614,0.03,1.2556662559509277,-0.07430597394704819,0.34384316205978394,0.0432991087436676,-0.02384105511009693,0.10170145332813263,0.9935863018035889,0,0,0,0,0,0,0,0,0,0,0,0,0,0
1.8519761562347412,-1.0,-0.005612015724182129,-0.016827091574668884,-0.025456488132476807,-0.04537302255630493,-0.007794927805662155,0.007988078519701958,0.007583756931126118,-0.03540049493312836,0.03,1.2556623220443726,-0.07440811395645142,0.34370115399360657,0.04340922459959984,-0.023926295340061188,0.10165150463581085,0.9935845732688904,0,0,0,0,0,0,0,0,0,0,0,0,0,0
1.853074550628662,-1.0,-0.005612015724182129,-0.016827091574668884,-0.025456488132476807,-0.04537302255630493,-0.007794927805662155,0.007988078519701958,0.007583756931126118,-0.03540049493312836,0.03,1.2556623220443726,-0.07440811395645142,0.34370115399360657,0.04340922459959984,-0.023926295340061188,0.10165150463581085,0.9935845732688904,0,0,0,0,0,0,0,0,0,0,0,0,0,0
1.8557617664337158,-1.0,-0.005612015724182129,-0.016827091574668884,-0.025456488132476807,-0.04537302255630493,-0.007794927805662155,0.007988078519701958,0.007583756931126118,-0.03540049493312836,0.03,1.2556623220443726,-0.07440811395645142,0.34370115399360657,0.04340922459959984,-0.023926295340061188,0.10165150463581085,0.9935845732688904,0,0,0,0,0,0,0,0,0,0,0,0,0,0
1.8572347164154053,-1.0,-0.005612015724182129,-0.016827091574668884,-0.025456488132476807,-0.04537302255630493,-0.007794927805662155,0.007988078519701958,0.007583756931126118,-0.03540049493312836,0.03,1.2556623220443726,-0.07440811395645142,0.34370115399360657,0.04340922459959984,-0.023926295340061188,0.10165150463581085,0.9935845732688904,0,0,0,0,0,0,0,0,0,0,0,0,0,0
1.858837604522705,-1.0,-0.005612015724182129,-0.016827091574668884,-0.025456488132476807,-0.04537302255630493,-0.007794927805662155,0.007988078519701958,0.007583756931126118,-0.03540049493312836,0.03,1.2556623220443726,-0.07440811395645142,0.34370115399360657,0.04340922459959984,-0.023926295340061188,0.10165150463581085,0.9935845732688904,0,0,0,0,0,0,0,0,0,0,0,0,0,0
1.8607845306396484,-1.0,-0.005612015724182129,-0.016827091574668884,-0.025456488132476807,-0.04537302255630493,-0.007794927805662155,0.007988078519701958,0.007583756931126118,-0.03540049493312836,0.03,1.2556623220443726,-0.07440811395645142,0.34370115399360657,0.04340922459959984,-0.023926295340061188,0.10165150463581085,0.9935845732688904,0,0,0,0,0,0,0,0,0,0,0,0,0,0
1.8620986938476562,-1.0,-0.005612015724182129,-0.016827091574668884,-0.025456488132476807,-0.04537302255630493,-0.007794927805662155,0.007988078519701958,0.007583756931126118,-0.03540049493312836,0.03,1.255663514137268,-0.07431574165821075,0.3438258767127991,0.04361353814601898,-0.02396887168288231,0.10643114149570465,0.9930739402770996,0,0,0,0,0,0,0,0,0,0,0,0,0,0
1.8641464710235596,-1.0,-0.005612015724182129,-0.016827091574668884,-0.025456488132476807,-0.04537302255630493,-0.007794927805662155,0.007988078519701958,0.007583756931126118,-0.03540049493312836,0.03,1.2556965351104736,-0.07428234070539474,0.3437643349170685,0.0431683249771595,-0.023459257557988167,0.10861678421497345,0.9928689002990723,0,0,0,0,0,0,0,0,0,0,0,0,0,0
1.865513801574707,-1.0,-0.005612015724182129,-0.016827091574668884,-0.025456488132476807,-0.04537302255630493,-0.007794927805662155,0.007988078519701958,0.007583756931126118,-0.03540049493312836,0.03,1.2556965351104736,-0.07428234070539474,0.3437643349170685,0.0431683249771595,-0.023459257557988167,0.10861678421497345,0.9928689002990723,0,0,0,0,0,0,0,0,0,0,0,0,0,0
1.867063045501709,-1.0,-0.005612015724182129,-0.016827091574668884,-0.025456488132476807,-0.04537302255630493,-0.007794927805662155,0.007988078519701958,0.007583756931126118,-0.03540049493312836,0.03,1.2556965351104736,-0.07428234070539474,0.3437643349170685,0.0431683249771595,-0.023459257557988167,0.10861678421497345,0.9928689002990723,0,0,0,0,0,0,0,0,0,0,0,0,0,0
1.8686373233795166,-1.0,-0.005612015724182129,-0.016827091574668884,-0.025456488132476807,-0.04537302255630493,-0.007794927805662155,0.007988078519701958,0.007583756931126118,-0.03540049493312836,0.03,1.2556965351104736,-0.07428234070539474,0.3437643349170685,0.0431683249771595,-0.023459257557988167,0.10861678421497345,0.9928689002990723,0,0,0,0,0,0,0,0,0,0,0,0,0,0
1.8701896667480469,-1.0,-0.005612015724182129,-0.016827091574668884,-0.025456488132476807,-0.04537302255630493,-0.007794927805662155,0.007988078519701958,0.007583756931126118,-0.03540049493312836,0.03,1.2556965351104736,-0.07428234070539474,0.3437643349170685,0.0431683249771595,-0.023459257557988167,0.10861678421497345,0.9928689002990723,0,0,0,0,0,0,0,0,0,0,0,0,0,0
1.8718550205230713,-1.0,-0.005612015724182129,-0.016827091574668884,-0.025456488132476807,-0.04537302255630493,-0.007794927805662155,0.007988078519701958,0.007583756931126118,-0.03540049493312836,0.03,1.2556965351104736,-0.07428234070539474,0.3437643349170685,0.0431683249771595,-0.023459257557988167,0.10861678421497345,0.9928689002990723,0,0,0,0,0,0,0,0,0,0,0,0,0,0
1.873155117034912,-1.0,-0.005612373352050781,-0.01682785153388977,-0.02547210454940796,-0.04536128044128418,-0.016136016696691513,0.007215553894639015,0.06000635772943497,-0.013611205853521824,0.03,1.2556509971618652,-0.0744069293141365,0.34370699524879456,0.04390145465731621,-0.023976260796189308,0.10811874270439148,0.9928787350654602,0,0,0,0,0,0,0,0,0,0,0,0,0,0
1.8745360374450684,-1.0,-0.005612373352050781,-0.01682785153388977,-0.02547210454940796,-0.04536128044128418,-0.016136016696691513,0.007215553894639015,0.06000635772943497,-0.013611205853521824,0.03,1.2556509971618652,-0.0744069293141365,0.34370699524879456,0.04390145465731621,-0.023976260796189308,0.10811874270439148,0.9928787350654602,0,0,0,0,0,0,0,0,0,0,0,0,0,0
1.8760395050048828,-1.0,-0.005612373352050781,-0.01682785153388977,-0.02547210454940796,-0.04536128044128418,-0.016136016696691513,0.007215553894639015,0.06000635772943497,-0.013611205853521824,0.03,1.2556509971618652,-0.0744069293141365,0.34370699524879456,0.04390145465731621,-0.023976260796189308,0.10811874270439148,0.9928787350654602,0,0,0,0,0,0,0,0,0,0,0,0,0,0
1.8772761821746826,-1.0,-0.005612373352050781,-0.01682785153388977,-0.02547210454940796,-0.04536128044128418,-0.016136016696691513,0.007215553894639015,0.06000635772943497,-0.013611205853521824,0.03,1.2556509971618652,-0.0744069293141365,0.34370699524879456,0.04390145465731621,-0.023976260796189308,0.10811874270439148,0.9928787350654602,0,0,0,0,0,0,0,0,0,0,0,0,0,0
1.8784582614898682,-1.0,-0.005612373352050781,-0.01682785153388977,-0.02547210454940796,-0.04536128044128418,-0.016136016696691513,0.007215553894639015,0.06000635772943497,-0.013611205853521824,0.03,1.2556509971618652,-0.0744069293141365,0.34370699524879456,0.04390145465731621,-0.023976260796189308,0.10811874270439148,0.9928787350654602,0,0,0,0,0,0,0,0,0,0,0,0,0,0
1.8795750141143799,-1.0,-0.005612373352050781,-0.01682785153388977,-0.02547210454940796,-0.04536128044128418,-0.016136016696691513,0.007215553894639015,0.06000635772943497,-0.013611205853521824,0.03,1.2556509971618652,-0.0744069293141365,0.34370699524879456,0.04390145465731621,-0.023976260796189308,0.10811874270439148,0.9928787350654602,0,0,0,0,0,0,0,0,0,0,0,0,0,0
1.8807425498962402,-1.0,-0.005612373352050781,-0.01682785153388977,-0.02547210454940796,-0.04536128044128418,-0.016136016696691513,0.007215553894639015,0.06000635772943497,-0.013611205853521824,0.03,1.2556509971618652,-0.0744069293141365,0.34370699524879456,0.04390145465731621,-0.023976260796189308,0.10811874270439148,0.9928787350654602,0,0,0,0,0,0,0,0,0,0,0,0,0,0
1.8818037509918213,-1.0,-0.005612373352050781,-0.01682785153388977,-0.02547210454940796,-0.04536128044128418,-0.016136016696691513,0.007215553894639015,0.06000635772943497,-0.013611205853521824,0.03,1.2556509971618652,-0.0744069293141365,0.34370699524879456,0.04390145465731621,-0.023976260796189308,0.10811874270439148,0.9928787350654602,0,0,0,0,0,0,0,0,0,0,0,0,0,0
1.8829164505004883,-1.0,-0.005612373352050781,-0.01682785153388977,-0.02547210454940796,-0.04536128044128418,-0.016136016696691513,0.007215553894639015,0.06000635772943497,-0.013611205853521824,0.03,1.2556509971618652,-0.0744069293141365,0.34370699524879456,0.04390145465731621,-0.023976260796189308,0.10811874270439148,0.9928787350654602,0,0,0,0,0,0,0,0,0,0,0,0,0,0
1.8842768669128418,-1.0,-0.005612373352050781,-0.01682785153388977,-0.02547210454940796,-0.04536128044128418,-0.016136016696691513,0.007215553894639015,0.06000635772943497,-0.013611205853521824,0.03,1.2556509971618652,-0.0744069293141365,0.34370699524879456,0.04390145465731621,-0.023976260796189308,0.10811874270439148,0.9928787350654602,0,0,0,0,0,0,0,0,0,0,0,0,0,0
1.8853681087493896,-1.0,-0.005612373352050781,-0.01682785153388977,-0.02547210454940796,-0.04536128044128418,-0.016136016696691513,0.007215553894639015,0.06000635772943497,-0.013611205853521824,0.03,1.2556509971618652,-0.0744069293141365,0.34370699524879456,0.04390145465731621,-0.023976260796189308,0.10811874270439148,0.9928787350654602,0,0,0,0,0,0,0,0,0,0,0,0,0,0
1.8866665363311768,-1.0,-0.005612373352050781,-0.01682785153388977,-0.02547210454940796,-0.04536128044128418,-0.016136016696691513,0.007215553894639015,0.06000635772943497,-0.013611205853521824,0.03,1.2556509971618652,-0.0744069293141365,0.34370699524879456,0.04390145465731621,-0.023976260796189308,0.10811874270439148,0.9928787350654602,0,0,0,0,0,0,0,0,0,0,0,0,0,0
1.8881657123565674,-1.0,-0.005612194538116455,-0.016827262938022614,-0.0254477858543396,-0.04536128044128418,-0.0094180041924119,0.011438882909715176,0.0010312923695892096,-0.013153145089745522,0.03,1.2556509971618652,-0.0744069293141365,0.34370699524879456,0.04390145465731621,-0.023976260796189308,0.10811874270439148,0.9928787350654602,0,0,0,0,0,0,0,0,0,0,0,0,0,0
1.889998197555542,-1.0,-0.005612194538116455,-0.016832195222377777,-0.025444090366363525,-0.04536128044128418,-0.009583290666341782,-0.00027206839877180755,-0.0025480587501078844,-0.01331871747970581,0.03,1.2556591033935547,-0.07438206672668457,0.3437163531780243,0.043613336980342865,-0.023976009339094162,0.10448793321847916,0.9932800531387329,0,0,0,0,0,0,0,0,0,0,0,0,0,0
1.8917591571807861,-1.0,-0.005612194538116455,-0.016832195222377777,-0.025444090366363525,-0.04536128044128418,-0.009583290666341782,-0.00027206839877180755,-0.0025480587501078844,-0.01331871747970581,0.03,1.2556591033935547,-0.07438206672668457,0.3437163531780243,0.043613336980342865,-0.023976009339094162,0.10448793321847916,0.9932800531387329,0,0,0,0,0,0,0,0,0,0,0,0,0,0
1.8929636478424072,-1.0,-0.005612194538116455,-0.016832195222377777,-0.025444090366363525,-0.04536128044128418,-0.009583290666341782,-0.00027206839877180755,-0.0025480587501078844,-0.01331871747970581,0.03,1.2556591033935547,-0.07438206672668457,0.3437163531780243,0.043613336980342865,-0.023976009339094162,0.10448793321847916,0.9932800531387329,0,0,0,0,0,0,0,0,0,0,0,0,0,0
1.894813060760498,-1.0,-0.005612194538116455,-0.016826637089252472,-0.025442838668823242,-0.045361101627349854,-0.009455529041588306,0.005782485939562321,-0.00229291757568717,-0.010786842554807663,0.03,1.2556591033935547,-0.07438206672668457,0.3437163531780243,0.043613336980342865,-0.023976009339094162,0.10448793321847916,0.9932800531387329,0,0,0,0,0,0,0,0,0,0,0,0,0,0
1.8959941864013672,-1.0,-0.005612194538116455,-0.016832657158374786,-0.02546292543411255,-0.04536128044128418,-0.009952318854629993,0.0004466029058676213,0.03886033967137337,-0.013206606730818748,0.03,1.2556591033935547,-0.07438206672668457,0.3437163531780243,0.043613336980342865,-0.023976009339094162,0.10448793321847916,0.9932800531387329,0,0,0,0,0,0,0,0,0,0,0,0,0,0
1.8972673416137695,-1.0,-0.005612313747406006,-0.01683129370212555,-0.025450825691223145,-0.04536622762680054,-0.01020012516528368,0.00010527545964578167,0.019386375322937965,-0.017581740394234657,0.03,1.2557024955749512,-0.0742930918931961,0.34376466274261475,0.04301246255636215,-0.02346624806523323,0.10681523382663727,0.9930708408355713,0,0,0,0,0,0,0,0,0,0,0,0,0,0
1.8984174728393555,-1.0,-0.005612313747406006,-0.01683129370212555,-0.025450825691223145,-0.04536622762680054,-0.01020012516528368,0.00010527545964578167,0.019386375322937965,-0.017581740394234657,0.03,1.2557024955749512,-0.0742930918931961,0.34376466274261475,0.04301246255636215,-0.02346624806523323,0.10681523382663727,0.9930708408355713,0,0,0,0,0,0,0,0,0,0,0,0,0,0
1.8995718955993652,-1.0,-0.005612313747406006,-0.01683129370212555,-0.025450825691223145,-0.04536622762680054,-0.01020012516528368,0.00010527545964578167,0.019386375322937965,-0.017581740394234657,0.03,1.2557024955749512,-0.0742930918931961,0.34376466274261475,0.04301246255636215,-0.02346624806523323,0.10681523382663727,0.9930708408355713,0,0,0,0,0,0,0,0,0,0,0,0,0,0
1.901059865951538,-1.0,-0.005612313747406006,-0.01683129370212555,-0.025450825691223145,-0.04536622762680054,-0.01020012516528368,0.00010527545964578167,0.019386375322937965,-0.017581740394234657,0.03,1.2557024955749512,-0.0742930918931961,0.34376466274261475,0.04301246255636215,-0.02346624806523323,0.10681523382663727,0.9930708408355713,0,0,0,0,0,0,0,0,0,0,0,0,0,0
1.90232253074646,-1.0,-0.005612313747406006,-0.01683129370212555,-0.025450825691223145,-0.04536622762680054,-0.01020012516528368,0.00010527545964578167,0.019386375322937965,-0.017581740394234657,0.03,1.2557024955749512,-0.0742930918931961,0.34376466274261475,0.04301246255636215,-0.02346624806523323,0.10681523382663727,0.9930708408355713,0,0,0,0,0,0,0,0,0,0,0,0,0,0
1.9036481380462646,-1.0,-0.005612313747406006,-0.01683129370212555,-0.025450825691223145,-0.04536622762680054,-0.01020012516528368,0.00010527545964578167,0.019386375322937965,-0.017581740394234657,0.03,1.2557024955749512,-0.0742930918931961,0.34376466274261475,0.04301246255636215,-0.02346624806523323,0.10681523382663727,0.9930708408355713,0,0,0,0,0,0,0,0,0,0,0,0,0,0
1.9047155380249023,-1.0,-0.005612313747406006,-0.01683129370212555,-0.025450825691223145,-0.04536622762680054,-0.01020012516528368,0.00010527545964578167,0.019386375322937965,-0.017581740394234657,0.03,1.2557024955749512,-0.0742930918931961,0.34376466274261475,0.04301246255636215,-0.02346624806523323,0.10681523382663727,0.9930708408355713,0,0,0,0,0,0,0,0,0,0,0,0,0,0
1.905895471572876,-1.0,-0.005612313747406006,-0.01683129370212555,-0.025450825691223145,-0.04536622762680054,-0.01020012516528368,0.00010527545964578167,0.019386375322937965,-0.017581740394234657,0.03,1.2557024955749512,-0.0742930918931961,0.34376466274261475,0.04301246255636215,-0.02346624806523323,0.10681523382663727,0.9930708408355713,0,0,0,0,0,0,0,0,0,0,0,0,0,0
1.9069881439208984,-1.0,-0.005612313747406006,-0.01683129370212555,-0.025450825691223145,-0.04536622762680054,-0.01020012516528368,0.00010527545964578167,0.019386375322937965,-0.017581740394234657,0.03,1.2557024955749512,-0.0742930918931961,0.34376466274261475,0.04301246255636215,-0.02346624806523323,0.10681523382663727,0.9930708408355713,0,0,0,0,0,0,0,0,0,0,0,0,0,0
1.9081575870513916,-1.0,-0.005612313747406006,-0.01683129370212555,-0.025450825691223145,-0.04536622762680054,-0.01020012516528368,0.00010527545964578167,0.019386375322937965,-0.017581740394234657,0.03,1.2557024955749512,-0.0742930918931961,0.34376466274261475,0.04301246255636215,-0.02346624806523323,0.10681523382663727,0.9930708408355713,0,0,0,0,0,0,0,0,0,0,0,0,0,0
1.909269094467163,-1.0,-0.005612313747406006,-0.01683129370212555,-0.025450825691223145,-0.04536622762680054,-0.01020012516528368,0.00010527545964578167,0.019386375322937965,-0.017581740394234657,0.03,1.2557024955749512,-0.0742930918931961,0.34376466274261475,0.04301246255636215,-0.02346624806523323,0.10681523382663727,0.9930708408355713,0,0,0,0,0,0,0,0,0,0,0,0,0,0
1.910496711730957,-1.0,-0.005612313747406006,-0.01683129370212555,-0.025450825691223145,-0.04536622762680054,-0.01020012516528368,0.00010527545964578167,0.019386375322937965,-0.017581740394234657,0.03,1.2557024955749512,-0.0742930918931961,0.34376466274261475,0.04301246255636215,-0.02346624806523323,0.10681523382663727,0.9930708408355713,0,0,0,0,0,0,0,0,0,0,0,0,0,0
1.912170648574829,-1.0,-0.005612313747406006,-0.01683129370212555,-0.025450825691223145,-0.04536622762680054,-0.01020012516528368,0.00010527545964578167,0.019386375322937965,-0.017581740394234657,0.03,1.2556592226028442,-0.0743902400135994,0.34371843934059143,0.04356567934155464,-0.023994628340005875,0.1055029034614563,0.9931744337081909,0,0,0,0,0,0,0,0,0,0,0,0,0,0
1.9143025875091553,-1.0,-0.005612313747406006,-0.01683129370212555,-0.025450825691223145,-0.04536622762680054,-0.01020012516528368,0.00010527545964578167,0.019386375322937965,-0.017581740394234657,0.03,1.2556592226028442,-0.0743902400135994,0.34371843934059143,0.04356567934155464,-0.023994628340005875,0.1055029034614563,0.9931744337081909,0,0,0,0,0,0,0,0,0,0,0,0,0,0
1.9179153442382812,-1.0,-0.005612313747406006,-0.01683129370212555,-0.025450825691223145,-0.04536622762680054,-0.01020012516528368,0.00010527545964578167,0.019386375322937965,-0.017581740394234657,0.03,1.2556592226028442,-0.0743902400135994,0.34371843934059143,0.04356567934155464,-0.023994628340005875,0.1055029034614563,0.9931744337081909,0,0,0,0,0,0,0,0,0,0,0,0,0,0
1.9191534519195557,-1.0,-0.005612313747406006,-0.01683129370212555,-0.025450825691223145,-0.04536622762680054,-0.01020012516528368,0.00010527545964578167,0.019386375322937965,-0.017581740394234657,0.03,1.2556592226028442,-0.0743902400135994,0.34371843934059143,0.04356567934155464,-0.023994628340005875,0.1055029034614563,0.9931744337081909,0,0,0,0,0,0,0,0,0,0,0,0,0,0
1.9202933311462402,-1.0,-0.005612313747406006,-0.01683129370212555,-0.025450825691223145,-0.04536622762680054,-0.01020012516528368,0.00010527545964578167,0.019386375322937965,-0.017581740394234657,0.03,1.2556592226028442,-0.0743902400135994,0.34371843934059143,0.04356567934155464,-0.023994628340005875,0.1055029034614563,0.9931744337081909,0,0,0,0,0,0,0,0,0,0,0,0,0,0
1.9228506088256836,-1.0,-0.005612313747406006,-0.016828753054142,-0.025446712970733643,-0.0453757643699646,-0.009704829193651676,0.00737746013328433,0.0001711625955067575,-0.04003875330090523,0.03,1.2556592226028442,-0.0743902400135994,0.34371843934059143,0.04356567934155464,-0.023994628340005875,0.1055029034614563,0.9931744337081909,0,0,0,0,0,0,0,0,0,0,0,0,0,0
1.924295425415039,-1.0,-0.005612313747406006,-0.016828753054142,-0.025446712970733643,-0.0453757643699646,-0.009704829193651676,0.00737746013328433,0.0001711625955067575,-0.04003875330090523,0.03,1.2556592226028442,-0.0743902400135994,0.34371843934059143,0.04356567934155464,-0.023994628340005875,0.1055029034614563,0.9931744337081909,0,0,0,0,0,0,0,0,0,0,0,0,0,0
1.9256463050842285,-1.0,-0.005612313747406006,-0.016828753054142,-0.025446712970733643,-0.0453757643699646,-0.009704829193651676,0.00737746013328433,0.0001711625955067575,-0.04003875330090523,0.03,1.2556592226028442,-0.0743902400135994,0.34371843934059143,0.04356567934155464,-0.023994628340005875,0.1055029034614563,0.9931744337081909,0,0,0,0,0,0,0,0,0,0,0,0,0,0
1.9274003505706787,-1.0,-0.0056119561195373535,-0.016829416155815125,-0.025476813316345215,-0.045365750789642334,-0.007745356764644384,0.008005550131201744,0.06766065210103989,-0.010602971538901329,0.03,1.2556592226028442,-0.0743902400135994,0.34371843934059143,0.04356567934155464,-0.023994628340005875,0.1055029034614563,0.9931744337081909,0,0,0,0,0,0,0,0,0,0,0,0,0,0
1.9290075302124023,-1.0,-0.005612194538116455,-0.016826637089252472,-0.025437533855438232,-0.04536104202270508,-0.009657264687120914,0.005167414899915457,-0.012130722403526306,-0.009125221520662308,0.03,1.2557023763656616,-0.0743137001991272,0.3437272906303406,0.043076977133750916,-0.02349754609167576,0.10795879364013672,0.9929437637329102,0,0,0,0,0,0,0,0,0,0,0,0,0,0
1.9302802085876465,-1.0,-0.005612194538116455,-0.016826637089252472,-0.025437533855438232,-0.04536104202270508,-0.009657264687120914,0.005167414899915457,-0.012130722403526306,-0.009125221520662308,0.03,1.2557023763656616,-0.0743137001991272,0.3437272906303406,0.043076977133750916,-0.02349754609167576,0.10795879364013672,0.9929437637329102,0,0,0,0,0,0,0,0,0,0,0,0,0,0
1.931565284729004,-1.0,-0.005612194538116455,-0.016829781234264374,-0.02546870708465576,-0.04537057876586914,-0.009988734498620033,0.0007500279461964965,0.04990801215171814,-0.03102383017539978,0.03,1.2557023763656616,-0.0743137001991272,0.3437272906303406,0.043076977133750916,-0.02349754609167576,0.10795879364013672,0.9929437637329102,0,0,0,0,0,0,0,0,0,0,0,0,0,0
1.932941198348999,-1.0,-0.005612313747406006,-0.016826458275318146,-0.025461196899414062,-0.04536670446395874,-0.010401086881756783,0.008853144012391567,0.020465930923819542,-0.015894021838903427,0.03,1.2557059526443481,-0.0742478221654892,0.3438054919242859,0.04342913255095482,-0.023524561896920204,0.11212002485990524,0.9924665093421936,0,0,0,0,0,0,0,0,0,0,0,0,0,0
1.9340219497680664,-1.0,-0.005612313747406006,-0.016826458275318146,-0.025461196899414062,-0.04536670446395874,-0.010401086881756783,0.008853144012391567,0.020465930923819542,-0.015894021838903427,0.03,1.2557059526443481,-0.0742478221654892,0.3438054919242859,0.04342913255095482,-0.023524561896920204,0.11212002485990524,0.9924665093421936,0,0,0,0,0,0,0,0,0,0,0,0,0,0
1.9364540576934814,-1.0,-0.005612313747406006,-0.016826458275318146,-0.025461196899414062,-0.04536670446395874,-0.010401086881756783,0.008853144012391567,0.020465930923819542,-0.015894021838903427,0.03,1.2557059526443481,-0.0742478221654892,0.3438054919242859,0.04342913255095482,-0.023524561896920204,0.11212002485990524,0.9924665093421936,0,0,0,0,0,0,0,0,0,0,0,0,0,0
1.937626838684082,-1.0,-0.005612373352050781,-0.01683098077774048,-0.025442183017730713,-0.04536092281341553,-0.003246898064389825,0.0014477459480986,-0.009386204183101654,-0.0063133565708994865,0.03,1.2557075023651123,-0.07426952570676804,0.343761682510376,0.043386321514844894,-0.023575764149427414,0.11179737746715546,0.9925035238265991,0,0,0,0,0,0,0,0,0,0,0,0,0,0
1.9387743473052979,-1.0,-0.005612373352050781,-0.01683098077774048,-0.025442183017730713,-0.04536092281341553,-0.003246898064389825,0.0014477459480986,-0.009386204183101654,-0.0063133565708994865,0.03,1.2557075023651123,-0.07426952570676804,0.343761682510376,0.043386321514844894,-0.023575764149427414,0.11179737746715546,0.9925035238265991,0,0,0,0,0,0,0,0,0,0,0,0,0,0
1.9404778480529785,-1.0,-0.005612373352050781,-0.01683098077774048,-0.025442183017730713,-0.04536092281341553,-0.003246898064389825,0.0014477459480986,-0.009386204183101654,-0.0063133565708994865,0.03,1.2557075023651123,-0.07426952570676804,0.343761682510376,0.043386321514844894,-0.023575764149427414,0.11179737746715546,0.9925035238265991,0,0,0,0,0,0,0,0,0,0,0,0,0,0
1.9419939517974854,-1.0,-0.005612373352050781,-0.01683098077774048,-0.025442183017730713,-0.04536092281341553,-0.003246898064389825,0.0014477459480986,-0.009386204183101654,-0.0063133565708994865,0.03,1.2557075023651123,-0.07426952570676804,0.343761682510376,0.043386321514844894,-0.023575764149427414,0.11179737746715546,0.9925035238265991,0,0,0,0,0,0,0,0,0,0,0,0,0,0
1.9430959224700928,-1.0,-0.005612373352050781,-0.01683098077774048,-0.025442183017730713,-0.04536092281341553,-0.003246898064389825,0.0014477459480986,-0.009386204183101654,-0.0063133565708994865,0.03,1.2557075023651123,-0.07426952570676804,0.343761682510376,0.043386321514844894,-0.023575764149427414,0.11179737746715546,0.9925035238265991,0,0,0,0,0,0,0,0,0,0,0,0,0,0
1.9441893100738525,-1.0,-0.005612373352050781,-0.01683098077774048,-0.025442183017730713,-0.04536092281341553,-0.003246898064389825,0.0014477459480986,-0.009386204183101654,-0.0063133565708994865,0.03,1.2557075023651123,-0.07426952570676804,0.343761682510376,0.043386321514844894,-0.023575764149427414,0.11179737746715546,0.9925035238265991,0,0,0,0,0,0,0,0,0,0,0,0,0,0
1.9452998638153076,-1.0,-0.005612373352050781,-0.01683098077774048,-0.025442183017730713,-0.04536092281341553,-0.003246898064389825,0.0014477459480986,-0.009386204183101654,-0.0063133565708994865,0.03,1.2557075023651123,-0.07426952570676804,0.343761682510376,0.043386321514844894,-0.023575764149427414,0.11179737746715546,0.9925035238265991,0,0,0,0,0,0,0,0,0,0,0,0,0,0
1.946441411972046,-1.0,-0.005612373352050781,-0.01683098077774048,-0.025442183017730713,-0.04536092281341553,-0.003246898064389825,0.0014477459480986,-0.009386204183101654,-0.0063133565708994865,0.03,1.2557075023651123,-0.07426952570676804,0.343761682510376,0.043386321514844894,-0.023575764149427414,0.11179737746715546,0.9925035238265991,0,0,0,0,0,0,0,0,0,0,0,0,0,0
1.9479455947875977,-1.0,-0.005612373352050781,-0.01683098077774048,-0.025442183017730713,-0.04536092281341553,-0.003246898064389825,0.0014477459480986,-0.009386204183101654,-0.0063133565708994865,0.03,1.2557075023651123,-0.07426952570676804,0.343761682510376,0.043386321514844894,-0.023575764149427414,0.11179737746715546,0.9925035238265991,0,0,0,0,0,0,0,0,0,0,0,0,0,0
1.9490079879760742,-1.0,-0.005612373352050781,-0.01683098077774048,-0.025442183017730713,-0.04536092281341553,-0.003246898064389825,0.0014477459480986,-0.009386204183101654,-0.0063133565708994865,0.03,1.2557075023651123,-0.07426952570676804,0.343761682510376,0.043386321514844894,-0.023575764149427414,0.11179737746715546,0.9925035238265991,0,0,0,0,0,0,0,0,0,0,0,0,0,0
1.950084924697876,-1.0,-0.005611777305603027,-0.01682676374912262,-0.025449395179748535,-0.04536086320877075,-0.006726439110934734,0.009195216000080109,-0.0019178693182766438,-0.011068733409047127,0.03,1.2557075023651123,-0.07426952570676804,0.343761682510376,0.043386321514844894,-0.023575764149427414,0.11179737746715546,0.9925035238265991,0,0,0,0,0,0,0,0,0,0,0,0,0,0
1.9531426429748535,-1.0,-0.005612194538116455,-0.016836464405059814,-0.025465190410614014,-0.04538196325302124,-0.009571331553161144,-0.010310200974345207,0.03971385210752487,-0.04996845871210098,0.03,1.2557075023651123,-0.07426952570676804,0.343761682510376,0.043386321514844894,-0.023575764149427414,0.11179737746715546,0.9925035238265991,0,0,0,0,0,0,0,0,0,0,0,0,0,0
1.9544482231140137,-1.0,-0.005612194538116455,-0.01683974266052246,-0.025487899780273438,-0.045363008975982666,-0.009736721403896809,-0.01754259131848812,0.07777343690395355,-0.007099525537341833,0.03,1.2557075023651123,-0.07426952570676804,0.343761682510376,0.043386321514844894,-0.023575764149427414,0.11179737746715546,0.9925035238265991,0,0,0,0,0,0,0,0,0,0,0,0,0,0
1.955866813659668,-1.0,-0.005612194538116455,-0.01683974266052246,-0.025487899780273438,-0.045363008975982666,-0.009736721403896809,-0.01754259131848812,0.07777343690395355,-0.007099525537341833,0.03,1.2557075023651123,-0.07426952570676804,0.343761682510376,0.043386321514844894,-0.023575764149427414,0.11179737746715546,0.9925035238265991,0,0,0,0,0,0,0,0,0,0,0,0,0,0
1.9570074081420898,-1.0,-0.005612194538116455,-0.01683974266052246,-0.025487899780273438,-0.045363008975982666,-0.009736721403896809,-0.01754259131848812,0.07777343690395355,-0.007099525537341833,0.03,1.2557075023651123,-0.07426952570676804,0.343761682510376,0.043386321514844894,-0.023575764149427414,0.11179737746715546,0.9925035238265991,0,0,0,0,0,0,0,0,0,0,0,0,0,0
1.958402156829834,-1.0,-0.005612194538116455,-0.01683974266052246,-0.025487899780273438,-0.045363008975982666,-0.009736721403896809,-0.01754259131848812,0.07777343690395355,-0.007099525537341833,0.03,1.2557075023651123,-0.07426952570676804,0.343761682510376,0.043386321514844894,-0.023575764149427414,0.11179737746715546,0.9925035238265991,0,0,0,0,0,0,0,0,0,0,0,0,0,0
1.9595537185668945,-1.0,-0.005612194538116455,-0.01683974266052246,-0.025487899780273438,-0.045363008975982666,-0.009736721403896809,-0.01754259131848812,0.07777343690395355,-0.007099525537341833,0.03,1.2557075023651123,-0.07426952570676804,0.343761682510376,0.043386321514844894,-0.023575764149427414,0.11179737746715546,0.9925035238265991,0,0,0,0,0,0,0,0,0,0,0,0,0,0
1.9606196880340576,-1.0,-0.005612194538116455,-0.01683974266052246,-0.025487899780273438,-0.045363008975982666,-0.009736721403896809,-0.01754259131848812,0.07777343690395355,-0.007099525537341833,0.03,1.2557075023651123,-0.07426952570676804,0.343761682510376,0.043386321514844894,-0.023575764149427414,0.11179737746715546,0.9925035238265991,0,0,0,0,0,0,0,0,0,0,0,0,0,0
1.9616968631744385,-1.0,-0.005612194538116455,-0.01683974266052246,-0.025487899780273438,-0.045363008975982666,-0.009736721403896809,-0.01754259131848812,0.07777343690395355,-0.007099525537341833,0.03,1.2557075023651123,-0.07426952570676804,0.343761682510376,0.043386321514844894,-0.023575764149427414,0.11179737746715546,0.9925035238265991,0,0,0,0,0,0,0,0,0,0,0,0,0,0
1.9629037380218506,-1.0,-0.005612194538116455,-0.01683974266052246,-0.025487899780273438,-0.045363008975982666,-0.009736721403896809,-0.01754259131848812,0.07777343690395355,-0.007099525537341833,0.03,1.2557075023651123,-0.07426952570676804,0.343761682510376,0.043386321514844894,-0.023575764149427414,0.11179737746715546,0.9925035238265991,0,0,0,0,0,0,0,0,0,0,0,0,0,0
1.9639770984649658,-1.0,-0.005612194538116455,-0.01683974266052246,-0.025487899780273438,-0.045363008975982666,-0.009736721403896809,-0.01754259131848812,0.07777343690395355,-0.007099525537341833,0.03,1.2557075023651123,-0.07426952570676804,0.343761682510376,0.043386321514844894,-0.023575764149427414,0.11179737746715546,0.9925035238265991,0,0,0,0,0,0,0,0,0,0,0,0,0,0
1.9653313159942627,-1.0,-0.005612194538116455,-0.01683974266052246,-0.025487899780273438,-0.045363008975982666,-0.009736721403896809,-0.01754259131848812,0.07777343690395355,-0.007099525537341833,0.03,1.2556589841842651,-0.0744108185172081,0.3436996340751648,0.04393110051751137,-0.023981858044862747,0.10880877822637558,0.9928019642829895,0,0,0,0,0,0,0,0,0,0,0,0,0,0
1.9664549827575684,-1.0,-0.005612194538116455,-0.01683974266052246,-0.025487899780273438,-0.045363008975982666,-0.009736721403896809,-0.01754259131848812,0.07777343690395355,-0.007099525537341833,0.03,1.2556589841842651,-0.0744108185172081,0.3436996340751648,0.04393110051751137,-0.023981858044862747,0.10880877822637558,0.9928019642829895,0,0,0,0,0,0,0,0,0,0,0,0,0,0
1.9675333499908447,-1.0,-0.005612194538116455,-0.01683974266052246,-0.025487899780273438,-0.045363008975982666,-0.009736721403896809,-0.01754259131848812,0.07777343690395355,-0.007099525537341833,0.03,1.2556589841842651,-0.0744108185172081,0.3436996340751648,0.04393110051751137,-0.023981858044862747,0.10880877822637558,0.9928019642829895,0,0,0,0,0,0,0,0,0,0,0,0,0,0
1.9691166877746582,-1.0,-0.005612194538116455,-0.01683974266052246,-0.025487899780273438,-0.045363008975982666,-0.009736721403896809,-0.01754259131848812,0.07777343690395355,-0.007099525537341833,0.03,1.2556589841842651,-0.0744108185172081,0.3436996340751648,0.04393110051751137,-0.023981858044862747,0.10880877822637558,0.9928019642829895,0,0,0,0,0,0,0,0,0,0,0,0,0,0
1.9708867073059082,-1.0,-0.005612194538116455,-0.01683974266052246,-0.025487899780273438,-0.045363008975982666,-0.009736721403896809,-0.01754259131848812,0.07777343690395355,-0.007099525537341833,0.03,1.2556589841842651,-0.0744108185172081,0.3436996340751648,0.04393110051751137,-0.023981858044862747,0.10880877822637558,0.9928019642829895,0,0,0,0,0,0,0,0,0,0,0,0,0,0
1.9742887020111084,-1.0,-0.005612194538116455,-0.01683974266052246,-0.025487899780273438,-0.045363008975982666,-0.009736721403896809,-0.01754259131848812,0.07777343690395355,-0.007099525537341833,0.03,1.2556589841842651,-0.0744108185172081,0.3436996340751648,0.04393110051751137,-0.023981858044862747,0.10880877822637558,0.9928019642829895,0,0,0,0,0,0,0,0,0,0,0,0,0,0
1.975743293762207,-1.0,-0.005612194538116455,-0.01683974266052246,-0.025487899780273438,-0.045363008975982666,-0.009736721403896809,-0.01754259131848812,0.07777343690395355,-0.007099525537341833,0.03,1.2556589841842651,-0.0744108185172081,0.3436996340751648,0.04393110051751137,-0.023981858044862747,0.10880877822637558,0.9928019642829895,0,0,0,0,0,0,0,0,0,0,0,0,0,0
1.976834774017334,-1.0,-0.005612194538116455,-0.01683974266052246,-0.025487899780273438,-0.045363008975982666,-0.009736721403896809,-0.01754259131848812,0.07777343690395355,-0.007099525537341833,0.03,1.2556589841842651,-0.0744108185172081,0.3436996340751648,0.04393110051751137,-0.023981858044862747,0.10880877822637558,0.9928019642829895,0,0,0,0,0,0,0,0,0,0,0,0,0,0
1.9785935878753662,-1.0,-0.005612194538116455,-0.016839057207107544,-0.02544856071472168,-0.04537034034729004,-0.010068328119814396,-0.014986090362071991,-0.002266015624627471,-0.028429359197616577,0.03,1.2556589841842651,-0.0744108185172081,0.3436996340751648,0.04393110051751137,-0.023981858044862747,0.10880877822637558,0.9928019642829895,0,0,0,0,0,0,0,0,0,0,0,0,0,0
1.9798011779785156,-1.0,-0.005612194538116455,-0.016826801002025604,-0.025443553924560547,-0.0453609824180603,-0.009691906161606312,0.010723812505602837,-0.004872258752584457,-0.00974154844880104,0.03,1.2556589841842651,-0.0744108185172081,0.3436996340751648,0.04393110051751137,-0.023981858044862747,0.10880877822637558,0.9928019642829895,0,0,0,0,0,0,0,0,0,0,0,0,0,0
1.9812021255493164,-1.0,-0.005612194538116455,-0.016826801002025604,-0.025443553924560547,-0.0453609824180603,-0.009691906161606312,0.010723812505602837,-0.004872258752584457,-0.00974154844880104,0.03,1.2556589841842651,-0.0744108185172081,0.3436996340751648,0.04393110051751137,-0.023981858044862747,0.10880877822637558,0.9928019642829895,0,0,0,0,0,0,0,0,0,0,0,0,0,0
1.9823546409606934,-1.0,-0.005612194538116455,-0.016826801002025604,-0.025443553924560547,-0.0453609824180603,-0.009691906161606312,0.010723812505602837,-0.004872258752584457,-0.00974154844880104,0.03,1.2556589841842651,-0.0744108185172081,0.3436996340751648,0.04393110051751137,-0.023981858044862747,0.10880877822637558,0.9928019642829895,0,0,0,0,0,0,0,0,0,0,0,0,0,0
1.9835925102233887,-1.0,-0.005612194538116455,-0.016826801002025604,-0.025443553924560547,-0.0453609824180603,-0.009691906161606312,0.010723812505602837,-0.004872258752584457,-0.00974154844880104,0.03,1.2556589841842651,-0.0744108185172081,0.3436996340751648,0.04393110051751137,-0.023981858044862747,0.10880877822637558,0.9928019642829895,0,0,0,0,0,0,0,0,0,0,0,0,0,0
1.9847135543823242,-1.0,-0.005612194538116455,-0.016826801002025604,-0.025443553924560547,-0.0453609824180603,-0.009691906161606312,0.010723812505602837,-0.004872258752584457,-0.00974154844880104,0.03,1.2556589841842651,-0.0744108185172081,0.3436996340751648,0.04393110051751137,-0.023981858044862747,0.10880877822637558,0.9928019642829895,0,0,0,0,0,0,0,0,0,0,0,0,0,0
1.9874184131622314,-1.0,-0.005621910095214844,-0.016826272010803223,-0.02543884515762329,-0.04536694288253784,-0.029121382161974907,0.008354231715202332,-0.012413778342306614,-0.02120031975209713,0.03,1.2556589841842651,-0.0744108185172081,0.3436996340751648,0.04393110051751137,-0.023981858044862747,0.10880877822637558,0.9928019642829895,0,0,0,0,0,0,0,0,0,0,0,0,0,0
1.9890482425689697,-1.0,-0.005612194538116455,-0.016826972365379333,-0.02545064687728882,-0.04536169767379761,-0.009652296081185341,0.012516051530838013,0.00878322497010231,-0.009792321361601353,0.03,1.2556613683700562,-0.07436554878950119,0.3437700569629669,0.04352372884750366,-0.023962069302797318,0.10454033315181732,0.9932788610458374,0,0,0,0,0,0,0,0,0,0,0,0,0,0
1.9907939434051514,-1.0,-0.005612194538116455,-0.016826972365379333,-0.02545064687728882,-0.04536169767379761,-0.009652296081185341,0.012516051530838013,0.00878322497010231,-0.009792321361601353,0.03,1.2556613683700562,-0.07436554878950119,0.3437700569629669,0.04352372884750366,-0.023962069302797318,0.10454033315181732,0.9932788610458374,0,0,0,0,0,0,0,0,0,0,0,0,0,0
1.9924325942993164,-1.0,-0.005612194538116455,-0.016826972365379333,-0.02545064687728882,-0.04536169767379761,-0.009652296081185341,0.012516051530838013,0.00878322497010231,-0.009792321361601353,0.03,1.2556613683700562,-0.07436554878950119,0.3437700569629669,0.04352372884750366,-0.023962069302797318,0.10454033315181732,0.9932788610458374,0,0,0,0,0,0,0,0,0,0,0,0,0,0
1.9936530590057373,-1.0,-0.005612194538116455,-0.016826972365379333,-0.02545064687728882,-0.04536169767379761,-0.009652296081185341,0.012516051530838013,0.00878322497010231,-0.009792321361601353,0.03,1.2556613683700562,-0.07436554878950119,0.3437700569629669,0.04352372884750366,-0.023962069302797318,0.10454033315181732,0.9932788610458374,0,0,0,0,0,0,0,0,0,0,0,0,0,0
1.9950411319732666,-1.0,-0.005612194538116455,-0.016826972365379333,-0.02545064687728882,-0.04536169767379761,-0.009652296081185341,0.012516051530838013,0.00878322497010231,-0.009792321361601353,0.03,1.2556613683700562,-0.07436554878950119,0.3437700569629669,0.04352372884750366,-0.023962069302797318,0.10454033315181732,0.9932788610458374,0,0,0,0,0,0,0,0,0,0,0,0,0,0
1.9961864948272705,-1.0,-0.005612194538116455,-0.016826972365379333,-0.02545064687728882,-0.04536169767379761,-0.009652296081185341,0.012516051530838013,0.00878322497010231,-0.009792321361601353,0.03,1.2556613683700562,-0.07436554878950119,0.3437700569629669,0.04352372884750366,-0.023962069302797318,0.10454033315181732,0.9932788610458374,0,0,0,0,0,0,0,0,0,0,0,0,0,0
1.9974732398986816,-1.0,-0.005612194538116455,-0.016826972365379333,-0.02545064687728882,-0.04536169767379761,-0.009652296081185341,0.012516051530838013,0.00878322497010231,-0.009792321361601353,0.03,1.2556613683700562,-0.07436554878950119,0.3437700569629669,0.04352372884750366,-0.023962069302797318,0.10454033315181732,0.9932788610458374,0,0,0,0,0,0,0,0,0,0,0,0,0,0
1.9986605644226074,-1.0,-0.005612194538116455,-0.016826972365379333,-0.02545064687728882,-0.04536169767379761,-0.009652296081185341,0.012516051530838013,0.00878322497010231,-0.009792321361601353,0.03,1.2556613683700562,-0.07436554878950119,0.3437700569629669,0.04352372884750366,-0.023962069302797318,0.10454033315181732,0.9932788610458374,0,0,0,0,0,0,0,0,0,0,0,0,0,0
1.999802827835083,-1.0,-0.005612194538116455,-0.016826972365379333,-0.02545064687728882,-0.04536169767379761,-0.009652296081185341,0.012516051530838013,0.00878322497010231,-0.009792321361601353,0.03,1.2556613683700562,-0.07436554878950119,0.3437700569629669,0.04352372884750366,-0.023962069302797318,0.10454033315181732,0.9932788610458374,0,0,0,0,0,0,0,0,0,0,0,0,0,0
2.000959873199463,-1.0,-0.005612194538116455,-0.016826972365379333,-0.02545064687728882,-0.04536169767379761,-0.009652296081185341,0.012516051530838013,0.00878322497010231,-0.009792321361601353,0.03,1.2556613683700562,-0.07436554878950119,0.3437700569629669,0.04352372884750366,-0.023962069302797318,0.10454033315181732,0.9932788610458374,0,0,0,0,0,0,0,0,0,0,0,0,0,0
2.0020737648010254,-1.0,-0.005612194538116455,-0.016826972365379333,-0.02545064687728882,-0.04536169767379761,-0.009652296081185341,0.012516051530838013,0.00878322497010231,-0.009792321361601353,0.03,1.2556613683700562,-0.07436554878950119,0.3437700569629669,0.04352372884750366,-0.023962069302797318,0.10454033315181732,0.9932788610458374,0,0,0,0,0,0,0,0,0,0,0,0,0,0
2.0031957626342773,-1.0,-0.005612194538116455,-0.016826972365379333,-0.02545064687728882,-0.04536169767379761,-0.009652296081185341,0.012516051530838013,0.00878322497010231,-0.009792321361601353,0.03,1.2556613683700562,-0.07436554878950119,0.3437700569629669,0.04352372884750366,-0.023962069302797318,0.10454033315181732,0.9932788610458374,0,0,0,0,0,0,0,0,0,0,0,0,0,0
2.004568099975586,-1.0,-0.005612194538116455,-0.016826972365379333,-0.02545064687728882,-0.04536169767379761,-0.009652296081185341,0.012516051530838013,0.00878322497010231,-0.009792321361601353,0.03,1.2556613683700562,-0.07436554878950119,0.3437700569629669,0.04352372884750366,-0.023962069302797318,0.10454033315181732,0.9932788610458374,0,0,0,0,0,0,0,0,0,0,0,0,0,0
2.0058376789093018,-1.0,-0.005612194538116455,-0.016826972365379333,-0.02545064687728882,-0.04536169767379761,-0.009652296081185341,0.012516051530838013,0.00878322497010231,-0.009792321361601353,0.03,1.2556613683700562,-0.07436554878950119,0.3437700569629669,0.04352372884750366,-0.023962069302797318,0.10454033315181732,0.9932788610458374,0,0,0,0,0,0,0,0,0,0,0,0,0,0
2.007049560546875,-1.0,-0.005612194538116455,-0.016826972365379333,-0.02545064687728882,-0.04536169767379761,-0.009652296081185341,0.012516051530838013,0.00878322497010231,-0.009792321361601353,0.03,1.2556613683700562,-0.07436554878950119,0.3437700569629669,0.04352372884750366,-0.023962069302797318,0.10454033315181732,0.9932788610458374,0,0,0,0,0,0,0,0,0,0,0,0,0,0
2.008481025695801,-1.0,-0.005612194538116455,-0.016826972365379333,-0.02545064687728882,-0.04536169767379761,-0.009652296081185341,0.012516051530838013,0.00878322497010231,-0.009792321361601353,0.03,1.2556613683700562,-0.07436554878950119,0.3437700569629669,0.04352372884750366,-0.023962069302797318,0.10454033315181732,0.9932788610458374,0,0,0,0,0,0,0,0,0,0,0,0,0,0
2.0099189281463623,-1.0,-0.005612194538116455,-0.016826972365379333,-0.02545064687728882,-0.04536169767379761,-0.009652296081185341,0.012516051530838013,0.00878322497010231,-0.009792321361601353,0.03,1.2556613683700562,-0.07436554878950119,0.3437700569629669,0.04352372884750366,-0.023962069302797318,0.10454033315181732,0.9932788610458374,0,0,0,0,0,0,0,0,0,0,0,0,0,0
2.0121662616729736,-1.0,-0.005612313747406006,-0.016836024820804596,-0.025455594062805176,-0.04538637399673462,-0.009404327720403671,-0.009749084711074829,0.022955238819122314,-0.06402315199375153,0.03,1.2556613683700562,-0.07436554878950119,0.3437700569629669,0.04352372884750366,-0.023962069302797318,0.10454033315181732,0.9932788610458374,0,0,0,0,0,0,0,0,0,0,0,0,0,0
2.0133326053619385,-1.0,-0.005612313747406006,-0.016836024820804596,-0.025455594062805176,-0.04538637399673462,-0.009404327720403671,-0.009749084711074829,0.022955238819122314,-0.06402315199375153,0.03,1.2556613683700562,-0.07436554878950119,0.3437700569629669,0.04352372884750366,-0.023962069302797318,0.10454033315181732,0.9932788610458374,0,0,0,0,0,0,0,0,0,0,0,0,0,0
2.0144717693328857,-1.0,-0.005612313747406006,-0.016836024820804596,-0.025455594062805176,-0.04538637399673462,-0.009404327720403671,-0.009749084711074829,0.022955238819122314,-0.06402315199375153,0.03,1.2556613683700562,-0.07436554878950119,0.3437700569629669,0.04352372884750366,-0.023962069302797318,0.10454033315181732,0.9932788610458374,0,0,0,0,0,0,0,0,0,0,0,0,0,0
2.0156056880950928,-1.0,-0.005612313747406006,-0.016836024820804596,-0.025455594062805176,-0.04538637399673462,-0.009404327720403671,-0.009749084711074829,0.022955238819122314,-0.06402315199375153,0.03,1.2556613683700562,-0.07436554878950119,0.3437700569629669,0.04352372884750366,-0.023962069302797318,0.10454033315181732,0.9932788610458374,0,0,0,0,0,0,0,0,0,0,0,0,0,0
2.017263889312744,-1.0,-0.005612313747406006,-0.016836024820804596,-0.025455594062805176,-0.04538637399673462,-0.009404327720403671,-0.009749084711074829,0.022955238819122314,-0.06402315199375153,0.03,1.2556613683700562,-0.07436554878950119,0.3437700569629669,0.04352372884750366,-0.023962069302797318,0.10454033315181732,0.9932788610458374,0,0,0,0,0,0,0,0,0,0,0,0,0,0
2.018549919128418,-1.0,-0.005612194538116455,-0.016831062734127045,-0.02546757459640503,-0.04536318778991699,-0.009901849552989006,0.009316525422036648,0.047154754400253296,-0.01422074157744646,0.03,1.255663275718689,-0.07434304058551788,0.34381166100502014,0.04346682131290436,-0.02388819307088852,0.10353119671344757,0.9933887720108032,0,0,0,0,0,0,0,0,0,0,0,0,0,0
2.0201268196105957,-1.0,-0.005612313747406006,-0.01683487743139267,-0.025455832481384277,-0.04537642002105713,-0.010150705464184284,-0.0029892106540501118,0.013883323408663273,-0.04516702517867088,0.03,1.255663275718689,-0.07434304058551788,0.34381166100502014,0.04346682131290436,-0.02388819307088852,0.10353119671344757,0.9933887720108032,0,0,0,0,0,0,0,0,0,0,0,0,0,0
2.0217161178588867,-1.0,-0.005612313747406006,-0.01683487743139267,-0.025455832481384277,-0.04537642002105713,-0.010150705464184284,-0.0029892106540501118,0.013883323408663273,-0.04516702517867088,0.03,1.255663275718689,-0.07434304058551788,0.34381166100502014,0.04346682131290436,-0.02388819307088852,0.10353119671344757,0.9933887720108032,0,0,0,0,0,0,0,0,0,0,0,0,0,0
2.0235595703125,-1.0,-0.005612313747406006,-0.01683487743139267,-0.025455832481384277,-0.04537642002105713,-0.010150705464184284,-0.0029892106540501118,0.013883323408663273,-0.04516702517867088,0.03,1.255663275718689,-0.07434304058551788,0.34381166100502014,0.04346682131290436,-0.02388819307088852,0.10353119671344757,0.9933887720108032,0,0,0,0,0,0,0,0,0,0,0,0,0,0
2.0248212814331055,-1.0,-0.005612313747406006,-0.01683487743139267,-0.025455832481384277,-0.04537642002105713,-0.010150705464184284,-0.0029892106540501118,0.013883323408663273,-0.04516702517867088,0.03,1.255663275718689,-0.07434304058551788,0.34381166100502014,0.04346682131290436,-0.02388819307088852,0.10353119671344757,0.9933887720108032,0,0,0,0,0,0,0,0,0,0,0,0,0,0
2.027731418609619,-1.0,-0.005612313747406006,-0.01683487743139267,-0.025455832481384277,-0.04537642002105713,-0.010150705464184284,-0.0029892106540501118,0.013883323408663273,-0.04516702517867088,0.03,1.255663275718689,-0.07434304058551788,0.34381166100502014,0.04346682131290436,-0.02388819307088852,0.10353119671344757,0.9933887720108032,0,0,0,0,0,0,0,0,0,0,0,0,0,0
2.0300307273864746,-1.0,-0.005612313747406006,-0.01683487743139267,-0.025455832481384277,-0.04537642002105713,-0.010150705464184284,-0.0029892106540501118,0.013883323408663273,-0.04516702517867088,0.03,1.255663275718689,-0.07434304058551788,0.34381166100502014,0.04346682131290436,-0.02388819307088852,0.10353119671344757,0.9933887720108032,0,0,0,0,0,0,0,0,0,0,0,0,0,0
2.031160354614258,-1.0,-0.005612313747406006,-0.01683487743139267,-0.025455832481384277,-0.04537642002105713,-0.010150705464184284,-0.0029892106540501118,0.013883323408663273,-0.04516702517867088,0.03,1.255663275718689,-0.07434304058551788,0.34381166100502014,0.04346682131290436,-0.02388819307088852,0.10353119671344757,0.9933887720108032,0,0,0,0,0,0,0,0,0,0,0,0,0,0
2.0322957038879395,-1.0,-0.005613744258880615,-0.016827046871185303,-0.025457382202148438,-0.04536062479019165,-0.009028926491737366,0.0067377532832324505,0.01966220885515213,-0.00970904529094696,0.03,1.255663275718689,-0.07434304058551788,0.34381166100502014,0.04346682131290436,-0.02388819307088852,0.10353119671344757,0.9933887720108032,0,0,0,0,0,0,0,0,0,0,0,0,0,0
2.033749580383301,-1.0,-0.005613744258880615,-0.016827046871185303,-0.025457382202148438,-0.04536062479019165,-0.009028926491737366,0.0067377532832324505,0.01966220885515213,-0.00970904529094696,0.03,1.255663275718689,-0.07434304058551788,0.34381166100502014,0.04346682131290436,-0.02388819307088852,0.10353119671344757,0.9933887720108032,0,0,0,0,0,0,0,0,0,0,0,0,0,0
2.034897804260254,-1.0,-0.005613744258880615,-0.016827046871185303,-0.025457382202148438,-0.04536062479019165,-0.009028926491737366,0.0067377532832324505,0.01966220885515213,-0.00970904529094696,0.03,1.255663275718689,-0.07434304058551788,0.34381166100502014,0.04346682131290436,-0.02388819307088852,0.10353119671344757,0.9933887720108032,0,0,0,0,0,0,0,0,0,0,0,0,0,0
2.035992383956909,-1.0,-0.005613744258880615,-0.016827046871185303,-0.025457382202148438,-0.04536062479019165,-0.009028926491737366,0.0067377532832324505,0.01966220885515213,-0.00970904529094696,0.03,1.255663275718689,-0.07434304058551788,0.34381166100502014,0.04346682131290436,-0.02388819307088852,0.10353119671344757,0.9933887720108032,0,0,0,0,0,0,0,0,0,0,0,0,0,0
2.0374209880828857,-1.0,-0.005613744258880615,-0.016827046871185303,-0.025457382202148438,-0.04536062479019165,-0.009028926491737366,0.0067377532832324505,0.01966220885515213,-0.00970904529094696,0.03,1.255663275718689,-0.07434304058551788,0.34381166100502014,0.04346682131290436,-0.02388819307088852,0.10353119671344757,0.9933887720108032,0,0,0,0,0,0,0,0,0,0,0,0,0,0
2.0388219356536865,-1.0,-0.005613744258880615,-0.016827046871185303,-0.025457382202148438,-0.04536062479019165,-0.009028926491737366,0.0067377532832324505,0.01966220885515213,-0.00970904529094696,0.03,1.255663275718689,-0.07434304058551788,0.34381166100502014,0.04346682131290436,-0.02388819307088852,0.10353119671344757,0.9933887720108032,0,0,0,0,0,0,0,0,0,0,0,0,0,0
2.0405256748199463,-1.0,-0.005613744258880615,-0.016827046871185303,-0.025457382202148438,-0.04536062479019165,-0.009028926491737366,0.0067377532832324505,0.01966220885515213,-0.00970904529094696,0.03,1.255663275718689,-0.07434304058551788,0.34381166100502014,0.04346682131290436,-0.02388819307088852,0.10353119671344757,0.9933887720108032,0,0,0,0,0,0,0,0,0,0,0,0,0,0
2.041658401489258,-1.0,-0.005613744258880615,-0.016827046871185303,-0.025457382202148438,-0.04536062479019165,-0.009028926491737366,0.0067377532832324505,0.01966220885515213,-0.00970904529094696,0.03,1.255663275718689,-0.07434304058551788,0.34381166100502014,0.04346682131290436,-0.02388819307088852,0.10353119671344757,0.9933887720108032,0,0,0,0,0,0,0,0,0,0,0,0,0,0
2.0450246334075928,-1.0,-0.005613744258880615,-0.016827046871185303,-0.025457382202148438,-0.04536062479019165,-0.009028926491737366,0.0067377532832324505,0.01966220885515213,-0.00970904529094696,0.03,1.255663275718689,-0.07434304058551788,0.34381166100502014,0.04346682131290436,-0.02388819307088852,0.10353119671344757,0.9933887720108032,0,0,0,0,0,0,0,0,0,0,0,0,0,0
2.0465407371520996,-1.0,-0.005613744258880615,-0.016827046871185303,-0.025457382202148438,-0.04536062479019165,-0.009028926491737366,0.0067377532832324505,0.01966220885515213,-0.00970904529094696,0.03,1.2556618452072144,-0.07440972328186035,0.3436645567417145,0.04335790500044823,-0.02388150244951248,0.10169249027967453,0.993583619594574,0,0,0,0,0,0,0,0,0,0,0,0,0,0
2.04764986038208,-1.0,-0.005613744258880615,-0.016827046871185303,-0.025457382202148438,-0.04536062479019165,-0.009028926491737366,0.0067377532832324505,0.01966220885515213,-0.00970904529094696,0.03,1.2556618452072144,-0.07440972328186035,0.3436645567417145,0.04335790500044823,-0.02388150244951248,0.10169249027967453,0.993583619594574,0,0,0,0,0,0,0,0,0,0,0,0,0,0
2.048823356628418,-1.0,-0.005613744258880615,-0.016827046871185303,-0.025457382202148438,-0.04536062479019165,-0.009028926491737366,0.0067377532832324505,0.01966220885515213,-0.00970904529094696,0.03,1.2556618452072144,-0.07440972328186035,0.3436645567417145,0.04335790500044823,-0.02388150244951248,0.10169249027967453,0.993583619594574,0,0,0,0,0,0,0,0,0,0,0,0,0,0
2.04990816116333,-1.0,-0.005613744258880615,-0.016827046871185303,-0.025457382202148438,-0.04536062479019165,-0.009028926491737366,0.0067377532832324505,0.01966220885515213,-0.00970904529094696,0.03,1.2556618452072144,-0.07440972328186035,0.3436645567417145,0.04335790500044823,-0.02388150244951248,0.10169249027967453,0.993583619594574,0,0,0,0,0,0,0,0,0,0,0,0,0,0
2.0510122776031494,-1.0,-0.005613744258880615,-0.016827046871185303,-0.025457382202148438,-0.04536062479019165,-0.009028926491737366,0.0067377532832324505,0.01966220885515213,-0.00970904529094696,0.03,1.2556618452072144,-0.07440972328186035,0.3436645567417145,0.04335790500044823,-0.02388150244951248,0.10169249027967453,0.993583619594574,0,0,0,0,0,0,0,0,0,0,0,0,0,0
2.052509069442749,-1.0,-0.005613744258880615,-0.016827046871185303,-0.025457382202148438,-0.04536062479019165,-0.009028926491737366,0.0067377532832324505,0.01966220885515213,-0.00970904529094696,0.03,1.2556618452072144,-0.07440972328186035,0.3436645567417145,0.04335790500044823,-0.02388150244951248,0.10169249027967453,0.993583619594574,0,0,0,0,0,0,0,0,0,0,0,0,0,0
2.0546939373016357,-1.0,-0.005613744258880615,-0.016827046871185303,-0.025457382202148438,-0.04536062479019165,-0.009028926491737366,0.0067377532832324505,0.01966220885515213,-0.00970904529094696,0.03,1.2556618452072144,-0.07440972328186035,0.3436645567417145,0.04335790500044823,-0.02388150244951248,0.10169249027967453,0.993583619594574,0,0,0,0,0,0,0,0,0,0,0,0,0,0
2.056084394454956,-1.0,-0.005613744258880615,-0.016827046871185303,-0.025457382202148438,-0.04536062479019165,-0.009028926491737366,0.0067377532832324505,0.01966220885515213,-0.00970904529094696,0.03,1.2556618452072144,-0.07440972328186035,0.3436645567417145,0.04335790500044823,-0.02388150244951248,0.10169249027967453,0.993583619594574,0,0,0,0,0,0,0,0,0,0,0,0,0,0
2.0573196411132812,-1.0,-0.005612194538116455,-0.016837410628795624,-0.02546858787536621,-0.04536992311477661,-0.009437560103833675,-0.010766309686005116,0.04935060441493988,-0.025408398360013962,0.03,1.2556618452072144,-0.07440972328186035,0.3436645567417145,0.04335790500044823,-0.02388150244951248,0.10169249027967453,0.993583619594574,0,0,0,0,0,0,0,0,0,0,0,0,0,0
2.0593338012695312,-1.0,-0.005621850490570068,-0.016842752695083618,-0.02545100450515747,-0.04536163806915283,-0.028692642226815224,-0.02442387491464615,0.004557901062071323,-0.008385094814002514,0.03,1.2557073831558228,-0.07428786158561707,0.3437451422214508,0.04302337020635605,-0.023484323173761368,0.10752617567777634,0.9929932355880737,0,0,0,0,0,0,0,0,0,0,0,0,0,0
2.061203718185425,-1.0,-0.005612194538116455,-0.016838818788528442,-0.025456726551055908,-0.045366764068603516,-0.009964696131646633,-0.01585325598716736,0.011828248389065266,-0.019636206328868866,0.03,1.2556651830673218,-0.07430512458086014,0.3438304364681244,0.04358722269535065,-0.023921236395835876,0.1052861362695694,0.9931982755661011,0,0,0,0,0,0,0,0,0,0,0,0,0,0
2.062861919403076,-1.0,-0.005612194538116455,-0.016838818788528442,-0.025456726551055908,-0.045366764068603516,-0.009964696131646633,-0.01585325598716736,0.011828248389065266,-0.019636206328868866,0.03,1.2556651830673218,-0.07430512458086014,0.3438304364681244,0.04358722269535065,-0.023921236395835876,0.1052861362695694,0.9931982755661011,0,0,0,0,0,0,0,0,0,0,0,0,0,0
2.064276695251465,-1.0,-0.005612194538116455,-0.016838818788528442,-0.025456726551055908,-0.045366764068603516,-0.009964696131646633,-0.01585325598716736,0.011828248389065266,-0.019636206328868866,0.03,1.2556651830673218,-0.07430512458086014,0.3438304364681244,0.04358722269535065,-0.023921236395835876,0.1052861362695694,0.9931982755661011,0,0,0,0,0,0,0,0,0,0,0,0,0,0
2.065739154815674,-1.0,-0.005612194538116455,-0.016838818788528442,-0.025456726551055908,-0.045366764068603516,-0.009964696131646633,-0.01585325598716736,0.011828248389065266,-0.019636206328868866,0.03,1.2556651830673218,-0.07430512458086014,0.3438304364681244,0.04358722269535065,-0.023921236395835876,0.1052861362695694,0.9931982755661011,0,0,0,0,0,0,0,0,0,0,0,0,0,0
2.0672190189361572,-1.0,-0.005612194538116455,-0.016838818788528442,-0.025456726551055908,-0.045366764068603516,-0.009964696131646633,-0.01585325598716736,0.011828248389065266,-0.019636206328868866,0.03,1.2556651830673218,-0.07430512458086014,0.3438304364681244,0.04358722269535065,-0.023921236395835876,0.1052861362695694,0.9931982755661011,0,0,0,0,0,0,0,0,0,0,0,0,0,0
2.070061445236206,-1.0,-0.005612194538116455,-0.016827046871185303,-0.025462031364440918,-0.04536312818527222,-0.009883108548820019,0.0026475097984075546,0.021802715957164764,-0.013685132376849651,0.03,1.255663514137268,-0.07433898746967316,0.3438224196434021,0.04355352371931076,-0.02400059625506401,0.1042075902223587,0.9933116436004639,0,0,0,0,0,0,0,0,0,0,0,0,0,0
2.071165084838867,-1.0,-0.005612194538116455,-0.016827046871185303,-0.025462031364440918,-0.04536312818527222,-0.009883108548820019,0.0026475097984075546,0.021802715957164764,-0.013685132376849651,0.03,1.255663514137268,-0.07433898746967316,0.3438224196434021,0.04355352371931076,-0.02400059625506401,0.1042075902223587,0.9933116436004639,0,0,0,0,0,0,0,0,0,0,0,0,0,0
2.0727627277374268,-1.0,-0.005612194538116455,-0.016827046871185303,-0.025462031364440918,-0.04536312818527222,-0.009883108548820019,0.0026475097984075546,0.021802715957164764,-0.013685132376849651,0.03,1.255663514137268,-0.07433898746967316,0.3438224196434021,0.04355352371931076,-0.02400059625506401,0.1042075902223587,0.9933116436004639,0,0,0,0,0,0,0,0,0,0,0,0,0,0
2.0739235877990723,-1.0,-0.005612194538116455,-0.016827046871185303,-0.025462031364440918,-0.04536312818527222,-0.009883108548820019,0.0026475097984075546,0.021802715957164764,-0.013685132376849651,0.03,1.255663514137268,-0.07433898746967316,0.3438224196434021,0.04355352371931076,-0.02400059625506401,0.1042075902223587,0.9933116436004639,0,0,0,0,0,0,0,0,0,0,0,0,0,0
2.075040102005005,-1.0,-0.005612194538116455,-0.016827046871185303,-0.025462031364440918,-0.04536312818527222,-0.009883108548820019,0.0026475097984075546,0.021802715957164764,-0.013685132376849651,0.03,1.255663514137268,-0.07433898746967316,0.3438224196434021,0.04355352371931076,-0.02400059625506401,0.1042075902223587,0.9933116436004639,0,0,0,0,0,0,0,0,0,0,0,0,0,0
2.0761210918426514,-1.0,-0.005612194538116455,-0.016827046871185303,-0.025462031364440918,-0.04536312818527222,-0.009883108548820019,0.0026475097984075546,0.021802715957164764,-0.013685132376849651,0.03,1.255663514137268,-0.07433898746967316,0.3438224196434021,0.04355352371931076,-0.02400059625506401,0.1042075902223587,0.9933116436004639,0,0,0,0,0,0,0,0,0,0,0,0,0,0
2.0774385929107666,-1.0,-0.005612194538116455,-0.016827046871185303,-0.025462031364440918,-0.04536312818527222,-0.009883108548820019,0.0026475097984075546,0.021802715957164764,-0.013685132376849651,0.03,1.255663514137268,-0.07433898746967316,0.3438224196434021,0.04355352371931076,-0.02400059625506401,0.1042075902223587,0.9933116436004639,0,0,0,0,0,0,0,0,0,0,0,0,0,0
2.078550338745117,-1.0,-0.005612194538116455,-0.016827046871185303,-0.025462031364440918,-0.04536312818527222,-0.009883108548820019,0.0026475097984075546,0.021802715957164764,-0.013685132376849651,0.03,1.255663514137268,-0.07433898746967316,0.3438224196434021,0.04355352371931076,-0.02400059625506401,0.1042075902223587,0.9933116436004639,0,0,0,0,0,0,0,0,0,0,0,0,0,0
2.080235719680786,-1.0,-0.005612194538116455,-0.016827046871185303,-0.025462031364440918,-0.04536312818527222,-0.009883108548820019,0.0026475097984075546,0.021802715957164764,-0.013685132376849651,0.03,1.2556673288345337,-0.07440163940191269,0.3436994254589081,0.04397224634885788,-0.02405034378170967,0.10869977623224258,0.9928104281425476,0,0,0,0,0,0,0,0,0,0,0,0,0,0
2.0813968181610107,-1.0,-0.005612194538116455,-0.016827046871185303,-0.025462031364440918,-0.04536312818527222,-0.009883108548820019,0.0026475097984075546,0.021802715957164764,-0.013685132376849651,0.03,1.2556673288345337,-0.07440163940191269,0.3436994254589081,0.04397224634885788,-0.02405034378170967,0.10869977623224258,0.9928104281425476,0,0,0,0,0,0,0,0,0,0,0,0,0,0
2.0826449394226074,-1.0,-0.005612194538116455,-0.016827046871185303,-0.025462031364440918,-0.04536312818527222,-0.009883108548820019,0.0026475097984075546,0.021802715957164764,-0.013685132376849651,0.03,1.2556673288345337,-0.07440163940191269,0.3436994254589081,0.04397224634885788,-0.02405034378170967,0.10869977623224258,0.9928104281425476,0,0,0,0,0,0,0,0,0,0,0,0,0,0
2.0840506553649902,-1.0,-0.005612194538116455,-0.016827046871185303,-0.025462031364440918,-0.04536312818527222,-0.009883108548820019,0.0026475097984075546,0.021802715957164764,-0.013685132376849651,0.03,1.2556673288345337,-0.07440163940191269,0.3436994254589081,0.04397224634885788,-0.02405034378170967,0.10869977623224258,0.9928104281425476,0,0,0,0,0,0,0,0,0,0,0,0,0,0
2.085684061050415,-1.0,-0.005612194538116455,-0.016827046871185303,-0.025462031364440918,-0.04536312818527222,-0.009883108548820019,0.0026475097984075546,0.021802715957164764,-0.013685132376849651,0.03,1.2556673288345337,-0.07440163940191269,0.3436994254589081,0.04397224634885788,-0.02405034378170967,0.10869977623224258,0.9928104281425476,0,0,0,0,0,0,0,0,0,0,0,0,0,0
2.0873162746429443,-1.0,-0.005612194538116455,-0.016827046871185303,-0.025462031364440918,-0.04536312818527222,-0.009883108548820019,0.0026475097984075546,0.021802715957164764,-0.013685132376849651,0.03,1.2556673288345337,-0.07440163940191269,0.3436994254589081,0.04397224634885788,-0.02405034378170967,0.10869977623224258,0.9928104281425476,0,0,0,0,0,0,0,0,0,0,0,0,0,0
2.088695764541626,-1.0,-0.005612194538116455,-0.016827046871185303,-0.025462031364440918,-0.04536312818527222,-0.009883108548820019,0.0026475097984075546,0.021802715957164764,-0.013685132376849651,0.03,1.2556673288345337,-0.07440163940191269,0.3436994254589081,0.04397224634885788,-0.02405034378170967,0.10869977623224258,0.9928104281425476,0,0,0,0,0,0,0,0,0,0,0,0,0,0
2.08986234664917,-1.0,-0.005612194538116455,-0.016827046871185303,-0.025462031364440918,-0.04536312818527222,-0.009883108548820019,0.0026475097984075546,0.021802715957164764,-0.013685132376849651,0.03,1.2556673288345337,-0.07440163940191269,0.3436994254589081,0.04397224634885788,-0.02405034378170967,0.10869977623224258,0.9928104281425476,0,0,0,0,0,0,0,0,0,0,0,0,0,0
2.091463088989258,0.0,-0.005612313747406006,-0.016840271651744843,-0.025452136993408203,-0.04536086320877075,-0.014889483340084553,-0.10559793561697006,0.029566844925284386,-0.012852461077272892,0.03,1.2557052373886108,-0.0742780864238739,0.34373924136161804,0.04319741949439049,-0.02356719970703125,0.10962137579917908,0.9927546381950378,0,0,0,0,0,0,0,0,0,0,0,0,0,0
2.0929181575775146,0.0,-0.005612492561340332,-0.016808323562145233,-0.025435149669647217,-0.0453646183013916,-0.047908879816532135,-0.5916242599487305,0.15065039694309235,0.23128856718540192,0.03,1.2557052373886108,-0.0742780864238739,0.34373924136161804,0.04319741949439049,-0.02356719970703125,0.10962137579917908,0.9927546381950378,0,0,0,0,0,0,0,0,0,0,0,0,0,0
2.094330072402954,0.0,-0.005612492561340332,-0.016808323562145233,-0.025435149669647217,-0.0453646183013916,-0.047908879816532135,-0.5916242599487305,0.15065039694309235,0.23128856718540192,0.03,1.2557052373886108,-0.0742780864238739,0.34373924136161804,0.04319741949439049,-0.02356719970703125,0.10962137579917908,0.9927546381950378,0,0,0,0,0,0,0,0,0,0,0,0,0,0
2.0957465171813965,0.0,-0.005612492561340332,-0.016808323562145233,-0.025435149669647217,-0.0453646183013916,-0.047908879816532135,-0.5916242599487305,0.15065039694309235,0.23128856718540192,0.03,1.2557052373886108,-0.0742780864238739,0.34373924136161804,0.04319741949439049,-0.02356719970703125,0.10962137579917908,0.9927546381950378,0,0,0,0,0,0,0,0,0,0,0,0,0,0
2.096859931945801,0.0,-0.005612492561340332,-0.016808323562145233,-0.025435149669647217,-0.0453646183013916,-0.047908879816532135,-0.5916242599487305,0.15065039694309235,0.23128856718540192,0.03,1.2557052373886108,-0.0742780864238739,0.34373924136161804,0.04319741949439049,-0.02356719970703125,0.10962137579917908,0.9927546381950378,0,0,0,0,0,0,0,0,0,0,0,0,0,0
2.098172903060913,0.0,-0.005612492561340332,-0.016808323562145233,-0.025435149669647217,-0.0453646183013916,-0.047908879816532135,-0.5916242599487305,0.15065039694309235,0.23128856718540192,0.03,1.2557052373886108,-0.0742780864238739,0.34373924136161804,0.04319741949439049,-0.02356719970703125,0.10962137579917908,0.9927546381950378,0,0,0,0,0,0,0,0,0,0,0,0,0,0
2.0996837615966797,0.0,-0.005612492561340332,-0.016808323562145233,-0.025435149669647217,-0.0453646183013916,-0.047908879816532135,-0.5916242599487305,0.15065039694309235,0.23128856718540192,0.03,1.2557052373886108,-0.0742780864238739,0.34373924136161804,0.04319741949439049,-0.02356719970703125,0.10962137579917908,0.9927546381950378,0,0,0,0,0,0,0,0,0,0,0,0,0,0
2.1009020805358887,0.0,-0.005612492561340332,-0.016808323562145233,-0.025435149669647217,-0.0453646183013916,-0.047908879816532135,-0.5916242599487305,0.15065039694309235,0.23128856718540192,0.03,1.2557052373886108,-0.0742780864238739,0.34373924136161804,0.04319741949439049,-0.02356719970703125,0.10962137579917908,0.9927546381950378,0,0,0,0,0,0,0,0,0,0,0,0,0,0
2.102536916732788,0.0,-0.005612492561340332,-0.016808323562145233,-0.025435149669647217,-0.0453646183013916,-0.047908879816532135,-0.5916242599487305,0.15065039694309235,0.23128856718540192,0.03,1.2557052373886108,-0.0742780864238739,0.34373924136161804,0.04319741949439049,-0.02356719970703125,0.10962137579917908,0.9927546381950378,0,0,0,0,0,0,0,0,0,0,0,0,0,0
2.10425066947937,0.0,-0.0055893659591674805,-0.016701966524124146,-0.025373399257659912,-0.0454217791557312,-0.07221652567386627,-1.3511791229248047,0.30509424209594727,0.4883943796157837,0.03,1.2557052373886108,-0.0742780864238739,0.34373924136161804,0.04319741949439049,-0.02356719970703125,0.10962137579917908,0.9927546381950378,0,0,0,0,0,0,0,0,0,0,0,0,0,0
2.1053781509399414,0.0,-0.0055738091468811035,-0.01658758521080017,-0.025373101234436035,-0.04542261362075806,-0.040072813630104065,-1.286746621131897,0.342487633228302,0.5372945666313171,0.03,1.2556689977645874,-0.07434698939323425,0.3437901735305786,0.043621353805065155,-0.02399270609021187,0.10673625022172928,0.9930402636528015,0,0,0,0,0,0,0,0,0,0,0,0,0,0
2.1069178581237793,0.0,-0.005559682846069336,-0.016360104084014893,-0.025321125984191895,-0.04548454284667969,-0.06524164229631424,-1.4239370822906494,0.35817012190818787,0.5888971090316772,0.03,1.2556567192077637,-0.07438349723815918,0.34373873472213745,0.043370530009269714,-0.023967640474438667,0.1024073138833046,0.9935076236724854,0,0,0,0,0,0,0,0,0,0,0,0,0,0
2.108167886734009,0.0,-0.005561709403991699,-0.01623278111219406,-0.02532827854156494,-0.04548454284667969,-0.08763853460550308,-1.4960405826568604,0.4510362446308136,0.6816956400871277,0.03,1.2556567192077637,-0.07438349723815918,0.34373873472213745,0.043370530009269714,-0.023967640474438667,0.1024073138833046,0.9935076236724854,0,0,0,0,0,0,0,0,0,0,0,0,0,0
2.1093597412109375,0.0,-0.005561709403991699,-0.01623278111219406,-0.02532827854156494,-0.04548454284667969,-0.08763853460550308,-1.4960405826568604,0.4510362446308136,0.6816956400871277,0.03,1.2556567192077637,-0.07438349723815918,0.34373873472213745,0.043370530009269714,-0.023967640474438667,0.1024073138833046,0.9935076236724854,0,0,0,0,0,0,0,0,0,0,0,0,0,0
2.1104562282562256,0.0,-0.005561709403991699,-0.01623278111219406,-0.02532827854156494,-0.04548454284667969,-0.08763853460550308,-1.4960405826568604,0.4510362446308136,0.6816956400871277,0.03,1.2556567192077637,-0.07438349723815918,0.34373873472213745,0.043370530009269714,-0.023967640474438667,0.1024073138833046,0.9935076236724854,0,0,0,0,0,0,0,0,0,0,0,0,0,0
2.1115362644195557,0.0,-0.005561709403991699,-0.01623278111219406,-0.02532827854156494,-0.04548454284667969,-0.08763853460550308,-1.4960405826568604,0.4510362446308136,0.6816956400871277,0.03,1.2556567192077637,-0.07438349723815918,0.34373873472213745,0.043370530009269714,-0.023967640474438667,0.1024073138833046,0.9935076236724854,0,0,0,0,0,0,0,0,0,0,0,0,0,0
2.114143133163452,0.0,-0.005561709403991699,-0.01623278111219406,-0.02532827854156494,-0.04548454284667969,-0.08763853460550308,-1.4960405826568604,0.4510362446308136,0.6816956400871277,0.03,1.2556567192077637,-0.07438349723815918,0.34373873472213745,0.043370530009269714,-0.023967640474438667,0.1024073138833046,0.9935076236724854,0,0,0,0,0,0,0,0,0,0,0,0,0,0
2.1154065132141113,0.0,-0.005561709403991699,-0.01623278111219406,-0.02532827854156494,-0.04548454284667969,-0.08763853460550308,-1.4960405826568604,0.4510362446308136,0.6816956400871277,0.03,1.2556567192077637,-0.07438349723815918,0.34373873472213745,0.043370530009269714,-0.023967640474438667,0.1024073138833046,0.9935076236724854,0,0,0,0,0,0,0,0,0,0,0,0,0,0
2.1179306507110596,0.0,-0.005561709403991699,-0.01623278111219406,-0.02532827854156494,-0.04548454284667969,-0.08763853460550308,-1.4960405826568604,0.4510362446308136,0.6816956400871277,0.03,1.2556567192077637,-0.07438349723815918,0.34373873472213745,0.043370530009269714,-0.023967640474438667,0.1024073138833046,0.9935076236724854,0,0,0,0,0,0,0,0,0,0,0,0,0,0
2.1205825805664062,0.0,-0.005561709403991699,-0.01623278111219406,-0.02532827854156494,-0.04548454284667969,-0.08763853460550308,-1.4960405826568604,0.4510362446308136,0.6816956400871277,0.03,1.2556567192077637,-0.07438349723815918,0.34373873472213745,0.043370530009269714,-0.023967640474438667,0.1024073138833046,0.9935076236724854,0,0,0,0,0,0,0,0,0,0,0,0,0,0
2.1226775646209717,0.0,-0.005577981472015381,-0.016112342476844788,-0.025312304496765137,-0.04555106163024902,-0.13455821573734283,-1.5139243602752686,0.46996933221817017,0.6051598191261292,0.03,1.2556567192077637,-0.07438349723815918,0.34373873472213745,0.043370530009269714,-0.023967640474438667,0.1024073138833046,0.9935076236724854,0,0,0,0,0,0,0,0,0,0,0,0,0,0
2.124203681945801,0.0,-0.005577981472015381,-0.016112342476844788,-0.025312304496765137,-0.04555106163024902,-0.13455821573734283,-1.5139243602752686,0.46996933221817017,0.6051598191261292,0.03,1.2556709051132202,-0.07438357919454575,0.3437317907810211,0.04319178685545921,-0.023958725854754448,0.10202198475599289,0.9935552477836609,0,0,0,0,0,0,0,0,0,0,0,0,0,0
2.1257481575012207,0.0,-0.005577981472015381,-0.016112342476844788,-0.025312304496765137,-0.04555106163024902,-0.13455821573734283,-1.5139243602752686,0.46996933221817017,0.6051598191261292,0.03,1.2556709051132202,-0.07438357919454575,0.3437317907810211,0.04319178685545921,-0.023958725854754448,0.10202198475599289,0.9935552477836609,0,0,0,0,0,0,0,0,0,0,0,0,0,0
2.1269009113311768,0.0,-0.005577981472015381,-0.016112342476844788,-0.025312304496765137,-0.04555106163024902,-0.13455821573734283,-1.5139243602752686,0.46996933221817017,0.6051598191261292,0.03,1.2556709051132202,-0.07438357919454575,0.3437317907810211,0.04319178685545921,-0.023958725854754448,0.10202198475599289,0.9935552477836609,0,0,0,0,0,0,0,0,0,0,0,0,0,0
2.1282660961151123,0.0,-0.0055506229400634766,-0.015881255269050598,-0.025283336639404297,-0.04557907581329346,-0.08905409276485443,-1.4901002645492554,0.4647861123085022,0.6974083185195923,0.03,1.2556709051132202,-0.07438357919454575,0.3437317907810211,0.04319178685545921,-0.023958725854754448,0.10202198475599289,0.9935552477836609,0,0,0,0,0,0,0,0,0,0,0,0,0,0
2.1294491291046143,0.0,-0.005493640899658203,-0.015052713453769684,-0.02519935369491577,-0.045668184757232666,-0.04303155094385147,-1.3959956169128418,0.540891170501709,0.902743399143219,0.03,1.2556709051132202,-0.07438357919454575,0.3437317907810211,0.04319178685545921,-0.023958725854754448,0.10202198475599289,0.9935552477836609,0,0,0,0,0,0,0,0,0,0,0,0,0,0
2.1305954456329346,0.0,-0.005489945411682129,-0.014509327709674835,-0.025172829627990723,-0.04573112726211548,-0.10211275517940521,-1.2084957361221313,0.6241564154624939,0.950217068195343,0.03,1.2557207345962524,-0.07427539676427841,0.34376898407936096,0.04300757125020027,-0.023521436378359795,0.10759289562702179,0.9929858446121216,0,0,0,0,0,0,0,0,0,0,0,0,0,0
2.131704807281494,0.0,-0.005461275577545166,-0.014212876558303833,-0.02513265609741211,-0.04579341411590576,-0.0706372857093811,-1.2939774990081787,0.6529801487922668,0.9762797355651855,0.03,1.2557296752929688,-0.07431343197822571,0.34370940923690796,0.04327334091067314,-0.023575764149427414,0.11176427453756332,0.9925122261047363,0,0,0,0,0,0,0,0,0,0,0,0,0,0
2.132823944091797,0.0,-0.005431711673736572,-0.013759598135948181,-0.02512943744659424,-0.045855164527893066,-0.0774490237236023,-1.188499093055725,0.7577705383300781,1.0616300106048584,0.03,1.2557296752929688,-0.07431343197822571,0.34370940923690796,0.04327334091067314,-0.023575764149427414,0.11176427453756332,0.9925122261047363,0,0,0,0,0,0,0,0,0,0,0,0,0,0
2.134227991104126,0.0,-0.005400180816650391,-0.013295844197273254,-0.02506399154663086,-0.04591012001037598,-0.04099719598889351,-1.1138807535171509,0.7597910761833191,1.166667103767395,0.03,1.255689263343811,-0.07439792156219482,0.34366264939308167,0.043780617415905,-0.024020185694098473,0.1089409664273262,0.9927931427955627,0,0,0,0,0,0,0,0,0,0,0,0,0,0
2.135359764099121,0.0,-0.0053667426109313965,-0.013015098869800568,-0.025004208087921143,-0.04597640037536621,-0.05441056564450264,-1.249006748199463,0.804459273815155,1.2057427167892456,0.03,1.255689263343811,-0.07439792156219482,0.34366264939308167,0.043780617415905,-0.024020185694098473,0.1089409664273262,0.9927931427955627,0,0,0,0,0,0,0,0,0,0,0,0,0,0
2.1365911960601807,0.0,-0.005367398262023926,-0.01292969286441803,-0.025005638599395752,-0.04597592353820801,-0.06292495131492615,-1.2254436016082764,0.8356614708900452,1.2535778284072876,0.03,1.255689263343811,-0.07439792156219482,0.34366264939308167,0.043780617415905,-0.024020185694098473,0.1089409664273262,0.9927931427955627,0,0,0,0,0,0,0,0,0,0,0,0,0,0
2.137687921524048,0.0,-0.005367398262023926,-0.01292969286441803,-0.025005638599395752,-0.04597592353820801,-0.06292495131492615,-1.2254436016082764,0.8356614708900452,1.2535778284072876,0.03,1.255689263343811,-0.07439792156219482,0.34366264939308167,0.043780617415905,-0.024020185694098473,0.1089409664273262,0.9927931427955627,0,0,0,0,0,0,0,0,0,0,0,0,0,0
2.1388556957244873,0.0,-0.005367398262023926,-0.01292969286441803,-0.025005638599395752,-0.04597592353820801,-0.06292495131492615,-1.2254436016082764,0.8356614708900452,1.2535778284072876,0.03,1.255689263343811,-0.07439792156219482,0.34366264939308167,0.043780617415905,-0.024020185694098473,0.1089409664273262,0.9927931427955627,0,0,0,0,0,0,0,0,0,0,0,0,0,0
2.140083074569702,0.0,-0.005367398262023926,-0.01292969286441803,-0.025005638599395752,-0.04597592353820801,-0.06292495131492615,-1.2254436016082764,0.8356614708900452,1.2535778284072876,0.03,1.255689263343811,-0.07439792156219482,0.34366264939308167,0.043780617415905,-0.024020185694098473,0.1089409664273262,0.9927931427955627,0,0,0,0,0,0,0,0,0,0,0,0,0,0
2.1411399841308594,0.0,-0.005368053913116455,-0.012714006006717682,-0.02499788999557495,-0.046038925647735596,-0.07711338251829147,-1.2567111253738403,0.8788341879844666,1.1986478567123413,0.03,1.2556884288787842,-0.07440703362226486,0.34368106722831726,0.04330660402774811,-0.023930633440613747,0.10332059115171432,0.9934167861938477,0,0,0,0,0,0,0,0,0,0,0,0,0,0
2.1422340869903564,0.0,-0.005368053913116455,-0.012714006006717682,-0.02499788999557495,-0.046038925647735596,-0.07711338251829147,-1.2567111253738403,0.8788341879844666,1.1986478567123413,0.03,1.2556884288787842,-0.07440703362226486,0.34368106722831726,0.04330660402774811,-0.023930633440613747,0.10332059115171432,0.9934167861938477,0,0,0,0,0,0,0,0,0,0,0,0,0,0
2.143483877182007,0.0,-0.005368053913116455,-0.012714006006717682,-0.02499788999557495,-0.046038925647735596,-0.07711338251829147,-1.2567111253738403,0.8788341879844666,1.1986478567123413,0.03,1.2556884288787842,-0.07440703362226486,0.34368106722831726,0.04330660402774811,-0.023930633440613747,0.10332059115171432,0.9934167861938477,0,0,0,0,0,0,0,0,0,0,0,0,0,0
2.1446638107299805,0.0,-0.005368053913116455,-0.012714006006717682,-0.02499788999557495,-0.046038925647735596,-0.07711338251829147,-1.2567111253738403,0.8788341879844666,1.1986478567123413,0.03,1.2556884288787842,-0.07440703362226486,0.34368106722831726,0.04330660402774811,-0.023930633440613747,0.10332059115171432,0.9934167861938477,0,0,0,0,0,0,0,0,0,0,0,0,0,0
2.14574933052063,0.0,-0.005368053913116455,-0.012714006006717682,-0.02499788999557495,-0.046038925647735596,-0.07711338251829147,-1.2567111253738403,0.8788341879844666,1.1986478567123413,0.03,1.2556884288787842,-0.07440703362226486,0.34368106722831726,0.04330660402774811,-0.023930633440613747,0.10332059115171432,0.9934167861938477,0,0,0,0,0,0,0,0,0,0,0,0,0,0
2.146862268447876,0.0,-0.005368053913116455,-0.012714006006717682,-0.02499788999557495,-0.046038925647735596,-0.07711338251829147,-1.2567111253738403,0.8788341879844666,1.1986478567123413,0.03,1.2556884288787842,-0.07440703362226486,0.34368106722831726,0.04330660402774811,-0.023930633440613747,0.10332059115171432,0.9934167861938477,0,0,0,0,0,0,0,0,0,0,0,0,0,0
2.14813232421875,0.0,-0.005368053913116455,-0.012714006006717682,-0.02499788999557495,-0.046038925647735596,-0.07711338251829147,-1.2567111253738403,0.8788341879844666,1.1986478567123413,0.03,1.2556884288787842,-0.07440703362226486,0.34368106722831726,0.04330660402774811,-0.023930633440613747,0.10332059115171432,0.9934167861938477,0,0,0,0,0,0,0,0,0,0,0,0,0,0
2.149238348007202,0.0,-0.005368053913116455,-0.012714006006717682,-0.02499788999557495,-0.046038925647735596,-0.07711338251829147,-1.2567111253738403,0.8788341879844666,1.1986478567123413,0.03,1.2556884288787842,-0.07440703362226486,0.34368106722831726,0.04330660402774811,-0.023930633440613747,0.10332059115171432,0.9934167861938477,0,0,0,0,0,0,0,0,0,0,0,0,0,0
2.1504063606262207,0.0,-0.005368053913116455,-0.012714006006717682,-0.02499788999557495,-0.046038925647735596,-0.07711338251829147,-1.2567111253738403,0.8788341879844666,1.1986478567123413,0.03,1.2556884288787842,-0.07440703362226486,0.34368106722831726,0.04330660402774811,-0.023930633440613747,0.10332059115171432,0.9934167861938477,0,0,0,0,0,0,0,0,0,0,0,0,0,0
2.1516497135162354,0.0,-0.005368053913116455,-0.012714006006717682,-0.02499788999557495,-0.046038925647735596,-0.07711338251829147,-1.2567111253738403,0.8788341879844666,1.1986478567123413,0.03,1.2556884288787842,-0.07440703362226486,0.34368106722831726,0.04330660402774811,-0.023930633440613747,0.10332059115171432,0.9934167861938477,0,0,0,0,0,0,0,0,0,0,0,0,0,0
2.152745008468628,0.0,-0.005368053913116455,-0.012714006006717682,-0.02499788999557495,-0.046038925647735596,-0.07711338251829147,-1.2567111253738403,0.8788341879844666,1.1986478567123413,0.03,1.2556884288787842,-0.07440703362226486,0.34368106722831726,0.04330660402774811,-0.023930633440613747,0.10332059115171432,0.9934167861938477,0,0,0,0,0,0,0,0,0,0,0,0,0,0
2.1539933681488037,0.0,-0.005368053913116455,-0.012714006006717682,-0.02499788999557495,-0.046038925647735596,-0.07711338251829147,-1.2567111253738403,0.8788341879844666,1.1986478567123413,0.03,1.2556884288787842,-0.07440703362226486,0.34368106722831726,0.04330660402774811,-0.023930633440613747,0.10332059115171432,0.9934167861938477,0,0,0,0,0,0,0,0,0,0,0,0,0,0
2.155656099319458,0.0,-0.005368053913116455,-0.012714006006717682,-0.02499788999557495,-0.046038925647735596,-0.07711338251829147,-1.2567111253738403,0.8788341879844666,1.1986478567123413,0.03,1.2556884288787842,-0.07440703362226486,0.34368106722831726,0.04330660402774811,-0.023930633440613747,0.10332059115171432,0.9934167861938477,0,0,0,0,0,0,0,0,0,0,0,0,0,0
2.157489776611328,0.0,-0.005368053913116455,-0.012714006006717682,-0.02499788999557495,-0.046038925647735596,-0.07711338251829147,-1.2567111253738403,0.8788341879844666,1.1986478567123413,0.03,1.2556884288787842,-0.07440703362226486,0.34368106722831726,0.04330660402774811,-0.023930633440613747,0.10332059115171432,0.9934167861938477,0,0,0,0,0,0,0,0,0,0,0,0,0,0
2.1588308811187744,0.0,-0.005368053913116455,-0.012714006006717682,-0.02499788999557495,-0.046038925647735596,-0.07711338251829147,-1.2567111253738403,0.8788341879844666,1.1986478567123413,0.03,1.2556884288787842,-0.07440703362226486,0.34368106722831726,0.04330660402774811,-0.023930633440613747,0.10332059115171432,0.9934167861938477,0,0,0,0,0,0,0,0,0,0,0,0,0,0
2.159939765930176,0.0,-0.005368053913116455,-0.012714006006717682,-0.02499788999557495,-0.046038925647735596,-0.07711338251829147,-1.2567111253738403,0.8788341879844666,1.1986478567123413,0.03,1.2556884288787842,-0.07440703362226486,0.34368106722831726,0.04330660402774811,-0.023930633440613747,0.10332059115171432,0.9934167861938477,0,0,0,0,0,0,0,0,0,0,0,0,0,0
2.1612744331359863,0.0,-0.005368053913116455,-0.012714006006717682,-0.02499788999557495,-0.046038925647735596,-0.07711338251829147,-1.2567111253738403,0.8788341879844666,1.1986478567123413,0.03,1.2556884288787842,-0.07440703362226486,0.34368106722831726,0.04330660402774811,-0.023930633440613747,0.10332059115171432,0.9934167861938477,0,0,0,0,0,0,0,0,0,0,0,0,0,0
2.162468671798706,0.0,-0.005368053913116455,-0.012714006006717682,-0.02499788999557495,-0.046038925647735596,-0.07711338251829147,-1.2567111253738403,0.8788341879844666,1.1986478567123413,0.03,1.2556884288787842,-0.07440703362226486,0.34368106722831726,0.04330660402774811,-0.023930633440613747,0.10332059115171432,0.9934167861938477,0,0,0,0,0,0,0,0,0,0,0,0,0,0
2.163665294647217,0.0,-0.005368053913116455,-0.012714006006717682,-0.02499788999557495,-0.046038925647735596,-0.07711338251829147,-1.2567111253738403,0.8788341879844666,1.1986478567123413,0.03,1.2556884288787842,-0.07440703362226486,0.34368106722831726,0.04330660402774811,-0.023930633440613747,0.10332059115171432,0.9934167861938477,0,0,0,0,0,0,0,0,0,0,0,0,0,0
2.1648190021514893,0.0,-0.005368053913116455,-0.012714006006717682,-0.02499788999557495,-0.046038925647735596,-0.07711338251829147,-1.2567111253738403,0.8788341879844666,1.1986478567123413,0.03,1.2556884288787842,-0.07440703362226486,0.34368106722831726,0.04330660402774811,-0.023930633440613747,0.10332059115171432,0.9934167861938477,0,0,0,0,0,0,0,0,0,0,0,0,0,0
2.166139841079712,0.0,-0.005368053913116455,-0.012714006006717682,-0.02499788999557495,-0.046038925647735596,-0.07711338251829147,-1.2567111253738403,0.8788341879844666,1.1986478567123413,0.03,1.2556884288787842,-0.07440703362226486,0.34368106722831726,0.04330660402774811,-0.023930633440613747,0.10332059115171432,0.9934167861938477,0,0,0,0,0,0,0,0,0,0,0,0,0,0
2.167914867401123,0.0,-0.005368053913116455,-0.012714006006717682,-0.02499788999557495,-0.046038925647735596,-0.07711338251829147,-1.2567111253738403,0.8788341879844666,1.1986478567123413,0.03,1.2556884288787842,-0.07440703362226486,0.34368106722831726,0.04330660402774811,-0.023930633440613747,0.10332059115171432,0.9934167861938477,0,0,0,0,0,0,0,0,0,0,0,0,0,0
2.1690430641174316,0.0,-0.005368053913116455,-0.012714006006717682,-0.02499788999557495,-0.046038925647735596,-0.07711338251829147,-1.2567111253738403,0.8788341879844666,1.1986478567123413,0.03,1.2556884288787842,-0.07440703362226486,0.34368106722831726,0.04330660402774811,-0.023930633440613747,0.10332059115171432,0.9934167861938477,0,0,0,0,0,0,0,0,0,0,0,0,0,0
2.171553373336792,0.0,-0.005368053913116455,-0.012714006006717682,-0.02499788999557495,-0.046038925647735596,-0.07711338251829147,-1.2567111253738403,0.8788341879844666,1.1986478567123413,0.03,1.2556884288787842,-0.07440703362226486,0.34368106722831726,0.04330660402774811,-0.023930633440613747,0.10332059115171432,0.9934167861938477,0,0,0,0,0,0,0,0,0,0,0,0,0,0
2.173844814300537,0.0,-0.005334317684173584,-0.012636356055736542,-0.024979054927825928,-0.046060264110565186,-0.08087841421365738,-1.3032863140106201,0.8630698323249817,1.2644292116165161,0.03,1.2556884288787842,-0.07440703362226486,0.34368106722831726,0.04330660402774811,-0.023930633440613747,0.10332059115171432,0.9934167861938477,0,0,0,0,0,0,0,0,0,0,0,0,0,0
2.1751813888549805,0.0,-0.005334317684173584,-0.012636356055736542,-0.024979054927825928,-0.046060264110565186,-0.08087841421365738,-1.3032863140106201,0.8630698323249817,1.2644292116165161,0.03,1.2557129859924316,-0.07425060123205185,0.3437679708003998,0.04297129064798355,-0.023448850959539413,0.10880833864212036,0.9928567409515381,0,0,0,0,0,0,0,0,0,0,0,0,0,0
2.1763129234313965,0.0,-0.005334317684173584,-0.012636356055736542,-0.024979054927825928,-0.046060264110565186,-0.08087841421365738,-1.3032863140106201,0.8630698323249817,1.2644292116165161,0.03,1.2557129859924316,-0.07425060123205185,0.3437679708003998,0.04297129064798355,-0.023448850959539413,0.10880833864212036,0.9928567409515381,0,0,0,0,0,0,0,0,0,0,0,0,0,0
2.177656888961792,0.0,-0.005334317684173584,-0.012636356055736542,-0.024979054927825928,-0.046060264110565186,-0.08087841421365738,-1.3032863140106201,0.8630698323249817,1.2644292116165161,0.03,1.2557129859924316,-0.07425060123205185,0.3437679708003998,0.04297129064798355,-0.023448850959539413,0.10880833864212036,0.9928567409515381,0,0,0,0,0,0,0,0,0,0,0,0,0,0
2.1805803775787354,0.0,-0.005307018756866455,-0.011641234159469604,-0.024820148944854736,-0.046337902545928955,-0.07996544986963272,-1.3007786273956299,0.9559828042984009,1.3673030138015747,0.03,1.2557129859924316,-0.07425060123205185,0.3437679708003998,0.04297129064798355,-0.023448850959539413,0.10880833864212036,0.9928567409515381,0,0,0,0,0,0,0,0,0,0,0,0,0,0
2.1819727420806885,0.0,-0.005276083946228027,-0.011236526072025299,-0.02475494146347046,-0.04646646976470947,-0.0427822582423687,-1.2712303400039673,1.0138623714447021,1.3575363159179688,0.03,1.2557169198989868,-0.0743088647723198,0.34372463822364807,0.04300686717033386,-0.02348489500582218,0.10950591415166855,0.9927775859832764,0,0,0,0,0,0,0,0,0,0,0,0,0,0
2.1830737590789795,0.0,-0.005247592926025391,-0.010972902178764343,-0.02465498447418213,-0.04654330015182495,-0.022097336128354073,-1.3233782052993774,1.0344369411468506,1.4123597145080566,0.03,1.2557169198989868,-0.0743088647723198,0.34372463822364807,0.04300686717033386,-0.02348489500582218,0.10950591415166855,0.9927775859832764,0,0,0,0,0,0,0,0,0,0,0,0,0,0
2.184274435043335,0.0,-0.005255281925201416,-0.010936662554740906,-0.024638831615447998,-0.04660475254058838,-0.055541008710861206,-1.4085723161697388,0.9704674482345581,1.4039802551269531,0.03,1.2557169198989868,-0.0743088647723198,0.34372463822364807,0.04300686717033386,-0.02348489500582218,0.10950591415166855,0.9927775859832764,0,0,0,0,0,0,0,0,0,0,0,0,0,0
2.1861038208007812,0.0,-0.005255281925201416,-0.010936662554740906,-0.024638831615447998,-0.04660475254058838,-0.055541008710861206,-1.4085723161697388,0.9704674482345581,1.4039802551269531,0.03,1.2557169198989868,-0.0743088647723198,0.34372463822364807,0.04300686717033386,-0.02348489500582218,0.10950591415166855,0.9927775859832764,0,0,0,0,0,0,0,0,0,0,0,0,0,0
2.187394380569458,0.0,-0.005255281925201416,-0.010936662554740906,-0.024638831615447998,-0.04660475254058838,-0.055541008710861206,-1.4085723161697388,0.9704674482345581,1.4039802551269531,0.03,1.2557169198989868,-0.0743088647723198,0.34372463822364807,0.04300686717033386,-0.02348489500582218,0.10950591415166855,0.9927775859832764,0,0,0,0,0,0,0,0,0,0,0,0,0,0
2.1886093616485596,0.0,-0.005255281925201416,-0.010936662554740906,-0.024638831615447998,-0.04660475254058838,-0.055541008710861206,-1.4085723161697388,0.9704674482345581,1.4039802551269531,0.03,1.2557169198989868,-0.0743088647723198,0.34372463822364807,0.04300686717033386,-0.02348489500582218,0.10950591415166855,0.9927775859832764,0,0,0,0,0,0,0,0,0,0,0,0,0,0
2.1901960372924805,0.0,-0.005255281925201416,-0.010936662554740906,-0.024638831615447998,-0.04660475254058838,-0.055541008710861206,-1.4085723161697388,0.9704674482345581,1.4039802551269531,0.03,1.2557169198989868,-0.0743088647723198,0.34372463822364807,0.04300686717033386,-0.02348489500582218,0.10950591415166855,0.9927775859832764,0,0,0,0,0,0,0,0,0,0,0,0,0,0
2.1917154788970947,0.0,-0.005255281925201416,-0.010936662554740906,-0.024638831615447998,-0.04660475254058838,-0.055541008710861206,-1.4085723161697388,0.9704674482345581,1.4039802551269531,0.03,1.2557169198989868,-0.0743088647723198,0.34372463822364807,0.04300686717033386,-0.02348489500582218,0.10950591415166855,0.9927775859832764,0,0,0,0,0,0,0,0,0,0,0,0,0,0
2.1929495334625244,0.0,-0.005255281925201416,-0.010936662554740906,-0.024638831615447998,-0.04660475254058838,-0.055541008710861206,-1.4085723161697388,0.9704674482345581,1.4039802551269531,0.03,1.2557169198989868,-0.0743088647723198,0.34372463822364807,0.04300686717033386,-0.02348489500582218,0.10950591415166855,0.9927775859832764,0,0,0,0,0,0,0,0,0,0,0,0,0,0
2.194450855255127,0.0,-0.005255281925201416,-0.010936662554740906,-0.024638831615447998,-0.04660475254058838,-0.055541008710861206,-1.4085723161697388,0.9704674482345581,1.4039802551269531,0.03,1.2557169198989868,-0.0743088647723198,0.34372463822364807,0.04300686717033386,-0.02348489500582218,0.10950591415166855,0.9927775859832764,0,0,0,0,0,0,0,0,0,0,0,0,0,0
2.1971700191497803,0.0,-0.005255281925201416,-0.010936662554740906,-0.024638831615447998,-0.04660475254058838,-0.055541008710861206,-1.4085723161697388,0.9704674482345581,1.4039802551269531,0.03,1.2557169198989868,-0.0743088647723198,0.34372463822364807,0.04300686717033386,-0.02348489500582218,0.10950591415166855,0.9927775859832764,0,0,0,0,0,0,0,0,0,0,0,0,0,0
2.1983261108398438,0.0,-0.005255281925201416,-0.010936662554740906,-0.024638831615447998,-0.04660475254058838,-0.055541008710861206,-1.4085723161697388,0.9704674482345581,1.4039802551269531,0.03,1.2557169198989868,-0.0743088647723198,0.34372463822364807,0.04300686717033386,-0.02348489500582218,0.10950591415166855,0.9927775859832764,0,0,0,0,0,0,0,0,0,0,0,0,0,0
2.199932813644409,0.0,-0.005245029926300049,-0.010587289929389954,-0.02461099624633789,-0.04669320583343506,-0.07236866652965546,-1.3343172073364258,1.051206111907959,1.427658200263977,0.03,1.2557169198989868,-0.0743088647723198,0.34372463822364807,0.04300686717033386,-0.02348489500582218,0.10950591415166855,0.9927775859832764,0,0,0,0,0,0,0,0,0,0,0,0,0,0
2.2010693550109863,0.0,-0.005186319351196289,-0.009839743375778198,-0.024416685104370117,-0.047002196311950684,-0.049198463559150696,-1.311225414276123,1.0164786577224731,1.384087324142456,0.03,1.2556884288787842,-0.07443501800298691,0.343655526638031,0.0435364805161953,-0.023947367444634438,0.10637319833040237,0.9930840730667114,0,0,0,0,0,0,0,0,0,0,0,0,0,0
2.2024407386779785,0.0,-0.005186319351196289,-0.009839743375778198,-0.024416685104370117,-0.047002196311950684,-0.049198463559150696,-1.311225414276123,1.0164786577224731,1.384087324142456,0.03,1.2556884288787842,-0.07443501800298691,0.343655526638031,0.0435364805161953,-0.023947367444634438,0.10637319833040237,0.9930840730667114,0,0,0,0,0,0,0,0,0,0,0,0,0,0
2.20416259765625,0.0,-0.005186319351196289,-0.009839743375778198,-0.024416685104370117,-0.047002196311950684,-0.049198463559150696,-1.311225414276123,1.0164786577224731,1.384087324142456,0.03,1.2556884288787842,-0.07443501800298691,0.343655526638031,0.0435364805161953,-0.023947367444634438,0.10637319833040237,0.9930840730667114,0,0,0,0,0,0,0,0,0,0,0,0,0,0
2.206519365310669,0.0,-0.005186319351196289,-0.009839743375778198,-0.024416685104370117,-0.047002196311950684,-0.049198463559150696,-1.311225414276123,1.0164786577224731,1.384087324142456,0.03,1.2557222843170166,-0.0742843821644783,0.3436925709247589,0.043185923248529434,-0.023499371483922005,0.11126028746366501,0.9925744533538818,0,0,0,0,0,0,0,0,0,0,0,0,0,0
2.2077114582061768,0.0,-0.005186319351196289,-0.009839743375778198,-0.024416685104370117,-0.047002196311950684,-0.049198463559150696,-1.311225414276123,1.0164786577224731,1.384087324142456,0.03,1.2557222843170166,-0.0742843821644783,0.3436925709247589,0.043185923248529434,-0.023499371483922005,0.11126028746366501,0.9925744533538818,0,0,0,0,0,0,0,0,0,0,0,0,0,0
2.2088558673858643,0.0,-0.005186319351196289,-0.009839743375778198,-0.024416685104370117,-0.047002196311950684,-0.049198463559150696,-1.311225414276123,1.0164786577224731,1.384087324142456,0.03,1.2557222843170166,-0.0742843821644783,0.3436925709247589,0.043185923248529434,-0.023499371483922005,0.11126028746366501,0.9925744533538818,0,0,0,0,0,0,0,0,0,0,0,0,0,0
2.2100865840911865,0.0,-0.005186319351196289,-0.009839743375778198,-0.024416685104370117,-0.047002196311950684,-0.049198463559150696,-1.311225414276123,1.0164786577224731,1.384087324142456,0.03,1.2557222843170166,-0.0742843821644783,0.3436925709247589,0.043185923248529434,-0.023499371483922005,0.11126028746366501,0.9925744533538818,0,0,0,0,0,0,0,0,0,0,0,0,0,0
2.211270570755005,0.0,-0.005186319351196289,-0.009839743375778198,-0.024416685104370117,-0.047002196311950684,-0.049198463559150696,-1.311225414276123,1.0164786577224731,1.384087324142456,0.03,1.2557222843170166,-0.0742843821644783,0.3436925709247589,0.043185923248529434,-0.023499371483922005,0.11126028746366501,0.9925744533538818,0,0,0,0,0,0,0,0,0,0,0,0,0,0
2.212501049041748,0.0,-0.005186319351196289,-0.009839743375778198,-0.024416685104370117,-0.047002196311950684,-0.049198463559150696,-1.311225414276123,1.0164786577224731,1.384087324142456,0.03,1.2557222843170166,-0.0742843821644783,0.3436925709247589,0.043185923248529434,-0.023499371483922005,0.11126028746366501,0.9925744533538818,0,0,0,0,0,0,0,0,0,0,0,0,0,0
2.213606834411621,0.0,-0.005186319351196289,-0.009839743375778198,-0.024416685104370117,-0.047002196311950684,-0.049198463559150696,-1.311225414276123,1.0164786577224731,1.384087324142456,0.03,1.2557222843170166,-0.0742843821644783,0.3436925709247589,0.043185923248529434,-0.023499371483922005,0.11126028746366501,0.9925744533538818,0,0,0,0,0,0,0,0,0,0,0,0,0,0
2.214759349822998,0.0,-0.005186319351196289,-0.009839743375778198,-0.024416685104370117,-0.047002196311950684,-0.049198463559150696,-1.311225414276123,1.0164786577224731,1.384087324142456,0.03,1.2557222843170166,-0.0742843821644783,0.3436925709247589,0.043185923248529434,-0.023499371483922005,0.11126028746366501,0.9925744533538818,0,0,0,0,0,0,0,0,0,0,0,0,0,0
2.215986728668213,0.0,-0.005186319351196289,-0.009839743375778198,-0.024416685104370117,-0.047002196311950684,-0.049198463559150696,-1.311225414276123,1.0164786577224731,1.384087324142456,0.03,1.2557222843170166,-0.0742843821644783,0.3436925709247589,0.043185923248529434,-0.023499371483922005,0.11126028746366501,0.9925744533538818,0,0,0,0,0,0,0,0,0,0,0,0,0,0
2.2171108722686768,0.0,-0.005186319351196289,-0.009839743375778198,-0.024416685104370117,-0.047002196311950684,-0.049198463559150696,-1.311225414276123,1.0164786577224731,1.384087324142456,0.03,1.2557222843170166,-0.0742843821644783,0.3436925709247589,0.043185923248529434,-0.023499371483922005,0.11126028746366501,0.9925744533538818,0,0,0,0,0,0,0,0,0,0,0,0,0,0
2.218352794647217,0.0,-0.005186319351196289,-0.009839743375778198,-0.024416685104370117,-0.047002196311950684,-0.049198463559150696,-1.311225414276123,1.0164786577224731,1.384087324142456,0.03,1.2557222843170166,-0.0742843821644783,0.3436925709247589,0.043185923248529434,-0.023499371483922005,0.11126028746366501,0.9925744533538818,0,0,0,0,0,0,0,0,0,0,0,0,0,0
2.2194437980651855,0.0,-0.005186319351196289,-0.009839743375778198,-0.024416685104370117,-0.047002196311950684,-0.049198463559150696,-1.311225414276123,1.0164786577224731,1.384087324142456,0.03,1.2557222843170166,-0.0742843821644783,0.3436925709247589,0.043185923248529434,-0.023499371483922005,0.11126028746366501,0.9925744533538818,0,0,0,0,0,0,0,0,0,0,0,0,0,0
2.2211766242980957,0.0,-0.005186319351196289,-0.009839743375778198,-0.024416685104370117,-0.047002196311950684,-0.049198463559150696,-1.311225414276123,1.0164786577224731,1.384087324142456,0.03,1.2557222843170166,-0.0742843821644783,0.3436925709247589,0.043185923248529434,-0.023499371483922005,0.11126028746366501,0.9925744533538818,0,0,0,0,0,0,0,0,0,0,0,0,0,0
2.2234139442443848,0.0,-0.005060553550720215,-0.006493851542472839,-0.02372187376022339,-0.048128485679626465,-0.10926145315170288,-1.1805440187454224,1.177049160003662,1.5788899660110474,0.03,1.2557222843170166,-0.0742843821644783,0.3436925709247589,0.043185923248529434,-0.023499371483922005,0.11126028746366501,0.9925744533538818,0,0,0,0,0,0,0,0,0,0,0,0,0,0
2.224825620651245,0.0,-0.005060553550720215,-0.006493851542472839,-0.02372187376022339,-0.048128485679626465,-0.10926145315170288,-1.1805440187454224,1.177049160003662,1.5788899660110474,0.03,1.2557222843170166,-0.0742843821644783,0.3436925709247589,0.043185923248529434,-0.023499371483922005,0.11126028746366501,0.9925744533538818,0,0,0,0,0,0,0,0,0,0,0,0,0,0
2.2318668365478516,0.0,-0.005060553550720215,-0.006493851542472839,-0.02372187376022339,-0.048128485679626465,-0.10926145315170288,-1.1805440187454224,1.177049160003662,1.5788899660110474,0.03,1.2557365894317627,-0.0742863267660141,0.343720406293869,0.042787130922079086,-0.023404493927955627,0.10762684792280197,0.9929945468902588,0,0,0,0,0,0,0,0,0,0,0,0,0,0
2.2329390048980713,0.0,-0.005060553550720215,-0.006493851542472839,-0.02372187376022339,-0.048128485679626465,-0.10926145315170288,-1.1805440187454224,1.177049160003662,1.5788899660110474,0.03,1.2557365894317627,-0.0742863267660141,0.343720406293869,0.042787130922079086,-0.023404493927955627,0.10762684792280197,0.9929945468902588,0,0,0,0,0,0,0,0,0,0,0,0,0,0
2.2346742153167725,0.0,-0.005060553550720215,-0.006493851542472839,-0.02372187376022339,-0.048128485679626465,-0.10926145315170288,-1.1805440187454224,1.177049160003662,1.5788899660110474,0.03,1.2557302713394165,-0.0742962509393692,0.3437187671661377,0.04316195100545883,-0.023503610864281654,0.11174404621124268,0.9925210475921631,0,0,0,0,0,0,0,0,0,0,0,0,0,0
2.2380990982055664,0.0,-0.005060553550720215,-0.006493851542472839,-0.02372187376022339,-0.048128485679626465,-0.10926145315170288,-1.1805440187454224,1.177049160003662,1.5788899660110474,0.03,1.2557302713394165,-0.0742962509393692,0.3437187671661377,0.04316195100545883,-0.023503610864281654,0.11174404621124268,0.9925210475921631,0,0,0,0,0,0,0,0,0,0,0,0,0,0
2.2410335540771484,0.0,-0.005060553550720215,-0.006493851542472839,-0.02372187376022339,-0.048128485679626465,-0.10926145315170288,-1.1805440187454224,1.177049160003662,1.5788899660110474,0.03,1.2557302713394165,-0.0742962509393692,0.3437187671661377,0.04316195100545883,-0.023503610864281654,0.11174404621124268,0.9925210475921631,0,0,0,0,0,0,0,0,0,0,0,0,0,0
2.242417812347412,0.0,-0.005060553550720215,-0.006493851542472839,-0.02372187376022339,-0.048128485679626465,-0.10926145315170288,-1.1805440187454224,1.177049160003662,1.5788899660110474,0.03,1.2556943893432617,-0.07440149784088135,0.3436293303966522,0.04363153129816055,-0.023948905989527702,0.10934513062238693,0.9927570223808289,0,0,0,0,0,0,0,0,0,0,0,0,0,0
2.24402117729187,0.0,-0.005060553550720215,-0.006493851542472839,-0.02372187376022339,-0.048128485679626465,-0.10926145315170288,-1.1805440187454224,1.177049160003662,1.5788899660110474,0.03,1.2556943893432617,-0.07440149784088135,0.3436293303966522,0.04363153129816055,-0.023948905989527702,0.10934513062238693,0.9927570223808289,0,0,0,0,0,0,0,0,0,0,0,0,0,0
2.2470571994781494,0.0,-0.005060553550720215,-0.006493851542472839,-0.02372187376022339,-0.048128485679626465,-0.10926145315170288,-1.1805440187454224,1.177049160003662,1.5788899660110474,0.03,1.2556943893432617,-0.07440149784088135,0.3436293303966522,0.04363153129816055,-0.023948905989527702,0.10934513062238693,0.9927570223808289,0,0,0,0,0,0,0,0,0,0,0,0,0,0
2.248379945755005,0.0,-0.005060553550720215,-0.006493851542472839,-0.02372187376022339,-0.048128485679626465,-0.10926145315170288,-1.1805440187454224,1.177049160003662,1.5788899660110474,0.03,1.2556891441345215,-0.07441026717424393,0.34360471367836,0.04355693981051445,-0.023858388885855675,0.10694325715303421,0.9930241107940674,0,0,0,0,0,0,0,0,0,0,0,0,0,0
2.2495765686035156,0.0,-0.005060553550720215,-0.006493851542472839,-0.02372187376022339,-0.048128485679626465,-0.10926145315170288,-1.1805440187454224,1.177049160003662,1.5788899660110474,0.03,1.2556891441345215,-0.07441026717424393,0.34360471367836,0.04355693981051445,-0.023858388885855675,0.10694325715303421,0.9930241107940674,0,0,0,0,0,0,0,0,0,0,0,0,0,0
2.250643730163574,0.0,-0.005060553550720215,-0.006493851542472839,-0.02372187376022339,-0.048128485679626465,-0.10926145315170288,-1.1805440187454224,1.177049160003662,1.5788899660110474,0.03,1.2556891441345215,-0.07441026717424393,0.34360471367836,0.04355693981051445,-0.023858388885855675,0.10694325715303421,0.9930241107940674,0,0,0,0,0,0,0,0,0,0,0,0,0,0
2.2517457008361816,0.0,-0.005060553550720215,-0.006493851542472839,-0.02372187376022339,-0.048128485679626465,-0.10926145315170288,-1.1805440187454224,1.177049160003662,1.5788899660110474,0.03,1.2556891441345215,-0.07441026717424393,0.34360471367836,0.04355693981051445,-0.023858388885855675,0.10694325715303421,0.9930241107940674,0,0,0,0,0,0,0,0,0,0,0,0,0,0
2.2538528442382812,0.0,-0.005060553550720215,-0.006493851542472839,-0.02372187376022339,-0.048128485679626465,-0.10926145315170288,-1.1805440187454224,1.177049160003662,1.5788899660110474,0.03,1.2556891441345215,-0.07441026717424393,0.34360471367836,0.04355693981051445,-0.023858388885855675,0.10694325715303421,0.9930241107940674,0,0,0,0,0,0,0,0,0,0,0,0,0,0
2.255690574645996,0.0,-0.005060553550720215,-0.006493851542472839,-0.02372187376022339,-0.048128485679626465,-0.10926145315170288,-1.1805440187454224,1.177049160003662,1.5788899660110474,0.03,1.2556891441345215,-0.07441026717424393,0.34360471367836,0.04355693981051445,-0.023858388885855675,0.10694325715303421,0.9930241107940674,0,0,0,0,0,0,0,0,0,0,0,0,0,0
2.2592244148254395,0.0,-0.005060553550720215,-0.006493851542472839,-0.02372187376022339,-0.048128485679626465,-0.10926145315170288,-1.1805440187454224,1.177049160003662,1.5788899660110474,0.03,1.2557201385498047,-0.07430250197649002,0.34365516901016235,0.04289443418383598,-0.023434950038790703,0.10884671658277512,0.9928561449050903,0,0,0,0,0,0,0,0,0,0,0,0,0,0
2.2607903480529785,0.0,-0.005060553550720215,-0.006493851542472839,-0.02372187376022339,-0.048128485679626465,-0.10926145315170288,-1.1805440187454224,1.177049160003662,1.5788899660110474,0.03,1.2557201385498047,-0.07430250197649002,0.34365516901016235,0.04289443418383598,-0.023434950038790703,0.10884671658277512,0.9928561449050903,0,0,0,0,0,0,0,0,0,0,0,0,0,0
2.2619075775146484,0.0,-0.005060553550720215,-0.006493851542472839,-0.02372187376022339,-0.048128485679626465,-0.10926145315170288,-1.1805440187454224,1.177049160003662,1.5788899660110474,0.03,1.2557306289672852,-0.07428134232759476,0.3437180519104004,0.043115440756082535,-0.023428555577993393,0.11196237057447433,0.9925002455711365,0,0,0,0,0,0,0,0,0,0,0,0,0,0
2.2632479667663574,0.0,-0.005060553550720215,-0.006493851542472839,-0.02372187376022339,-0.048128485679626465,-0.10926145315170288,-1.1805440187454224,1.177049160003662,1.5788899660110474,0.03,1.2557306289672852,-0.07428134232759476,0.3437180519104004,0.043115440756082535,-0.023428555577993393,0.11196237057447433,0.9925002455711365,0,0,0,0,0,0,0,0,0,0,0,0,0,0
2.2651736736297607,0.0,-0.005060553550720215,-0.006493851542472839,-0.02372187376022339,-0.048128485679626465,-0.10926145315170288,-1.1805440187454224,1.177049160003662,1.5788899660110474,0.03,1.2557306289672852,-0.07428134232759476,0.3437180519104004,0.043115440756082535,-0.023428555577993393,0.11196237057447433,0.9925002455711365,0,0,0,0,0,0,0,0,0,0,0,0,0,0
2.2666218280792236,0.0,-0.005060553550720215,-0.006493851542472839,-0.02372187376022339,-0.048128485679626465,-0.10926145315170288,-1.1805440187454224,1.177049160003662,1.5788899660110474,0.03,1.2557306289672852,-0.07428134232759476,0.3437180519104004,0.043115440756082535,-0.023428555577993393,0.11196237057447433,0.9925002455711365,0,0,0,0,0,0,0,0,0,0,0,0,0,0
2.267946243286133,0.0,-0.005060553550720215,-0.006493851542472839,-0.02372187376022339,-0.048128485679626465,-0.10926145315170288,-1.1805440187454224,1.177049160003662,1.5788899660110474,0.03,1.2557306289672852,-0.07428134232759476,0.3437180519104004,0.043115440756082535,-0.023428555577993393,0.11196237057447433,0.9925002455711365,0,0,0,0,0,0,0,0,0,0,0,0,0,0
2.269335985183716,0.0,-0.005060553550720215,-0.006493851542472839,-0.02372187376022339,-0.048128485679626465,-0.10926145315170288,-1.1805440187454224,1.177049160003662,1.5788899660110474,0.03,1.2557306289672852,-0.07428134232759476,0.3437180519104004,0.043115440756082535,-0.023428555577993393,0.11196237057447433,0.9925002455711365,0,0,0,0,0,0,0,0,0,0,0,0,0,0
2.2705140113830566,0.0,-0.005060553550720215,-0.006493851542472839,-0.02372187376022339,-0.048128485679626465,-0.10926145315170288,-1.1805440187454224,1.177049160003662,1.5788899660110474,0.03,1.2557306289672852,-0.07428134232759476,0.3437180519104004,0.043115440756082535,-0.023428555577993393,0.11196237057447433,0.9925002455711365,0,0,0,0,0,0,0,0,0,0,0,0,0,0
2.2718539237976074,0.0,-0.005060553550720215,-0.006493851542472839,-0.02372187376022339,-0.048128485679626465,-0.10926145315170288,-1.1805440187454224,1.177049160003662,1.5788899660110474,0.03,1.2557306289672852,-0.07428134232759476,0.3437180519104004,0.043115440756082535,-0.023428555577993393,0.11196237057447433,0.9925002455711365,0,0,0,0,0,0,0,0,0,0,0,0,0,0
2.274031162261963,0.0,-0.005060553550720215,-0.006493851542472839,-0.02372187376022339,-0.048128485679626465,-0.10926145315170288,-1.1805440187454224,1.177049160003662,1.5788899660110474,0.03,1.2557306289672852,-0.07428134232759476,0.3437180519104004,0.043115440756082535,-0.023428555577993393,0.11196237057447433,0.9925002455711365,0,0,0,0,0,0,0,0,0,0,0,0,0,0
2.275653839111328,0.0,-0.005060553550720215,-0.006493851542472839,-0.02372187376022339,-0.048128485679626465,-0.10926145315170288,-1.1805440187454224,1.177049160003662,1.5788899660110474,0.03,1.2557276487350464,-0.0743010938167572,0.34373944997787476,0.04319310933351517,-0.023463550955057144,0.11277574300765991,0.9924039244651794,0,0,0,0,0,0,0,0,0,0,0,0,0,0
2.2767562866210938,0.0,-0.005060553550720215,-0.006493851542472839,-0.02372187376022339,-0.048128485679626465,-0.10926145315170288,-1.1805440187454224,1.177049160003662,1.5788899660110474,0.03,1.2557276487350464,-0.0743010938167572,0.34373944997787476,0.04319310933351517,-0.023463550955057144,0.11277574300765991,0.9924039244651794,0,0,0,0,0,0,0,0,0,0,0,0,0,0
2.2778501510620117,0.0,-0.005060553550720215,-0.006493851542472839,-0.02372187376022339,-0.048128485679626465,-0.10926145315170288,-1.1805440187454224,1.177049160003662,1.5788899660110474,0.03,1.2557276487350464,-0.0743010938167572,0.34373944997787476,0.04319310933351517,-0.023463550955057144,0.11277574300765991,0.9924039244651794,0,0,0,0,0,0,0,0,0,0,0,0,0,0
2.2809550762176514,0.0,-0.005060553550720215,-0.006493851542472839,-0.02372187376022339,-0.048128485679626465,-0.10926145315170288,-1.1805440187454224,1.177049160003662,1.5788899660110474,0.03,1.2557276487350464,-0.0743010938167572,0.34373944997787476,0.04319310933351517,-0.023463550955057144,0.11277574300765991,0.9924039244651794,0,0,0,0,0,0,0,0,0,0,0,0,0,0
2.2827794551849365,0.0,-0.005060553550720215,-0.006493851542472839,-0.02372187376022339,-0.048128485679626465,-0.10926145315170288,-1.1805440187454224,1.177049160003662,1.5788899660110474,0.03,1.2557276487350464,-0.0743010938167572,0.34373944997787476,0.04319310933351517,-0.023463550955057144,0.11277574300765991,0.9924039244651794,0,0,0,0,0,0,0,0,0,0,0,0,0,0
2.283931016921997,0.0,-0.005060553550720215,-0.006493851542472839,-0.02372187376022339,-0.048128485679626465,-0.10926145315170288,-1.1805440187454224,1.177049160003662,1.5788899660110474,0.03,1.2557276487350464,-0.0743010938167572,0.34373944997787476,0.04319310933351517,-0.023463550955057144,0.11277574300765991,0.9924039244651794,0,0,0,0,0,0,0,0,0,0,0,0,0,0
2.2855331897735596,0.0,-0.005060553550720215,-0.006493851542472839,-0.02372187376022339,-0.048128485679626465,-0.10926145315170288,-1.1805440187454224,1.177049160003662,1.5788899660110474,0.03,1.2557276487350464,-0.0743010938167572,0.34373944997787476,0.04319310933351517,-0.023463550955057144,0.11277574300765991,0.9924039244651794,0,0,0,0,0,0,0,0,0,0,0,0,0,0
2.2869529724121094,0.0,-0.005060553550720215,-0.006493851542472839,-0.02372187376022339,-0.048128485679626465,-0.10926145315170288,-1.1805440187454224,1.177049160003662,1.5788899660110474,0.03,1.2557276487350464,-0.0743010938167572,0.34373944997787476,0.04319310933351517,-0.023463550955057144,0.11277574300765991,0.9924039244651794,0,0,0,0,0,0,0,0,0,0,0,0,0,0
2.2882485389709473,0.0,-0.005060553550720215,-0.006493851542472839,-0.02372187376022339,-0.048128485679626465,-0.10926145315170288,-1.1805440187454224,1.177049160003662,1.5788899660110474,0.03,1.2557276487350464,-0.0743010938167572,0.34373944997787476,0.04319310933351517,-0.023463550955057144,0.11277574300765991,0.9924039244651794,0,0,0,0,0,0,0,0,0,0,0,0,0,0
2.289435386657715,0.0,-0.005060553550720215,-0.006493851542472839,-0.02372187376022339,-0.048128485679626465,-0.10926145315170288,-1.1805440187454224,1.177049160003662,1.5788899660110474,0.03,1.2557276487350464,-0.0743010938167572,0.34373944997787476,0.04319310933351517,-0.023463550955057144,0.11277574300765991,0.9924039244651794,0,0,0,0,0,0,0,0,0,0,0,0,0,0
2.2905800342559814,0.0,-0.005060553550720215,-0.006493851542472839,-0.02372187376022339,-0.048128485679626465,-0.10926145315170288,-1.1805440187454224,1.177049160003662,1.5788899660110474,0.03,1.2557276487350464,-0.0743010938167572,0.34373944997787476,0.04319310933351517,-0.023463550955057144,0.11277574300765991,0.9924039244651794,0,0,0,0,0,0,0,0,0,0,0,0,0,0
2.2922275066375732,0.0,-0.005060553550720215,-0.006493851542472839,-0.02372187376022339,-0.048128485679626465,-0.10926145315170288,-1.1805440187454224,1.177049160003662,1.5788899660110474,0.03,1.2557276487350464,-0.0743010938167572,0.34373944997787476,0.04319310933351517,-0.023463550955057144,0.11277574300765991,0.9924039244651794,0,0,0,0,0,0,0,0,0,0,0,0,0,0
2.29349684715271,0.0,-0.005060553550720215,-0.006493851542472839,-0.02372187376022339,-0.048128485679626465,-0.10926145315170288,-1.1805440187454224,1.177049160003662,1.5788899660110474,0.03,1.2557276487350464,-0.0743010938167572,0.34373944997787476,0.04319310933351517,-0.023463550955057144,0.11277574300765991,0.9924039244651794,0,0,0,0,0,0,0,0,0,0,0,0,0,0
2.294560194015503,0.0,-0.005060553550720215,-0.006493851542472839,-0.02372187376022339,-0.048128485679626465,-0.10926145315170288,-1.1805440187454224,1.177049160003662,1.5788899660110474,0.03,1.2557276487350464,-0.0743010938167572,0.34373944997787476,0.04319310933351517,-0.023463550955057144,0.11277574300765991,0.9924039244651794,0,0,0,0,0,0,0,0,0,0,0,0,0,0
2.296132802963257,0.0,-0.005060553550720215,-0.006493851542472839,-0.02372187376022339,-0.048128485679626465,-0.10926145315170288,-1.1805440187454224,1.177049160003662,1.5788899660110474,0.03,1.2556989192962646,-0.07441923022270203,0.3436294496059418,0.04323917627334595,-0.023828016594052315,0.10508992522954941,0.9932365417480469,0,0,0,0,0,0,0,0,0,0,0,0,0,0
2.297219753265381,0.0,-0.005060553550720215,-0.006493851542472839,-0.02372187376022339,-0.048128485679626465,-0.10926145315170288,-1.1805440187454224,1.177049160003662,1.5788899660110474,0.03,1.2557350397109985,-0.07431312650442123,0.3436334729194641,0.042915575206279755,-0.023421868681907654,0.10978303104639053,0.9927524924278259,0,0,0,0,0,0,0,0,0,0,0,0,0,0
2.2983925342559814,0.0,-0.005060553550720215,-0.006493851542472839,-0.02372187376022339,-0.048128485679626465,-0.10926145315170288,-1.1805440187454224,1.177049160003662,1.5788899660110474,0.03,1.2557350397109985,-0.07431312650442123,0.3436334729194641,0.042915575206279755,-0.023421868681907654,0.10978303104639053,0.9927524924278259,0,0,0,0,0,0,0,0,0,0,0,0,0,0
2.299539566040039,0.0,-0.005060553550720215,-0.006493851542472839,-0.02372187376022339,-0.048128485679626465,-0.10926145315170288,-1.1805440187454224,1.177049160003662,1.5788899660110474,0.03,1.2557350397109985,-0.07431312650442123,0.3436334729194641,0.042915575206279755,-0.023421868681907654,0.10978303104639053,0.9927524924278259,0,0,0,0,0,0,0,0,0,0,0,0,0,0
2.3006460666656494,0.0,-0.005060553550720215,-0.006493851542472839,-0.02372187376022339,-0.048128485679626465,-0.10926145315170288,-1.1805440187454224,1.177049160003662,1.5788899660110474,0.03,1.2557350397109985,-0.07431312650442123,0.3436334729194641,0.042915575206279755,-0.023421868681907654,0.10978303104639053,0.9927524924278259,0,0,0,0,0,0,0,0,0,0,0,0,0,0
2.3018300533294678,0.0,-0.005060553550720215,-0.006493851542472839,-0.02372187376022339,-0.048128485679626465,-0.10926145315170288,-1.1805440187454224,1.177049160003662,1.5788899660110474,0.03,1.2557350397109985,-0.07431312650442123,0.3436334729194641,0.042915575206279755,-0.023421868681907654,0.10978303104639053,0.9927524924278259,0,0,0,0,0,0,0,0,0,0,0,0,0,0
2.302914619445801,0.0,-0.005060553550720215,-0.006493851542472839,-0.02372187376022339,-0.048128485679626465,-0.10926145315170288,-1.1805440187454224,1.177049160003662,1.5788899660110474,0.03,1.2557350397109985,-0.07431312650442123,0.3436334729194641,0.042915575206279755,-0.023421868681907654,0.10978303104639053,0.9927524924278259,0,0,0,0,0,0,0,0,0,0,0,0,0,0
2.3042125701904297,0.0,-0.005060553550720215,-0.006493851542472839,-0.02372187376022339,-0.048128485679626465,-0.10926145315170288,-1.1805440187454224,1.177049160003662,1.5788899660110474,0.03,1.2557350397109985,-0.07431312650442123,0.3436334729194641,0.042915575206279755,-0.023421868681907654,0.10978303104639053,0.9927524924278259,0,0,0,0,0,0,0,0,0,0,0,0,0,0
2.3054585456848145,0.0,-0.005060553550720215,-0.006493851542472839,-0.02372187376022339,-0.048128485679626465,-0.10926145315170288,-1.1805440187454224,1.177049160003662,1.5788899660110474,0.03,1.2557350397109985,-0.07431312650442123,0.3436334729194641,0.042915575206279755,-0.023421868681907654,0.10978303104639053,0.9927524924278259,0,0,0,0,0,0,0,0,0,0,0,0,0,0
2.3083457946777344,0.0,-0.005060553550720215,-0.006493851542472839,-0.02372187376022339,-0.048128485679626465,-0.10926145315170288,-1.1805440187454224,1.177049160003662,1.5788899660110474,0.03,1.2557350397109985,-0.07431312650442123,0.3436334729194641,0.042915575206279755,-0.023421868681907654,0.10978303104639053,0.9927524924278259,0,0,0,0,0,0,0,0,0,0,0,0,0,0
2.309605836868286,0.0,-0.005060553550720215,-0.006493851542472839,-0.02372187376022339,-0.048128485679626465,-0.10926145315170288,-1.1805440187454224,1.177049160003662,1.5788899660110474,0.03,1.2557320594787598,-0.07426858693361282,0.3436783254146576,0.04290676862001419,-0.023371564224362373,0.11115910857915878,0.9926008582115173,0,0,0,0,0,0,0,0,0,0,0,0,0,0
2.310894727706909,0.0,-0.005060553550720215,-0.006493851542472839,-0.02372187376022339,-0.048128485679626465,-0.10926145315170288,-1.1805440187454224,1.177049160003662,1.5788899660110474,0.03,1.2557320594787598,-0.07426858693361282,0.3436783254146576,0.04290676862001419,-0.023371564224362373,0.11115910857915878,0.9926008582115173,0,0,0,0,0,0,0,0,0,0,0,0,0,0
2.3126015663146973,0.0,-0.005060553550720215,-0.006493851542472839,-0.02372187376022339,-0.048128485679626465,-0.10926145315170288,-1.1805440187454224,1.177049160003662,1.5788899660110474,0.03,1.2557320594787598,-0.07426858693361282,0.3436783254146576,0.04290676862001419,-0.023371564224362373,0.11115910857915878,0.9926008582115173,0,0,0,0,0,0,0,0,0,0,0,0,0,0
2.3146121501922607,0.0,-0.005060553550720215,-0.006493851542472839,-0.02372187376022339,-0.048128485679626465,-0.10926145315170288,-1.1805440187454224,1.177049160003662,1.5788899660110474,0.03,1.2557320594787598,-0.07426858693361282,0.3436783254146576,0.04290676862001419,-0.023371564224362373,0.11115910857915878,0.9926008582115173,0,0,0,0,0,0,0,0,0,0,0,0,0,0
2.3157362937927246,0.0,-0.005060553550720215,-0.006493851542472839,-0.02372187376022339,-0.048128485679626465,-0.10926145315170288,-1.1805440187454224,1.177049160003662,1.5788899660110474,0.03,1.2557320594787598,-0.07426858693361282,0.3436783254146576,0.04290676862001419,-0.023371564224362373,0.11115910857915878,0.9926008582115173,0,0,0,0,0,0,0,0,0,0,0,0,0,0
2.3169705867767334,0.0,-0.005060553550720215,-0.006493851542472839,-0.02372187376022339,-0.048128485679626465,-0.10926145315170288,-1.1805440187454224,1.177049160003662,1.5788899660110474,0.03,1.255729079246521,-0.07430662214756012,0.3436361849308014,0.04300322011113167,-0.023443371057510376,0.11106061935424805,0.9926060438156128,0,0,0,0,0,0,0,0,0,0,0,0,0,0
2.318939208984375,0.0,-0.005060553550720215,-0.006493851542472839,-0.02372187376022339,-0.048128485679626465,-0.10926145315170288,-1.1805440187454224,1.177049160003662,1.5788899660110474,0.03,1.255729079246521,-0.07430662214756012,0.3436361849308014,0.04300322011113167,-0.023443371057510376,0.11106061935424805,0.9926060438156128,0,0,0,0,0,0,0,0,0,0,0,0,0,0
2.320072889328003,0.0,-0.005060553550720215,-0.006493851542472839,-0.02372187376022339,-0.048128485679626465,-0.10926145315170288,-1.1805440187454224,1.177049160003662,1.5788899660110474,0.03,1.255729079246521,-0.07430662214756012,0.3436361849308014,0.04300322011113167,-0.023443371057510376,0.11106061935424805,0.9926060438156128,0,0,0,0,0,0,0,0,0,0,0,0,0,0
2.3212480545043945,0.0,-0.005060553550720215,-0.006493851542472839,-0.02372187376022339,-0.048128485679626465,-0.10926145315170288,-1.1805440187454224,1.177049160003662,1.5788899660110474,0.03,1.255729079246521,-0.07430662214756012,0.3436361849308014,0.04300322011113167,-0.023443371057510376,0.11106061935424805,0.9926060438156128,0,0,0,0,0,0,0,0,0,0,0,0,0,0
2.322354316711426,0.0,-0.005060553550720215,-0.006493851542472839,-0.02372187376022339,-0.048128485679626465,-0.10926145315170288,-1.1805440187454224,1.177049160003662,1.5788899660110474,0.03,1.255729079246521,-0.07430662214756012,0.3436361849308014,0.04300322011113167,-0.023443371057510376,0.11106061935424805,0.9926060438156128,0,0,0,0,0,0,0,0,0,0,0,0,0,0
2.3237643241882324,0.0,-0.005060553550720215,-0.006493851542472839,-0.02372187376022339,-0.048128485679626465,-0.10926145315170288,-1.1805440187454224,1.177049160003662,1.5788899660110474,0.03,1.255729079246521,-0.07430662214756012,0.3436361849308014,0.04300322011113167,-0.023443371057510376,0.11106061935424805,0.9926060438156128,0,0,0,0,0,0,0,0,0,0,0,0,0,0
2.3254222869873047,0.0,-0.005060553550720215,-0.006493851542472839,-0.02372187376022339,-0.048128485679626465,-0.10926145315170288,-1.1805440187454224,1.177049160003662,1.5788899660110474,0.03,1.255729079246521,-0.07430662214756012,0.3436361849308014,0.04300322011113167,-0.023443371057510376,0.11106061935424805,0.9926060438156128,0,0,0,0,0,0,0,0,0,0,0,0,0,0
2.327972412109375,0.0,-0.005060553550720215,-0.006493851542472839,-0.02372187376022339,-0.048128485679626465,-0.10926145315170288,-1.1805440187454224,1.177049160003662,1.5788899660110474,0.03,1.255729079246521,-0.07430662214756012,0.3436361849308014,0.04300322011113167,-0.023443371057510376,0.11106061935424805,0.9926060438156128,0,0,0,0,0,0,0,0,0,0,0,0,0,0
2.330256223678589,0.0,-0.004886627197265625,-0.002892807126045227,-0.022745370864868164,-0.04958200454711914,-0.12234703451395035,-1.4168697595596313,1.2665724754333496,1.6451365947723389,0.03,1.255729079246521,-0.07430662214756012,0.3436361849308014,0.04300322011113167,-0.023443371057510376,0.11106061935424805,0.9926060438156128,0,0,0,0,0,0,0,0,0,0,0,0,0,0
2.331897020339966,0.0,-0.004886627197265625,-0.002892807126045227,-0.022745370864868164,-0.04958200454711914,-0.12234703451395035,-1.4168697595596313,1.2665724754333496,1.6451365947723389,0.03,1.255729079246521,-0.07430662214756012,0.3436361849308014,0.04300322011113167,-0.023443371057510376,0.11106061935424805,0.9926060438156128,0,0,0,0,0,0,0,0,0,0,0,0,0,0
2.3331422805786133,0.0,-0.004886627197265625,-0.002892807126045227,-0.022745370864868164,-0.04958200454711914,-0.12234703451395035,-1.4168697595596313,1.2665724754333496,1.6451365947723389,0.03,1.255729079246521,-0.07430662214756012,0.3436361849308014,0.04300322011113167,-0.023443371057510376,0.11106061935424805,0.9926060438156128,0,0,0,0,0,0,0,0,0,0,0,0,0,0
2.3343260288238525,0.0,-0.004886627197265625,-0.002892807126045227,-0.022745370864868164,-0.04958200454711914,-0.12234703451395035,-1.4168697595596313,1.2665724754333496,1.6451365947723389,0.03,1.255729079246521,-0.07430662214756012,0.3436361849308014,0.04300322011113167,-0.023443371057510376,0.11106061935424805,0.9926060438156128,0,0,0,0,0,0,0,0,0,0,0,0,0,0
2.3354451656341553,0.0,-0.004886627197265625,-0.002892807126045227,-0.022745370864868164,-0.04958200454711914,-0.12234703451395035,-1.4168697595596313,1.2665724754333496,1.6451365947723389,0.03,1.255729079246521,-0.07430662214756012,0.3436361849308014,0.04300322011113167,-0.023443371057510376,0.11106061935424805,0.9926060438156128,0,0,0,0,0,0,0,0,0,0,0,0,0,0
2.3376362323760986,0.0,-0.004886627197265625,-0.002892807126045227,-0.022745370864868164,-0.04958200454711914,-0.12234703451395035,-1.4168697595596313,1.2665724754333496,1.6451365947723389,0.03,1.255729079246521,-0.07430662214756012,0.3436361849308014,0.04300322011113167,-0.023443371057510376,0.11106061935424805,0.9926060438156128,0,0,0,0,0,0,0,0,0,0,0,0,0,0
2.3388333320617676,0.0,-0.004755914211273193,0.0010997951030731201,-0.02164781093597412,-0.051106929779052734,-0.2179574817419052,-1.4141416549682617,1.2334321737289429,1.749771237373352,0.03,1.255729079246521,-0.07430662214756012,0.3436361849308014,0.04300322011113167,-0.023443371057510376,0.11106061935424805,0.9926060438156128,0,0,0,0,0,0,0,0,0,0,0,0,0,0
2.34017014503479,0.0,-0.004755914211273193,0.0010997951030731201,-0.02164781093597412,-0.051106929779052734,-0.2179574817419052,-1.4141416549682617,1.2334321737289429,1.749771237373352,0.03,1.255729079246521,-0.07430662214756012,0.3436361849308014,0.04300322011113167,-0.023443371057510376,0.11106061935424805,0.9926060438156128,0,0,0,0,0,0,0,0,0,0,0,0,0,0
2.34281849861145,0.0,-0.004755914211273193,0.0010997951030731201,-0.02164781093597412,-0.051106929779052734,-0.2179574817419052,-1.4141416549682617,1.2334321737289429,1.749771237373352,0.03,1.255729079246521,-0.07430662214756012,0.3436361849308014,0.04300322011113167,-0.023443371057510376,0.11106061935424805,0.9926060438156128,0,0,0,0,0,0,0,0,0,0,0,0,0,0
2.343885660171509,0.0,-0.004755914211273193,0.0010997951030731201,-0.02164781093597412,-0.051106929779052734,-0.2179574817419052,-1.4141416549682617,1.2334321737289429,1.749771237373352,0.03,1.255729079246521,-0.07430662214756012,0.3436361849308014,0.04300322011113167,-0.023443371057510376,0.11106061935424805,0.9926060438156128,0,0,0,0,0,0,0,0,0,0,0,0,0,0
2.3466663360595703,0.0,-0.004755914211273193,0.0010997951030731201,-0.02164781093597412,-0.051106929779052734,-0.2179574817419052,-1.4141416549682617,1.2334321737289429,1.749771237373352,0.03,1.255729079246521,-0.07430662214756012,0.3436361849308014,0.04300322011113167,-0.023443371057510376,0.11106061935424805,0.9926060438156128,0,0,0,0,0,0,0,0,0,0,0,0,0,0
2.3478922843933105,0.0,-0.004755914211273193,0.0010997951030731201,-0.02164781093597412,-0.051106929779052734,-0.2179574817419052,-1.4141416549682617,1.2334321737289429,1.749771237373352,0.03,1.255729079246521,-0.07430662214756012,0.3436361849308014,0.04300322011113167,-0.023443371057510376,0.11106061935424805,0.9926060438156128,0,0,0,0,0,0,0,0,0,0,0,0,0,0
2.350132942199707,0.0,-0.004779338836669922,0.0012448877096176147,-0.021644413471221924,-0.05115622282028198,-0.27145692706108093,-1.3529516458511353,1.2703832387924194,1.67624032497406,0.03,1.255729079246521,-0.07430662214756012,0.3436361849308014,0.04300322011113167,-0.023443371057510376,0.11106061935424805,0.9926060438156128,0,0,0,0,0,0,0,0,0,0,0,0,0,0
2.3538687229156494,0.0,-0.004757285118103027,0.001605883240699768,-0.021522581577301025,-0.05128967761993408,-0.25807398557662964,-1.4262412786483765,1.2709908485412598,1.7543638944625854,0.03,1.255702257156372,-0.07441682368516922,0.34365105628967285,0.04319729655981064,-0.023847678676247597,0.10548706352710724,0.9931957721710205,0,0,0,0,0,0,0,0,0,0,0,0,0,0
2.356471300125122,0.0,-0.0047005414962768555,0.0022244825959205627,-0.021340787410736084,-0.05153465270996094,-0.21795670688152313,-1.3934967517852783,1.236222267150879,1.7473125457763672,0.03,1.255702257156372,-0.07441682368516922,0.34365105628967285,0.04319729655981064,-0.023847678676247597,0.10548706352710724,0.9931957721710205,0,0,0,0,0,0,0,0,0,0,0,0,0,0
2.3576040267944336,0.0,-0.0047005414962768555,0.0022244825959205627,-0.021340787410736084,-0.05153465270996094,-0.21795670688152313,-1.3934967517852783,1.236222267150879,1.7473125457763672,0.03,1.255702257156372,-0.07441682368516922,0.34365105628967285,0.04319729655981064,-0.023847678676247597,0.10548706352710724,0.9931957721710205,0,0,0,0,0,0,0,0,0,0,0,0,0,0
2.3601608276367188,0.0,-0.0047005414962768555,0.0022244825959205627,-0.021340787410736084,-0.05153465270996094,-0.21795670688152313,-1.3934967517852783,1.236222267150879,1.7473125457763672,0.03,1.255702257156372,-0.07441682368516922,0.34365105628967285,0.04319729655981064,-0.023847678676247597,0.10548706352710724,0.9931957721710205,0,0,0,0,0,0,0,0,0,0,0,0,0,0
2.361274480819702,0.0,-0.0047005414962768555,0.0022244825959205627,-0.021340787410736084,-0.05153465270996094,-0.21795670688152313,-1.3934967517852783,1.236222267150879,1.7473125457763672,0.03,1.255702257156372,-0.07441682368516922,0.34365105628967285,0.04319729655981064,-0.023847678676247597,0.10548706352710724,0.9931957721710205,0,0,0,0,0,0,0,0,0,0,0,0,0,0
2.3632442951202393,0.0,-0.0047005414962768555,0.0022244825959205627,-0.021340787410736084,-0.05153465270996094,-0.21795670688152313,-1.3934967517852783,1.236222267150879,1.7473125457763672,0.03,1.255702257156372,-0.07441682368516922,0.34365105628967285,0.04319729655981064,-0.023847678676247597,0.10548706352710724,0.9931957721710205,0,0,0,0,0,0,0,0,0,0,0,0,0,0
2.3646011352539062,0.0,-0.0047005414962768555,0.0022244825959205627,-0.021340787410736084,-0.05153465270996094,-0.21795670688152313,-1.3934967517852783,1.236222267150879,1.7473125457763672,0.03,1.255702257156372,-0.07441682368516922,0.34365105628967285,0.04319729655981064,-0.023847678676247597,0.10548706352710724,0.9931957721710205,0,0,0,0,0,0,0,0,0,0,0,0,0,0
2.3665316104888916,0.0,-0.0047005414962768555,0.0022244825959205627,-0.021340787410736084,-0.05153465270996094,-0.21795670688152313,-1.3934967517852783,1.236222267150879,1.7473125457763672,0.03,1.255702257156372,-0.07441682368516922,0.34365105628967285,0.04319729655981064,-0.023847678676247597,0.10548706352710724,0.9931957721710205,0,0,0,0,0,0,0,0,0,0,0,0,0,0
2.3677215576171875,0.0,-0.0047005414962768555,0.0022244825959205627,-0.021340787410736084,-0.05153465270996094,-0.21795670688152313,-1.3934967517852783,1.236222267150879,1.7473125457763672,0.03,1.255702257156372,-0.07441682368516922,0.34365105628967285,0.04319729655981064,-0.023847678676247597,0.10548706352710724,0.9931957721710205,0,0,0,0,0,0,0,0,0,0,0,0,0,0
2.368790864944458,0.0,-0.0047005414962768555,0.0022244825959205627,-0.021340787410736084,-0.05153465270996094,-0.21795670688152313,-1.3934967517852783,1.236222267150879,1.7473125457763672,0.03,1.255702257156372,-0.07441682368516922,0.34365105628967285,0.04319729655981064,-0.023847678676247597,0.10548706352710724,0.9931957721710205,0,0,0,0,0,0,0,0,0,0,0,0,0,0
2.3702993392944336,0.0,-0.004694104194641113,0.003283664584159851,-0.0210343599319458,-0.05198264122009277,-0.29496535658836365,-1.419970154762268,1.2373390197753906,1.7560714483261108,0.03,1.2557438611984253,-0.07428623735904694,0.34370726346969604,0.042540937662124634,-0.023357965052127838,0.10720274597406387,0.993052065372467,0,0,0,0,0,0,0,0,0,0,0,0,0,0
2.371526002883911,0.0,-0.004694104194641113,0.003283664584159851,-0.0210343599319458,-0.05198264122009277,-0.29496535658836365,-1.419970154762268,1.2373390197753906,1.7560714483261108,0.03,1.2557438611984253,-0.07428623735904694,0.34370726346969604,0.042540937662124634,-0.023357965052127838,0.10720274597406387,0.993052065372467,0,0,0,0,0,0,0,0,0,0,0,0,0,0
2.372602701187134,0.0,-0.004694104194641113,0.003283664584159851,-0.0210343599319458,-0.05198264122009277,-0.29496535658836365,-1.419970154762268,1.2373390197753906,1.7560714483261108,0.03,1.2557438611984253,-0.07428623735904694,0.34370726346969604,0.042540937662124634,-0.023357965052127838,0.10720274597406387,0.993052065372467,0,0,0,0,0,0,0,0,0,0,0,0,0,0
2.3738083839416504,0.0,-0.004694104194641113,0.003283664584159851,-0.0210343599319458,-0.05198264122009277,-0.29496535658836365,-1.419970154762268,1.2373390197753906,1.7560714483261108,0.03,1.2557438611984253,-0.07428623735904694,0.34370726346969604,0.042540937662124634,-0.023357965052127838,0.10720274597406387,0.993052065372467,0,0,0,0,0,0,0,0,0,0,0,0,0,0
2.3750205039978027,0.0,-0.004694104194641113,0.003283664584159851,-0.0210343599319458,-0.05198264122009277,-0.29496535658836365,-1.419970154762268,1.2373390197753906,1.7560714483261108,0.03,1.2557438611984253,-0.07428623735904694,0.34370726346969604,0.042540937662124634,-0.023357965052127838,0.10720274597406387,0.993052065372467,0,0,0,0,0,0,0,0,0,0,0,0,0,0
2.3785722255706787,0.0,-0.004694104194641113,0.003283664584159851,-0.0210343599319458,-0.05198264122009277,-0.29496535658836365,-1.419970154762268,1.2373390197753906,1.7560714483261108,0.03,1.2557438611984253,-0.07428623735904694,0.34370726346969604,0.042540937662124634,-0.023357965052127838,0.10720274597406387,0.993052065372467,0,0,0,0,0,0,0,0,0,0,0,0,0,0
2.3798508644104004,0.0,-0.004694104194641113,0.003283664584159851,-0.0210343599319458,-0.05198264122009277,-0.29496535658836365,-1.419970154762268,1.2373390197753906,1.7560714483261108,0.03,1.2557438611984253,-0.07428623735904694,0.34370726346969604,0.042540937662124634,-0.023357965052127838,0.10720274597406387,0.993052065372467,0,0,0,0,0,0,0,0,0,0,0,0,0,0
2.3817780017852783,0.0,-0.004694104194641113,0.003283664584159851,-0.0210343599319458,-0.05198264122009277,-0.29496535658836365,-1.419970154762268,1.2373390197753906,1.7560714483261108,0.03,1.2557438611984253,-0.07428623735904694,0.34370726346969604,0.042540937662124634,-0.023357965052127838,0.10720274597406387,0.993052065372467,0,0,0,0,0,0,0,0,0,0,0,0,0,0
2.382908582687378,0.0,-0.004696965217590332,0.0034111440181732178,-0.021037578582763672,-0.05204951763153076,-0.3040089011192322,-1.4151475429534912,1.2967634201049805,1.7133584022521973,0.03,1.2557438611984253,-0.07428623735904694,0.34370726346969604,0.042540937662124634,-0.023357965052127838,0.10720274597406387,0.993052065372467,0,0,0,0,0,0,0,0,0,0,0,0,0,0
2.3843560218811035,0.0,-0.004696965217590332,0.0034111440181732178,-0.021037578582763672,-0.05204951763153076,-0.3040089011192322,-1.4151475429534912,1.2967634201049805,1.7133584022521973,0.03,1.2557438611984253,-0.07428623735904694,0.34370726346969604,0.042540937662124634,-0.023357965052127838,0.10720274597406387,0.993052065372467,0,0,0,0,0,0,0,0,0,0,0,0,0,0
2.3857927322387695,0.0,-0.004696965217590332,0.0034111440181732178,-0.021037578582763672,-0.05204951763153076,-0.3040089011192322,-1.4151475429534912,1.2967634201049805,1.7133584022521973,0.03,1.2557438611984253,-0.07428623735904694,0.34370726346969604,0.042540937662124634,-0.023357965052127838,0.10720274597406387,0.993052065372467,0,0,0,0,0,0,0,0,0,0,0,0,0,0
2.388347864151001,0.0,-0.004669129848480225,0.003878362476825714,-0.020888209342956543,-0.052221059799194336,-0.28602859377861023,-1.4150573015213013,1.2528963088989258,1.752934217453003,0.03,1.2557438611984253,-0.07428623735904694,0.34370726346969604,0.042540937662124634,-0.023357965052127838,0.10720274597406387,0.993052065372467,0,0,0,0,0,0,0,0,0,0,0,0,0,0
2.3921022415161133,0.0,-0.004650533199310303,0.004507049918174744,-0.020695865154266357,-0.05250823497772217,-0.3149988055229187,-1.5274828672409058,1.2485895156860352,1.7199807167053223,0.03,1.2557011842727661,-0.07442720234394073,0.3435531556606293,0.04343431815505028,-0.023864418268203735,0.10770101100206375,0.9929474592208862,0,0,0,0,0,0,0,0,0,0,0,0,0,0
2.393301248550415,0.0,-0.004657447338104248,0.004580169916152954,-0.0206754207611084,-0.052521467208862305,-0.3350814878940582,-1.5110732316970825,1.2411720752716064,1.7537914514541626,0.03,1.2557011842727661,-0.07442720234394073,0.3435531556606293,0.04343431815505028,-0.023864418268203735,0.10770101100206375,0.9929474592208862,0,0,0,0,0,0,0,0,0,0,0,0,0,0
2.3945870399475098,0.0,-0.004657447338104248,0.004580169916152954,-0.0206754207611084,-0.052521467208862305,-0.3350814878940582,-1.5110732316970825,1.2411720752716064,1.7537914514541626,0.03,1.2557011842727661,-0.07442720234394073,0.3435531556606293,0.04343431815505028,-0.023864418268203735,0.10770101100206375,0.9929474592208862,0,0,0,0,0,0,0,0,0,0,0,0,0,0
2.3959693908691406,0.0,-0.004657447338104248,0.004580169916152954,-0.0206754207611084,-0.052521467208862305,-0.3350814878940582,-1.5110732316970825,1.2411720752716064,1.7537914514541626,0.03,1.2557011842727661,-0.07442720234394073,0.3435531556606293,0.04343431815505028,-0.023864418268203735,0.10770101100206375,0.9929474592208862,0,0,0,0,0,0,0,0,0,0,0,0,0,0
2.3970603942871094,0.0,-0.004657447338104248,0.004580169916152954,-0.0206754207611084,-0.052521467208862305,-0.3350814878940582,-1.5110732316970825,1.2411720752716064,1.7537914514541626,0.03,1.2557011842727661,-0.07442720234394073,0.3435531556606293,0.04343431815505028,-0.023864418268203735,0.10770101100206375,0.9929474592208862,0,0,0,0,0,0,0,0,0,0,0,0,0,0
2.3983094692230225,0.0,-0.004657447338104248,0.004580169916152954,-0.0206754207611084,-0.052521467208862305,-0.3350814878940582,-1.5110732316970825,1.2411720752716064,1.7537914514541626,0.03,1.2557011842727661,-0.07442720234394073,0.3435531556606293,0.04343431815505028,-0.023864418268203735,0.10770101100206375,0.9929474592208862,0,0,0,0,0,0,0,0,0,0,0,0,0,0
2.3994500637054443,0.0,-0.004657447338104248,0.004580169916152954,-0.0206754207611084,-0.052521467208862305,-0.3350814878940582,-1.5110732316970825,1.2411720752716064,1.7537914514541626,0.03,1.2557011842727661,-0.07442720234394073,0.3435531556606293,0.04343431815505028,-0.023864418268203735,0.10770101100206375,0.9929474592208862,0,0,0,0,0,0,0,0,0,0,0,0,0,0
2.400970697402954,0.0,-0.004657447338104248,0.004580169916152954,-0.0206754207611084,-0.052521467208862305,-0.3350814878940582,-1.5110732316970825,1.2411720752716064,1.7537914514541626,0.03,1.2557011842727661,-0.07442720234394073,0.3435531556606293,0.04343431815505028,-0.023864418268203735,0.10770101100206375,0.9929474592208862,0,0,0,0,0,0,0,0,0,0,0,0,0,0
2.4024391174316406,0.0,-0.004657447338104248,0.004580169916152954,-0.0206754207611084,-0.052521467208862305,-0.3350814878940582,-1.5110732316970825,1.2411720752716064,1.7537914514541626,0.03,1.2557011842727661,-0.07442720234394073,0.3435531556606293,0.04343431815505028,-0.023864418268203735,0.10770101100206375,0.9929474592208862,0,0,0,0,0,0,0,0,0,0,0,0,0,0
2.40425181388855,0.0,-0.004657447338104248,0.004580169916152954,-0.0206754207611084,-0.052521467208862305,-0.3350814878940582,-1.5110732316970825,1.2411720752716064,1.7537914514541626,0.03,1.2557011842727661,-0.07442720234394073,0.3435531556606293,0.04343431815505028,-0.023864418268203735,0.10770101100206375,0.9929474592208862,0,0,0,0,0,0,0,0,0,0,0,0,0,0
2.4053657054901123,0.0,-0.004657447338104248,0.004580169916152954,-0.0206754207611084,-0.052521467208862305,-0.3350814878940582,-1.5110732316970825,1.2411720752716064,1.7537914514541626,0.03,1.2557011842727661,-0.07442720234394073,0.3435531556606293,0.04343431815505028,-0.023864418268203735,0.10770101100206375,0.9929474592208862,0,0,0,0,0,0,0,0,0,0,0,0,0,0
2.406602382659912,0.0,-0.004657447338104248,0.004580169916152954,-0.0206754207611084,-0.052521467208862305,-0.3350814878940582,-1.5110732316970825,1.2411720752716064,1.7537914514541626,0.03,1.2557011842727661,-0.07442720234394073,0.3435531556606293,0.04343431815505028,-0.023864418268203735,0.10770101100206375,0.9929474592208862,0,0,0,0,0,0,0,0,0,0,0,0,0,0
2.4078660011291504,0.0,-0.004657447338104248,0.004580169916152954,-0.0206754207611084,-0.052521467208862305,-0.3350814878940582,-1.5110732316970825,1.2411720752716064,1.7537914514541626,0.03,1.2557011842727661,-0.07442720234394073,0.3435531556606293,0.04343431815505028,-0.023864418268203735,0.10770101100206375,0.9929474592208862,0,0,0,0,0,0,0,0,0,0,0,0,0,0
2.4094927310943604,0.0,-0.004657447338104248,0.004580169916152954,-0.0206754207611084,-0.052521467208862305,-0.3350814878940582,-1.5110732316970825,1.2411720752716064,1.7537914514541626,0.03,1.2557011842727661,-0.07442720234394073,0.3435531556606293,0.04343431815505028,-0.023864418268203735,0.10770101100206375,0.9929474592208862,0,0,0,0,0,0,0,0,0,0,0,0,0,0
2.4115662574768066,0.0,-0.004657447338104248,0.004580169916152954,-0.0206754207611084,-0.052521467208862305,-0.3350814878940582,-1.5110732316970825,1.2411720752716064,1.7537914514541626,0.03,1.2557011842727661,-0.07442720234394073,0.3435531556606293,0.04343431815505028,-0.023864418268203735,0.10770101100206375,0.9929474592208862,0,0,0,0,0,0,0,0,0,0,0,0,0,0
2.412975311279297,0.0,-0.004657447338104248,0.004580169916152954,-0.0206754207611084,-0.052521467208862305,-0.3350814878940582,-1.5110732316970825,1.2411720752716064,1.7537914514541626,0.03,1.2557011842727661,-0.07442720234394073,0.3435531556606293,0.04343431815505028,-0.023864418268203735,0.10770101100206375,0.9929474592208862,0,0,0,0,0,0,0,0,0,0,0,0,0,0
2.414604902267456,0.0,-0.004657447338104248,0.004580169916152954,-0.0206754207611084,-0.052521467208862305,-0.3350814878940582,-1.5110732316970825,1.2411720752716064,1.7537914514541626,0.03,1.2557011842727661,-0.07442720234394073,0.3435531556606293,0.04343431815505028,-0.023864418268203735,0.10770101100206375,0.9929474592208862,0,0,0,0,0,0,0,0,0,0,0,0,0,0
2.416091203689575,0.0,-0.004657447338104248,0.004580169916152954,-0.0206754207611084,-0.052521467208862305,-0.3350814878940582,-1.5110732316970825,1.2411720752716064,1.7537914514541626,0.03,1.2557011842727661,-0.07442720234394073,0.3435531556606293,0.04343431815505028,-0.023864418268203735,0.10770101100206375,0.9929474592208862,0,0,0,0,0,0,0,0,0,0,0,0,0,0
2.4171812534332275,0.0,-0.004657447338104248,0.004580169916152954,-0.0206754207611084,-0.052521467208862305,-0.3350814878940582,-1.5110732316970825,1.2411720752716064,1.7537914514541626,0.03,1.2557011842727661,-0.07442720234394073,0.3435531556606293,0.04343431815505028,-0.023864418268203735,0.10770101100206375,0.9929474592208862,0,0,0,0,0,0,0,0,0,0,0,0,0,0
2.4198803901672363,0.0,-0.004657447338104248,0.004580169916152954,-0.0206754207611084,-0.052521467208862305,-0.3350814878940582,-1.5110732316970825,1.2411720752716064,1.7537914514541626,0.03,1.2557011842727661,-0.07442720234394073,0.3435531556606293,0.04343431815505028,-0.023864418268203735,0.10770101100206375,0.9929474592208862,0,0,0,0,0,0,0,0,0,0,0,0,0,0
2.421513319015503,0.0,-0.004657447338104248,0.004580169916152954,-0.0206754207611084,-0.052521467208862305,-0.3350814878940582,-1.5110732316970825,1.2411720752716064,1.7537914514541626,0.03,1.2557011842727661,-0.07442720234394073,0.3435531556606293,0.04343431815505028,-0.023864418268203735,0.10770101100206375,0.9929474592208862,0,0,0,0,0,0,0,0,0,0,0,0,0,0
2.4233789443969727,0.0,-0.004657447338104248,0.004580169916152954,-0.0206754207611084,-0.052521467208862305,-0.3350814878940582,-1.5110732316970825,1.2411720752716064,1.7537914514541626,0.03,1.2557011842727661,-0.07442720234394073,0.3435531556606293,0.04343431815505028,-0.023864418268203735,0.10770101100206375,0.9929474592208862,0,0,0,0,0,0,0,0,0,0,0,0,0,0
2.4265687465667725,0.0,-0.004657447338104248,0.004580169916152954,-0.0206754207611084,-0.052521467208862305,-0.3350814878940582,-1.5110732316970825,1.2411720752716064,1.7537914514541626,0.03,1.2557011842727661,-0.07442720234394073,0.3435531556606293,0.04343431815505028,-0.023864418268203735,0.10770101100206375,0.9929474592208862,0,0,0,0,0,0,0,0,0,0,0,0,0,0
2.428053379058838,0.0,-0.004657447338104248,0.004580169916152954,-0.0206754207611084,-0.052521467208862305,-0.3350814878940582,-1.5110732316970825,1.2411720752716064,1.7537914514541626,0.03,1.2557011842727661,-0.07442720234394073,0.3435531556606293,0.04343431815505028,-0.023864418268203735,0.10770101100206375,0.9929474592208862,0,0,0,0,0,0,0,0,0,0,0,0,0,0
2.4295289516448975,0.0,-0.004657447338104248,0.004580169916152954,-0.0206754207611084,-0.052521467208862305,-0.3350814878940582,-1.5110732316970825,1.2411720752716064,1.7537914514541626,0.03,1.2557011842727661,-0.07442720234394073,0.3435531556606293,0.04343431815505028,-0.023864418268203735,0.10770101100206375,0.9929474592208862,0,0,0,0,0,0,0,0,0,0,0,0,0,0
2.4311790466308594,0.0,-0.004657447338104248,0.004580169916152954,-0.0206754207611084,-0.052521467208862305,-0.3350814878940582,-1.5110732316970825,1.2411720752716064,1.7537914514541626,0.03,1.2557011842727661,-0.07442720234394073,0.3435531556606293,0.04343431815505028,-0.023864418268203735,0.10770101100206375,0.9929474592208862,0,0,0,0,0,0,0,0,0,0,0,0,0,0
2.436671018600464,0.0,-0.00463557243347168,0.005636103451251984,-0.020362913608551025,-0.053058624267578125,-0.3787190616130829,-1.564502239227295,1.2462410926818848,1.6748980283737183,0.03,1.255730390548706,-0.07425648719072342,0.34367984533309937,0.0424925722181797,-0.023351825773715973,0.10827506333589554,0.9929378628730774,0,0,0,0,0,0,0,0,0,0,0,0,0,0
2.437983751296997,0.0,-0.00463557243347168,0.005636103451251984,-0.020362913608551025,-0.053058624267578125,-0.3787190616130829,-1.564502239227295,1.2462410926818848,1.6748980283737183,0.03,1.255730390548706,-0.07425648719072342,0.34367984533309937,0.0424925722181797,-0.023351825773715973,0.10827506333589554,0.9929378628730774,0,0,0,0,0,0,0,0,0,0,0,0,0,0
2.439094066619873,0.0,-0.00463557243347168,0.005636103451251984,-0.020362913608551025,-0.053058624267578125,-0.3787190616130829,-1.564502239227295,1.2462410926818848,1.6748980283737183,0.03,1.255730390548706,-0.07425648719072342,0.34367984533309937,0.0424925722181797,-0.023351825773715973,0.10827506333589554,0.9929378628730774,0,0,0,0,0,0,0,0,0,0,0,0,0,0
2.4412474632263184,0.0,-0.00463557243347168,0.005636103451251984,-0.020362913608551025,-0.053058624267578125,-0.3787190616130829,-1.564502239227295,1.2462410926818848,1.6748980283737183,0.03,1.255730390548706,-0.07425648719072342,0.34367984533309937,0.0424925722181797,-0.023351825773715973,0.10827506333589554,0.9929378628730774,0,0,0,0,0,0,0,0,0,0,0,0,0,0
2.442542791366577,0.0,-0.00463557243347168,0.005636103451251984,-0.020362913608551025,-0.053058624267578125,-0.3787190616130829,-1.564502239227295,1.2462410926818848,1.6748980283737183,0.03,1.255730390548706,-0.07425648719072342,0.34367984533309937,0.0424925722181797,-0.023351825773715973,0.10827506333589554,0.9929378628730774,0,0,0,0,0,0,0,0,0,0,0,0,0,0
2.4437336921691895,0.0,-0.00463557243347168,0.005636103451251984,-0.020362913608551025,-0.053058624267578125,-0.3787190616130829,-1.564502239227295,1.2462410926818848,1.6748980283737183,0.03,1.255730390548706,-0.07425648719072342,0.34367984533309937,0.0424925722181797,-0.023351825773715973,0.10827506333589554,0.9929378628730774,0,0,0,0,0,0,0,0,0,0,0,0,0,0
2.444934844970703,0.0,-0.00463557243347168,0.005636103451251984,-0.020362913608551025,-0.053058624267578125,-0.3787190616130829,-1.564502239227295,1.2462410926818848,1.6748980283737183,0.03,1.255730390548706,-0.07425648719072342,0.34367984533309937,0.0424925722181797,-0.023351825773715973,0.10827506333589554,0.9929378628730774,0,0,0,0,0,0,0,0,0,0,0,0,0,0
2.4460391998291016,0.0,-0.00463557243347168,0.005636103451251984,-0.020362913608551025,-0.053058624267578125,-0.3787190616130829,-1.564502239227295,1.2462410926818848,1.6748980283737183,0.03,1.2557340860366821,-0.07426829636096954,0.34368443489074707,0.04273635521531105,-0.023359820246696472,0.11050175130367279,0.9926819205284119,0,0,0,0,0,0,0,0,0,0,0,0,0,0
2.447125196456909,0.0,-0.00463557243347168,0.005636103451251984,-0.020362913608551025,-0.053058624267578125,-0.3787190616130829,-1.564502239227295,1.2462410926818848,1.6748980283737183,0.03,1.2557340860366821,-0.07426829636096954,0.34368443489074707,0.04273635521531105,-0.023359820246696472,0.11050175130367279,0.9926819205284119,0,0,0,0,0,0,0,0,0,0,0,0,0,0
2.4483273029327393,0.0,-0.00463557243347168,0.005636103451251984,-0.020362913608551025,-0.053058624267578125,-0.3787190616130829,-1.564502239227295,1.2462410926818848,1.6748980283737183,0.03,1.2557340860366821,-0.07426829636096954,0.34368443489074707,0.04273635521531105,-0.023359820246696472,0.11050175130367279,0.9926819205284119,0,0,0,0,0,0,0,0,0,0,0,0,0,0
2.4494171142578125,0.0,-0.00463557243347168,0.005636103451251984,-0.020362913608551025,-0.053058624267578125,-0.3787190616130829,-1.564502239227295,1.2462410926818848,1.6748980283737183,0.03,1.2557340860366821,-0.07426829636096954,0.34368443489074707,0.04273635521531105,-0.023359820246696472,0.11050175130367279,0.9926819205284119,0,0,0,0,0,0,0,0,0,0,0,0,0,0
2.455812931060791,0.0,-0.004594027996063232,0.005896821618080139,-0.02027994394302368,-0.053196728229522705,-0.3250275254249573,-1.53334379196167,1.220951795578003,1.638343334197998,0.03,1.2557340860366821,-0.07426829636096954,0.34368443489074707,0.04273635521531105,-0.023359820246696472,0.11050175130367279,0.9926819205284119,0,0,0,0,0,0,0,0,0,0,0,0,0,0
2.458192825317383,0.0,-0.004530847072601318,0.008018478751182556,-0.0196802020072937,-0.05427849292755127,-0.4205281734466553,-1.6556439399719238,1.2298669815063477,1.4780100584030151,0.03,1.2557066679000854,-0.07441863417625427,0.34357327222824097,0.042931266129016876,-0.02378186397254467,0.10368328541517258,0.9933987855911255,0,0,0,0,0,0,0,0,0,0,0,0,0,0
2.4594156742095947,0.0,-0.00451284646987915,0.008289709687232971,-0.01957756280899048,-0.05441766977310181,-0.40811747312545776,-1.7124519348144531,1.2503435611724854,1.4593825340270996,0.03,1.2556942701339722,-0.0743810161948204,0.34361207485198975,0.04317335784435272,-0.02384691685438156,0.10637938231229782,0.9931017160415649,0,0,0,0,0,0,0,0,0,0,0,0,0,0
2.4605162143707275,0.0,-0.00451427698135376,0.008781492710113525,-0.01945728063583374,-0.05462372303009033,-0.4413822293281555,-1.6456753015518188,1.1869357824325562,1.424523115158081,0.03,1.2556942701339722,-0.0743810161948204,0.34361207485198975,0.04317335784435272,-0.02384691685438156,0.10637938231229782,0.9931017160415649,0,0,0,0,0,0,0,0,0,0,0,0,0,0
2.4619452953338623,0.0,-0.00451427698135376,0.008781492710113525,-0.01945728063583374,-0.05462372303009033,-0.4413822293281555,-1.6456753015518188,1.1869357824325562,1.424523115158081,0.03,1.2556942701339722,-0.0743810161948204,0.34361207485198975,0.04317335784435272,-0.02384691685438156,0.10637938231229782,0.9931017160415649,0,0,0,0,0,0,0,0,0,0,0,0,0,0
2.4635143280029297,0.0,-0.00451427698135376,0.008781492710113525,-0.01945728063583374,-0.05462372303009033,-0.4413822293281555,-1.6456753015518188,1.1869357824325562,1.424523115158081,0.03,1.2556942701339722,-0.0743810161948204,0.34361207485198975,0.04317335784435272,-0.02384691685438156,0.10637938231229782,0.9931017160415649,0,0,0,0,0,0,0,0,0,0,0,0,0,0
2.4652957916259766,0.0,-0.00451427698135376,0.008781492710113525,-0.01945728063583374,-0.05462372303009033,-0.4413822293281555,-1.6456753015518188,1.1869357824325562,1.424523115158081,0.03,1.2556942701339722,-0.0743810161948204,0.34361207485198975,0.04317335784435272,-0.02384691685438156,0.10637938231229782,0.9931017160415649,0,0,0,0,0,0,0,0,0,0,0,0,0,0
2.466505527496338,0.0,-0.00451427698135376,0.008781492710113525,-0.01945728063583374,-0.05462372303009033,-0.4413822293281555,-1.6456753015518188,1.1869357824325562,1.424523115158081,0.03,1.2556904554367065,-0.07442287355661392,0.34355610609054565,0.04271383211016655,-0.023708615452051163,0.10121887922286987,0.9936640858650208,0,0,0,0,0,0,0,0,0,0,0,0,0,0
2.4678382873535156,0.0,-0.00451427698135376,0.008781492710113525,-0.01945728063583374,-0.05462372303009033,-0.4413822293281555,-1.6456753015518188,1.1869357824325562,1.424523115158081,0.03,1.2556904554367065,-0.07442287355661392,0.34355610609054565,0.04271383211016655,-0.023708615452051163,0.10121887922286987,0.9936640858650208,0,0,0,0,0,0,0,0,0,0,0,0,0,0
2.468900680541992,0.0,-0.00451427698135376,0.008781492710113525,-0.01945728063583374,-0.05462372303009033,-0.4413822293281555,-1.6456753015518188,1.1869357824325562,1.424523115158081,0.03,1.2556904554367065,-0.07442287355661392,0.34355610609054565,0.04271383211016655,-0.023708615452051163,0.10121887922286987,0.9936640858650208,0,0,0,0,0,0,0,0,0,0,0,0,0,0
2.470121145248413,0.0,-0.00451427698135376,0.008781492710113525,-0.01945728063583374,-0.05462372303009033,-0.4413822293281555,-1.6456753015518188,1.1869357824325562,1.424523115158081,0.03,1.2556904554367065,-0.07442287355661392,0.34355610609054565,0.04271383211016655,-0.023708615452051163,0.10121887922286987,0.9936640858650208,0,0,0,0,0,0,0,0,0,0,0,0,0,0
2.4712419509887695,0.0,-0.00451427698135376,0.008781492710113525,-0.01945728063583374,-0.05462372303009033,-0.4413822293281555,-1.6456753015518188,1.1869357824325562,1.424523115158081,0.03,1.2556904554367065,-0.07442287355661392,0.34355610609054565,0.04271383211016655,-0.023708615452051163,0.10121887922286987,0.9936640858650208,0,0,0,0,0,0,0,0,0,0,0,0,0,0
2.472339391708374,0.0,-0.00451427698135376,0.008781492710113525,-0.01945728063583374,-0.05462372303009033,-0.4413822293281555,-1.6456753015518188,1.1869357824325562,1.424523115158081,0.03,1.2556904554367065,-0.07442287355661392,0.34355610609054565,0.04271383211016655,-0.023708615452051163,0.10121887922286987,0.9936640858650208,0,0,0,0,0,0,0,0,0,0,0,0,0,0
2.473520040512085,0.0,-0.00451427698135376,0.008781492710113525,-0.01945728063583374,-0.05462372303009033,-0.4413822293281555,-1.6456753015518188,1.1869357824325562,1.424523115158081,0.03,1.2556904554367065,-0.07442287355661392,0.34355610609054565,0.04271383211016655,-0.023708615452051163,0.10121887922286987,0.9936640858650208,0,0,0,0,0,0,0,0,0,0,0,0,0,0
2.4747655391693115,0.0,-0.00451427698135376,0.008781492710113525,-0.01945728063583374,-0.05462372303009033,-0.4413822293281555,-1.6456753015518188,1.1869357824325562,1.424523115158081,0.03,1.2556904554367065,-0.07442287355661392,0.34355610609054565,0.04271383211016655,-0.023708615452051163,0.10121887922286987,0.9936640858650208,0,0,0,0,0,0,0,0,0,0,0,0,0,0
2.4765470027923584,0.0,-0.00451427698135376,0.008781492710113525,-0.01945728063583374,-0.05462372303009033,-0.4413822293281555,-1.6456753015518188,1.1869357824325562,1.424523115158081,0.03,1.2556904554367065,-0.07442287355661392,0.34355610609054565,0.04271383211016655,-0.023708615452051163,0.10121887922286987,0.9936640858650208,0,0,0,0,0,0,0,0,0,0,0,0,0,0
2.478431463241577,0.0,-0.00451427698135376,0.008781492710113525,-0.01945728063583374,-0.05462372303009033,-0.4413822293281555,-1.6456753015518188,1.1869357824325562,1.424523115158081,0.03,1.2556904554367065,-0.07442287355661392,0.34355610609054565,0.04271383211016655,-0.023708615452051163,0.10121887922286987,0.9936640858650208,0,0,0,0,0,0,0,0,0,0,0,0,0,0
2.4819488525390625,0.0,-0.00451427698135376,0.008781492710113525,-0.01945728063583374,-0.05462372303009033,-0.4413822293281555,-1.6456753015518188,1.1869357824325562,1.424523115158081,0.03,1.2556904554367065,-0.07442287355661392,0.34355610609054565,0.04271383211016655,-0.023708615452051163,0.10121887922286987,0.9936640858650208,0,0,0,0,0,0,0,0,0,0,0,0,0,0
2.4835007190704346,0.0,-0.00451427698135376,0.008781492710113525,-0.01945728063583374,-0.05462372303009033,-0.4413822293281555,-1.6456753015518188,1.1869357824325562,1.424523115158081,0.03,1.2556904554367065,-0.07442287355661392,0.34355610609054565,0.04271383211016655,-0.023708615452051163,0.10121887922286987,0.9936640858650208,0,0,0,0,0,0,0,0,0,0,0,0,0,0
2.486759901046753,0.0,-0.00451427698135376,0.008781492710113525,-0.01945728063583374,-0.05462372303009033,-0.4413822293281555,-1.6456753015518188,1.1869357824325562,1.424523115158081,0.03,1.255737543106079,-0.0743013247847557,0.3436048924922943,0.042110927402973175,-0.023323820903897285,0.10415540635585785,0.9933953285217285,0,0,0,0,0,0,0,0,0,0,0,0,0,0
2.4881503582000732,0.0,-0.00451427698135376,0.008781492710113525,-0.01945728063583374,-0.05462372303009033,-0.4413822293281555,-1.6456753015518188,1.1869357824325562,1.424523115158081,0.03,1.255737543106079,-0.0743013247847557,0.3436048924922943,0.042110927402973175,-0.023323820903897285,0.10415540635585785,0.9933953285217285,0,0,0,0,0,0,0,0,0,0,0,0,0,0
2.489220380783081,0.0,-0.00451427698135376,0.008781492710113525,-0.01945728063583374,-0.05462372303009033,-0.4413822293281555,-1.6456753015518188,1.1869357824325562,1.424523115158081,0.03,1.255737543106079,-0.0743013247847557,0.3436048924922943,0.042110927402973175,-0.023323820903897285,0.10415540635585785,0.9933953285217285,0,0,0,0,0,0,0,0,0,0,0,0,0,0
2.4902875423431396,0.0,-0.00451427698135376,0.008781492710113525,-0.01945728063583374,-0.05462372303009033,-0.4413822293281555,-1.6456753015518188,1.1869357824325562,1.424523115158081,0.03,1.255737543106079,-0.0743013247847557,0.3436048924922943,0.042110927402973175,-0.023323820903897285,0.10415540635585785,0.9933953285217285,0,0,0,0,0,0,0,0,0,0,0,0,0,0
2.4920783042907715,0.0,-0.00451427698135376,0.008781492710113525,-0.01945728063583374,-0.05462372303009033,-0.4413822293281555,-1.6456753015518188,1.1869357824325562,1.424523115158081,0.03,1.255737543106079,-0.0743013247847557,0.3436048924922943,0.042110927402973175,-0.023323820903897285,0.10415540635585785,0.9933953285217285,0,0,0,0,0,0,0,0,0,0,0,0,0,0
2.493288993835449,0.0,-0.00451427698135376,0.008781492710113525,-0.01945728063583374,-0.05462372303009033,-0.4413822293281555,-1.6456753015518188,1.1869357824325562,1.424523115158081,0.03,1.255737543106079,-0.0743013247847557,0.3436048924922943,0.042110927402973175,-0.023323820903897285,0.10415540635585785,0.9933953285217285,0,0,0,0,0,0,0,0,0,0,0,0,0,0
2.49611234664917,0.0,-0.00451427698135376,0.008781492710113525,-0.01945728063583374,-0.05462372303009033,-0.4413822293281555,-1.6456753015518188,1.1869357824325562,1.424523115158081,0.03,1.255737543106079,-0.0743013247847557,0.3436048924922943,0.042110927402973175,-0.023323820903897285,0.10415540635585785,0.9933953285217285,0,0,0,0,0,0,0,0,0,0,0,0,0,0
2.4976882934570312,0.0,-0.00451427698135376,0.008781492710113525,-0.01945728063583374,-0.05462372303009033,-0.4413822293281555,-1.6456753015518188,1.1869357824325562,1.424523115158081,0.03,1.255737543106079,-0.0743013247847557,0.3436048924922943,0.042110927402973175,-0.023323820903897285,0.10415540635585785,0.9933953285217285,0,0,0,0,0,0,0,0,0,0,0,0,0,0
2.4993507862091064,0.0,-0.00451427698135376,0.008781492710113525,-0.01945728063583374,-0.05462372303009033,-0.4413822293281555,-1.6456753015518188,1.1869357824325562,1.424523115158081,0.03,1.255737543106079,-0.0743013247847557,0.3436048924922943,0.042110927402973175,-0.023323820903897285,0.10415540635585785,0.9933953285217285,0,0,0,0,0,0,0,0,0,0,0,0,0,0
2.500607490539551,0.0,-0.00451427698135376,0.008781492710113525,-0.01945728063583374,-0.05462372303009033,-0.4413822293281555,-1.6456753015518188,1.1869357824325562,1.424523115158081,0.03,1.255737543106079,-0.0743013247847557,0.3436048924922943,0.042110927402973175,-0.023323820903897285,0.10415540635585785,0.9933953285217285,0,0,0,0,0,0,0,0,0,0,0,0,0,0
2.504605770111084,0.0,-0.00451427698135376,0.008781492710113525,-0.01945728063583374,-0.05462372303009033,-0.4413822293281555,-1.6456753015518188,1.1869357824325562,1.424523115158081,0.03,1.255729079246521,-0.07431057840585709,0.3436220586299896,0.04248441010713577,-0.023356417194008827,0.10822416096925735,0.9929436445236206,0,0,0,0,0,0,0,0,0,0,0,0,0,0
2.5060923099517822,0.0,-0.00451427698135376,0.008781492710113525,-0.01945728063583374,-0.05462372303009033,-0.4413822293281555,-1.6456753015518188,1.1869357824325562,1.424523115158081,0.03,1.255692720413208,-0.07442675530910492,0.34353622794151306,0.04287851229310036,-0.02377791702747345,0.10397910326719284,0.9933702945709229,0,0,0,0,0,0,0,0,0,0,0,0,0,0
2.5075747966766357,0.0,-0.00451427698135376,0.008781492710113525,-0.01945728063583374,-0.05462372303009033,-0.4413822293281555,-1.6456753015518188,1.1869357824325562,1.424523115158081,0.03,1.255692720413208,-0.07442675530910492,0.34353622794151306,0.04287851229310036,-0.02377791702747345,0.10397910326719284,0.9933702945709229,0,0,0,0,0,0,0,0,0,0,0,0,0,0
2.5086426734924316,0.0,-0.00451427698135376,0.008781492710113525,-0.01945728063583374,-0.05462372303009033,-0.4413822293281555,-1.6456753015518188,1.1869357824325562,1.424523115158081,0.03,1.255692720413208,-0.07442675530910492,0.34353622794151306,0.04287851229310036,-0.02377791702747345,0.10397910326719284,0.9933702945709229,0,0,0,0,0,0,0,0,0,0,0,0,0,0
2.5098464488983154,0.0,-0.00451427698135376,0.008781492710113525,-0.01945728063583374,-0.05462372303009033,-0.4413822293281555,-1.6456753015518188,1.1869357824325562,1.424523115158081,0.03,1.255692720413208,-0.07442675530910492,0.34353622794151306,0.04287851229310036,-0.02377791702747345,0.10397910326719284,0.9933702945709229,0,0,0,0,0,0,0,0,0,0,0,0,0,0
2.511108160018921,0.0,-0.00451427698135376,0.008781492710113525,-0.01945728063583374,-0.05462372303009033,-0.4413822293281555,-1.6456753015518188,1.1869357824325562,1.424523115158081,0.03,1.255692720413208,-0.07442675530910492,0.34353622794151306,0.04287851229310036,-0.02377791702747345,0.10397910326719284,0.9933702945709229,0,0,0,0,0,0,0,0,0,0,0,0,0,0
2.5123720169067383,0.0,-0.00451427698135376,0.008781492710113525,-0.01945728063583374,-0.05462372303009033,-0.4413822293281555,-1.6456753015518188,1.1869357824325562,1.424523115158081,0.03,1.255692720413208,-0.07442675530910492,0.34353622794151306,0.04287851229310036,-0.02377791702747345,0.10397910326719284,0.9933702945709229,0,0,0,0,0,0,0,0,0,0,0,0,0,0
2.5135247707366943,0.0,-0.00451427698135376,0.008781492710113525,-0.01945728063583374,-0.05462372303009033,-0.4413822293281555,-1.6456753015518188,1.1869357824325562,1.424523115158081,0.03,1.255692720413208,-0.07442675530910492,0.34353622794151306,0.04287851229310036,-0.02377791702747345,0.10397910326719284,0.9933702945709229,0,0,0,0,0,0,0,0,0,0,0,0,0,0
2.5146965980529785,0.0,-0.00451427698135376,0.008781492710113525,-0.01945728063583374,-0.05462372303009033,-0.4413822293281555,-1.6456753015518188,1.1869357824325562,1.424523115158081,0.03,1.255692720413208,-0.07442675530910492,0.34353622794151306,0.04287851229310036,-0.02377791702747345,0.10397910326719284,0.9933702945709229,0,0,0,0,0,0,0,0,0,0,0,0,0,0
2.5159058570861816,0.0,-0.00451427698135376,0.008781492710113525,-0.01945728063583374,-0.05462372303009033,-0.4413822293281555,-1.6456753015518188,1.1869357824325562,1.424523115158081,0.03,1.255692720413208,-0.07442675530910492,0.34353622794151306,0.04287851229310036,-0.02377791702747345,0.10397910326719284,0.9933702945709229,0,0,0,0,0,0,0,0,0,0,0,0,0,0
2.5170788764953613,0.0,-0.00451427698135376,0.008781492710113525,-0.01945728063583374,-0.05462372303009033,-0.4413822293281555,-1.6456753015518188,1.1869357824325562,1.424523115158081,0.03,1.255692720413208,-0.07442675530910492,0.34353622794151306,0.04287851229310036,-0.02377791702747345,0.10397910326719284,0.9933702945709229,0,0,0,0,0,0,0,0,0,0,0,0,0,0
2.518193483352661,0.0,-0.00451427698135376,0.008781492710113525,-0.01945728063583374,-0.05462372303009033,-0.4413822293281555,-1.6456753015518188,1.1869357824325562,1.424523115158081,0.03,1.255692720413208,-0.07442675530910492,0.34353622794151306,0.04287851229310036,-0.02377791702747345,0.10397910326719284,0.9933702945709229,0,0,0,0,0,0,0,0,0,0,0,0,0,0
2.5196807384490967,0.0,-0.00451427698135376,0.008781492710113525,-0.01945728063583374,-0.05462372303009033,-0.4413822293281555,-1.6456753015518188,1.1869357824325562,1.424523115158081,0.03,1.255692720413208,-0.07442675530910492,0.34353622794151306,0.04287851229310036,-0.02377791702747345,0.10397910326719284,0.9933702945709229,0,0,0,0,0,0,0,0,0,0,0,0,0,0
2.520777702331543,0.0,-0.00451427698135376,0.008781492710113525,-0.01945728063583374,-0.05462372303009033,-0.4413822293281555,-1.6456753015518188,1.1869357824325562,1.424523115158081,0.03,1.2557271718978882,-0.07427650690078735,0.3436245620250702,0.04251822456717491,-0.02339022420346737,0.10930926352739334,0.9928226470947266,0,0,0,0,0,0,0,0,0,0,0,0,0,0
2.5220279693603516,0.0,-0.00451427698135376,0.008781492710113525,-0.01945728063583374,-0.05462372303009033,-0.4413822293281555,-1.6456753015518188,1.1869357824325562,1.424523115158081,0.03,1.2557271718978882,-0.07427650690078735,0.3436245620250702,0.04251822456717491,-0.02339022420346737,0.10930926352739334,0.9928226470947266,0,0,0,0,0,0,0,0,0,0,0,0,0,0
2.5232434272766113,0.0,-0.00451427698135376,0.008781492710113525,-0.01945728063583374,-0.05462372303009033,-0.4413822293281555,-1.6456753015518188,1.1869357824325562,1.424523115158081,0.03,1.2557271718978882,-0.07427650690078735,0.3436245620250702,0.04251822456717491,-0.02339022420346737,0.10930926352739334,0.9928226470947266,0,0,0,0,0,0,0,0,0,0,0,0,0,0
2.5243053436279297,0.0,-0.00451427698135376,0.008781492710113525,-0.01945728063583374,-0.05462372303009033,-0.4413822293281555,-1.6456753015518188,1.1869357824325562,1.424523115158081,0.03,1.2557271718978882,-0.07427650690078735,0.3436245620250702,0.04251822456717491,-0.02339022420346737,0.10930926352739334,0.9928226470947266,0,0,0,0,0,0,0,0,0,0,0,0,0,0
2.5260226726531982,0.0,-0.00451427698135376,0.008781492710113525,-0.01945728063583374,-0.05462372303009033,-0.4413822293281555,-1.6456753015518188,1.1869357824325562,1.424523115158081,0.03,1.2557271718978882,-0.07427650690078735,0.3436245620250702,0.04251822456717491,-0.02339022420346737,0.10930926352739334,0.9928226470947266,0,0,0,0,0,0,0,0,0,0,0,0,0,0
2.5314483642578125,0.0,-0.00451427698135376,0.008781492710113525,-0.01945728063583374,-0.05462372303009033,-0.4413822293281555,-1.6456753015518188,1.1869357824325562,1.424523115158081,0.03,1.2557162046432495,-0.07427406311035156,0.34359824657440186,0.04253751039505005,-0.02341643162071705,0.11029358208179474,0.9927122592926025,0,0,0,0,0,0,0,0,0,0,0,0,0,0
2.5328376293182373,0.0,-0.00451427698135376,0.008781492710113525,-0.01945728063583374,-0.05462372303009033,-0.4413822293281555,-1.6456753015518188,1.1869357824325562,1.424523115158081,0.03,1.2557162046432495,-0.07427406311035156,0.34359824657440186,0.04253751039505005,-0.02341643162071705,0.11029358208179474,0.9927122592926025,0,0,0,0,0,0,0,0,0,0,0,0,0,0
2.534499168395996,0.0,-0.00451427698135376,0.008781492710113525,-0.01945728063583374,-0.05462372303009033,-0.4413822293281555,-1.6456753015518188,1.1869357824325562,1.424523115158081,0.03,1.2557162046432495,-0.07427406311035156,0.34359824657440186,0.04253751039505005,-0.02341643162071705,0.11029358208179474,0.9927122592926025,0,0,0,0,0,0,0,0,0,0,0,0,0,0
2.536086320877075,0.0,-0.004411041736602783,0.011741429567337036,-0.018716633319854736,-0.055898427963256836,-0.5092779397964478,-1.8160713911056519,1.3092185258865356,1.4035862684249878,0.03,1.2557162046432495,-0.07427406311035156,0.34359824657440186,0.04253751039505005,-0.02341643162071705,0.11029358208179474,0.9927122592926025,0,0,0,0,0,0,0,0,0,0,0,0,0,0
2.5373713970184326,0.0,-0.004411041736602783,0.011741429567337036,-0.018716633319854736,-0.055898427963256836,-0.5092779397964478,-1.8160713911056519,1.3092185258865356,1.4035862684249878,0.03,1.2557162046432495,-0.07427406311035156,0.34359824657440186,0.04253751039505005,-0.02341643162071705,0.11029358208179474,0.9927122592926025,0,0,0,0,0,0,0,0,0,0,0,0,0,0
2.53857421875,0.0,-0.004411041736602783,0.011741429567337036,-0.018716633319854736,-0.055898427963256836,-0.5092779397964478,-1.8160713911056519,1.3092185258865356,1.4035862684249878,0.03,1.2557162046432495,-0.07427406311035156,0.34359824657440186,0.04253751039505005,-0.02341643162071705,0.11029358208179474,0.9927122592926025,0,0,0,0,0,0,0,0,0,0,0,0,0,0
2.5397582054138184,0.0,-0.004411041736602783,0.011741429567337036,-0.018716633319854736,-0.055898427963256836,-0.5092779397964478,-1.8160713911056519,1.3092185258865356,1.4035862684249878,0.03,1.2557162046432495,-0.07427406311035156,0.34359824657440186,0.04253751039505005,-0.02341643162071705,0.11029358208179474,0.9927122592926025,0,0,0,0,0,0,0,0,0,0,0,0,0,0
2.541154623031616,0.0,-0.004391491413116455,0.012257039546966553,-0.01858001947402954,-0.0560833215713501,-0.5412065982818604,-1.811610460281372,1.298721194267273,1.4282755851745605,0.03,1.2557162046432495,-0.07427406311035156,0.34359824657440186,0.04253751039505005,-0.02341643162071705,0.11029358208179474,0.9927122592926025,0,0,0,0,0,0,0,0,0,0,0,0,0,0
2.5451221466064453,0.0,-0.004337608814239502,0.01315586268901825,-0.018341362476348877,-0.05642491579055786,-0.5172314047813416,-1.8713557720184326,1.3078091144561768,1.4388885498046875,0.03,1.255690097808838,-0.07441352307796478,0.3435344099998474,0.043131180107593536,-0.023860137909650803,0.1072961688041687,0.993004560470581,0,0,0,0,0,0,0,0,0,0,0,0,0,0
2.5463132858276367,0.0,-0.004337608814239502,0.01315586268901825,-0.018341362476348877,-0.05642491579055786,-0.5172314047813416,-1.8713557720184326,1.3078091144561768,1.4388885498046875,0.03,1.255690097808838,-0.07441352307796478,0.3435344099998474,0.043131180107593536,-0.023860137909650803,0.1072961688041687,0.993004560470581,0,0,0,0,0,0,0,0,0,0,0,0,0,0
2.5475635528564453,0.0,-0.004337608814239502,0.01315586268901825,-0.018341362476348877,-0.05642491579055786,-0.5172314047813416,-1.8713557720184326,1.3078091144561768,1.4388885498046875,0.03,1.255690097808838,-0.07441352307796478,0.3435344099998474,0.043131180107593536,-0.023860137909650803,0.1072961688041687,0.993004560470581,0,0,0,0,0,0,0,0,0,0,0,0,0,0
2.5486292839050293,0.0,-0.004337608814239502,0.01315586268901825,-0.018341362476348877,-0.05642491579055786,-0.5172314047813416,-1.8713557720184326,1.3078091144561768,1.4388885498046875,0.03,1.255690097808838,-0.07441352307796478,0.3435344099998474,0.043131180107593536,-0.023860137909650803,0.1072961688041687,0.993004560470581,0,0,0,0,0,0,0,0,0,0,0,0,0,0
2.5500905513763428,0.0,-0.004337608814239502,0.01315586268901825,-0.018341362476348877,-0.05642491579055786,-0.5172314047813416,-1.8713557720184326,1.3078091144561768,1.4388885498046875,0.03,1.255690097808838,-0.07441352307796478,0.3435344099998474,0.043131180107593536,-0.023860137909650803,0.1072961688041687,0.993004560470581,0,0,0,0,0,0,0,0,0,0,0,0,0,0
2.5517711639404297,0.0,-0.004337608814239502,0.01315586268901825,-0.018341362476348877,-0.05642491579055786,-0.5172314047813416,-1.8713557720184326,1.3078091144561768,1.4388885498046875,0.03,1.255690097808838,-0.07441352307796478,0.3435344099998474,0.043131180107593536,-0.023860137909650803,0.1072961688041687,0.993004560470581,0,0,0,0,0,0,0,0,0,0,0,0,0,0
2.5535082817077637,0.0,-0.004337608814239502,0.01315586268901825,-0.018341362476348877,-0.05642491579055786,-0.5172314047813416,-1.8713557720184326,1.3078091144561768,1.4388885498046875,0.03,1.255690097808838,-0.07441352307796478,0.3435344099998474,0.043131180107593536,-0.023860137909650803,0.1072961688041687,0.993004560470581,0,0,0,0,0,0,0,0,0,0,0,0,0,0
2.556633710861206,0.0,-0.004334926605224609,0.013246729969978333,-0.01833564043045044,-0.05647498369216919,-0.5265820026397705,-1.8381354808807373,1.3365833759307861,1.4017927646636963,0.03,1.255690097808838,-0.07441352307796478,0.3435344099998474,0.043131180107593536,-0.023860137909650803,0.1072961688041687,0.993004560470581,0,0,0,0,0,0,0,0,0,0,0,0,0,0
2.5577218532562256,0.0,-0.004334926605224609,0.013246729969978333,-0.01833564043045044,-0.05647498369216919,-0.5265820026397705,-1.8381354808807373,1.3365833759307861,1.4017927646636963,0.03,1.2556976079940796,-0.07443704456090927,0.3435128331184387,0.042919814586639404,-0.023836880922317505,0.1058233380317688,0.993172287940979,0,0,0,0,0,0,0,0,0,0,0,0,0,0
2.559067726135254,0.0,-0.004269242286682129,0.015963569283485413,-0.017703890800476074,-0.057456135749816895,-0.6464885473251343,-1.733697533607483,1.362984538078308,1.4521186351776123,0.03,1.2556976079940796,-0.07443704456090927,0.3435128331184387,0.042919814586639404,-0.023836880922317505,0.1058233380317688,0.993172287940979,0,0,0,0,0,0,0,0,0,0,0,0,0,0
2.5606448650360107,0.0,-0.0042351484298706055,0.01639959216117859,-0.017597556114196777,-0.05763530731201172,-0.6155306696891785,-1.7303386926651,1.3873342275619507,1.415224313735962,0.03,1.2556976079940796,-0.07443704456090927,0.3435128331184387,0.042919814586639404,-0.023836880922317505,0.1058233380317688,0.993172287940979,0,0,0,0,0,0,0,0,0,0,0,0,0,0
2.561779022216797,0.0,-0.0042351484298706055,0.01639959216117859,-0.017597556114196777,-0.05763530731201172,-0.6155306696891785,-1.7303386926651,1.3873342275619507,1.415224313735962,0.03,1.2556976079940796,-0.07443704456090927,0.3435128331184387,0.042919814586639404,-0.023836880922317505,0.1058233380317688,0.993172287940979,0,0,0,0,0,0,0,0,0,0,0,0,0,0
2.563835859298706,0.0,-0.0042351484298706055,0.01639959216117859,-0.017597556114196777,-0.05763530731201172,-0.6155306696891785,-1.7303386926651,1.3873342275619507,1.415224313735962,0.03,1.2556976079940796,-0.07443704456090927,0.3435128331184387,0.042919814586639404,-0.023836880922317505,0.1058233380317688,0.993172287940979,0,0,0,0,0,0,0,0,0,0,0,0,0,0
2.564946174621582,0.0,-0.0042351484298706055,0.01639959216117859,-0.017597556114196777,-0.05763530731201172,-0.6155306696891785,-1.7303386926651,1.3873342275619507,1.415224313735962,0.03,1.2556976079940796,-0.07443704456090927,0.3435128331184387,0.042919814586639404,-0.023836880922317505,0.1058233380317688,0.993172287940979,0,0,0,0,0,0,0,0,0,0,0,0,0,0
2.5662546157836914,0.0,-0.004209280014038086,0.016635075211524963,-0.01749897003173828,-0.057749390602111816,-0.6017739176750183,-1.7933529615402222,1.349830985069275,1.4106059074401855,0.03,1.2557018995285034,-0.07439607381820679,0.34357166290283203,0.04268352687358856,-0.023768480867147446,0.1034659743309021,0.9934324026107788,0,0,0,0,0,0,0,0,0,0,0,0,0,0
2.568307638168335,0.0,-0.004212617874145508,0.017060205340385437,-0.017417073249816895,-0.05788016319274902,-0.651864767074585,-1.7329870462417603,1.382201910018921,1.470813274383545,0.03,1.2557018995285034,-0.07439607381820679,0.34357166290283203,0.04268352687358856,-0.023768480867147446,0.1034659743309021,0.9934324026107788,0,0,0,0,0,0,0,0,0,0,0,0,0,0
2.5706770420074463,0.0,-0.004212617874145508,0.017060205340385437,-0.017417073249816895,-0.05788016319274902,-0.651864767074585,-1.7329870462417603,1.382201910018921,1.470813274383545,0.03,1.2557018995285034,-0.07439607381820679,0.34357166290283203,0.04268352687358856,-0.023768480867147446,0.1034659743309021,0.9934324026107788,0,0,0,0,0,0,0,0,0,0,0,0,0,0
2.5717873573303223,0.0,-0.004212617874145508,0.017060205340385437,-0.017417073249816895,-0.05788016319274902,-0.651864767074585,-1.7329870462417603,1.382201910018921,1.470813274383545,0.03,1.2557018995285034,-0.07439607381820679,0.34357166290283203,0.04268352687358856,-0.023768480867147446,0.1034659743309021,0.9934324026107788,0,0,0,0,0,0,0,0,0,0,0,0,0,0
2.572875738143921,0.0,-0.004212617874145508,0.017060205340385437,-0.017417073249816895,-0.05788016319274902,-0.651864767074585,-1.7329870462417603,1.382201910018921,1.470813274383545,0.03,1.2557018995285034,-0.07439607381820679,0.34357166290283203,0.04268352687358856,-0.023768480867147446,0.1034659743309021,0.9934324026107788,0,0,0,0,0,0,0,0,0,0,0,0,0,0
2.5757312774658203,0.0,-0.004212617874145508,0.017060205340385437,-0.017417073249816895,-0.05788016319274902,-0.651864767074585,-1.7329870462417603,1.382201910018921,1.470813274383545,0.03,1.2557018995285034,-0.07439607381820679,0.34357166290283203,0.04268352687358856,-0.023768480867147446,0.1034659743309021,0.9934324026107788,0,0,0,0,0,0,0,0,0,0,0,0,0,0
2.5773797035217285,0.0,-0.004212617874145508,0.017060205340385437,-0.017417073249816895,-0.05788016319274902,-0.651864767074585,-1.7329870462417603,1.382201910018921,1.470813274383545,0.03,1.2557018995285034,-0.07439607381820679,0.34357166290283203,0.04268352687358856,-0.023768480867147446,0.1034659743309021,0.9934324026107788,0,0,0,0,0,0,0,0,0,0,0,0,0,0
2.5790112018585205,0.0,-0.004212617874145508,0.017060205340385437,-0.017417073249816895,-0.05788016319274902,-0.651864767074585,-1.7329870462417603,1.382201910018921,1.470813274383545,0.03,1.2557018995285034,-0.07439607381820679,0.34357166290283203,0.04268352687358856,-0.023768480867147446,0.1034659743309021,0.9934324026107788,0,0,0,0,0,0,0,0,0,0,0,0,0,0
2.582545518875122,0.0,-0.004212617874145508,0.017060205340385437,-0.017417073249816895,-0.05788016319274902,-0.651864767074585,-1.7329870462417603,1.382201910018921,1.470813274383545,0.03,1.2557018995285034,-0.07439607381820679,0.34357166290283203,0.04268352687358856,-0.023768480867147446,0.1034659743309021,0.9934324026107788,0,0,0,0,0,0,0,0,0,0,0,0,0,0
2.583808422088623,0.0,-0.004207313060760498,0.01719042658805847,-0.017356038093566895,-0.05794262886047363,-0.6471424102783203,-1.7347564697265625,1.3301665782928467,1.4335073232650757,0.03,1.2557018995285034,-0.07439607381820679,0.34357166290283203,0.04268352687358856,-0.023768480867147446,0.1034659743309021,0.9934324026107788,0,0,0,0,0,0,0,0,0,0,0,0,0,0
2.58504056930542,0.0,-0.004207313060760498,0.01719042658805847,-0.017356038093566895,-0.05794262886047363,-0.6471424102783203,-1.7347564697265625,1.3301665782928467,1.4335073232650757,0.03,1.2557018995285034,-0.07439607381820679,0.34357166290283203,0.04268352687358856,-0.023768480867147446,0.1034659743309021,0.9934324026107788,0,0,0,0,0,0,0,0,0,0,0,0,0,0
2.5861966609954834,0.0,-0.004149973392486572,0.018358349800109863,-0.017051219940185547,-0.058488309383392334,-0.6828876733779907,-1.8652775287628174,1.380063533782959,1.3963819742202759,0.03,1.2557018995285034,-0.07439607381820679,0.34357166290283203,0.04268352687358856,-0.023768480867147446,0.1034659743309021,0.9934324026107788,0,0,0,0,0,0,0,0,0,0,0,0,0,0
2.5879921913146973,0.0,-0.0041351318359375,0.019000276923179626,-0.01688903570175171,-0.058746337890625,-0.71880704164505,-1.9281412363052368,1.4191738367080688,1.409020185470581,0.03,1.2557018995285034,-0.07439607381820679,0.34357166290283203,0.04268352687358856,-0.023768480867147446,0.1034659743309021,0.9934324026107788,0,0,0,0,0,0,0,0,0,0,0,0,0,0
2.589484930038452,0.0,-0.0041351318359375,0.019000276923179626,-0.01688903570175171,-0.058746337890625,-0.71880704164505,-1.9281412363052368,1.4191738367080688,1.409020185470581,0.03,1.2557018995285034,-0.07439607381820679,0.34357166290283203,0.04268352687358856,-0.023768480867147446,0.1034659743309021,0.9934324026107788,0,0,0,0,0,0,0,0,0,0,0,0,0,0
2.59067440032959,0.0,-0.0041351318359375,0.019000276923179626,-0.01688903570175171,-0.058746337890625,-0.71880704164505,-1.9281412363052368,1.4191738367080688,1.409020185470581,0.03,1.2557018995285034,-0.07439607381820679,0.34357166290283203,0.04268352687358856,-0.023768480867147446,0.1034659743309021,0.9934324026107788,0,0,0,0,0,0,0,0,0,0,0,0,0,0
2.592273473739624,0.0,-0.0041351318359375,0.019000276923179626,-0.01688903570175171,-0.058746337890625,-0.71880704164505,-1.9281412363052368,1.4191738367080688,1.409020185470581,0.03,1.2557018995285034,-0.07439607381820679,0.34357166290283203,0.04268352687358856,-0.023768480867147446,0.1034659743309021,0.9934324026107788,0,0,0,0,0,0,0,0,0,0,0,0,0,0
2.593395709991455,0.0,-0.0041351318359375,0.019000276923179626,-0.01688903570175171,-0.058746337890625,-0.71880704164505,-1.9281412363052368,1.4191738367080688,1.409020185470581,0.03,1.2557018995285034,-0.07439607381820679,0.34357166290283203,0.04268352687358856,-0.023768480867147446,0.1034659743309021,0.9934324026107788,0,0,0,0,0,0,0,0,0,0,0,0,0,0
2.5944912433624268,0.0,-0.0041351318359375,0.019000276923179626,-0.01688903570175171,-0.058746337890625,-0.71880704164505,-1.9281412363052368,1.4191738367080688,1.409020185470581,0.03,1.2557018995285034,-0.07439607381820679,0.34357166290283203,0.04268352687358856,-0.023768480867147446,0.1034659743309021,0.9934324026107788,0,0,0,0,0,0,0,0,0,0,0,0,0,0
2.5962932109832764,0.0,-0.0041351318359375,0.019000276923179626,-0.01688903570175171,-0.058746337890625,-0.71880704164505,-1.9281412363052368,1.4191738367080688,1.409020185470581,0.03,1.2557018995285034,-0.07439607381820679,0.34357166290283203,0.04268352687358856,-0.023768480867147446,0.1034659743309021,0.9934324026107788,0,0,0,0,0,0,0,0,0,0,0,0,0,0
2.597782850265503,0.0,-0.0041351318359375,0.019000276923179626,-0.01688903570175171,-0.058746337890625,-0.71880704164505,-1.9281412363052368,1.4191738367080688,1.409020185470581,0.03,1.2557018995285034,-0.07439607381820679,0.34357166290283203,0.04268352687358856,-0.023768480867147446,0.1034659743309021,0.9934324026107788,0,0,0,0,0,0,0,0,0,0,0,0,0,0
2.598886251449585,0.0,-0.0041351318359375,0.019000276923179626,-0.01688903570175171,-0.058746337890625,-0.71880704164505,-1.9281412363052368,1.4191738367080688,1.409020185470581,0.03,1.2557018995285034,-0.07439607381820679,0.34357166290283203,0.04268352687358856,-0.023768480867147446,0.1034659743309021,0.9934324026107788,0,0,0,0,0,0,0,0,0,0,0,0,0,0
2.6001994609832764,0.0,-0.0041351318359375,0.019000276923179626,-0.01688903570175171,-0.058746337890625,-0.71880704164505,-1.9281412363052368,1.4191738367080688,1.409020185470581,0.03,1.2557018995285034,-0.07439607381820679,0.34357166290283203,0.04268352687358856,-0.023768480867147446,0.1034659743309021,0.9934324026107788,0,0,0,0,0,0,0,0,0,0,0,0,0,0
2.6013195514678955,0.0,-0.0041351318359375,0.019000276923179626,-0.01688903570175171,-0.058746337890625,-0.71880704164505,-1.9281412363052368,1.4191738367080688,1.409020185470581,0.03,1.255733847618103,-0.07427068799734116,0.34362348914146423,0.04227116331458092,-0.02338337153196335,0.10738853365182877,0.9930428266525269,0,0,0,0,0,0,0,0,0,0,0,0,0,0
2.6023833751678467,0.0,-0.0041351318359375,0.019000276923179626,-0.01688903570175171,-0.058746337890625,-0.71880704164505,-1.9281412363052368,1.4191738367080688,1.409020185470581,0.03,1.2556943893432617,-0.07439878582954407,0.34354743361473083,0.04247388243675232,-0.023763427510857582,0.10152530670166016,0.9936417937278748,0,0,0,0,0,0,0,0,0,0,0,0,0,0
2.6035726070404053,0.0,-0.0041351318359375,0.019000276923179626,-0.01688903570175171,-0.058746337890625,-0.71880704164505,-1.9281412363052368,1.4191738367080688,1.409020185470581,0.03,1.2557270526885986,-0.07426982372999191,0.34362444281578064,0.041740529239177704,-0.02331218123435974,0.10392521321773529,0.9934354424476624,0,0,0,0,0,0,0,0,0,0,0,0,0,0
2.604640483856201,0.0,-0.0041351318359375,0.019000276923179626,-0.01688903570175171,-0.058746337890625,-0.71880704164505,-1.9281412363052368,1.4191738367080688,1.409020185470581,0.03,1.2557270526885986,-0.07426982372999191,0.34362444281578064,0.041740529239177704,-0.02331218123435974,0.10392521321773529,0.9934354424476624,0,0,0,0,0,0,0,0,0,0,0,0,0,0
2.605832576751709,0.0,-0.0041351318359375,0.019000276923179626,-0.01688903570175171,-0.058746337890625,-0.71880704164505,-1.9281412363052368,1.4191738367080688,1.409020185470581,0.03,1.2557270526885986,-0.07426982372999191,0.34362444281578064,0.041740529239177704,-0.02331218123435974,0.10392521321773529,0.9934354424476624,0,0,0,0,0,0,0,0,0,0,0,0,0,0
2.606929063796997,0.0,-0.0041351318359375,0.019000276923179626,-0.01688903570175171,-0.058746337890625,-0.71880704164505,-1.9281412363052368,1.4191738367080688,1.409020185470581,0.03,1.2557270526885986,-0.07426982372999191,0.34362444281578064,0.041740529239177704,-0.02331218123435974,0.10392521321773529,0.9934354424476624,0,0,0,0,0,0,0,0,0,0,0,0,0,0
2.609921455383301,0.0,-0.0041351318359375,0.019000276923179626,-0.01688903570175171,-0.058746337890625,-0.71880704164505,-1.9281412363052368,1.4191738367080688,1.409020185470581,0.03,1.2557270526885986,-0.07426982372999191,0.34362444281578064,0.041740529239177704,-0.02331218123435974,0.10392521321773529,0.9934354424476624,0,0,0,0,0,0,0,0,0,0,0,0,0,0
2.613743782043457,0.0,-0.0041351318359375,0.019000276923179626,-0.01688903570175171,-0.058746337890625,-0.71880704164505,-1.9281412363052368,1.4191738367080688,1.409020185470581,0.03,1.2557294368743896,-0.07428770512342453,0.3436104655265808,0.04218948632478714,-0.023331020027399063,0.10580211877822876,0.9932178854942322,0,0,0,0,0,0,0,0,0,0,0,0,0,0
2.61519718170166,0.0,-0.0041351318359375,0.019000276923179626,-0.01688903570175171,-0.058746337890625,-0.71880704164505,-1.9281412363052368,1.4191738367080688,1.409020185470581,0.03,1.2557294368743896,-0.07428770512342453,0.3436104655265808,0.04218948632478714,-0.023331020027399063,0.10580211877822876,0.9932178854942322,0,0,0,0,0,0,0,0,0,0,0,0,0,0
2.6169540882110596,0.0,-0.0041351318359375,0.019000276923179626,-0.01688903570175171,-0.058746337890625,-0.71880704164505,-1.9281412363052368,1.4191738367080688,1.409020185470581,0.03,1.2557294368743896,-0.07428770512342453,0.3436104655265808,0.04218948632478714,-0.023331020027399063,0.10580211877822876,0.9932178854942322,0,0,0,0,0,0,0,0,0,0,0,0,0,0
2.618192434310913,0.0,-0.0041351318359375,0.019000276923179626,-0.01688903570175171,-0.058746337890625,-0.71880704164505,-1.9281412363052368,1.4191738367080688,1.409020185470581,0.03,1.2557294368743896,-0.07428770512342453,0.3436104655265808,0.04218948632478714,-0.023331020027399063,0.10580211877822876,0.9932178854942322,0,0,0,0,0,0,0,0,0,0,0,0,0,0
2.6193933486938477,0.0,-0.0041351318359375,0.019000276923179626,-0.01688903570175171,-0.058746337890625,-0.71880704164505,-1.9281412363052368,1.4191738367080688,1.409020185470581,0.03,1.2557294368743896,-0.07428770512342453,0.3436104655265808,0.04218948632478714,-0.023331020027399063,0.10580211877822876,0.9932178854942322,0,0,0,0,0,0,0,0,0,0,0,0,0,0
2.620579242706299,0.0,-0.0041351318359375,0.019000276923179626,-0.01688903570175171,-0.058746337890625,-0.71880704164505,-1.9281412363052368,1.4191738367080688,1.409020185470581,0.03,1.2557294368743896,-0.07428770512342453,0.3436104655265808,0.04218948632478714,-0.023331020027399063,0.10580211877822876,0.9932178854942322,0,0,0,0,0,0,0,0,0,0,0,0,0,0
2.6218602657318115,0.0,-0.0041351318359375,0.019000276923179626,-0.01688903570175171,-0.058746337890625,-0.71880704164505,-1.9281412363052368,1.4191738367080688,1.409020185470581,0.03,1.2557294368743896,-0.07428770512342453,0.3436104655265808,0.04218948632478714,-0.023331020027399063,0.10580211877822876,0.9932178854942322,0,0,0,0,0,0,0,0,0,0,0,0,0,0
2.6232664585113525,0.0,-0.0041351318359375,0.019000276923179626,-0.01688903570175171,-0.058746337890625,-0.71880704164505,-1.9281412363052368,1.4191738367080688,1.409020185470581,0.03,1.2557294368743896,-0.07428770512342453,0.3436104655265808,0.04218948632478714,-0.023331020027399063,0.10580211877822876,0.9932178854942322,0,0,0,0,0,0,0,0,0,0,0,0,0,0
2.6243820190429688,0.0,-0.0041351318359375,0.019000276923179626,-0.01688903570175171,-0.058746337890625,-0.71880704164505,-1.9281412363052368,1.4191738367080688,1.409020185470581,0.03,1.2557294368743896,-0.07428770512342453,0.3436104655265808,0.04218948632478714,-0.023331020027399063,0.10580211877822876,0.9932178854942322,0,0,0,0,0,0,0,0,0,0,0,0,0,0
2.625523090362549,0.0,-0.0041351318359375,0.019000276923179626,-0.01688903570175171,-0.058746337890625,-0.71880704164505,-1.9281412363052368,1.4191738367080688,1.409020185470581,0.03,1.2557294368743896,-0.07428770512342453,0.3436104655265808,0.04218948632478714,-0.023331020027399063,0.10580211877822876,0.9932178854942322,0,0,0,0,0,0,0,0,0,0,0,0,0,0
2.626927614212036,0.0,-0.0041351318359375,0.019000276923179626,-0.01688903570175171,-0.058746337890625,-0.71880704164505,-1.9281412363052368,1.4191738367080688,1.409020185470581,0.03,1.2557294368743896,-0.07428770512342453,0.3436104655265808,0.04218948632478714,-0.023331020027399063,0.10580211877822876,0.9932178854942322,0,0,0,0,0,0,0,0,0,0,0,0,0,0
2.6280994415283203,0.0,-0.0041351318359375,0.019000276923179626,-0.01688903570175171,-0.058746337890625,-0.71880704164505,-1.9281412363052368,1.4191738367080688,1.409020185470581,0.03,1.2557294368743896,-0.07428770512342453,0.3436104655265808,0.04218948632478714,-0.023331020027399063,0.10580211877822876,0.9932178854942322,0,0,0,0,0,0,0,0,0,0,0,0,0,0
2.6299092769622803,0.0,-0.0041351318359375,0.019000276923179626,-0.01688903570175171,-0.058746337890625,-0.71880704164505,-1.9281412363052368,1.4191738367080688,1.409020185470581,0.03,1.2557294368743896,-0.07428770512342453,0.3436104655265808,0.04218948632478714,-0.023331020027399063,0.10580211877822876,0.9932178854942322,0,0,0,0,0,0,0,0,0,0,0,0,0,0
2.6312034130096436,0.0,-0.0041351318359375,0.019000276923179626,-0.01688903570175171,-0.058746337890625,-0.71880704164505,-1.9281412363052368,1.4191738367080688,1.409020185470581,0.03,1.2557294368743896,-0.07428770512342453,0.3436104655265808,0.04218948632478714,-0.023331020027399063,0.10580211877822876,0.9932178854942322,0,0,0,0,0,0,0,0,0,0,0,0,0,0
2.6326096057891846,0.0,-0.0041351318359375,0.019000276923179626,-0.01688903570175171,-0.058746337890625,-0.71880704164505,-1.9281412363052368,1.4191738367080688,1.409020185470581,0.03,1.2557294368743896,-0.07428770512342453,0.3436104655265808,0.04218948632478714,-0.023331020027399063,0.10580211877822876,0.9932178854942322,0,0,0,0,0,0,0,0,0,0,0,0,0,0
2.633803367614746,0.0,-0.0041351318359375,0.019000276923179626,-0.01688903570175171,-0.058746337890625,-0.71880704164505,-1.9281412363052368,1.4191738367080688,1.409020185470581,0.03,1.2557294368743896,-0.07428770512342453,0.3436104655265808,0.04218948632478714,-0.023331020027399063,0.10580211877822876,0.9932178854942322,0,0,0,0,0,0,0,0,0,0,0,0,0,0
2.6349189281463623,0.0,-0.0041351318359375,0.019000276923179626,-0.01688903570175171,-0.058746337890625,-0.71880704164505,-1.9281412363052368,1.4191738367080688,1.409020185470581,0.03,1.2557294368743896,-0.07428770512342453,0.3436104655265808,0.04218948632478714,-0.023331020027399063,0.10580211877822876,0.9932178854942322,0,0,0,0,0,0,0,0,0,0,0,0,0,0
2.6362314224243164,0.0,-0.0041351318359375,0.019000276923179626,-0.01688903570175171,-0.058746337890625,-0.71880704164505,-1.9281412363052368,1.4191738367080688,1.409020185470581,0.03,1.2557294368743896,-0.07428770512342453,0.3436104655265808,0.04218948632478714,-0.023331020027399063,0.10580211877822876,0.9932178854942322,0,0,0,0,0,0,0,0,0,0,0,0,0,0
2.637789487838745,0.0,-0.0041351318359375,0.019000276923179626,-0.01688903570175171,-0.058746337890625,-0.71880704164505,-1.9281412363052368,1.4191738367080688,1.409020185470581,0.03,1.2557294368743896,-0.07428770512342453,0.3436104655265808,0.04218948632478714,-0.023331020027399063,0.10580211877822876,0.9932178854942322,0,0,0,0,0,0,0,0,0,0,0,0,0,0
2.63971209526062,0.0,-0.0041351318359375,0.019000276923179626,-0.01688903570175171,-0.058746337890625,-0.71880704164505,-1.9281412363052368,1.4191738367080688,1.409020185470581,0.03,1.2557294368743896,-0.07428770512342453,0.3436104655265808,0.04218948632478714,-0.023331020027399063,0.10580211877822876,0.9932178854942322,0,0,0,0,0,0,0,0,0,0,0,0,0,0
2.6415865421295166,0.0,-0.0041351318359375,0.019000276923179626,-0.01688903570175171,-0.058746337890625,-0.71880704164505,-1.9281412363052368,1.4191738367080688,1.409020185470581,0.03,1.2557028532028198,-0.07439835369586945,0.34351205825805664,0.042593374848365784,-0.02377568930387497,0.10345830023288727,0.9934369921684265,0,0,0,0,0,0,0,0,0,0,0,0,0,0
2.6434552669525146,0.0,-0.0040953755378723145,0.019207119941711426,-0.01682722568511963,-0.05882108211517334,-0.6678081154823303,-1.9074950218200684,1.3960384130477905,1.419105052947998,0.03,1.2557028532028198,-0.07442858070135117,0.34345299005508423,0.042459093034267426,-0.02367394044995308,0.10147252678871155,0.993649959564209,0,0,0,0,0,0,0,0,0,0,0,0,0,0
2.644709348678589,0.0,-0.004024922847747803,0.021691352128982544,-0.01627451181411743,-0.05983692407608032,-0.765284538269043,-1.697806477546692,1.4827171564102173,1.2671911716461182,0.03,1.2557028532028198,-0.07442858070135117,0.34345299005508423,0.042459093034267426,-0.02367394044995308,0.10147252678871155,0.993649959564209,0,0,0,0,0,0,0,0,0,0,0,0,0,0
2.646193504333496,0.0,-0.003984212875366211,0.022367745637893677,-0.01607537269592285,-0.06014060974121094,-0.739901602268219,-1.6493791341781616,1.4159677028656006,1.1938676834106445,0.03,1.2557028532028198,-0.07442858070135117,0.34345299005508423,0.042459093034267426,-0.02367394044995308,0.10147252678871155,0.993649959564209,0,0,0,0,0,0,0,0,0,0,0,0,0,0
2.6484806537628174,0.0,-0.003988146781921387,0.022607848048210144,-0.016029059886932373,-0.06022536754608154,-0.7868247628211975,-1.61969792842865,1.4333502054214478,1.2033812999725342,0.03,1.2557028532028198,-0.07442858070135117,0.34345299005508423,0.042459093034267426,-0.02367394044995308,0.10147252678871155,0.993649959564209,0,0,0,0,0,0,0,0,0,0,0,0,0,0
2.6499340534210205,0.0,-0.003963649272918701,0.02304460108280182,-0.01591736078262329,-0.060421884059906006,-0.7866035103797913,-1.5336289405822754,1.399943470954895,1.1524723768234253,0.03,1.255697250366211,-0.0743938460946083,0.3434779942035675,0.042372338473796844,-0.023735705763101578,0.10176855325698853,0.9936218857765198,0,0,0,0,0,0,0,0,0,0,0,0,0,0
2.651001214981079,0.0,-0.003963649272918701,0.02304460108280182,-0.01591736078262329,-0.060421884059906006,-0.7866035103797913,-1.5336289405822754,1.399943470954895,1.1524723768234253,0.03,1.255697250366211,-0.0743938460946083,0.3434779942035675,0.042372338473796844,-0.023735705763101578,0.10176855325698853,0.9936218857765198,0,0,0,0,0,0,0,0,0,0,0,0,0,0
2.652271270751953,0.0,-0.003963649272918701,0.02304460108280182,-0.01591736078262329,-0.060421884059906006,-0.7866035103797913,-1.5336289405822754,1.399943470954895,1.1524723768234253,0.03,1.255697250366211,-0.0743938460946083,0.3434779942035675,0.042372338473796844,-0.023735705763101578,0.10176855325698853,0.9936218857765198,0,0,0,0,0,0,0,0,0,0,0,0,0,0
2.653348445892334,0.0,-0.003963649272918701,0.02304460108280182,-0.01591736078262329,-0.060421884059906006,-0.7866035103797913,-1.5336289405822754,1.399943470954895,1.1524723768234253,0.03,1.255697250366211,-0.0743938460946083,0.3434779942035675,0.042372338473796844,-0.023735705763101578,0.10176855325698853,0.9936218857765198,0,0,0,0,0,0,0,0,0,0,0,0,0,0
2.6549031734466553,0.0,-0.003963649272918701,0.02304460108280182,-0.01591736078262329,-0.060421884059906006,-0.7866035103797913,-1.5336289405822754,1.399943470954895,1.1524723768234253,0.03,1.255697250366211,-0.0743938460946083,0.3434779942035675,0.042372338473796844,-0.023735705763101578,0.10176855325698853,0.9936218857765198,0,0,0,0,0,0,0,0,0,0,0,0,0,0
2.656923532485962,0.0,-0.003963649272918701,0.02304460108280182,-0.01591736078262329,-0.060421884059906006,-0.7866035103797913,-1.5336289405822754,1.399943470954895,1.1524723768234253,0.03,1.255697250366211,-0.0743938460946083,0.3434779942035675,0.042372338473796844,-0.023735705763101578,0.10176855325698853,0.9936218857765198,0,0,0,0,0,0,0,0,0,0,0,0,0,0
2.660870313644409,0.0,-0.003963649272918701,0.02304460108280182,-0.01591736078262329,-0.060421884059906006,-0.7866035103797913,-1.5336289405822754,1.399943470954895,1.1524723768234253,0.03,1.2557387351989746,-0.0743136927485466,0.343555212020874,0.04172045737504959,-0.023298637941479683,0.10369601100683212,0.9934605360031128,0,0,0,0,0,0,0,0,0,0,0,0,0,0
2.6619858741760254,0.0,-0.003963649272918701,0.02304460108280182,-0.01591736078262329,-0.060421884059906006,-0.7866035103797913,-1.5336289405822754,1.399943470954895,1.1524723768234253,0.03,1.2557387351989746,-0.0743136927485466,0.343555212020874,0.04172045737504959,-0.023298637941479683,0.10369601100683212,0.9934605360031128,0,0,0,0,0,0,0,0,0,0,0,0,0,0
2.663419485092163,0.0,-0.003963649272918701,0.02304460108280182,-0.01591736078262329,-0.060421884059906006,-0.7866035103797913,-1.5336289405822754,1.399943470954895,1.1524723768234253,0.03,1.2557387351989746,-0.0743136927485466,0.343555212020874,0.04172045737504959,-0.023298637941479683,0.10369601100683212,0.9934605360031128,0,0,0,0,0,0,0,0,0,0,0,0,0,0
2.6653971672058105,0.0,-0.003963649272918701,0.02304460108280182,-0.01591736078262329,-0.060421884059906006,-0.7866035103797913,-1.5336289405822754,1.399943470954895,1.1524723768234253,0.03,1.2557387351989746,-0.0743136927485466,0.343555212020874,0.04172045737504959,-0.023298637941479683,0.10369601100683212,0.9934605360031128,0,0,0,0,0,0,0,0,0,0,0,0,0,0
2.6664986610412598,0.0,-0.003963649272918701,0.02304460108280182,-0.01591736078262329,-0.060421884059906006,-0.7866035103797913,-1.5336289405822754,1.399943470954895,1.1524723768234253,0.03,1.2557387351989746,-0.0743136927485466,0.343555212020874,0.04172045737504959,-0.023298637941479683,0.10369601100683212,0.9934605360031128,0,0,0,0,0,0,0,0,0,0,0,0,0,0
2.668790340423584,0.0,-0.003963649272918701,0.02304460108280182,-0.01591736078262329,-0.060421884059906006,-0.7866035103797913,-1.5336289405822754,1.399943470954895,1.1524723768234253,0.03,1.2557344436645508,-0.0742994025349617,0.3435760736465454,0.042077187448740005,-0.023302504792809486,0.10710901767015457,0.9930831789970398,0,0,0,0,0,0,0,0,0,0,0,0,0,0
2.670215129852295,0.0,-0.003963649272918701,0.02304460108280182,-0.01591736078262329,-0.060421884059906006,-0.7866035103797913,-1.5336289405822754,1.399943470954895,1.1524723768234253,0.03,1.2556980848312378,-0.07441084831953049,0.34353917837142944,0.04262768477201462,-0.02382594347000122,0.10454992204904556,0.9933199286460876,0,0,0,0,0,0,0,0,0,0,0,0,0,0
2.6713433265686035,0.0,-0.003963649272918701,0.02304460108280182,-0.01591736078262329,-0.060421884059906006,-0.7866035103797913,-1.5336289405822754,1.399943470954895,1.1524723768234253,0.03,1.2556980848312378,-0.07441084831953049,0.34353917837142944,0.04262768477201462,-0.02382594347000122,0.10454992204904556,0.9933199286460876,0,0,0,0,0,0,0,0,0,0,0,0,0,0
2.672755002975464,0.0,-0.003963649272918701,0.02304460108280182,-0.01591736078262329,-0.060421884059906006,-0.7866035103797913,-1.5336289405822754,1.399943470954895,1.1524723768234253,0.03,1.2556980848312378,-0.07441084831953049,0.34353917837142944,0.04262768477201462,-0.02382594347000122,0.10454992204904556,0.9933199286460876,0,0,0,0,0,0,0,0,0,0,0,0,0,0
2.6739039421081543,0.0,-0.003963649272918701,0.02304460108280182,-0.01591736078262329,-0.060421884059906006,-0.7866035103797913,-1.5336289405822754,1.399943470954895,1.1524723768234253,0.03,1.2556980848312378,-0.07441084831953049,0.34353917837142944,0.04262768477201462,-0.02382594347000122,0.10454992204904556,0.9933199286460876,0,0,0,0,0,0,0,0,0,0,0,0,0,0
2.6749730110168457,0.0,-0.003963649272918701,0.02304460108280182,-0.01591736078262329,-0.060421884059906006,-0.7866035103797913,-1.5336289405822754,1.399943470954895,1.1524723768234253,0.03,1.2556980848312378,-0.07441084831953049,0.34353917837142944,0.04262768477201462,-0.02382594347000122,0.10454992204904556,0.9933199286460876,0,0,0,0,0,0,0,0,0,0,0,0,0,0
2.676060438156128,0.0,-0.003963649272918701,0.02304460108280182,-0.01591736078262329,-0.060421884059906006,-0.7866035103797913,-1.5336289405822754,1.399943470954895,1.1524723768234253,0.03,1.2556980848312378,-0.07441084831953049,0.34353917837142944,0.04262768477201462,-0.02382594347000122,0.10454992204904556,0.9933199286460876,0,0,0,0,0,0,0,0,0,0,0,0,0,0
2.677145004272461,0.0,-0.003963649272918701,0.02304460108280182,-0.01591736078262329,-0.060421884059906006,-0.7866035103797913,-1.5336289405822754,1.399943470954895,1.1524723768234253,0.03,1.2556980848312378,-0.07441084831953049,0.34353917837142944,0.04262768477201462,-0.02382594347000122,0.10454992204904556,0.9933199286460876,0,0,0,0,0,0,0,0,0,0,0,0,0,0
2.678229331970215,0.0,-0.003963649272918701,0.02304460108280182,-0.01591736078262329,-0.060421884059906006,-0.7866035103797913,-1.5336289405822754,1.399943470954895,1.1524723768234253,0.03,1.2556980848312378,-0.07441084831953049,0.34353917837142944,0.04262768477201462,-0.02382594347000122,0.10454992204904556,0.9933199286460876,0,0,0,0,0,0,0,0,0,0,0,0,0,0
2.679391860961914,0.0,-0.003963649272918701,0.02304460108280182,-0.01591736078262329,-0.060421884059906006,-0.7866035103797913,-1.5336289405822754,1.399943470954895,1.1524723768234253,0.03,1.2556980848312378,-0.07441084831953049,0.34353917837142944,0.04262768477201462,-0.02382594347000122,0.10454992204904556,0.9933199286460876,0,0,0,0,0,0,0,0,0,0,0,0,0,0
2.680508852005005,0.0,-0.003963649272918701,0.02304460108280182,-0.01591736078262329,-0.060421884059906006,-0.7866035103797913,-1.5336289405822754,1.399943470954895,1.1524723768234253,0.03,1.2556980848312378,-0.07441084831953049,0.34353917837142944,0.04262768477201462,-0.02382594347000122,0.10454992204904556,0.9933199286460876,0,0,0,0,0,0,0,0,0,0,0,0,0,0
2.681598663330078,0.0,-0.003963649272918701,0.02304460108280182,-0.01591736078262329,-0.060421884059906006,-0.7866035103797913,-1.5336289405822754,1.399943470954895,1.1524723768234253,0.03,1.2556980848312378,-0.07441084831953049,0.34353917837142944,0.04262768477201462,-0.02382594347000122,0.10454992204904556,0.9933199286460876,0,0,0,0,0,0,0,0,0,0,0,0,0,0
2.6830837726593018,0.0,-0.003963649272918701,0.02304460108280182,-0.01591736078262329,-0.060421884059906006,-0.7866035103797913,-1.5336289405822754,1.399943470954895,1.1524723768234253,0.03,1.2556980848312378,-0.07441084831953049,0.34353917837142944,0.04262768477201462,-0.02382594347000122,0.10454992204904556,0.9933199286460876,0,0,0,0,0,0,0,0,0,0,0,0,0,0
2.6850075721740723,0.0,-0.003963649272918701,0.02304460108280182,-0.01591736078262329,-0.060421884059906006,-0.7866035103797913,-1.5336289405822754,1.399943470954895,1.1524723768234253,0.03,1.2556980848312378,-0.07441084831953049,0.34353917837142944,0.04262768477201462,-0.02382594347000122,0.10454992204904556,0.9933199286460876,0,0,0,0,0,0,0,0,0,0,0,0,0,0
2.6887385845184326,0.0,-0.003963649272918701,0.02304460108280182,-0.01591736078262329,-0.060421884059906006,-0.7866035103797913,-1.5336289405822754,1.399943470954895,1.1524723768234253,0.03,1.2556910514831543,-0.07443947345018387,0.343474417924881,0.04243038222193718,-0.023768547922372818,0.10384741425514221,0.9934034943580627,0,0,0,0,0,0,0,0,0,0,0,0,0,0
2.6900978088378906,0.0,-0.003963649272918701,0.02304460108280182,-0.01591736078262329,-0.060421884059906006,-0.7866035103797913,-1.5336289405822754,1.399943470954895,1.1524723768234253,0.03,1.2556910514831543,-0.07443947345018387,0.343474417924881,0.04243038222193718,-0.023768547922372818,0.10384741425514221,0.9934034943580627,0,0,0,0,0,0,0,0,0,0,0,0,0,0
2.6926512718200684,0.0,-0.003963649272918701,0.02304460108280182,-0.01591736078262329,-0.060421884059906006,-0.7866035103797913,-1.5336289405822754,1.399943470954895,1.1524723768234253,0.03,1.2556910514831543,-0.07443947345018387,0.343474417924881,0.04243038222193718,-0.023768547922372818,0.10384741425514221,0.9934034943580627,0,0,0,0,0,0,0,0,0,0,0,0,0,0
2.694246768951416,0.0,-0.003963649272918701,0.02304460108280182,-0.01591736078262329,-0.060421884059906006,-0.7866035103797913,-1.5336289405822754,1.399943470954895,1.1524723768234253,0.03,1.2556910514831543,-0.07443947345018387,0.343474417924881,0.04243038222193718,-0.023768547922372818,0.10384741425514221,0.9934034943580627,0,0,0,0,0,0,0,0,0,0,0,0,0,0
2.6953394412994385,0.0,-0.003963649272918701,0.02304460108280182,-0.01591736078262329,-0.060421884059906006,-0.7866035103797913,-1.5336289405822754,1.399943470954895,1.1524723768234253,0.03,1.2556910514831543,-0.07443947345018387,0.343474417924881,0.04243038222193718,-0.023768547922372818,0.10384741425514221,0.9934034943580627,0,0,0,0,0,0,0,0,0,0,0,0,0,0
2.696483850479126,0.0,-0.003963649272918701,0.02304460108280182,-0.01591736078262329,-0.060421884059906006,-0.7866035103797913,-1.5336289405822754,1.399943470954895,1.1524723768234253,0.03,1.2557295560836792,-0.07429511845111847,0.3435503840446472,0.04166260361671448,-0.023304449394345284,0.10446139425039291,0.9933826327323914,0,0,0,0,0,0,0,0,0,0,0,0,0,0
2.6982362270355225,0.0,-0.003963649272918701,0.02304460108280182,-0.01591736078262329,-0.060421884059906006,-0.7866035103797913,-1.5336289405822754,1.399943470954895,1.1524723768234253,0.03,1.2557295560836792,-0.07429511845111847,0.3435503840446472,0.04166260361671448,-0.023304449394345284,0.10446139425039291,0.9933826327323914,0,0,0,0,0,0,0,0,0,0,0,0,0,0
2.69933819770813,0.0,-0.003963649272918701,0.02304460108280182,-0.01591736078262329,-0.060421884059906006,-0.7866035103797913,-1.5336289405822754,1.399943470954895,1.1524723768234253,0.03,1.2557295560836792,-0.07429511845111847,0.3435503840446472,0.04166260361671448,-0.023304449394345284,0.10446139425039291,0.9933826327323914,0,0,0,0,0,0,0,0,0,0,0,0,0,0
2.7005465030670166,0.0,-0.003963649272918701,0.02304460108280182,-0.01591736078262329,-0.060421884059906006,-0.7866035103797913,-1.5336289405822754,1.399943470954895,1.1524723768234253,0.03,1.2557295560836792,-0.07429511845111847,0.3435503840446472,0.04166260361671448,-0.023304449394345284,0.10446139425039291,0.9933826327323914,0,0,0,0,0,0,0,0,0,0,0,0,0,0
2.7016873359680176,0.0,-0.003963649272918701,0.02304460108280182,-0.01591736078262329,-0.060421884059906006,-0.7866035103797913,-1.5336289405822754,1.399943470954895,1.1524723768234253,0.03,1.2557295560836792,-0.07429511845111847,0.3435503840446472,0.04166260361671448,-0.023304449394345284,0.10446139425039291,0.9933826327323914,0,0,0,0,0,0,0,0,0,0,0,0,0,0
2.7027809619903564,0.0,-0.003963649272918701,0.02304460108280182,-0.01591736078262329,-0.060421884059906006,-0.7866035103797913,-1.5336289405822754,1.399943470954895,1.1524723768234253,0.03,1.2557295560836792,-0.07429511845111847,0.3435503840446472,0.04166260361671448,-0.023304449394345284,0.10446139425039291,0.9933826327323914,0,0,0,0,0,0,0,0,0,0,0,0,0,0
2.704054594039917,0.0,-0.003963649272918701,0.02304460108280182,-0.01591736078262329,-0.060421884059906006,-0.7866035103797913,-1.5336289405822754,1.399943470954895,1.1524723768234253,0.03,1.2557295560836792,-0.07429511845111847,0.3435503840446472,0.04166260361671448,-0.023304449394345284,0.10446139425039291,0.9933826327323914,0,0,0,0,0,0,0,0,0,0,0,0,0,0
2.706632614135742,0.0,-0.003963649272918701,0.02304460108280182,-0.01591736078262329,-0.060421884059906006,-0.7866035103797913,-1.5336289405822754,1.399943470954895,1.1524723768234253,0.03,1.2557295560836792,-0.07429511845111847,0.3435503840446472,0.04166260361671448,-0.023304449394345284,0.10446139425039291,0.9933826327323914,0,0,0,0,0,0,0,0,0,0,0,0,0,0
2.709115743637085,0.0,-0.003963649272918701,0.02304460108280182,-0.01591736078262329,-0.060421884059906006,-0.7866035103797913,-1.5336289405822754,1.399943470954895,1.1524723768234253,0.03,1.2557295560836792,-0.07429511845111847,0.3435503840446472,0.04166260361671448,-0.023304449394345284,0.10446139425039291,0.9933826327323914,0,0,0,0,0,0,0,0,0,0,0,0,0,0
2.7105157375335693,0.0,-0.003963649272918701,0.02304460108280182,-0.01591736078262329,-0.060421884059906006,-0.7866035103797913,-1.5336289405822754,1.399943470954895,1.1524723768234253,0.03,1.2557295560836792,-0.07429511845111847,0.3435503840446472,0.04166260361671448,-0.023304449394345284,0.10446139425039291,0.9933826327323914,0,0,0,0,0,0,0,0,0,0,0,0,0,0
2.711606979370117,0.0,-0.003963649272918701,0.02304460108280182,-0.01591736078262329,-0.060421884059906006,-0.7866035103797913,-1.5336289405822754,1.399943470954895,1.1524723768234253,0.03,1.2557295560836792,-0.07429511845111847,0.3435503840446472,0.04166260361671448,-0.023304449394345284,0.10446139425039291,0.9933826327323914,0,0,0,0,0,0,0,0,0,0,0,0,0,0
2.712705612182617,0.0,-0.003963649272918701,0.02304460108280182,-0.01591736078262329,-0.060421884059906006,-0.7866035103797913,-1.5336289405822754,1.399943470954895,1.1524723768234253,0.03,1.2557295560836792,-0.07429511845111847,0.3435503840446472,0.04166260361671448,-0.023304449394345284,0.10446139425039291,0.9933826327323914,0,0,0,0,0,0,0,0,0,0,0,0,0,0
2.7150075435638428,0.0,-0.003963649272918701,0.02304460108280182,-0.01591736078262329,-0.060421884059906006,-0.7866035103797913,-1.5336289405822754,1.399943470954895,1.1524723768234253,0.03,1.2556939125061035,-0.07438008487224579,0.34350883960723877,0.04227801039814949,-0.023707682266831398,0.10250283032655716,0.9935510754585266,0,0,0,0,0,0,0,0,0,0,0,0,0,0
2.71651029586792,0.0,-0.003963649272918701,0.02304460108280182,-0.01591736078262329,-0.060421884059906006,-0.7866035103797913,-1.5336289405822754,1.399943470954895,1.1524723768234253,0.03,1.2556953430175781,-0.07442646473646164,0.34344613552093506,0.04203545302152634,-0.023677824065089226,0.10095448791980743,0.9937205910682678,0,0,0,0,0,0,0,0,0,0,0,0,0,0
2.717820882797241,0.0,-0.003963649272918701,0.02304460108280182,-0.01591736078262329,-0.060421884059906006,-0.7866035103797913,-1.5336289405822754,1.399943470954895,1.1524723768234253,0.03,1.2556953430175781,-0.07442646473646164,0.34344613552093506,0.04203545302152634,-0.023677824065089226,0.10095448791980743,0.9937205910682678,0,0,0,0,0,0,0,0,0,0,0,0,0,0
2.7191810607910156,0.0,-0.003963649272918701,0.02304460108280182,-0.01591736078262329,-0.060421884059906006,-0.7866035103797913,-1.5336289405822754,1.399943470954895,1.1524723768234253,0.03,1.2556953430175781,-0.07442646473646164,0.34344613552093506,0.04203545302152634,-0.023677824065089226,0.10095448791980743,0.9937205910682678,0,0,0,0,0,0,0,0,0,0,0,0,0,0
2.7203991413116455,0.0,-0.003963649272918701,0.02304460108280182,-0.01591736078262329,-0.060421884059906006,-0.7866035103797913,-1.5336289405822754,1.399943470954895,1.1524723768234253,0.03,1.2556953430175781,-0.07442646473646164,0.34344613552093506,0.04203545302152634,-0.023677824065089226,0.10095448791980743,0.9937205910682678,0,0,0,0,0,0,0,0,0,0,0,0,0,0
2.721813440322876,0.0,-0.003963649272918701,0.02304460108280182,-0.01591736078262329,-0.060421884059906006,-0.7866035103797913,-1.5336289405822754,1.399943470954895,1.1524723768234253,0.03,1.2556953430175781,-0.07442646473646164,0.34344613552093506,0.04203545302152634,-0.023677824065089226,0.10095448791980743,0.9937205910682678,0,0,0,0,0,0,0,0,0,0,0,0,0,0
2.7249271869659424,0.0,-0.003963649272918701,0.02304460108280182,-0.01591736078262329,-0.060421884059906006,-0.7866035103797913,-1.5336289405822754,1.399943470954895,1.1524723768234253,0.03,1.2556953430175781,-0.07442646473646164,0.34344613552093506,0.04203545302152634,-0.023677824065089226,0.10095448791980743,0.9937205910682678,0,0,0,0,0,0,0,0,0,0,0,0,0,0
2.7266182899475098,0.0,-0.003963649272918701,0.02304460108280182,-0.01591736078262329,-0.060421884059906006,-0.7866035103797913,-1.5336289405822754,1.399943470954895,1.1524723768234253,0.03,1.2556953430175781,-0.07442646473646164,0.34344613552093506,0.04203545302152634,-0.023677824065089226,0.10095448791980743,0.9937205910682678,0,0,0,0,0,0,0,0,0,0,0,0,0,0
2.7290701866149902,0.0,-0.003963649272918701,0.02304460108280182,-0.01591736078262329,-0.060421884059906006,-0.7866035103797913,-1.5336289405822754,1.399943470954895,1.1524723768234253,0.03,1.2556965351104736,-0.07440151274204254,0.34349703788757324,0.04208049923181534,-0.02373882196843624,0.09956855326890945,0.9938570857048035,0,0,0,0,0,0,0,0,0,0,0,0,0,0
2.733224630355835,0.0,-0.003963649272918701,0.02304460108280182,-0.01591736078262329,-0.060421884059906006,-0.7866035103797913,-1.5336289405822754,1.399943470954895,1.1524723768234253,0.03,1.2556965351104736,-0.07440151274204254,0.34349703788757324,0.04208049923181534,-0.02373882196843624,0.09956855326890945,0.9938570857048035,0,0,0,0,0,0,0,0,0,0,0,0,0,0
2.734315872192383,0.0,-0.003963649272918701,0.02304460108280182,-0.01591736078262329,-0.060421884059906006,-0.7866035103797913,-1.5336289405822754,1.399943470954895,1.1524723768234253,0.03,1.2556965351104736,-0.07440151274204254,0.34349703788757324,0.04208049923181534,-0.02373882196843624,0.09956855326890945,0.9938570857048035,0,0,0,0,0,0,0,0,0,0,0,0,0,0
2.735743522644043,0.0,-0.003963649272918701,0.02304460108280182,-0.01591736078262329,-0.060421884059906006,-0.7866035103797913,-1.5336289405822754,1.399943470954895,1.1524723768234253,0.03,1.2556965351104736,-0.07440151274204254,0.34349703788757324,0.04208049923181534,-0.02373882196843624,0.09956855326890945,0.9938570857048035,0,0,0,0,0,0,0,0,0,0,0,0,0,0
2.7370007038116455,0.0,-0.003963649272918701,0.02304460108280182,-0.01591736078262329,-0.060421884059906006,-0.7866035103797913,-1.5336289405822754,1.399943470954895,1.1524723768234253,0.03,1.2556965351104736,-0.07440151274204254,0.34349703788757324,0.04208049923181534,-0.02373882196843624,0.09956855326890945,0.9938570857048035,0,0,0,0,0,0,0,0,0,0,0,0,0,0
2.738964796066284,0.0,-0.003963649272918701,0.02304460108280182,-0.01591736078262329,-0.060421884059906006,-0.7866035103797913,-1.5336289405822754,1.399943470954895,1.1524723768234253,0.03,1.2556965351104736,-0.07440151274204254,0.34349703788757324,0.04208049923181534,-0.02373882196843624,0.09956855326890945,0.9938570857048035,0,0,0,0,0,0,0,0,0,0,0,0,0,0
2.740064859390259,0.0,-0.003963649272918701,0.02304460108280182,-0.01591736078262329,-0.060421884059906006,-0.7866035103797913,-1.5336289405822754,1.399943470954895,1.1524723768234253,0.03,1.2556965351104736,-0.07440151274204254,0.34349703788757324,0.04208049923181534,-0.02373882196843624,0.09956855326890945,0.9938570857048035,0,0,0,0,0,0,0,0,0,0,0,0,0,0
2.741420030593872,0.0,-0.003963649272918701,0.02304460108280182,-0.01591736078262329,-0.060421884059906006,-0.7866035103797913,-1.5336289405822754,1.399943470954895,1.1524723768234253,0.03,1.2556965351104736,-0.07440151274204254,0.34349703788757324,0.04208049923181534,-0.02373882196843624,0.09956855326890945,0.9938570857048035,0,0,0,0,0,0,0,0,0,0,0,0,0,0
2.7427635192871094,0.0,-0.003963649272918701,0.02304460108280182,-0.01591736078262329,-0.060421884059906006,-0.7866035103797913,-1.5336289405822754,1.399943470954895,1.1524723768234253,0.03,1.2556965351104736,-0.07440151274204254,0.34349703788757324,0.04208049923181534,-0.02373882196843624,0.09956855326890945,0.9938570857048035,0,0,0,0,0,0,0,0,0,0,0,0,0,0
2.744374990463257,0.0,-0.003963649272918701,0.02304460108280182,-0.01591736078262329,-0.060421884059906006,-0.7866035103797913,-1.5336289405822754,1.399943470954895,1.1524723768234253,0.03,1.2556965351104736,-0.07440151274204254,0.34349703788757324,0.04208049923181534,-0.02373882196843624,0.09956855326890945,0.9938570857048035,0,0,0,0,0,0,0,0,0,0,0,0,0,0
2.745577812194824,0.0,-0.003963649272918701,0.02304460108280182,-0.01591736078262329,-0.060421884059906006,-0.7866035103797913,-1.5336289405822754,1.399943470954895,1.1524723768234253,0.03,1.2556965351104736,-0.07440151274204254,0.34349703788757324,0.04208049923181534,-0.02373882196843624,0.09956855326890945,0.9938570857048035,0,0,0,0,0,0,0,0,0,0,0,0,0,0
2.7467539310455322,0.0,-0.003963649272918701,0.02304460108280182,-0.01591736078262329,-0.060421884059906006,-0.7866035103797913,-1.5336289405822754,1.399943470954895,1.1524723768234253,0.03,1.2556965351104736,-0.07440151274204254,0.34349703788757324,0.04208049923181534,-0.02373882196843624,0.09956855326890945,0.9938570857048035,0,0,0,0,0,0,0,0,0,0,0,0,0,0
2.7478463649749756,0.0,-0.003963649272918701,0.02304460108280182,-0.01591736078262329,-0.060421884059906006,-0.7866035103797913,-1.5336289405822754,1.399943470954895,1.1524723768234253,0.03,1.2556965351104736,-0.07440151274204254,0.34349703788757324,0.04208049923181534,-0.02373882196843624,0.09956855326890945,0.9938570857048035,0,0,0,0,0,0,0,0,0,0,0,0,0,0
2.74896502494812,0.0,-0.003963649272918701,0.02304460108280182,-0.01591736078262329,-0.060421884059906006,-0.7866035103797913,-1.5336289405822754,1.399943470954895,1.1524723768234253,0.03,1.2556965351104736,-0.07440151274204254,0.34349703788757324,0.04208049923181534,-0.02373882196843624,0.09956855326890945,0.9938570857048035,0,0,0,0,0,0,0,0,0,0,0,0,0,0
2.750039577484131,0.0,-0.003963649272918701,0.02304460108280182,-0.01591736078262329,-0.060421884059906006,-0.7866035103797913,-1.5336289405822754,1.399943470954895,1.1524723768234253,0.03,1.2556965351104736,-0.07440151274204254,0.34349703788757324,0.04208049923181534,-0.02373882196843624,0.09956855326890945,0.9938570857048035,0,0,0,0,0,0,0,0,0,0,0,0,0,0
2.751129627227783,0.0,-0.003963649272918701,0.02304460108280182,-0.01591736078262329,-0.060421884059906006,-0.7866035103797913,-1.5336289405822754,1.399943470954895,1.1524723768234253,0.03,1.2556965351104736,-0.07440151274204254,0.34349703788757324,0.04208049923181534,-0.02373882196843624,0.09956855326890945,0.9938570857048035,0,0,0,0,0,0,0,0,0,0,0,0,0,0
2.752584934234619,0.0,-0.003963649272918701,0.02304460108280182,-0.01591736078262329,-0.060421884059906006,-0.7866035103797913,-1.5336289405822754,1.399943470954895,1.1524723768234253,0.03,1.2556965351104736,-0.07440151274204254,0.34349703788757324,0.04208049923181534,-0.02373882196843624,0.09956855326890945,0.9938570857048035,0,0,0,0,0,0,0,0,0,0,0,0,0,0
2.753997564315796,0.0,-0.003963649272918701,0.02304460108280182,-0.01591736078262329,-0.060421884059906006,-0.7866035103797913,-1.5336289405822754,1.399943470954895,1.1524723768234253,0.03,1.2556965351104736,-0.07440151274204254,0.34349703788757324,0.04208049923181534,-0.02373882196843624,0.09956855326890945,0.9938570857048035,0,0,0,0,0,0,0,0,0,0,0,0,0,0
2.755120277404785,0.0,-0.003963649272918701,0.02304460108280182,-0.01591736078262329,-0.060421884059906006,-0.7866035103797913,-1.5336289405822754,1.399943470954895,1.1524723768234253,0.03,1.2556965351104736,-0.07440151274204254,0.34349703788757324,0.04208049923181534,-0.02373882196843624,0.09956855326890945,0.9938570857048035,0,0,0,0,0,0,0,0,0,0,0,0,0,0
2.7571375370025635,0.0,-0.003963649272918701,0.02304460108280182,-0.01591736078262329,-0.060421884059906006,-0.7866035103797913,-1.5336289405822754,1.399943470954895,1.1524723768234253,0.03,1.2556965351104736,-0.07440151274204254,0.34349703788757324,0.04208049923181534,-0.02373882196843624,0.09956855326890945,0.9938570857048035,0,0,0,0,0,0,0,0,0,0,0,0,0,0
2.7584891319274902,0.0,-0.003963649272918701,0.02304460108280182,-0.01591736078262329,-0.060421884059906006,-0.7866035103797913,-1.5336289405822754,1.399943470954895,1.1524723768234253,0.03,1.2556965351104736,-0.07440151274204254,0.34349703788757324,0.04208049923181534,-0.02373882196843624,0.09956855326890945,0.9938570857048035,0,0,0,0,0,0,0,0,0,0,0,0,0,0
2.759559392929077,0.0,-0.003963649272918701,0.02304460108280182,-0.01591736078262329,-0.060421884059906006,-0.7866035103797913,-1.5336289405822754,1.399943470954895,1.1524723768234253,0.03,1.2556965351104736,-0.07440151274204254,0.34349703788757324,0.04208049923181534,-0.02373882196843624,0.09956855326890945,0.9938570857048035,0,0,0,0,0,0,0,0,0,0,0,0,0,0
2.7612781524658203,0.0,-0.003963649272918701,0.02304460108280182,-0.01591736078262329,-0.060421884059906006,-0.7866035103797913,-1.5336289405822754,1.399943470954895,1.1524723768234253,0.03,1.2556965351104736,-0.07440151274204254,0.34349703788757324,0.04208049923181534,-0.02373882196843624,0.09956855326890945,0.9938570857048035,0,0,0,0,0,0,0,0,0,0,0,0,0,0
2.762660503387451,0.0,-0.003963649272918701,0.02304460108280182,-0.01591736078262329,-0.060421884059906006,-0.7866035103797913,-1.5336289405822754,1.399943470954895,1.1524723768234253,0.03,1.2556965351104736,-0.07440151274204254,0.34349703788757324,0.04208049923181534,-0.02373882196843624,0.09956855326890945,0.9938570857048035,0,0,0,0,0,0,0,0,0,0,0,0,0,0
2.763901472091675,0.0,-0.003963649272918701,0.02304460108280182,-0.01591736078262329,-0.060421884059906006,-0.7866035103797913,-1.5336289405822754,1.399943470954895,1.1524723768234253,0.03,1.2556965351104736,-0.07440151274204254,0.34349703788757324,0.04208049923181534,-0.02373882196843624,0.09956855326890945,0.9938570857048035,0,0,0,0,0,0,0,0,0,0,0,0,0,0
2.7656021118164062,0.0,-0.003963649272918701,0.02304460108280182,-0.01591736078262329,-0.060421884059906006,-0.7866035103797913,-1.5336289405822754,1.399943470954895,1.1524723768234253,0.03,1.2556965351104736,-0.07440151274204254,0.34349703788757324,0.04208049923181534,-0.02373882196843624,0.09956855326890945,0.9938570857048035,0,0,0,0,0,0,0,0,0,0,0,0,0,0
2.766765832901001,0.0,-0.003963649272918701,0.02304460108280182,-0.01591736078262329,-0.060421884059906006,-0.7866035103797913,-1.5336289405822754,1.399943470954895,1.1524723768234253,0.03,1.2556965351104736,-0.07440151274204254,0.34349703788757324,0.04208049923181534,-0.02373882196843624,0.09956855326890945,0.9938570857048035,0,0,0,0,0,0,0,0,0,0,0,0,0,0
2.7678866386413574,0.0,-0.003963649272918701,0.02304460108280182,-0.01591736078262329,-0.060421884059906006,-0.7866035103797913,-1.5336289405822754,1.399943470954895,1.1524723768234253,0.03,1.2556965351104736,-0.07440151274204254,0.34349703788757324,0.04208049923181534,-0.02373882196843624,0.09956855326890945,0.9938570857048035,0,0,0,0,0,0,0,0,0,0,0,0,0,0
2.768972158432007,0.0,-0.003963649272918701,0.02304460108280182,-0.01591736078262329,-0.060421884059906006,-0.7866035103797913,-1.5336289405822754,1.399943470954895,1.1524723768234253,0.03,1.2556965351104736,-0.07440151274204254,0.34349703788757324,0.04208049923181534,-0.02373882196843624,0.09956855326890945,0.9938570857048035,0,0,0,0,0,0,0,0,0,0,0,0,0,0
2.770340919494629,0.0,-0.003963649272918701,0.02304460108280182,-0.01591736078262329,-0.060421884059906006,-0.7866035103797913,-1.5336289405822754,1.399943470954895,1.1524723768234253,0.03,1.2556965351104736,-0.07440151274204254,0.34349703788757324,0.04208049923181534,-0.02373882196843624,0.09956855326890945,0.9938570857048035,0,0,0,0,0,0,0,0,0,0,0,0,0,0
2.771406412124634,0.0,-0.003963649272918701,0.02304460108280182,-0.01591736078262329,-0.060421884059906006,-0.7866035103797913,-1.5336289405822754,1.399943470954895,1.1524723768234253,0.03,1.2556965351104736,-0.07440151274204254,0.34349703788757324,0.04208049923181534,-0.02373882196843624,0.09956855326890945,0.9938570857048035,0,0,0,0,0,0,0,0,0,0,0,0,0,0
2.7773797512054443,0.0,-0.003963649272918701,0.02304460108280182,-0.01591736078262329,-0.060421884059906006,-0.7866035103797913,-1.5336289405822754,1.399943470954895,1.1524723768234253,0.03,1.2556965351104736,-0.07440151274204254,0.34349703788757324,0.04208049923181534,-0.02373882196843624,0.09956855326890945,0.9938570857048035,0,0,0,0,0,0,0,0,0,0,0,0,0,0
2.7787392139434814,0.0,-0.003963649272918701,0.02304460108280182,-0.01591736078262329,-0.060421884059906006,-0.7866035103797913,-1.5336289405822754,1.399943470954895,1.1524723768234253,0.03,1.2556965351104736,-0.07440151274204254,0.34349703788757324,0.04208049923181534,-0.02373882196843624,0.09956855326890945,0.9938570857048035,0,0,0,0,0,0,0,0,0,0,0,0,0,0
2.779981851577759,0.0,-0.003963649272918701,0.02304460108280182,-0.01591736078262329,-0.060421884059906006,-0.7866035103797913,-1.5336289405822754,1.399943470954895,1.1524723768234253,0.03,1.2557297945022583,-0.07429349422454834,0.34353306889533997,0.04141559079289436,-0.02323831431567669,0.1030820831656456,0.9935385584831238,0,0,0,0,0,0,0,0,0,0,0,0,0,0
2.781240940093994,0.0,-0.003963649272918701,0.02304460108280182,-0.01591736078262329,-0.060421884059906006,-0.7866035103797913,-1.5336289405822754,1.399943470954895,1.1524723768234253,0.03,1.2556949853897095,-0.07439182698726654,0.34348300099372864,0.0420943982899189,-0.023688338696956635,0.10177966952323914,0.9936336278915405,0,0,0,0,0,0,0,0,0,0,0,0,0,0
2.7824366092681885,0.0,-0.003963649272918701,0.02304460108280182,-0.01591736078262329,-0.060421884059906006,-0.7866035103797913,-1.5336289405822754,1.399943470954895,1.1524723768234253,0.03,1.2556949853897095,-0.07439182698726654,0.34348300099372864,0.0420943982899189,-0.023688338696956635,0.10177966952323914,0.9936336278915405,0,0,0,0,0,0,0,0,0,0,0,0,0,0
2.783856153488159,0.0,-0.003963649272918701,0.02304460108280182,-0.01591736078262329,-0.060421884059906006,-0.7866035103797913,-1.5336289405822754,1.399943470954895,1.1524723768234253,0.03,1.2556949853897095,-0.07439182698726654,0.34348300099372864,0.0420943982899189,-0.023688338696956635,0.10177966952323914,0.9936336278915405,0,0,0,0,0,0,0,0,0,0,0,0,0,0
2.785308837890625,0.0,-0.003963649272918701,0.02304460108280182,-0.01591736078262329,-0.060421884059906006,-0.7866035103797913,-1.5336289405822754,1.399943470954895,1.1524723768234253,0.03,1.2556949853897095,-0.07439182698726654,0.34348300099372864,0.0420943982899189,-0.023688338696956635,0.10177966952323914,0.9936336278915405,0,0,0,0,0,0,0,0,0,0,0,0,0,0
2.7878012657165527,0.0,-0.003963649272918701,0.02304460108280182,-0.01591736078262329,-0.060421884059906006,-0.7866035103797913,-1.5336289405822754,1.399943470954895,1.1524723768234253,0.03,1.2556949853897095,-0.07439182698726654,0.34348300099372864,0.0420943982899189,-0.023688338696956635,0.10177966952323914,0.9936336278915405,0,0,0,0,0,0,0,0,0,0,0,0,0,0
2.789083242416382,0.0,-0.003963649272918701,0.02304460108280182,-0.01591736078262329,-0.060421884059906006,-0.7866035103797913,-1.5336289405822754,1.399943470954895,1.1524723768234253,0.03,1.2556949853897095,-0.07439182698726654,0.34348300099372864,0.0420943982899189,-0.023688338696956635,0.10177966952323914,0.9936336278915405,0,0,0,0,0,0,0,0,0,0,0,0,0,0
2.7917277812957764,0.0,-0.003963649272918701,0.02304460108280182,-0.01591736078262329,-0.060421884059906006,-0.7866035103797913,-1.5336289405822754,1.399943470954895,1.1524723768234253,0.03,1.2556949853897095,-0.07439182698726654,0.34348300099372864,0.0420943982899189,-0.023688338696956635,0.10177966952323914,0.9936336278915405,0,0,0,0,0,0,0,0,0,0,0,0,0,0
2.7934186458587646,0.0,-0.003963649272918701,0.02304460108280182,-0.01591736078262329,-0.060421884059906006,-0.7866035103797913,-1.5336289405822754,1.399943470954895,1.1524723768234253,0.03,1.2556949853897095,-0.07439182698726654,0.34348300099372864,0.0420943982899189,-0.023688338696956635,0.10177966952323914,0.9936336278915405,0,0,0,0,0,0,0,0,0,0,0,0,0,0
2.7959513664245605,0.0,-0.003963649272918701,0.02304460108280182,-0.01591736078262329,-0.060421884059906006,-0.7866035103797913,-1.5336289405822754,1.399943470954895,1.1524723768234253,0.03,1.2556949853897095,-0.07439182698726654,0.34348300099372864,0.0420943982899189,-0.023688338696956635,0.10177966952323914,0.9936336278915405,0,0,0,0,0,0,0,0,0,0,0,0,0,0
2.800173759460449,0.0,-0.003963649272918701,0.02304460108280182,-0.01591736078262329,-0.060421884059906006,-0.7866035103797913,-1.5336289405822754,1.399943470954895,1.1524723768234253,0.03,1.255691409111023,-0.07442656904459,0.3434162139892578,0.04194115102291107,-0.02368604950606823,0.10032510757446289,0.9937881827354431,0,0,0,0,0,0,0,0,0,0,0,0,0,0
2.8012800216674805,0.0,-0.003963649272918701,0.02304460108280182,-0.01591736078262329,-0.060421884059906006,-0.7866035103797913,-1.5336289405822754,1.399943470954895,1.1524723768234253,0.03,1.255691409111023,-0.07442656904459,0.3434162139892578,0.04194115102291107,-0.02368604950606823,0.10032510757446289,0.9937881827354431,0,0,0,0,0,0,0,0,0,0,0,0,0,0
2.8027963638305664,0.0,-0.003963649272918701,0.02304460108280182,-0.01591736078262329,-0.060421884059906006,-0.7866035103797913,-1.5336289405822754,1.399943470954895,1.1524723768234253,0.03,1.255691409111023,-0.07442656904459,0.3434162139892578,0.04194115102291107,-0.02368604950606823,0.10032510757446289,0.9937881827354431,0,0,0,0,0,0,0,0,0,0,0,0,0,0
2.804413318634033,0.0,-0.003963649272918701,0.02304460108280182,-0.01591736078262329,-0.060421884059906006,-0.7866035103797913,-1.5336289405822754,1.399943470954895,1.1524723768234253,0.03,1.255691409111023,-0.07442656904459,0.3434162139892578,0.04194115102291107,-0.02368604950606823,0.10032510757446289,0.9937881827354431,0,0,0,0,0,0,0,0,0,0,0,0,0,0
2.8066751956939697,0.0,-0.003963649272918701,0.02304460108280182,-0.01591736078262329,-0.060421884059906006,-0.7866035103797913,-1.5336289405822754,1.399943470954895,1.1524723768234253,0.03,1.255691409111023,-0.07442656904459,0.3434162139892578,0.04194115102291107,-0.02368604950606823,0.10032510757446289,0.9937881827354431,0,0,0,0,0,0,0,0,0,0,0,0,0,0
2.8078882694244385,0.0,-0.003963649272918701,0.02304460108280182,-0.01591736078262329,-0.060421884059906006,-0.7866035103797913,-1.5336289405822754,1.399943470954895,1.1524723768234253,0.03,1.255691409111023,-0.07442656904459,0.3434162139892578,0.04194115102291107,-0.02368604950606823,0.10032510757446289,0.9937881827354431,0,0,0,0,0,0,0,0,0,0,0,0,0,0
2.8091139793395996,0.0,-0.003963649272918701,0.02304460108280182,-0.01591736078262329,-0.060421884059906006,-0.7866035103797913,-1.5336289405822754,1.399943470954895,1.1524723768234253,0.03,1.2556872367858887,-0.07443686574697495,0.34340646862983704,0.04199923202395439,-0.02367078885436058,0.10059095174074173,0.9937591552734375,0,0,0,0,0,0,0,0,0,0,0,0,0,0
2.810260772705078,0.0,-0.003963649272918701,0.02304460108280182,-0.01591736078262329,-0.060421884059906006,-0.7866035103797913,-1.5336289405822754,1.399943470954895,1.1524723768234253,0.03,1.2556872367858887,-0.07443686574697495,0.34340646862983704,0.04199923202395439,-0.02367078885436058,0.10059095174074173,0.9937591552734375,0,0,0,0,0,0,0,0,0,0,0,0,0,0
2.814387559890747,0.0,-0.003963649272918701,0.02304460108280182,-0.01591736078262329,-0.060421884059906006,-0.7866035103797913,-1.5336289405822754,1.399943470954895,1.1524723768234253,0.03,1.2556872367858887,-0.07443686574697495,0.34340646862983704,0.04199923202395439,-0.02367078885436058,0.10059095174074173,0.9937591552734375,0,0,0,0,0,0,0,0,0,0,0,0,0,0
2.8162713050842285,0.0,-0.003963649272918701,0.02304460108280182,-0.01591736078262329,-0.060421884059906006,-0.7866035103797913,-1.5336289405822754,1.399943470954895,1.1524723768234253,0.03,1.2556872367858887,-0.07443686574697495,0.34340646862983704,0.04199923202395439,-0.02367078885436058,0.10059095174074173,0.9937591552734375,0,0,0,0,0,0,0,0,0,0,0,0,0,0
2.817392587661743,0.0,-0.003963649272918701,0.02304460108280182,-0.01591736078262329,-0.060421884059906006,-0.7866035103797913,-1.5336289405822754,1.399943470954895,1.1524723768234253,0.03,1.2556872367858887,-0.07443686574697495,0.34340646862983704,0.04199923202395439,-0.02367078885436058,0.10059095174074173,0.9937591552734375,0,0,0,0,0,0,0,0,0,0,0,0,0,0
2.818549394607544,0.0,-0.003963649272918701,0.02304460108280182,-0.01591736078262329,-0.060421884059906006,-0.7866035103797913,-1.5336289405822754,1.399943470954895,1.1524723768234253,0.03,1.2556872367858887,-0.07443686574697495,0.34340646862983704,0.04199923202395439,-0.02367078885436058,0.10059095174074173,0.9937591552734375,0,0,0,0,0,0,0,0,0,0,0,0,0,0
2.819638729095459,0.0,-0.003963649272918701,0.02304460108280182,-0.01591736078262329,-0.060421884059906006,-0.7866035103797913,-1.5336289405822754,1.399943470954895,1.1524723768234253,0.03,1.2556872367858887,-0.07443686574697495,0.34340646862983704,0.04199923202395439,-0.02367078885436058,0.10059095174074173,0.9937591552734375,0,0,0,0,0,0,0,0,0,0,0,0,0,0
2.8209376335144043,0.0,-0.003963649272918701,0.02304460108280182,-0.01591736078262329,-0.060421884059906006,-0.7866035103797913,-1.5336289405822754,1.399943470954895,1.1524723768234253,0.03,1.2556872367858887,-0.07443686574697495,0.34340646862983704,0.04199923202395439,-0.02367078885436058,0.10059095174074173,0.9937591552734375,0,0,0,0,0,0,0,0,0,0,0,0,0,0
2.8220272064208984,0.0,-0.003963649272918701,0.02304460108280182,-0.01591736078262329,-0.060421884059906006,-0.7866035103797913,-1.5336289405822754,1.399943470954895,1.1524723768234253,0.03,1.2556872367858887,-0.07443686574697495,0.34340646862983704,0.04199923202395439,-0.02367078885436058,0.10059095174074173,0.9937591552734375,0,0,0,0,0,0,0,0,0,0,0,0,0,0
2.823117733001709,0.0,-0.003963649272918701,0.02304460108280182,-0.01591736078262329,-0.060421884059906006,-0.7866035103797913,-1.5336289405822754,1.399943470954895,1.1524723768234253,0.03,1.2556872367858887,-0.07443686574697495,0.34340646862983704,0.04199923202395439,-0.02367078885436058,0.10059095174074173,0.9937591552734375,0,0,0,0,0,0,0,0,0,0,0,0,0,0
2.8242626190185547,0.0,-0.003963649272918701,0.02304460108280182,-0.01591736078262329,-0.060421884059906006,-0.7866035103797913,-1.5336289405822754,1.399943470954895,1.1524723768234253,0.03,1.2556872367858887,-0.07443686574697495,0.34340646862983704,0.04199923202395439,-0.02367078885436058,0.10059095174074173,0.9937591552734375,0,0,0,0,0,0,0,0,0,0,0,0,0,0
2.825535535812378,0.0,-0.003963649272918701,0.02304460108280182,-0.01591736078262329,-0.060421884059906006,-0.7866035103797913,-1.5336289405822754,1.399943470954895,1.1524723768234253,0.03,1.2556872367858887,-0.07443686574697495,0.34340646862983704,0.04199923202395439,-0.02367078885436058,0.10059095174074173,0.9937591552734375,0,0,0,0,0,0,0,0,0,0,0,0,0,0
2.826808214187622,0.0,-0.003963649272918701,0.02304460108280182,-0.01591736078262329,-0.060421884059906006,-0.7866035103797913,-1.5336289405822754,1.399943470954895,1.1524723768234253,0.03,1.2556872367858887,-0.07443686574697495,0.34340646862983704,0.04199923202395439,-0.02367078885436058,0.10059095174074173,0.9937591552734375,0,0,0,0,0,0,0,0,0,0,0,0,0,0
2.828202724456787,0.0,-0.003963649272918701,0.02304460108280182,-0.01591736078262329,-0.060421884059906006,-0.7866035103797913,-1.5336289405822754,1.399943470954895,1.1524723768234253,0.03,1.2556872367858887,-0.07443686574697495,0.34340646862983704,0.04199923202395439,-0.02367078885436058,0.10059095174074173,0.9937591552734375,0,0,0,0,0,0,0,0,0,0,0,0,0,0
2.829395294189453,0.0,-0.003963649272918701,0.02304460108280182,-0.01591736078262329,-0.060421884059906006,-0.7866035103797913,-1.5336289405822754,1.399943470954895,1.1524723768234253,0.03,1.2556872367858887,-0.07443686574697495,0.34340646862983704,0.04199923202395439,-0.02367078885436058,0.10059095174074173,0.9937591552734375,0,0,0,0,0,0,0,0,0,0,0,0,0,0
2.8310954570770264,0.0,-0.003963649272918701,0.02304460108280182,-0.01591736078262329,-0.060421884059906006,-0.7866035103797913,-1.5336289405822754,1.399943470954895,1.1524723768234253,0.03,1.2556872367858887,-0.07443686574697495,0.34340646862983704,0.04199923202395439,-0.02367078885436058,0.10059095174074173,0.9937591552734375,0,0,0,0,0,0,0,0,0,0,0,0,0,0
2.832578420639038,0.0,-0.003963649272918701,0.02304460108280182,-0.01591736078262329,-0.060421884059906006,-0.7866035103797913,-1.5336289405822754,1.399943470954895,1.1524723768234253,0.03,1.2556872367858887,-0.07443686574697495,0.34340646862983704,0.04199923202395439,-0.02367078885436058,0.10059095174074173,0.9937591552734375,0,0,0,0,0,0,0,0,0,0,0,0,0,0
2.834794521331787,0.0,-0.003963649272918701,0.02304460108280182,-0.01591736078262329,-0.060421884059906006,-0.7866035103797913,-1.5336289405822754,1.399943470954895,1.1524723768234253,0.03,1.2556872367858887,-0.07443686574697495,0.34340646862983704,0.04199923202395439,-0.02367078885436058,0.10059095174074173,0.9937591552734375,0,0,0,0,0,0,0,0,0,0,0,0,0,0
2.835911750793457,0.0,-0.003963649272918701,0.02304460108280182,-0.01591736078262329,-0.060421884059906006,-0.7866035103797913,-1.5336289405822754,1.399943470954895,1.1524723768234253,0.03,1.2556872367858887,-0.07443686574697495,0.34340646862983704,0.04199923202395439,-0.02367078885436058,0.10059095174074173,0.9937591552734375,0,0,0,0,0,0,0,0,0,0,0,0,0,0
2.83708119392395,0.0,-0.003963649272918701,0.02304460108280182,-0.01591736078262329,-0.060421884059906006,-0.7866035103797913,-1.5336289405822754,1.399943470954895,1.1524723768234253,0.03,1.2556872367858887,-0.07443686574697495,0.34340646862983704,0.04199923202395439,-0.02367078885436058,0.10059095174074173,0.9937591552734375,0,0,0,0,0,0,0,0,0,0,0,0,0,0
2.839125871658325,0.0,-0.003963649272918701,0.02304460108280182,-0.01591736078262329,-0.060421884059906006,-0.7866035103797913,-1.5336289405822754,1.399943470954895,1.1524723768234253,0.03,1.2556872367858887,-0.07443686574697495,0.34340646862983704,0.04199923202395439,-0.02367078885436058,0.10059095174074173,0.9937591552734375,0,0,0,0,0,0,0,0,0,0,0,0,0,0
2.8405935764312744,0.0,-0.0039101243019104,0.023988977074623108,-0.015663444995880127,-0.06087052822113037,-0.7840916514396667,-1.7064132690429688,1.4459786415100098,1.1112494468688965,0.03,1.2557041645050049,-0.07439877092838287,0.3434435725212097,0.041247766464948654,-0.023596040904521942,0.09292662143707275,0.994538426399231,0,0,0,0,0,0,0,0,0,0,0,0,0,0
2.841705799102783,0.0,-0.0039101243019104,0.023988977074623108,-0.015663444995880127,-0.06087052822113037,-0.7840916514396667,-1.7064132690429688,1.4459786415100098,1.1112494468688965,0.03,1.2557041645050049,-0.07439877092838287,0.3434435725212097,0.041247766464948654,-0.023596040904521942,0.09292662143707275,0.994538426399231,0,0,0,0,0,0,0,0,0,0,0,0,0,0
2.8428261280059814,0.0,-0.0039101243019104,0.023988977074623108,-0.015663444995880127,-0.06087052822113037,-0.7840916514396667,-1.7064132690429688,1.4459786415100098,1.1112494468688965,0.03,1.2557041645050049,-0.07439877092838287,0.3434435725212097,0.041247766464948654,-0.023596040904521942,0.09292662143707275,0.994538426399231,0,0,0,0,0,0,0,0,0,0,0,0,0,0
2.844027280807495,0.0,-0.003901362419128418,0.02412518858909607,-0.015601694583892822,-0.06093078851699829,-0.7841905355453491,-1.6517415046691895,1.3949992656707764,1.0907468795776367,0.03,1.2557041645050049,-0.07439877092838287,0.3434435725212097,0.041247766464948654,-0.023596040904521942,0.09292662143707275,0.994538426399231,0,0,0,0,0,0,0,0,0,0,0,0,0,0
2.8458845615386963,0.0,-0.003901362419128418,0.02412518858909607,-0.015601694583892822,-0.06093078851699829,-0.7841905355453491,-1.6517415046691895,1.3949992656707764,1.0907468795776367,0.03,1.2557041645050049,-0.07439877092838287,0.3434435725212097,0.041247766464948654,-0.023596040904521942,0.09292662143707275,0.994538426399231,0,0,0,0,0,0,0,0,0,0,0,0,0,0
2.8471853733062744,0.0,-0.0036646127700805664,0.028542935848236084,-0.014381051063537598,-0.06276196241378784,-0.8486449718475342,-1.6311911344528198,1.3872106075286865,0.9718608856201172,0.03,1.2557041645050049,-0.07439877092838287,0.3434435725212097,0.041247766464948654,-0.023596040904521942,0.09292662143707275,0.994538426399231,0,0,0,0,0,0,0,0,0,0,0,0,0,0
2.8487346172332764,0.0,-0.0036646127700805664,0.028542935848236084,-0.014381051063537598,-0.06276196241378784,-0.8486449718475342,-1.6311911344528198,1.3872106075286865,0.9718608856201172,0.03,1.2557041645050049,-0.07439877092838287,0.3434435725212097,0.041247766464948654,-0.023596040904521942,0.09292662143707275,0.994538426399231,0,0,0,0,0,0,0,0,0,0,0,0,0,0
2.849984645843506,0.0,-0.0036646127700805664,0.028542935848236084,-0.014381051063537598,-0.06276196241378784,-0.8486449718475342,-1.6311911344528198,1.3872106075286865,0.9718608856201172,0.03,1.2557041645050049,-0.07439877092838287,0.3434435725212097,0.041247766464948654,-0.023596040904521942,0.09292662143707275,0.994538426399231,0,0,0,0,0,0,0,0,0,0,0,0,0,0
2.851130247116089,0.0,-0.0035973787307739258,0.029575571417808533,-0.014150142669677734,-0.06312394142150879,-0.8366587162017822,-1.5341237783432007,1.3891874551773071,0.9421456456184387,0.03,1.2557041645050049,-0.07439877092838287,0.3434435725212097,0.041247766464948654,-0.023596040904521942,0.09292662143707275,0.994538426399231,0,0,0,0,0,0,0,0,0,0,0,0,0,0
2.8522777557373047,0.0,-0.0035973787307739258,0.029575571417808533,-0.014150142669677734,-0.06312394142150879,-0.8366587162017822,-1.5341237783432007,1.3891874551773071,0.9421456456184387,0.03,1.2557041645050049,-0.07439877092838287,0.3434435725212097,0.041247766464948654,-0.023596040904521942,0.09292662143707275,0.994538426399231,0,0,0,0,0,0,0,0,0,0,0,0,0,0
2.853522777557373,0.0,-0.003471195697784424,0.031750962138175964,-0.013520956039428711,-0.06393814086914062,-0.8495005965232849,-1.543358325958252,1.3650568723678589,0.9631380438804626,0.03,1.2557754516601562,-0.07438909262418747,0.3434910178184509,0.041517481207847595,-0.02287481352686882,0.09596062451601028,0.994255781173706,0,0,0,0,0,0,0,0,0,0,0,0,0,0
2.8546102046966553,0.0,-0.003471195697784424,0.031750962138175964,-0.013520956039428711,-0.06393814086914062,-0.8495005965232849,-1.543358325958252,1.3650568723678589,0.9631380438804626,0.03,1.2557754516601562,-0.07438909262418747,0.3434910178184509,0.041517481207847595,-0.02287481352686882,0.09596062451601028,0.994255781173706,0,0,0,0,0,0,0,0,0,0,0,0,0,0
2.8558428287506104,0.0,-0.003471195697784424,0.031750962138175964,-0.013520956039428711,-0.06393814086914062,-0.8495005965232849,-1.543358325958252,1.3650568723678589,0.9631380438804626,0.03,1.2557754516601562,-0.07438909262418747,0.3434910178184509,0.041517481207847595,-0.02287481352686882,0.09596062451601028,0.994255781173706,0,0,0,0,0,0,0,0,0,0,0,0,0,0
2.857417345046997,0.0,-0.003471195697784424,0.031750962138175964,-0.013520956039428711,-0.06393814086914062,-0.8495005965232849,-1.543358325958252,1.3650568723678589,0.9631380438804626,0.03,1.2557754516601562,-0.07438909262418747,0.3434910178184509,0.041517481207847595,-0.02287481352686882,0.09596062451601028,0.994255781173706,0,0,0,0,0,0,0,0,0,0,0,0,0,0
2.860886335372925,0.0,-0.003471195697784424,0.031750962138175964,-0.013520956039428711,-0.06393814086914062,-0.8495005965232849,-1.543358325958252,1.3650568723678589,0.9631380438804626,0.03,1.2557754516601562,-0.07438909262418747,0.3434910178184509,0.041517481207847595,-0.02287481352686882,0.09596062451601028,0.994255781173706,0,0,0,0,0,0,0,0,0,0,0,0,0,0
2.8625290393829346,0.0,-0.003471195697784424,0.031750962138175964,-0.013520956039428711,-0.06393814086914062,-0.8495005965232849,-1.543358325958252,1.3650568723678589,0.9631380438804626,0.03,1.2557754516601562,-0.07438909262418747,0.3434910178184509,0.041517481207847595,-0.02287481352686882,0.09596062451601028,0.994255781173706,0,0,0,0,0,0,0,0,0,0,0,0,0,0
2.864790916442871,0.0,-0.003471195697784424,0.031750962138175964,-0.013520956039428711,-0.06393814086914062,-0.8495005965232849,-1.543358325958252,1.3650568723678589,0.9631380438804626,0.03,1.2557754516601562,-0.07438909262418747,0.3434910178184509,0.041517481207847595,-0.02287481352686882,0.09596062451601028,0.994255781173706,0,0,0,0,0,0,0,0,0,0,0,0,0,0
2.8663151264190674,0.0,-0.003471195697784424,0.031750962138175964,-0.013520956039428711,-0.06393814086914062,-0.8495005965232849,-1.543358325958252,1.3650568723678589,0.9631380438804626,0.03,1.2557754516601562,-0.07438909262418747,0.3434910178184509,0.041517481207847595,-0.02287481352686882,0.09596062451601028,0.994255781173706,0,0,0,0,0,0,0,0,0,0,0,0,0,0
2.867553234100342,0.0,-0.003471195697784424,0.031750962138175964,-0.013520956039428711,-0.06393814086914062,-0.8495005965232849,-1.543358325958252,1.3650568723678589,0.9631380438804626,0.03,1.2557754516601562,-0.07438909262418747,0.3434910178184509,0.041517481207847595,-0.02287481352686882,0.09596062451601028,0.994255781173706,0,0,0,0,0,0,0,0,0,0,0,0,0,0
2.8691933155059814,0.0,-0.003471195697784424,0.031750962138175964,-0.013520956039428711,-0.06393814086914062,-0.8495005965232849,-1.543358325958252,1.3650568723678589,0.9631380438804626,0.03,1.2557754516601562,-0.07438909262418747,0.3434910178184509,0.041517481207847595,-0.02287481352686882,0.09596062451601028,0.994255781173706,0,0,0,0,0,0,0,0,0,0,0,0,0,0
2.870598077774048,0.0,-0.003471195697784424,0.031750962138175964,-0.013520956039428711,-0.06393814086914062,-0.8495005965232849,-1.543358325958252,1.3650568723678589,0.9631380438804626,0.03,1.2557754516601562,-0.07438909262418747,0.3434910178184509,0.041517481207847595,-0.02287481352686882,0.09596062451601028,0.994255781173706,0,0,0,0,0,0,0,0,0,0,0,0,0,0
2.871687650680542,0.0,-0.003471195697784424,0.031750962138175964,-0.013520956039428711,-0.06393814086914062,-0.8495005965232849,-1.543358325958252,1.3650568723678589,0.9631380438804626,0.03,1.2557754516601562,-0.07438909262418747,0.3434910178184509,0.041517481207847595,-0.02287481352686882,0.09596062451601028,0.994255781173706,0,0,0,0,0,0,0,0,0,0,0,0,0,0
2.873936891555786,0.0,-0.003471195697784424,0.031750962138175964,-0.013520956039428711,-0.06393814086914062,-0.8495005965232849,-1.543358325958252,1.3650568723678589,0.9631380438804626,0.03,1.2557754516601562,-0.07438909262418747,0.3434910178184509,0.041517481207847595,-0.02287481352686882,0.09596062451601028,0.994255781173706,0,0,0,0,0,0,0,0,0,0,0,0,0,0
2.8756158351898193,0.0,-0.003471195697784424,0.031750962138175964,-0.013520956039428711,-0.06393814086914062,-0.8495005965232849,-1.543358325958252,1.3650568723678589,0.9631380438804626,0.03,1.2557754516601562,-0.07438909262418747,0.3434910178184509,0.041517481207847595,-0.02287481352686882,0.09596062451601028,0.994255781173706,0,0,0,0,0,0,0,0,0,0,0,0,0,0
2.8767809867858887,0.0,-0.003471195697784424,0.031750962138175964,-0.013520956039428711,-0.06393814086914062,-0.8495005965232849,-1.543358325958252,1.3650568723678589,0.9631380438804626,0.03,1.2557754516601562,-0.07438909262418747,0.3434910178184509,0.041517481207847595,-0.02287481352686882,0.09596062451601028,0.994255781173706,0,0,0,0,0,0,0,0,0,0,0,0,0,0
2.879586696624756,0.0,-0.003471195697784424,0.031750962138175964,-0.013520956039428711,-0.06393814086914062,-0.8495005965232849,-1.543358325958252,1.3650568723678589,0.9631380438804626,0.03,1.2557754516601562,-0.07438909262418747,0.3434910178184509,0.041517481207847595,-0.02287481352686882,0.09596062451601028,0.994255781173706,0,0,0,0,0,0,0,0,0,0,0,0,0,0
2.8814165592193604,0.0,-0.003471195697784424,0.031750962138175964,-0.013520956039428711,-0.06393814086914062,-0.8495005965232849,-1.543358325958252,1.3650568723678589,0.9631380438804626,0.03,1.2557754516601562,-0.07438909262418747,0.3434910178184509,0.041517481207847595,-0.02287481352686882,0.09596062451601028,0.994255781173706,0,0,0,0,0,0,0,0,0,0,0,0,0,0
2.8829119205474854,0.0,-0.003471195697784424,0.031750962138175964,-0.013520956039428711,-0.06393814086914062,-0.8495005965232849,-1.543358325958252,1.3650568723678589,0.9631380438804626,0.03,1.2557754516601562,-0.07438909262418747,0.3434910178184509,0.041517481207847595,-0.02287481352686882,0.09596062451601028,0.994255781173706,0,0,0,0,0,0,0,0,0,0,0,0,0,0
2.8843860626220703,0.0,-0.003471195697784424,0.031750962138175964,-0.013520956039428711,-0.06393814086914062,-0.8495005965232849,-1.543358325958252,1.3650568723678589,0.9631380438804626,0.03,1.2557754516601562,-0.07438909262418747,0.3434910178184509,0.041517481207847595,-0.02287481352686882,0.09596062451601028,0.994255781173706,0,0,0,0,0,0,0,0,0,0,0,0,0,0
2.886367082595825,0.0,-0.003471195697784424,0.031750962138175964,-0.013520956039428711,-0.06393814086914062,-0.8495005965232849,-1.543358325958252,1.3650568723678589,0.9631380438804626,0.03,1.2557754516601562,-0.07438909262418747,0.3434910178184509,0.041517481207847595,-0.02287481352686882,0.09596062451601028,0.994255781173706,0,0,0,0,0,0,0,0,0,0,0,0,0,0
2.887911319732666,0.0,-0.003471195697784424,0.031750962138175964,-0.013520956039428711,-0.06393814086914062,-0.8495005965232849,-1.543358325958252,1.3650568723678589,0.9631380438804626,0.03,1.2557754516601562,-0.07438909262418747,0.3434910178184509,0.041517481207847595,-0.02287481352686882,0.09596062451601028,0.994255781173706,0,0,0,0,0,0,0,0,0,0,0,0,0,0
2.8890109062194824,0.0,-0.003471195697784424,0.031750962138175964,-0.013520956039428711,-0.06393814086914062,-0.8495005965232849,-1.543358325958252,1.3650568723678589,0.9631380438804626,0.03,1.2557754516601562,-0.07438909262418747,0.3434910178184509,0.041517481207847595,-0.02287481352686882,0.09596062451601028,0.994255781173706,0,0,0,0,0,0,0,0,0,0,0,0,0,0
2.891855478286743,0.0,-0.003471195697784424,0.031750962138175964,-0.013520956039428711,-0.06393814086914062,-0.8495005965232849,-1.543358325958252,1.3650568723678589,0.9631380438804626,0.03,1.2557754516601562,-0.07438909262418747,0.3434910178184509,0.041517481207847595,-0.02287481352686882,0.09596062451601028,0.994255781173706,0,0,0,0,0,0,0,0,0,0,0,0,0,0
2.893040895462036,0.0,-0.003471195697784424,0.031750962138175964,-0.013520956039428711,-0.06393814086914062,-0.8495005965232849,-1.543358325958252,1.3650568723678589,0.9631380438804626,0.03,1.2557754516601562,-0.07438909262418747,0.3434910178184509,0.041517481207847595,-0.02287481352686882,0.09596062451601028,0.994255781173706,0,0,0,0,0,0,0,0,0,0,0,0,0,0
2.894197463989258,0.0,-0.003353714942932129,0.03398759663105011,-0.012867987155914307,-0.06474626064300537,-0.9153335690498352,-1.56809401512146,1.2778129577636719,0.9572076797485352,0.03,1.2557754516601562,-0.07438909262418747,0.3434910178184509,0.041517481207847595,-0.02287481352686882,0.09596062451601028,0.994255781173706,0,0,0,0,0,0,0,0,0,0,0,0,0,0
2.8953094482421875,0.0,-0.0032755136489868164,0.035243526101112366,-0.012493014335632324,-0.0652170181274414,-0.9183328151702881,-1.5665583610534668,1.214521884918213,0.971415102481842,0.03,1.2557754516601562,-0.07438909262418747,0.3434910178184509,0.041517481207847595,-0.02287481352686882,0.09596062451601028,0.994255781173706,0,0,0,0,0,0,0,0,0,0,0,0,0,0
2.896632194519043,0.0,-0.003211677074432373,0.03594455122947693,-0.012305021286010742,-0.06551069021224976,-0.9130877256393433,-1.5904256105422974,1.2485886812210083,0.9753904342651367,0.03,1.255744457244873,-0.07448653876781464,0.3434554636478424,0.04192367568612099,-0.023274820297956467,0.09115251153707504,0.9946818947792053,0,0,0,0,0,0,0,0,0,0,0,0,0,0
2.8978054523468018,0.0,-0.003211677074432373,0.03594455122947693,-0.012305021286010742,-0.06551069021224976,-0.9130877256393433,-1.5904256105422974,1.2485886812210083,0.9753904342651367,0.03,1.255744457244873,-0.07448653876781464,0.3434554636478424,0.04192367568612099,-0.023274820297956467,0.09115251153707504,0.9946818947792053,0,0,0,0,0,0,0,0,0,0,0,0,0,0
2.898894786834717,0.0,-0.003211677074432373,0.03594455122947693,-0.012305021286010742,-0.06551069021224976,-0.9130877256393433,-1.5904256105422974,1.2485886812210083,0.9753904342651367,0.03,1.255744457244873,-0.07448653876781464,0.3434554636478424,0.04192367568612099,-0.023274820297956467,0.09115251153707504,0.9946818947792053,0,0,0,0,0,0,0,0,0,0,0,0,0,0
2.9001383781433105,0.0,-0.003170609474182129,0.03652180731296539,-0.012149989604949951,-0.06575644016265869,-0.9122621417045593,-1.6021525859832764,1.24923574924469,0.9557424187660217,0.03,1.2557337284088135,-0.07453740388154984,0.34339502453804016,0.041762854903936386,-0.023266663774847984,0.08958405256271362,0.9948312640190125,0,0,0,0,0,0,0,0,0,0,0,0,0,0
2.9014151096343994,0.0,-0.003170609474182129,0.03652180731296539,-0.012149989604949951,-0.06575644016265869,-0.9122621417045593,-1.6021525859832764,1.24923574924469,0.9557424187660217,0.03,1.2557337284088135,-0.07453740388154984,0.34339502453804016,0.041762854903936386,-0.023266663774847984,0.08958405256271362,0.9948312640190125,0,0,0,0,0,0,0,0,0,0,0,0,0,0
2.902724504470825,0.0,-0.003170609474182129,0.03652180731296539,-0.012149989604949951,-0.06575644016265869,-0.9122621417045593,-1.6021525859832764,1.24923574924469,0.9557424187660217,0.03,1.2557337284088135,-0.07453740388154984,0.34339502453804016,0.041762854903936386,-0.023266663774847984,0.08958405256271362,0.9948312640190125,0,0,0,0,0,0,0,0,0,0,0,0,0,0
2.903939723968506,0.0,-0.003170609474182129,0.03652180731296539,-0.012149989604949951,-0.06575644016265869,-0.9122621417045593,-1.6021525859832764,1.24923574924469,0.9557424187660217,0.03,1.2557337284088135,-0.07453740388154984,0.34339502453804016,0.041762854903936386,-0.023266663774847984,0.08958405256271362,0.9948312640190125,0,0,0,0,0,0,0,0,0,0,0,0,0,0
2.9062063694000244,0.0,-0.003170609474182129,0.03652180731296539,-0.012149989604949951,-0.06575644016265869,-0.9122621417045593,-1.6021525859832764,1.24923574924469,0.9557424187660217,0.03,1.2557337284088135,-0.07453740388154984,0.34339502453804016,0.041762854903936386,-0.023266663774847984,0.08958405256271362,0.9948312640190125,0,0,0,0,0,0,0,0,0,0,0,0,0,0
2.9087889194488525,0.0,-0.003170609474182129,0.03652180731296539,-0.012149989604949951,-0.06575644016265869,-0.9122621417045593,-1.6021525859832764,1.24923574924469,0.9557424187660217,0.03,1.2557337284088135,-0.07453740388154984,0.34339502453804016,0.041762854903936386,-0.023266663774847984,0.08958405256271362,0.9948312640190125,0,0,0,0,0,0,0,0,0,0,0,0,0,0
2.9103848934173584,0.0,-0.003170609474182129,0.03652180731296539,-0.012149989604949951,-0.06575644016265869,-0.9122621417045593,-1.6021525859832764,1.24923574924469,0.9557424187660217,0.03,1.2557337284088135,-0.07453740388154984,0.34339502453804016,0.041762854903936386,-0.023266663774847984,0.08958405256271362,0.9948312640190125,0,0,0,0,0,0,0,0,0,0,0,0,0,0
2.911461114883423,0.0,-0.003170609474182129,0.03652180731296539,-0.012149989604949951,-0.06575644016265869,-0.9122621417045593,-1.6021525859832764,1.24923574924469,0.9557424187660217,0.03,1.2557337284088135,-0.07453740388154984,0.34339502453804016,0.041762854903936386,-0.023266663774847984,0.08958405256271362,0.9948312640190125,0,0,0,0,0,0,0,0,0,0,0,0,0,0
2.912724256515503,0.0,-0.003170609474182129,0.03652180731296539,-0.012149989604949951,-0.06575644016265869,-0.9122621417045593,-1.6021525859832764,1.24923574924469,0.9557424187660217,0.03,1.2557337284088135,-0.07453740388154984,0.34339502453804016,0.041762854903936386,-0.023266663774847984,0.08958405256271362,0.9948312640190125,0,0,0,0,0,0,0,0,0,0,0,0,0,0
2.9144649505615234,0.0,-0.003170609474182129,0.03652180731296539,-0.012149989604949951,-0.06575644016265869,-0.9122621417045593,-1.6021525859832764,1.24923574924469,0.9557424187660217,0.03,1.2557337284088135,-0.07453740388154984,0.34339502453804016,0.041762854903936386,-0.023266663774847984,0.08958405256271362,0.9948312640190125,0,0,0,0,0,0,0,0,0,0,0,0,0,0
2.9162909984588623,0.0,-0.003170609474182129,0.03652180731296539,-0.012149989604949951,-0.06575644016265869,-0.9122621417045593,-1.6021525859832764,1.24923574924469,0.9557424187660217,0.03,1.2557337284088135,-0.07453740388154984,0.34339502453804016,0.041762854903936386,-0.023266663774847984,0.08958405256271362,0.9948312640190125,0,0,0,0,0,0,0,0,0,0,0,0,0,0
2.9175682067871094,0.0,-0.003170609474182129,0.03652180731296539,-0.012149989604949951,-0.06575644016265869,-0.9122621417045593,-1.6021525859832764,1.24923574924469,0.9557424187660217,0.03,1.2557337284088135,-0.07453740388154984,0.34339502453804016,0.041762854903936386,-0.023266663774847984,0.08958405256271362,0.9948312640190125,0,0,0,0,0,0,0,0,0,0,0,0,0,0
2.920421600341797,0.0,-0.003170609474182129,0.03652180731296539,-0.012149989604949951,-0.06575644016265869,-0.9122621417045593,-1.6021525859832764,1.24923574924469,0.9557424187660217,0.03,1.2557337284088135,-0.07453740388154984,0.34339502453804016,0.041762854903936386,-0.023266663774847984,0.08958405256271362,0.9948312640190125,0,0,0,0,0,0,0,0,0,0,0,0,0,0
2.9217677116394043,0.0,-0.003170609474182129,0.03652180731296539,-0.012149989604949951,-0.06575644016265869,-0.9122621417045593,-1.6021525859832764,1.24923574924469,0.9557424187660217,0.03,1.2556986808776855,-0.07443124800920486,0.34340423345565796,0.04083646088838577,-0.023537350818514824,0.09213124215602875,0.9946306943893433,0,0,0,0,0,0,0,0,0,0,0,0,0,0
2.9229297637939453,0.0,-0.003170609474182129,0.03652180731296539,-0.012149989604949951,-0.06575644016265869,-0.9122621417045593,-1.6021525859832764,1.24923574924469,0.9557424187660217,0.03,1.2556986808776855,-0.07443124800920486,0.34340423345565796,0.04083646088838577,-0.023537350818514824,0.09213124215602875,0.9946306943893433,0,0,0,0,0,0,0,0,0,0,0,0,0,0
2.9241230487823486,0.0,-0.003170609474182129,0.03652180731296539,-0.012149989604949951,-0.06575644016265869,-0.9122621417045593,-1.6021525859832764,1.24923574924469,0.9557424187660217,0.03,1.2556986808776855,-0.07443124800920486,0.34340423345565796,0.04083646088838577,-0.023537350818514824,0.09213124215602875,0.9946306943893433,0,0,0,0,0,0,0,0,0,0,0,0,0,0
2.9253807067871094,0.0,-0.003170609474182129,0.03652180731296539,-0.012149989604949951,-0.06575644016265869,-0.9122621417045593,-1.6021525859832764,1.24923574924469,0.9557424187660217,0.03,1.2556986808776855,-0.07443124800920486,0.34340423345565796,0.04083646088838577,-0.023537350818514824,0.09213124215602875,0.9946306943893433,0,0,0,0,0,0,0,0,0,0,0,0,0,0
2.9269845485687256,0.0,-0.003170609474182129,0.03652180731296539,-0.012149989604949951,-0.06575644016265869,-0.9122621417045593,-1.6021525859832764,1.24923574924469,0.9557424187660217,0.03,1.2556986808776855,-0.07443124800920486,0.34340423345565796,0.04083646088838577,-0.023537350818514824,0.09213124215602875,0.9946306943893433,0,0,0,0,0,0,0,0,0,0,0,0,0,0
2.928546667098999,0.0,-0.003170609474182129,0.03652180731296539,-0.012149989604949951,-0.06575644016265869,-0.9122621417045593,-1.6021525859832764,1.24923574924469,0.9557424187660217,0.03,1.2556986808776855,-0.07443124800920486,0.34340423345565796,0.04083646088838577,-0.023537350818514824,0.09213124215602875,0.9946306943893433,0,0,0,0,0,0,0,0,0,0,0,0,0,0
2.9302902221679688,0.0,-0.003170609474182129,0.03652180731296539,-0.012149989604949951,-0.06575644016265869,-0.9122621417045593,-1.6021525859832764,1.24923574924469,0.9557424187660217,0.03,1.2556986808776855,-0.07443124800920486,0.34340423345565796,0.04083646088838577,-0.023537350818514824,0.09213124215602875,0.9946306943893433,0,0,0,0,0,0,0,0,0,0,0,0,0,0
2.9316208362579346,0.0,-0.003170609474182129,0.03652180731296539,-0.012149989604949951,-0.06575644016265869,-0.9122621417045593,-1.6021525859832764,1.24923574924469,0.9557424187660217,0.03,1.2556986808776855,-0.07443124800920486,0.34340423345565796,0.04083646088838577,-0.023537350818514824,0.09213124215602875,0.9946306943893433,0,0,0,0,0,0,0,0,0,0,0,0,0,0
2.932905673980713,0.0,-0.003170609474182129,0.03652180731296539,-0.012149989604949951,-0.06575644016265869,-0.9122621417045593,-1.6021525859832764,1.24923574924469,0.9557424187660217,0.03,1.2556986808776855,-0.07443124800920486,0.34340423345565796,0.04083646088838577,-0.023537350818514824,0.09213124215602875,0.9946306943893433,0,0,0,0,0,0,0,0,0,0,0,0,0,0
2.9342989921569824,0.0,-0.003170609474182129,0.03652180731296539,-0.012149989604949951,-0.06575644016265869,-0.9122621417045593,-1.6021525859832764,1.24923574924469,0.9557424187660217,0.03,1.2556986808776855,-0.07443124800920486,0.34340423345565796,0.04083646088838577,-0.023537350818514824,0.09213124215602875,0.9946306943893433,0,0,0,0,0,0,0,0,0,0,0,0,0,0
2.9354166984558105,0.0,-0.003170609474182129,0.03652180731296539,-0.012149989604949951,-0.06575644016265869,-0.9122621417045593,-1.6021525859832764,1.24923574924469,0.9557424187660217,0.03,1.2556986808776855,-0.07443124800920486,0.34340423345565796,0.04083646088838577,-0.023537350818514824,0.09213124215602875,0.9946306943893433,0,0,0,0,0,0,0,0,0,0,0,0,0,0
2.937244415283203,0.0,-0.003108501434326172,0.037287816405296326,-0.011942267417907715,-0.06606775522232056,-0.8973085284233093,-1.615146517753601,1.2922486066818237,0.9615087509155273,0.03,1.2557055950164795,-0.07439044117927551,0.34346967935562134,0.04125228896737099,-0.02365865372121334,0.09683897346258163,0.9941633939743042,0,0,0,0,0,0,0,0,0,0,0,0,0,0
2.9386446475982666,0.0,-0.003099203109741211,0.03786748647689819,-0.011726975440979004,-0.06632590293884277,-0.9530474543571472,-1.6576060056686401,1.1990867853164673,0.9239246249198914,0.03,1.2557055950164795,-0.07439044117927551,0.34346967935562134,0.04125228896737099,-0.02365865372121334,0.09683897346258163,0.9941633939743042,0,0,0,0,0,0,0,0,0,0,0,0,0,0
2.9400105476379395,0.0,-0.003047645092010498,0.038507819175720215,-0.011528849601745605,-0.06661146879196167,-0.9254957437515259,-1.700994610786438,1.2433680295944214,0.8771415948867798,0.03,1.2557357549667358,-0.07450512796640396,0.3433852791786194,0.04194982722401619,-0.02326320670545101,0.09261077642440796,0.9945462942123413,0,0,0,0,0,0,0,0,0,0,0,0,0,0
2.9411163330078125,0.0,-0.003047645092010498,0.038507819175720215,-0.011528849601745605,-0.06661146879196167,-0.9254957437515259,-1.700994610786438,1.2433680295944214,0.8771415948867798,0.03,1.2557357549667358,-0.07450512796640396,0.3433852791786194,0.04194982722401619,-0.02326320670545101,0.09261077642440796,0.9945462942123413,0,0,0,0,0,0,0,0,0,0,0,0,0,0
2.943265199661255,0.0,-0.003047645092010498,0.038507819175720215,-0.011528849601745605,-0.06661146879196167,-0.9254957437515259,-1.700994610786438,1.2433680295944214,0.8771415948867798,0.03,1.2557357549667358,-0.07450512796640396,0.3433852791786194,0.04194982722401619,-0.02326320670545101,0.09261077642440796,0.9945462942123413,0,0,0,0,0,0,0,0,0,0,0,0,0,0
2.945960521697998,0.0,-0.0029314160346984863,0.039518505334854126,-0.011283278465270996,-0.0670199990272522,-0.8357500433921814,-1.6624242067337036,1.1913982629776,0.8568889498710632,0.03,1.2557395696640015,-0.07453577220439911,0.3433503210544586,0.04115379601716995,-0.023154033347964287,0.08465835452079773,0.9952905178070068,0,0,0,0,0,0,0,0,0,0,0,0,0,0
2.9470672607421875,0.0,-0.0029314160346984863,0.039518505334854126,-0.011283278465270996,-0.0670199990272522,-0.8357500433921814,-1.6624242067337036,1.1913982629776,0.8568889498710632,0.03,1.2557395696640015,-0.07453577220439911,0.3433503210544586,0.04115379601716995,-0.023154033347964287,0.08465835452079773,0.9952905178070068,0,0,0,0,0,0,0,0,0,0,0,0,0,0
2.9497931003570557,0.0,-0.0029314160346984863,0.039518505334854126,-0.011283278465270996,-0.0670199990272522,-0.8357500433921814,-1.6624242067337036,1.1913982629776,0.8568889498710632,0.03,1.2557395696640015,-0.07453577220439911,0.3433503210544586,0.04115379601716995,-0.023154033347964287,0.08465835452079773,0.9952905178070068,0,0,0,0,0,0,0,0,0,0,0,0,0,0
2.9514803886413574,0.0,-0.0029314160346984863,0.039518505334854126,-0.011283278465270996,-0.0670199990272522,-0.8357500433921814,-1.6624242067337036,1.1913982629776,0.8568889498710632,0.03,1.2557395696640015,-0.07453577220439911,0.3433503210544586,0.04115379601716995,-0.023154033347964287,0.08465835452079773,0.9952905178070068,0,0,0,0,0,0,0,0,0,0,0,0,0,0
2.953129768371582,0.0,-0.0029314160346984863,0.039518505334854126,-0.011283278465270996,-0.0670199990272522,-0.8357500433921814,-1.6624242067337036,1.1913982629776,0.8568889498710632,0.03,1.2557395696640015,-0.07453577220439911,0.3433503210544586,0.04115379601716995,-0.023154033347964287,0.08465835452079773,0.9952905178070068,0,0,0,0,0,0,0,0,0,0,0,0,0,0
2.9555580615997314,0.0,-0.0029314160346984863,0.039518505334854126,-0.011283278465270996,-0.0670199990272522,-0.8357500433921814,-1.6624242067337036,1.1913982629776,0.8568889498710632,0.03,1.2557395696640015,-0.07453577220439911,0.3433503210544586,0.04115379601716995,-0.023154033347964287,0.08465835452079773,0.9952905178070068,0,0,0,0,0,0,0,0,0,0,0,0,0,0
2.9574344158172607,0.0,-0.0029314160346984863,0.039518505334854126,-0.011283278465270996,-0.0670199990272522,-0.8357500433921814,-1.6624242067337036,1.1913982629776,0.8568889498710632,0.03,1.2557395696640015,-0.07453577220439911,0.3433503210544586,0.04115379601716995,-0.023154033347964287,0.08465835452079773,0.9952905178070068,0,0,0,0,0,0,0,0,0,0,0,0,0,0
2.958533763885498,0.0,-0.0029314160346984863,0.039518505334854126,-0.011283278465270996,-0.0670199990272522,-0.8357500433921814,-1.6624242067337036,1.1913982629776,0.8568889498710632,0.03,1.2557395696640015,-0.07453577220439911,0.3433503210544586,0.04115379601716995,-0.023154033347964287,0.08465835452079773,0.9952905178070068,0,0,0,0,0,0,0,0,0,0,0,0,0,0
2.9618096351623535,0.0,-0.002872169017791748,0.040898606181144714,-0.010901927947998047,-0.06760156154632568,-0.912662923336029,-1.737878441810608,1.192801833152771,0.8311417102813721,0.03,1.2557426691055298,-0.07449068129062653,0.3434346318244934,0.041128482669591904,-0.02316509559750557,0.0850452184677124,0.9952583909034729,0,0,0,0,0,0,0,0,0,0,0,0,0,0
2.963578939437866,0.0,-0.002872169017791748,0.040898606181144714,-0.010901927947998047,-0.06760156154632568,-0.912662923336029,-1.737878441810608,1.192801833152771,0.8311417102813721,0.03,1.2557426691055298,-0.07449068129062653,0.3434346318244934,0.041128482669591904,-0.02316509559750557,0.0850452184677124,0.9952583909034729,0,0,0,0,0,0,0,0,0,0,0,0,0,0
2.9657723903656006,0.0,-0.002872169017791748,0.040898606181144714,-0.010901927947998047,-0.06760156154632568,-0.912662923336029,-1.737878441810608,1.192801833152771,0.8311417102813721,0.03,1.2557426691055298,-0.07449068129062653,0.3434346318244934,0.041128482669591904,-0.02316509559750557,0.0850452184677124,0.9952583909034729,0,0,0,0,0,0,0,0,0,0,0,0,0,0
2.9669315814971924,0.0,-0.002872169017791748,0.040898606181144714,-0.010901927947998047,-0.06760156154632568,-0.912662923336029,-1.737878441810608,1.192801833152771,0.8311417102813721,0.03,1.2557426691055298,-0.07449068129062653,0.3434346318244934,0.041128482669591904,-0.02316509559750557,0.0850452184677124,0.9952583909034729,0,0,0,0,0,0,0,0,0,0,0,0,0,0
2.968029499053955,0.0,-0.002872169017791748,0.040898606181144714,-0.010901927947998047,-0.06760156154632568,-0.912662923336029,-1.737878441810608,1.192801833152771,0.8311417102813721,0.03,1.2557426691055298,-0.07449068129062653,0.3434346318244934,0.041128482669591904,-0.02316509559750557,0.0850452184677124,0.9952583909034729,0,0,0,0,0,0,0,0,0,0,0,0,0,0
2.9703476428985596,0.0,-0.0028647184371948242,0.04112789034843445,-0.010847866535186768,-0.06771159172058105,-0.9271580576896667,-1.6891088485717773,1.1929885149002075,0.787649929523468,0.03,1.255712866783142,-0.07437752932310104,0.34345293045043945,0.04040580987930298,-0.023474499583244324,0.08829687535762787,0.9949975609779358,0,0,0,0,0,0,0,0,0,0,0,0,0,0
2.972057819366455,0.0,-0.0028647184371948242,0.04112789034843445,-0.010847866535186768,-0.06771159172058105,-0.9271580576896667,-1.6891088485717773,1.1929885149002075,0.787649929523468,0.03,1.255712866783142,-0.07437752932310104,0.34345293045043945,0.04040580987930298,-0.023474499583244324,0.08829687535762787,0.9949975609779358,0,0,0,0,0,0,0,0,0,0,0,0,0,0
2.9731695652008057,0.0,-0.0028647184371948242,0.04112789034843445,-0.010847866535186768,-0.06771159172058105,-0.9271580576896667,-1.6891088485717773,1.1929885149002075,0.787649929523468,0.03,1.255712866783142,-0.07437752932310104,0.34345293045043945,0.04040580987930298,-0.023474499583244324,0.08829687535762787,0.9949975609779358,0,0,0,0,0,0,0,0,0,0,0,0,0,0
2.9742343425750732,0.0,-0.0028647184371948242,0.04112789034843445,-0.010847866535186768,-0.06771159172058105,-0.9271580576896667,-1.6891088485717773,1.1929885149002075,0.787649929523468,0.03,1.255712866783142,-0.07437752932310104,0.34345293045043945,0.04040580987930298,-0.023474499583244324,0.08829687535762787,0.9949975609779358,0,0,0,0,0,0,0,0,0,0,0,0,0,0
2.975384473800659,0.0,-0.0028647184371948242,0.04112789034843445,-0.010847866535186768,-0.06771159172058105,-0.9271580576896667,-1.6891088485717773,1.1929885149002075,0.787649929523468,0.03,1.255712866783142,-0.07437752932310104,0.34345293045043945,0.04040580987930298,-0.023474499583244324,0.08829687535762787,0.9949975609779358,0,0,0,0,0,0,0,0,0,0,0,0,0,0
2.9766242504119873,0.0,-0.0028647184371948242,0.04112789034843445,-0.010847866535186768,-0.06771159172058105,-0.9271580576896667,-1.6891088485717773,1.1929885149002075,0.787649929523468,0.03,1.255712866783142,-0.07437752932310104,0.34345293045043945,0.04040580987930298,-0.023474499583244324,0.08829687535762787,0.9949975609779358,0,0,0,0,0,0,0,0,0,0,0,0,0,0
2.977998971939087,0.0,-0.0028647184371948242,0.04112789034843445,-0.010847866535186768,-0.06771159172058105,-0.9271580576896667,-1.6891088485717773,1.1929885149002075,0.787649929523468,0.03,1.255712866783142,-0.07437752932310104,0.34345293045043945,0.04040580987930298,-0.023474499583244324,0.08829687535762787,0.9949975609779358,0,0,0,0,0,0,0,0,0,0,0,0,0,0
2.9790992736816406,0.0,-0.0028647184371948242,0.04112789034843445,-0.010847866535186768,-0.06771159172058105,-0.9271580576896667,-1.6891088485717773,1.1929885149002075,0.787649929523468,0.03,1.255712866783142,-0.07437752932310104,0.34345293045043945,0.04040580987930298,-0.023474499583244324,0.08829687535762787,0.9949975609779358,0,0,0,0,0,0,0,0,0,0,0,0,0,0
2.980816602706909,0.0,-0.0028647184371948242,0.04112789034843445,-0.010847866535186768,-0.06771159172058105,-0.9271580576896667,-1.6891088485717773,1.1929885149002075,0.787649929523468,0.03,1.255712866783142,-0.07437752932310104,0.34345293045043945,0.04040580987930298,-0.023474499583244324,0.08829687535762787,0.9949975609779358,0,0,0,0,0,0,0,0,0,0,0,0,0,0
2.983009099960327,0.0,-0.0028647184371948242,0.04112789034843445,-0.010847866535186768,-0.06771159172058105,-0.9271580576896667,-1.6891088485717773,1.1929885149002075,0.787649929523468,0.03,1.255712866783142,-0.07437752932310104,0.34345293045043945,0.04040580987930298,-0.023474499583244324,0.08829687535762787,0.9949975609779358,0,0,0,0,0,0,0,0,0,0,0,0,0,0
2.986344575881958,0.0,-0.0028647184371948242,0.04112789034843445,-0.010847866535186768,-0.06771159172058105,-0.9271580576896667,-1.6891088485717773,1.1929885149002075,0.787649929523468,0.03,1.2557015419006348,-0.07442925125360489,0.3433876931667328,0.04100106284022331,-0.023591797798871994,0.09508122503757477,0.99434494972229,0,0,0,0,0,0,0,0,0,0,0,0,0,0
2.9876246452331543,0.0,-0.0028647184371948242,0.04112789034843445,-0.010847866535186768,-0.06771159172058105,-0.9271580576896667,-1.6891088485717773,1.1929885149002075,0.787649929523468,0.03,1.2557015419006348,-0.07442925125360489,0.3433876931667328,0.04100106284022331,-0.023591797798871994,0.09508122503757477,0.99434494972229,0,0,0,0,0,0,0,0,0,0,0,0,0,0
2.988894462585449,0.0,-0.0028647184371948242,0.04112789034843445,-0.010847866535186768,-0.06771159172058105,-0.9271580576896667,-1.6891088485717773,1.1929885149002075,0.787649929523468,0.03,1.2557015419006348,-0.07442925125360489,0.3433876931667328,0.04100106284022331,-0.023591797798871994,0.09508122503757477,0.99434494972229,0,0,0,0,0,0,0,0,0,0,0,0,0,0
2.991025924682617,0.0,-0.0028647184371948242,0.04112789034843445,-0.010847866535186768,-0.06771159172058105,-0.9271580576896667,-1.6891088485717773,1.1929885149002075,0.787649929523468,0.03,1.2557015419006348,-0.07442925125360489,0.3433876931667328,0.04100106284022331,-0.023591797798871994,0.09508122503757477,0.99434494972229,0,0,0,0,0,0,0,0,0,0,0,0,0,0
2.9928197860717773,0.0,-0.0028647184371948242,0.04112789034843445,-0.010847866535186768,-0.06771159172058105,-0.9271580576896667,-1.6891088485717773,1.1929885149002075,0.787649929523468,0.03,1.2557015419006348,-0.07442925125360489,0.3433876931667328,0.04100106284022331,-0.023591797798871994,0.09508122503757477,0.99434494972229,0,0,0,0,0,0,0,0,0,0,0,0,0,0
2.9942102432250977,0.0,-0.0028647184371948242,0.04112789034843445,-0.010847866535186768,-0.06771159172058105,-0.9271580576896667,-1.6891088485717773,1.1929885149002075,0.787649929523468,0.03,1.2557015419006348,-0.07442925125360489,0.3433876931667328,0.04100106284022331,-0.023591797798871994,0.09508122503757477,0.99434494972229,0,0,0,0,0,0,0,0,0,0,0,0,0,0
2.996311664581299,0.0,-0.0028647184371948242,0.04112789034843445,-0.010847866535186768,-0.06771159172058105,-0.9271580576896667,-1.6891088485717773,1.1929885149002075,0.787649929523468,0.03,1.2557015419006348,-0.07442925125360489,0.3433876931667328,0.04100106284022331,-0.023591797798871994,0.09508122503757477,0.99434494972229,0,0,0,0,0,0,0,0,0,0,0,0,0,0
2.9978787899017334,0.0,-0.0028647184371948242,0.04112789034843445,-0.010847866535186768,-0.06771159172058105,-0.9271580576896667,-1.6891088485717773,1.1929885149002075,0.787649929523468,0.03,1.2557015419006348,-0.07442925125360489,0.3433876931667328,0.04100106284022331,-0.023591797798871994,0.09508122503757477,0.99434494972229,0,0,0,0,0,0,0,0,0,0,0,0,0,0
2.998974084854126,0.0,-0.0028647184371948242,0.04112789034843445,-0.010847866535186768,-0.06771159172058105,-0.9271580576896667,-1.6891088485717773,1.1929885149002075,0.787649929523468,0.03,1.2557015419006348,-0.07442925125360489,0.3433876931667328,0.04100106284022331,-0.023591797798871994,0.09508122503757477,0.99434494972229,0,0,0,0,0,0,0,0,0,0,0,0,0,0
3.0000717639923096,0.0,-0.0028647184371948242,0.04112789034843445,-0.010847866535186768,-0.06771159172058105,-0.9271580576896667,-1.6891088485717773,1.1929885149002075,0.787649929523468,0.03,1.2557015419006348,-0.07442925125360489,0.3433876931667328,0.04100106284022331,-0.023591797798871994,0.09508122503757477,0.99434494972229,0,0,0,0,0,0,0,0,0,0,0,0,0,0
3.001373052597046,0.0,-0.0028647184371948242,0.04112789034843445,-0.010847866535186768,-0.06771159172058105,-0.9271580576896667,-1.6891088485717773,1.1929885149002075,0.787649929523468,0.03,1.2557015419006348,-0.07442925125360489,0.3433876931667328,0.04100106284022331,-0.023591797798871994,0.09508122503757477,0.99434494972229,0,0,0,0,0,0,0,0,0,0,0,0,0,0
3.0032899379730225,0.0,-0.0028647184371948242,0.04112789034843445,-0.010847866535186768,-0.06771159172058105,-0.9271580576896667,-1.6891088485717773,1.1929885149002075,0.787649929523468,0.03,1.2557015419006348,-0.07442925125360489,0.3433876931667328,0.04100106284022331,-0.023591797798871994,0.09508122503757477,0.99434494972229,0,0,0,0,0,0,0,0,0,0,0,0,0,0
3.005035400390625,0.0,-0.0028647184371948242,0.04112789034843445,-0.010847866535186768,-0.06771159172058105,-0.9271580576896667,-1.6891088485717773,1.1929885149002075,0.787649929523468,0.03,1.2557015419006348,-0.07442925125360489,0.3433876931667328,0.04100106284022331,-0.023591797798871994,0.09508122503757477,0.99434494972229,0,0,0,0,0,0,0,0,0,0,0,0,0,0
3.0068366527557373,0.0,-0.0028647184371948242,0.04112789034843445,-0.010847866535186768,-0.06771159172058105,-0.9271580576896667,-1.6891088485717773,1.1929885149002075,0.787649929523468,0.03,1.2557015419006348,-0.07442925125360489,0.3433876931667328,0.04100106284022331,-0.023591797798871994,0.09508122503757477,0.99434494972229,0,0,0,0,0,0,0,0,0,0,0,0,0,0
3.008280038833618,0.0,-0.0028647184371948242,0.04112789034843445,-0.010847866535186768,-0.06771159172058105,-0.9271580576896667,-1.6891088485717773,1.1929885149002075,0.787649929523468,0.03,1.2557015419006348,-0.07442925125360489,0.3433876931667328,0.04100106284022331,-0.023591797798871994,0.09508122503757477,0.99434494972229,0,0,0,0,0,0,0,0,0,0,0,0,0,0
3.009427547454834,0.0,-0.0028647184371948242,0.04112789034843445,-0.010847866535186768,-0.06771159172058105,-0.9271580576896667,-1.6891088485717773,1.1929885149002075,0.787649929523468,0.03,1.2557015419006348,-0.07442925125360489,0.3433876931667328,0.04100106284022331,-0.023591797798871994,0.09508122503757477,0.99434494972229,0,0,0,0,0,0,0,0,0,0,0,0,0,0
3.0106215476989746,0.0,-0.0028647184371948242,0.04112789034843445,-0.010847866535186768,-0.06771159172058105,-0.9271580576896667,-1.6891088485717773,1.1929885149002075,0.787649929523468,0.03,1.2557015419006348,-0.07442925125360489,0.3433876931667328,0.04100106284022331,-0.023591797798871994,0.09508122503757477,0.99434494972229,0,0,0,0,0,0,0,0,0,0,0,0,0,0
3.012037754058838,0.0,-0.0028647184371948242,0.04112789034843445,-0.010847866535186768,-0.06771159172058105,-0.9271580576896667,-1.6891088485717773,1.1929885149002075,0.787649929523468,0.03,1.2557015419006348,-0.07442925125360489,0.3433876931667328,0.04100106284022331,-0.023591797798871994,0.09508122503757477,0.99434494972229,0,0,0,0,0,0,0,0,0,0,0,0,0,0
3.013645648956299,0.0,-0.0028647184371948242,0.04112789034843445,-0.010847866535186768,-0.06771159172058105,-0.9271580576896667,-1.6891088485717773,1.1929885149002075,0.787649929523468,0.03,1.2557015419006348,-0.07442925125360489,0.3433876931667328,0.04100106284022331,-0.023591797798871994,0.09508122503757477,0.99434494972229,0,0,0,0,0,0,0,0,0,0,0,0,0,0
3.014949083328247,0.0,-0.0028647184371948242,0.04112789034843445,-0.010847866535186768,-0.06771159172058105,-0.9271580576896667,-1.6891088485717773,1.1929885149002075,0.787649929523468,0.03,1.2557015419006348,-0.07442925125360489,0.3433876931667328,0.04100106284022331,-0.023591797798871994,0.09508122503757477,0.99434494972229,0,0,0,0,0,0,0,0,0,0,0,0,0,0
3.0173773765563965,0.0,-0.0028647184371948242,0.04112789034843445,-0.010847866535186768,-0.06771159172058105,-0.9271580576896667,-1.6891088485717773,1.1929885149002075,0.787649929523468,0.03,1.2557015419006348,-0.07442925125360489,0.3433876931667328,0.04100106284022331,-0.023591797798871994,0.09508122503757477,0.99434494972229,0,0,0,0,0,0,0,0,0,0,0,0,0,0
3.0184993743896484,0.0,-0.0028647184371948242,0.04112789034843445,-0.010847866535186768,-0.06771159172058105,-0.9271580576896667,-1.6891088485717773,1.1929885149002075,0.787649929523468,0.03,1.2557015419006348,-0.07442925125360489,0.3433876931667328,0.04100106284022331,-0.023591797798871994,0.09508122503757477,0.99434494972229,0,0,0,0,0,0,0,0,0,0,0,0,0,0
3.021620512008667,0.0,-0.0028647184371948242,0.04112789034843445,-0.010847866535186768,-0.06771159172058105,-0.9271580576896667,-1.6891088485717773,1.1929885149002075,0.787649929523468,0.03,1.2557015419006348,-0.07442925125360489,0.3433876931667328,0.04100106284022331,-0.023591797798871994,0.09508122503757477,0.99434494972229,0,0,0,0,0,0,0,0,0,0,0,0,0,0
3.0228073596954346,0.0,-0.0028647184371948242,0.04112789034843445,-0.010847866535186768,-0.06771159172058105,-0.9271580576896667,-1.6891088485717773,1.1929885149002075,0.787649929523468,0.03,1.2557015419006348,-0.07442925125360489,0.3433876931667328,0.04100106284022331,-0.023591797798871994,0.09508122503757477,0.99434494972229,0,0,0,0,0,0,0,0,0,0,0,0,0,0
3.0247793197631836,0.0,-0.0028647184371948242,0.04112789034843445,-0.010847866535186768,-0.06771159172058105,-0.9271580576896667,-1.6891088485717773,1.1929885149002075,0.787649929523468,0.03,1.2557015419006348,-0.07442925125360489,0.3433876931667328,0.04100106284022331,-0.023591797798871994,0.09508122503757477,0.99434494972229,0,0,0,0,0,0,0,0,0,0,0,0,0,0
3.0267722606658936,0.0,-0.0028647184371948242,0.04112789034843445,-0.010847866535186768,-0.06771159172058105,-0.9271580576896667,-1.6891088485717773,1.1929885149002075,0.787649929523468,0.03,1.2557015419006348,-0.07442925125360489,0.3433876931667328,0.04100106284022331,-0.023591797798871994,0.09508122503757477,0.99434494972229,0,0,0,0,0,0,0,0,0,0,0,0,0,0
3.0287280082702637,0.0,-0.0028647184371948242,0.04112789034843445,-0.010847866535186768,-0.06771159172058105,-0.9271580576896667,-1.6891088485717773,1.1929885149002075,0.787649929523468,0.03,1.2557015419006348,-0.07442925125360489,0.3433876931667328,0.04100106284022331,-0.023591797798871994,0.09508122503757477,0.99434494972229,0,0,0,0,0,0,0,0,0,0,0,0,0,0
3.030566453933716,0.0,-0.0026973485946655273,0.04389983415603638,-0.010111510753631592,-0.06879216432571411,-0.96614670753479,-1.8399344682693481,1.2120404243469238,0.7441504597663879,0.03,1.2557015419006348,-0.07442925125360489,0.3433876931667328,0.04100106284022331,-0.023591797798871994,0.09508122503757477,0.99434494972229,0,0,0,0,0,0,0,0,0,0,0,0,0,0
3.0322110652923584,0.0,-0.002621293067932129,0.045014530420303345,-0.009803056716918945,-0.06923729181289673,-0.9574301838874817,-1.8342125415802002,1.1796576976776123,0.7535694241523743,0.03,1.2557015419006348,-0.07442925125360489,0.3433876931667328,0.04100106284022331,-0.023591797798871994,0.09508122503757477,0.99434494972229,0,0,0,0,0,0,0,0,0,0,0,0,0,0
3.034297227859497,0.0,-0.0025588274002075195,0.04583752155303955,-0.00954359769821167,-0.06953686475753784,-0.9470025897026062,-1.9184401035308838,1.1409108638763428,0.7999212741851807,0.03,1.2557015419006348,-0.07442925125360489,0.3433876931667328,0.04100106284022331,-0.023591797798871994,0.09508122503757477,0.99434494972229,0,0,0,0,0,0,0,0,0,0,0,0,0,0
3.03570818901062,0.0,-0.0025415420532226562,0.04590262472629547,-0.009501338005065918,-0.06958448886871338,-0.9274480938911438,-1.9323464632034302,1.104830265045166,0.7565822005271912,0.03,1.2557015419006348,-0.07442925125360489,0.3433876931667328,0.04100106284022331,-0.023591797798871994,0.09508122503757477,0.99434494972229,0,0,0,0,0,0,0,0,0,0,0,0,0,0
3.0402560234069824,0.0,-0.002498328685760498,0.04644913971424103,-0.00937563180923462,-0.06980723142623901,-0.928480327129364,-1.9807888269424438,1.1419059038162231,0.7505127191543579,0.03,1.2557384967803955,-0.07455079257488251,0.34334924817085266,0.04140448942780495,-0.02318636141717434,0.08817422389984131,0.9949740767478943,0,0,0,0,0,0,0,0,0,0,0,0,0,0
3.041625738143921,0.0,-0.002436995506286621,0.046989500522613525,-0.009197652339935303,-0.07002371549606323,-0.9080181121826172,-2.054964065551758,1.1312741041183472,0.7617208957672119,0.03,1.2557448148727417,-0.07455775141716003,0.3433365821838379,0.040932998061180115,-0.02312837727367878,0.0851014107465744,0.9952625036239624,0,0,0,0,0,0,0,0,0,0,0,0,0,0
3.043541669845581,0.0,-0.002436995506286621,0.046989500522613525,-0.009197652339935303,-0.07002371549606323,-0.9080181121826172,-2.054964065551758,1.1312741041183472,0.7617208957672119,0.03,1.2557448148727417,-0.07455775141716003,0.3433365821838379,0.040932998061180115,-0.02312837727367878,0.0851014107465744,0.9952625036239624,0,0,0,0,0,0,0,0,0,0,0,0,0,0
3.044712781906128,0.0,-0.002436995506286621,0.046989500522613525,-0.009197652339935303,-0.07002371549606323,-0.9080181121826172,-2.054964065551758,1.1312741041183472,0.7617208957672119,0.03,1.2557448148727417,-0.07455775141716003,0.3433365821838379,0.040932998061180115,-0.02312837727367878,0.0851014107465744,0.9952625036239624,0,0,0,0,0,0,0,0,0,0,0,0,0,0
3.0459113121032715,0.0,-0.002436995506286621,0.046989500522613525,-0.009197652339935303,-0.07002371549606323,-0.9080181121826172,-2.054964065551758,1.1312741041183472,0.7617208957672119,0.03,1.2557448148727417,-0.07455775141716003,0.3433365821838379,0.040932998061180115,-0.02312837727367878,0.0851014107465744,0.9952625036239624,0,0,0,0,0,0,0,0,0,0,0,0,0,0
3.0479276180267334,0.0,-0.002436995506286621,0.046989500522613525,-0.009197652339935303,-0.07002371549606323,-0.9080181121826172,-2.054964065551758,1.1312741041183472,0.7617208957672119,0.03,1.2557448148727417,-0.07455775141716003,0.3433365821838379,0.040932998061180115,-0.02312837727367878,0.0851014107465744,0.9952625036239624,0,0,0,0,0,0,0,0,0,0,0,0,0,0
3.0491106510162354,0.0,-0.002436995506286621,0.046989500522613525,-0.009197652339935303,-0.07002371549606323,-0.9080181121826172,-2.054964065551758,1.1312741041183472,0.7617208957672119,0.03,1.2557448148727417,-0.07455775141716003,0.3433365821838379,0.040932998061180115,-0.02312837727367878,0.0851014107465744,0.9952625036239624,0,0,0,0,0,0,0,0,0,0,0,0,0,0
3.0502066612243652,0.0,-0.002436995506286621,0.046989500522613525,-0.009197652339935303,-0.07002371549606323,-0.9080181121826172,-2.054964065551758,1.1312741041183472,0.7617208957672119,0.03,1.2557448148727417,-0.07455775141716003,0.3433365821838379,0.040932998061180115,-0.02312837727367878,0.0851014107465744,0.9952625036239624,0,0,0,0,0,0,0,0,0,0,0,0,0,0
3.0512921810150146,0.0,-0.002436995506286621,0.046989500522613525,-0.009197652339935303,-0.07002371549606323,-0.9080181121826172,-2.054964065551758,1.1312741041183472,0.7617208957672119,0.03,1.2557448148727417,-0.07455775141716003,0.3433365821838379,0.040932998061180115,-0.02312837727367878,0.0851014107465744,0.9952625036239624,0,0,0,0,0,0,0,0,0,0,0,0,0,0
3.0524003505706787,0.0,-0.002436995506286621,0.046989500522613525,-0.009197652339935303,-0.07002371549606323,-0.9080181121826172,-2.054964065551758,1.1312741041183472,0.7617208957672119,0.03,1.2557448148727417,-0.07455775141716003,0.3433365821838379,0.040932998061180115,-0.02312837727367878,0.0851014107465744,0.9952625036239624,0,0,0,0,0,0,0,0,0,0,0,0,0,0
3.0534610748291016,0.0,-0.002436995506286621,0.046989500522613525,-0.009197652339935303,-0.07002371549606323,-0.9080181121826172,-2.054964065551758,1.1312741041183472,0.7617208957672119,0.03,1.2557448148727417,-0.07455775141716003,0.3433365821838379,0.040932998061180115,-0.02312837727367878,0.0851014107465744,0.9952625036239624,0,0,0,0,0,0,0,0,0,0,0,0,0,0
3.0548338890075684,0.0,-0.002436995506286621,0.046989500522613525,-0.009197652339935303,-0.07002371549606323,-0.9080181121826172,-2.054964065551758,1.1312741041183472,0.7617208957672119,0.03,1.2557448148727417,-0.07455775141716003,0.3433365821838379,0.040932998061180115,-0.02312837727367878,0.0851014107465744,0.9952625036239624,0,0,0,0,0,0,0,0,0,0,0,0,0,0
3.0559234619140625,0.0,-0.002436995506286621,0.046989500522613525,-0.009197652339935303,-0.07002371549606323,-0.9080181121826172,-2.054964065551758,1.1312741041183472,0.7617208957672119,0.03,1.2557448148727417,-0.07455775141716003,0.3433365821838379,0.040932998061180115,-0.02312837727367878,0.0851014107465744,0.9952625036239624,0,0,0,0,0,0,0,0,0,0,0,0,0,0
3.057629346847534,0.0,-0.002436995506286621,0.046989500522613525,-0.009197652339935303,-0.07002371549606323,-0.9080181121826172,-2.054964065551758,1.1312741041183472,0.7617208957672119,0.03,1.2557448148727417,-0.07455775141716003,0.3433365821838379,0.040932998061180115,-0.02312837727367878,0.0851014107465744,0.9952625036239624,0,0,0,0,0,0,0,0,0,0,0,0,0,0
3.0592191219329834,0.0,-0.002436995506286621,0.046989500522613525,-0.009197652339935303,-0.07002371549606323,-0.9080181121826172,-2.054964065551758,1.1312741041183472,0.7617208957672119,0.03,1.2557448148727417,-0.07455775141716003,0.3433365821838379,0.040932998061180115,-0.02312837727367878,0.0851014107465744,0.9952625036239624,0,0,0,0,0,0,0,0,0,0,0,0,0,0
3.0631680488586426,0.0,-0.002436995506286621,0.046989500522613525,-0.009197652339935303,-0.07002371549606323,-0.9080181121826172,-2.054964065551758,1.1312741041183472,0.7617208957672119,0.03,1.2557448148727417,-0.07455775141716003,0.3433365821838379,0.040932998061180115,-0.02312837727367878,0.0851014107465744,0.9952625036239624,0,0,0,0,0,0,0,0,0,0,0,0,0,0
3.0646023750305176,0.0,-0.002436995506286621,0.046989500522613525,-0.009197652339935303,-0.07002371549606323,-0.9080181121826172,-2.054964065551758,1.1312741041183472,0.7617208957672119,0.03,1.2557448148727417,-0.07455775141716003,0.3433365821838379,0.040932998061180115,-0.02312837727367878,0.0851014107465744,0.9952625036239624,0,0,0,0,0,0,0,0,0,0,0,0,0,0
3.0657618045806885,0.0,-0.002436995506286621,0.046989500522613525,-0.009197652339935303,-0.07002371549606323,-0.9080181121826172,-2.054964065551758,1.1312741041183472,0.7617208957672119,0.03,1.2557448148727417,-0.07455775141716003,0.3433365821838379,0.040932998061180115,-0.02312837727367878,0.0851014107465744,0.9952625036239624,0,0,0,0,0,0,0,0,0,0,0,0,0,0
3.0670180320739746,0.0,-0.002436995506286621,0.046989500522613525,-0.009197652339935303,-0.07002371549606323,-0.9080181121826172,-2.054964065551758,1.1312741041183472,0.7617208957672119,0.03,1.2557448148727417,-0.07455775141716003,0.3433365821838379,0.040932998061180115,-0.02312837727367878,0.0851014107465744,0.9952625036239624,0,0,0,0,0,0,0,0,0,0,0,0,0,0
3.069211483001709,0.0,-0.002436995506286621,0.046989500522613525,-0.009197652339935303,-0.07002371549606323,-0.9080181121826172,-2.054964065551758,1.1312741041183472,0.7617208957672119,0.03,1.2557448148727417,-0.07455775141716003,0.3433365821838379,0.040932998061180115,-0.02312837727367878,0.0851014107465744,0.9952625036239624,0,0,0,0,0,0,0,0,0,0,0,0,0,0
3.0705151557922363,0.0,-0.002436995506286621,0.046989500522613525,-0.009197652339935303,-0.07002371549606323,-0.9080181121826172,-2.054964065551758,1.1312741041183472,0.7617208957672119,0.03,1.2557448148727417,-0.07455775141716003,0.3433365821838379,0.040932998061180115,-0.02312837727367878,0.0851014107465744,0.9952625036239624,0,0,0,0,0,0,0,0,0,0,0,0,0,0
3.07210373878479,0.0,-0.002436995506286621,0.046989500522613525,-0.009197652339935303,-0.07002371549606323,-0.9080181121826172,-2.054964065551758,1.1312741041183472,0.7617208957672119,0.03,1.2557448148727417,-0.07455775141716003,0.3433365821838379,0.040932998061180115,-0.02312837727367878,0.0851014107465744,0.9952625036239624,0,0,0,0,0,0,0,0,0,0,0,0,0,0
3.073214530944824,0.0,-0.002436995506286621,0.046989500522613525,-0.009197652339935303,-0.07002371549606323,-0.9080181121826172,-2.054964065551758,1.1312741041183472,0.7617208957672119,0.03,1.2557448148727417,-0.07455775141716003,0.3433365821838379,0.040932998061180115,-0.02312837727367878,0.0851014107465744,0.9952625036239624,0,0,0,0,0,0,0,0,0,0,0,0,0,0
3.074401617050171,0.0,-0.002436995506286621,0.046989500522613525,-0.009197652339935303,-0.07002371549606323,-0.9080181121826172,-2.054964065551758,1.1312741041183472,0.7617208957672119,0.03,1.2557448148727417,-0.07455775141716003,0.3433365821838379,0.040932998061180115,-0.02312837727367878,0.0851014107465744,0.9952625036239624,0,0,0,0,0,0,0,0,0,0,0,0,0,0
3.075502395629883,0.0,-0.002436995506286621,0.046989500522613525,-0.009197652339935303,-0.07002371549606323,-0.9080181121826172,-2.054964065551758,1.1312741041183472,0.7617208957672119,0.03,1.2557448148727417,-0.07455775141716003,0.3433365821838379,0.040932998061180115,-0.02312837727367878,0.0851014107465744,0.9952625036239624,0,0,0,0,0,0,0,0,0,0,0,0,0,0
3.076751232147217,0.0,-0.002436995506286621,0.046989500522613525,-0.009197652339935303,-0.07002371549606323,-0.9080181121826172,-2.054964065551758,1.1312741041183472,0.7617208957672119,0.03,1.2557448148727417,-0.07455775141716003,0.3433365821838379,0.040932998061180115,-0.02312837727367878,0.0851014107465744,0.9952625036239624,0,0,0,0,0,0,0,0,0,0,0,0,0,0
3.0778393745422363,0.0,-0.002436995506286621,0.046989500522613525,-0.009197652339935303,-0.07002371549606323,-0.9080181121826172,-2.054964065551758,1.1312741041183472,0.7617208957672119,0.03,1.2557448148727417,-0.07455775141716003,0.3433365821838379,0.040932998061180115,-0.02312837727367878,0.0851014107465744,0.9952625036239624,0,0,0,0,0,0,0,0,0,0,0,0,0,0
3.0792791843414307,0.0,-0.002436995506286621,0.046989500522613525,-0.009197652339935303,-0.07002371549606323,-0.9080181121826172,-2.054964065551758,1.1312741041183472,0.7617208957672119,0.03,1.2557448148727417,-0.07455775141716003,0.3433365821838379,0.040932998061180115,-0.02312837727367878,0.0851014107465744,0.9952625036239624,0,0,0,0,0,0,0,0,0,0,0,0,0,0
3.0810513496398926,0.0,-0.002436995506286621,0.046989500522613525,-0.009197652339935303,-0.07002371549606323,-0.9080181121826172,-2.054964065551758,1.1312741041183472,0.7617208957672119,0.03,1.2557448148727417,-0.07455775141716003,0.3433365821838379,0.040932998061180115,-0.02312837727367878,0.0851014107465744,0.9952625036239624,0,0,0,0,0,0,0,0,0,0,0,0,0,0
3.0828750133514404,0.0,-0.002436995506286621,0.046989500522613525,-0.009197652339935303,-0.07002371549606323,-0.9080181121826172,-2.054964065551758,1.1312741041183472,0.7617208957672119,0.03,1.2557448148727417,-0.07455775141716003,0.3433365821838379,0.040932998061180115,-0.02312837727367878,0.0851014107465744,0.9952625036239624,0,0,0,0,0,0,0,0,0,0,0,0,0,0
3.08432936668396,0.0,-0.002436995506286621,0.046989500522613525,-0.009197652339935303,-0.07002371549606323,-0.9080181121826172,-2.054964065551758,1.1312741041183472,0.7617208957672119,0.03,1.2557448148727417,-0.07455775141716003,0.3433365821838379,0.040932998061180115,-0.02312837727367878,0.0851014107465744,0.9952625036239624,0,0,0,0,0,0,0,0,0,0,0,0,0,0
3.0862371921539307,0.0,-0.002436995506286621,0.046989500522613525,-0.009197652339935303,-0.07002371549606323,-0.9080181121826172,-2.054964065551758,1.1312741041183472,0.7617208957672119,0.03,1.2557448148727417,-0.07455775141716003,0.3433365821838379,0.040932998061180115,-0.02312837727367878,0.0851014107465744,0.9952625036239624,0,0,0,0,0,0,0,0,0,0,0,0,0,0
3.0876457691192627,0.0,-0.002436995506286621,0.046989500522613525,-0.009197652339935303,-0.07002371549606323,-0.9080181121826172,-2.054964065551758,1.1312741041183472,0.7617208957672119,0.03,1.2557508945465088,-0.07451143860816956,0.34339749813079834,0.0407932884991169,-0.023227112367749214,0.08274117112159729,0.9954649209976196,0,0,0,0,0,0,0,0,0,0,0,0,0,0
3.08890962600708,0.0,-0.002436995506286621,0.046989500522613525,-0.009197652339935303,-0.07002371549606323,-0.9080181121826172,-2.054964065551758,1.1312741041183472,0.7617208957672119,0.03,1.2557508945465088,-0.07451143860816956,0.34339749813079834,0.0407932884991169,-0.023227112367749214,0.08274117112159729,0.9954649209976196,0,0,0,0,0,0,0,0,0,0,0,0,0,0
3.0901548862457275,0.0,-0.002436995506286621,0.046989500522613525,-0.009197652339935303,-0.07002371549606323,-0.9080181121826172,-2.054964065551758,1.1312741041183472,0.7617208957672119,0.03,1.2557508945465088,-0.07451143860816956,0.34339749813079834,0.0407932884991169,-0.023227112367749214,0.08274117112159729,0.9954649209976196,0,0,0,0,0,0,0,0,0,0,0,0,0,0
3.091515302658081,0.0,-0.002436995506286621,0.046989500522613525,-0.009197652339935303,-0.07002371549606323,-0.9080181121826172,-2.054964065551758,1.1312741041183472,0.7617208957672119,0.03,1.2557508945465088,-0.07451143860816956,0.34339749813079834,0.0407932884991169,-0.023227112367749214,0.08274117112159729,0.9954649209976196,0,0,0,0,0,0,0,0,0,0,0,0,0,0
3.0928587913513184,0.0,-0.002436995506286621,0.046989500522613525,-0.009197652339935303,-0.07002371549606323,-0.9080181121826172,-2.054964065551758,1.1312741041183472,0.7617208957672119,0.03,1.2557508945465088,-0.07451143860816956,0.34339749813079834,0.0407932884991169,-0.023227112367749214,0.08274117112159729,0.9954649209976196,0,0,0,0,0,0,0,0,0,0,0,0,0,0
3.095158815383911,0.0,-0.002436995506286621,0.046989500522613525,-0.009197652339935303,-0.07002371549606323,-0.9080181121826172,-2.054964065551758,1.1312741041183472,0.7617208957672119,0.03,1.2557508945465088,-0.07451143860816956,0.34339749813079834,0.0407932884991169,-0.023227112367749214,0.08274117112159729,0.9954649209976196,0,0,0,0,0,0,0,0,0,0,0,0,0,0
3.096545457839966,0.0,-0.002436995506286621,0.046989500522613525,-0.009197652339935303,-0.07002371549606323,-0.9080181121826172,-2.054964065551758,1.1312741041183472,0.7617208957672119,0.03,1.2557508945465088,-0.07451143860816956,0.34339749813079834,0.0407932884991169,-0.023227112367749214,0.08274117112159729,0.9954649209976196,0,0,0,0,0,0,0,0,0,0,0,0,0,0
3.0995936393737793,0.0,-0.002436995506286621,0.046989500522613525,-0.009197652339935303,-0.07002371549606323,-0.9080181121826172,-2.054964065551758,1.1312741041183472,0.7617208957672119,0.03,1.2557508945465088,-0.07451143860816956,0.34339749813079834,0.0407932884991169,-0.023227112367749214,0.08274117112159729,0.9954649209976196,0,0,0,0,0,0,0,0,0,0,0,0,0,0
3.101346492767334,0.0,-0.002436995506286621,0.046989500522613525,-0.009197652339935303,-0.07002371549606323,-0.9080181121826172,-2.054964065551758,1.1312741041183472,0.7617208957672119,0.03,1.2557508945465088,-0.07451143860816956,0.34339749813079834,0.0407932884991169,-0.023227112367749214,0.08274117112159729,0.9954649209976196,0,0,0,0,0,0,0,0,0,0,0,0,0,0
3.103219985961914,0.0,-0.002436995506286621,0.046989500522613525,-0.009197652339935303,-0.07002371549606323,-0.9080181121826172,-2.054964065551758,1.1312741041183472,0.7617208957672119,0.03,1.2557508945465088,-0.07451143860816956,0.34339749813079834,0.0407932884991169,-0.023227112367749214,0.08274117112159729,0.9954649209976196,0,0,0,0,0,0,0,0,0,0,0,0,0,0
3.1044552326202393,0.0,-0.002436995506286621,0.046989500522613525,-0.009197652339935303,-0.07002371549606323,-0.9080181121826172,-2.054964065551758,1.1312741041183472,0.7617208957672119,0.03,1.2557508945465088,-0.07451143860816956,0.34339749813079834,0.0407932884991169,-0.023227112367749214,0.08274117112159729,0.9954649209976196,0,0,0,0,0,0,0,0,0,0,0,0,0,0
3.1056101322174072,0.0,-0.002436995506286621,0.046989500522613525,-0.009197652339935303,-0.07002371549606323,-0.9080181121826172,-2.054964065551758,1.1312741041183472,0.7617208957672119,0.03,1.2557508945465088,-0.07451143860816956,0.34339749813079834,0.0407932884991169,-0.023227112367749214,0.08274117112159729,0.9954649209976196,0,0,0,0,0,0,0,0,0,0,0,0,0,0
3.10823655128479,0.0,-0.002436995506286621,0.046989500522613525,-0.009197652339935303,-0.07002371549606323,-0.9080181121826172,-2.054964065551758,1.1312741041183472,0.7617208957672119,0.03,1.2557597160339355,-0.07449769228696823,0.34340786933898926,0.040807824581861496,-0.02319270186126232,0.08306554704904556,0.9954380393028259,0,0,0,0,0,0,0,0,0,0,0,0,0,0
3.109360694885254,0.0,-0.002436995506286621,0.046989500522613525,-0.009197652339935303,-0.07002371549606323,-0.9080181121826172,-2.054964065551758,1.1312741041183472,0.7617208957672119,0.03,1.2557533979415894,-0.07451620697975159,0.3433837294578552,0.04075958579778671,-0.02320021577179432,0.08348803222179413,0.9954046010971069,0,0,0,0,0,0,0,0,0,0,0,0,0,0
3.110522747039795,0.0,-0.002436995506286621,0.046989500522613525,-0.009197652339935303,-0.07002371549606323,-0.9080181121826172,-2.054964065551758,1.1312741041183472,0.7617208957672119,0.03,1.2557533979415894,-0.07451620697975159,0.3433837294578552,0.04075958579778671,-0.02320021577179432,0.08348803222179413,0.9954046010971069,0,0,0,0,0,0,0,0,0,0,0,0,0,0
3.1116952896118164,0.0,-0.002436995506286621,0.046989500522613525,-0.009197652339935303,-0.07002371549606323,-0.9080181121826172,-2.054964065551758,1.1312741041183472,0.7617208957672119,0.03,1.2557533979415894,-0.07451620697975159,0.3433837294578552,0.04075958579778671,-0.02320021577179432,0.08348803222179413,0.9954046010971069,0,0,0,0,0,0,0,0,0,0,0,0,0,0
3.1130754947662354,0.0,-0.002436995506286621,0.046989500522613525,-0.009197652339935303,-0.07002371549606323,-0.9080181121826172,-2.054964065551758,1.1312741041183472,0.7617208957672119,0.03,1.2557533979415894,-0.07451620697975159,0.3433837294578552,0.04075958579778671,-0.02320021577179432,0.08348803222179413,0.9954046010971069,0,0,0,0,0,0,0,0,0,0,0,0,0,0
3.118039846420288,0.0,-0.002436995506286621,0.046989500522613525,-0.009197652339935303,-0.07002371549606323,-0.9080181121826172,-2.054964065551758,1.1312741041183472,0.7617208957672119,0.03,1.2557533979415894,-0.07451620697975159,0.3433837294578552,0.04075958579778671,-0.02320021577179432,0.08348803222179413,0.9954046010971069,0,0,0,0,0,0,0,0,0,0,0,0,0,0
3.1191089153289795,0.0,-0.002377748489379883,0.0480370819568634,-0.008833765983581543,-0.07042783498764038,-0.9204033613204956,-2.1837592124938965,1.0846993923187256,0.8062804341316223,0.03,1.255750060081482,-0.07454895973205566,0.34333139657974243,0.040818460285663605,-0.023148788139224052,0.0844956561923027,0.9953183531761169,0,0,0,0,0,0,0,0,0,0,0,0,0,0
3.1203887462615967,0.0,-0.002377748489379883,0.0480370819568634,-0.008833765983581543,-0.07042783498764038,-0.9204033613204956,-2.1837592124938965,1.0846993923187256,0.8062804341316223,0.03,1.255750060081482,-0.07454895973205566,0.34333139657974243,0.040818460285663605,-0.023148788139224052,0.0844956561923027,0.9953183531761169,0,0,0,0,0,0,0,0,0,0,0,0,0,0
3.1224617958068848,0.0,-0.002216339111328125,0.05057168006896973,-0.008085489273071289,-0.07133370637893677,-0.9214925169944763,-2.1685173511505127,1.004010558128357,0.8658605813980103,0.03,1.255750060081482,-0.07454895973205566,0.34333139657974243,0.040818460285663605,-0.023148788139224052,0.0844956561923027,0.9953183531761169,0,0,0,0,0,0,0,0,0,0,0,0,0,0
3.1237380504608154,0.0,-0.0021335482597351074,0.05215403437614441,-0.007668197154998779,-0.07195305824279785,-0.9297829270362854,-2.049503803253174,0.9436906576156616,0.7691481113433838,0.03,1.2557605504989624,-0.07448933273553848,0.3434132933616638,0.04066760465502739,-0.023173145949840546,0.08341793715953827,0.9954148530960083,0,0,0,0,0,0,0,0,0,0,0,0,0,0
3.12528657913208,0.0,-0.0021335482597351074,0.05215403437614441,-0.007668197154998779,-0.07195305824279785,-0.9297829270362854,-2.049503803253174,0.9436906576156616,0.7691481113433838,0.03,1.2557605504989624,-0.07448933273553848,0.3434132933616638,0.04066760465502739,-0.023173145949840546,0.08341793715953827,0.9954148530960083,0,0,0,0,0,0,0,0,0,0,0,0,0,0
3.1266870498657227,0.0,-0.0021335482597351074,0.05215403437614441,-0.007668197154998779,-0.07195305824279785,-0.9297829270362854,-2.049503803253174,0.9436906576156616,0.7691481113433838,0.03,1.2557605504989624,-0.07448933273553848,0.3434132933616638,0.04066760465502739,-0.023173145949840546,0.08341793715953827,0.9954148530960083,0,0,0,0,0,0,0,0,0,0,0,0,0,0
3.1291136741638184,0.0,-0.0021335482597351074,0.05215403437614441,-0.007668197154998779,-0.07195305824279785,-0.9297829270362854,-2.049503803253174,0.9436906576156616,0.7691481113433838,0.03,1.2557605504989624,-0.07448933273553848,0.3434132933616638,0.04066760465502739,-0.023173145949840546,0.08341793715953827,0.9954148530960083,0,0,0,0,0,0,0,0,0,0,0,0,0,0
3.1305503845214844,0.0,-0.0021324753761291504,0.0524781197309494,-0.007608234882354736,-0.07208651304244995,-0.9771054983139038,-2.141343832015991,1.0071183443069458,0.7634065747261047,0.03,1.255760669708252,-0.07454053312540054,0.3433307707309723,0.04073310270905495,-0.023119162768125534,0.08402980864048004,0.9953619837760925,0,0,0,0,0,0,0,0,0,0,0,0,0,0
3.13165020942688,0.0,-0.0021324753761291504,0.0524781197309494,-0.007608234882354736,-0.07208651304244995,-0.9771054983139038,-2.141343832015991,1.0071183443069458,0.7634065747261047,0.03,1.255760669708252,-0.07454053312540054,0.3433307707309723,0.04073310270905495,-0.023119162768125534,0.08402980864048004,0.9953619837760925,0,0,0,0,0,0,0,0,0,0,0,0,0,0
3.1328022480010986,0.0,-0.0021324753761291504,0.0524781197309494,-0.007608234882354736,-0.07208651304244995,-0.9771054983139038,-2.141343832015991,1.0071183443069458,0.7634065747261047,0.03,1.255760669708252,-0.07454053312540054,0.3433307707309723,0.04073310270905495,-0.023119162768125534,0.08402980864048004,0.9953619837760925,0,0,0,0,0,0,0,0,0,0,0,0,0,0
3.134053945541382,0.0,-0.0021324753761291504,0.0524781197309494,-0.007608234882354736,-0.07208651304244995,-0.9771054983139038,-2.141343832015991,1.0071183443069458,0.7634065747261047,0.03,1.255760669708252,-0.07454053312540054,0.3433307707309723,0.04073310270905495,-0.023119162768125534,0.08402980864048004,0.9953619837760925,0,0,0,0,0,0,0,0,0,0,0,0,0,0
3.1351513862609863,0.0,-0.0021324753761291504,0.0524781197309494,-0.007608234882354736,-0.07208651304244995,-0.9771054983139038,-2.141343832015991,1.0071183443069458,0.7634065747261047,0.03,1.255760669708252,-0.07454053312540054,0.3433307707309723,0.04073310270905495,-0.023119162768125534,0.08402980864048004,0.9953619837760925,0,0,0,0,0,0,0,0,0,0,0,0,0,0
3.1362717151641846,0.0,-0.0021324753761291504,0.0524781197309494,-0.007608234882354736,-0.07208651304244995,-0.9771054983139038,-2.141343832015991,1.0071183443069458,0.7634065747261047,0.03,1.255760669708252,-0.07454053312540054,0.3433307707309723,0.04073310270905495,-0.023119162768125534,0.08402980864048004,0.9953619837760925,0,0,0,0,0,0,0,0,0,0,0,0,0,0
3.137490749359131,0.0,-0.0021324753761291504,0.0524781197309494,-0.007608234882354736,-0.07208651304244995,-0.9771054983139038,-2.141343832015991,1.0071183443069458,0.7634065747261047,0.03,1.255760669708252,-0.07454053312540054,0.3433307707309723,0.04073310270905495,-0.023119162768125534,0.08402980864048004,0.9953619837760925,0,0,0,0,0,0,0,0,0,0,0,0,0,0
3.13871169090271,0.0,-0.0021324753761291504,0.0524781197309494,-0.007608234882354736,-0.07208651304244995,-0.9771054983139038,-2.141343832015991,1.0071183443069458,0.7634065747261047,0.03,1.255760669708252,-0.07454053312540054,0.3433307707309723,0.04073310270905495,-0.023119162768125534,0.08402980864048004,0.9953619837760925,0,0,0,0,0,0,0,0,0,0,0,0,0,0
3.141125202178955,0.0,-0.0021010637283325195,0.053006961941719055,-0.007442355155944824,-0.0722840428352356,-0.975260317325592,-2.1616051197052,0.9534891247749329,0.7825563549995422,0.03,1.255760669708252,-0.07454053312540054,0.3433307707309723,0.04073310270905495,-0.023119162768125534,0.08402980864048004,0.9953619837760925,0,0,0,0,0,0,0,0,0,0,0,0,0,0
3.143700361251831,0.0,-0.0020866990089416504,0.053064748644828796,-0.007426857948303223,-0.07233721017837524,-0.9566550254821777,-2.1859288215637207,0.9622578620910645,0.7352064847946167,0.03,1.255760669708252,-0.07454053312540054,0.3433307707309723,0.04073310270905495,-0.023119162768125534,0.08402980864048004,0.9953619837760925,0,0,0,0,0,0,0,0,0,0,0,0,0,0
3.14510440826416,0.0,-0.0020866990089416504,0.053064748644828796,-0.007426857948303223,-0.07233721017837524,-0.9566550254821777,-2.1859288215637207,0.9622578620910645,0.7352064847946167,0.03,1.255760669708252,-0.07454053312540054,0.3433307707309723,0.04073310270905495,-0.023119162768125534,0.08402980864048004,0.9953619837760925,0,0,0,0,0,0,0,0,0,0,0,0,0,0
3.146636724472046,0.0,-0.002070486545562744,0.053338587284088135,-0.007354438304901123,-0.07240670919418335,-0.9673975110054016,-2.1452558040618896,0.9560723900794983,0.7770230770111084,0.03,1.2557677030563354,-0.07453857362270355,0.3433534801006317,0.04066012427210808,-0.02319340780377388,0.08325328677892685,0.9954284429550171,0,0,0,0,0,0,0,0,0,0,0,0,0,0
3.147871494293213,0.0,-0.0020412802696228027,0.053823620080947876,-0.007180213928222656,-0.07264655828475952,-0.9805832505226135,-2.2011241912841797,0.9002013206481934,0.7448752522468567,0.03,1.2557677030563354,-0.07453857362270355,0.3433534801006317,0.04066012427210808,-0.02319340780377388,0.08325328677892685,0.9954284429550171,0,0,0,0,0,0,0,0,0,0,0,0,0,0
3.1490445137023926,0.0,-0.0020412802696228027,0.053823620080947876,-0.007180213928222656,-0.07264655828475952,-0.9805832505226135,-2.2011241912841797,0.9002013206481934,0.7448752522468567,0.03,1.2557677030563354,-0.07453857362270355,0.3433534801006317,0.04066012427210808,-0.02319340780377388,0.08325328677892685,0.9954284429550171,0,0,0,0,0,0,0,0,0,0,0,0,0,0
3.1504437923431396,0.0,-0.0020412802696228027,0.053823620080947876,-0.007180213928222656,-0.07264655828475952,-0.9805832505226135,-2.2011241912841797,0.9002013206481934,0.7448752522468567,0.03,1.2557677030563354,-0.07453857362270355,0.3433534801006317,0.04066012427210808,-0.02319340780377388,0.08325328677892685,0.9954284429550171,0,0,0,0,0,0,0,0,0,0,0,0,0,0
3.1519768238067627,0.0,-0.0020412802696228027,0.053823620080947876,-0.007180213928222656,-0.07264655828475952,-0.9805832505226135,-2.2011241912841797,0.9002013206481934,0.7448752522468567,0.03,1.2557677030563354,-0.07453857362270355,0.3433534801006317,0.04066012427210808,-0.02319340780377388,0.08325328677892685,0.9954284429550171,0,0,0,0,0,0,0,0,0,0,0,0,0,0
3.1532938480377197,0.0,-0.0020412802696228027,0.053823620080947876,-0.007180213928222656,-0.07264655828475952,-0.9805832505226135,-2.2011241912841797,0.9002013206481934,0.7448752522468567,0.03,1.2557677030563354,-0.07453857362270355,0.3433534801006317,0.04066012427210808,-0.02319340780377388,0.08325328677892685,0.9954284429550171,0,0,0,0,0,0,0,0,0,0,0,0,0,0
3.154528856277466,0.0,-0.0020412802696228027,0.053823620080947876,-0.007180213928222656,-0.07264655828475952,-0.9805832505226135,-2.2011241912841797,0.9002013206481934,0.7448752522468567,0.03,1.2557677030563354,-0.07453857362270355,0.3433534801006317,0.04066012427210808,-0.02319340780377388,0.08325328677892685,0.9954284429550171,0,0,0,0,0,0,0,0,0,0,0,0,0,0
3.156161308288574,0.0,-0.0020412802696228027,0.053823620080947876,-0.007180213928222656,-0.07264655828475952,-0.9805832505226135,-2.2011241912841797,0.9002013206481934,0.7448752522468567,0.03,1.2557677030563354,-0.07453857362270355,0.3433534801006317,0.04066012427210808,-0.02319340780377388,0.08325328677892685,0.9954284429550171,0,0,0,0,0,0,0,0,0,0,0,0,0,0
3.1577367782592773,0.0,-0.0020412802696228027,0.053823620080947876,-0.007180213928222656,-0.07264655828475952,-0.9805832505226135,-2.2011241912841797,0.9002013206481934,0.7448752522468567,0.03,1.2557677030563354,-0.07453857362270355,0.3433534801006317,0.04066012427210808,-0.02319340780377388,0.08325328677892685,0.9954284429550171,0,0,0,0,0,0,0,0,0,0,0,0,0,0
3.1590044498443604,0.0,-0.0020412802696228027,0.053823620080947876,-0.007180213928222656,-0.07264655828475952,-0.9805832505226135,-2.2011241912841797,0.9002013206481934,0.7448752522468567,0.03,1.2557677030563354,-0.07453857362270355,0.3433534801006317,0.04066012427210808,-0.02319340780377388,0.08325328677892685,0.9954284429550171,0,0,0,0,0,0,0,0,0,0,0,0,0,0
3.160114049911499,0.0,-0.0020412802696228027,0.053823620080947876,-0.007180213928222656,-0.07264655828475952,-0.9805832505226135,-2.2011241912841797,0.9002013206481934,0.7448752522468567,0.03,1.2557677030563354,-0.07453857362270355,0.3433534801006317,0.04066012427210808,-0.02319340780377388,0.08325328677892685,0.9954284429550171,0,0,0,0,0,0,0,0,0,0,0,0,0,0
3.1613924503326416,0.0,-0.0020412802696228027,0.053823620080947876,-0.007180213928222656,-0.07264655828475952,-0.9805832505226135,-2.2011241912841797,0.9002013206481934,0.7448752522468567,0.03,1.2557677030563354,-0.07453857362270355,0.3433534801006317,0.04066012427210808,-0.02319340780377388,0.08325328677892685,0.9954284429550171,0,0,0,0,0,0,0,0,0,0,0,0,0,0
3.163078784942627,0.0,-0.0020412802696228027,0.053823620080947876,-0.007180213928222656,-0.07264655828475952,-0.9805832505226135,-2.2011241912841797,0.9002013206481934,0.7448752522468567,0.03,1.2557677030563354,-0.07453857362270355,0.3433534801006317,0.04066012427210808,-0.02319340780377388,0.08325328677892685,0.9954284429550171,0,0,0,0,0,0,0,0,0,0,0,0,0,0
3.164716958999634,0.0,-0.0020412802696228027,0.053823620080947876,-0.007180213928222656,-0.07264655828475952,-0.9805832505226135,-2.2011241912841797,0.9002013206481934,0.7448752522468567,0.03,1.2557677030563354,-0.07453857362270355,0.3433534801006317,0.04066012427210808,-0.02319340780377388,0.08325328677892685,0.9954284429550171,0,0,0,0,0,0,0,0,0,0,0,0,0,0
3.1665854454040527,0.0,-0.0020412802696228027,0.053823620080947876,-0.007180213928222656,-0.07264655828475952,-0.9805832505226135,-2.2011241912841797,0.9002013206481934,0.7448752522468567,0.03,1.2557677030563354,-0.07453857362270355,0.3433534801006317,0.04066012427210808,-0.02319340780377388,0.08325328677892685,0.9954284429550171,0,0,0,0,0,0,0,0,0,0,0,0,0,0
3.16813325881958,0.0,-0.0020412802696228027,0.053823620080947876,-0.007180213928222656,-0.07264655828475952,-0.9805832505226135,-2.2011241912841797,0.9002013206481934,0.7448752522468567,0.03,1.2557677030563354,-0.07453857362270355,0.3433534801006317,0.04066012427210808,-0.02319340780377388,0.08325328677892685,0.9954284429550171,0,0,0,0,0,0,0,0,0,0,0,0,0,0
3.1693994998931885,0.0,-0.0020412802696228027,0.053823620080947876,-0.007180213928222656,-0.07264655828475952,-0.9805832505226135,-2.2011241912841797,0.9002013206481934,0.7448752522468567,0.03,1.2557677030563354,-0.07450713962316513,0.34341195225715637,0.04071756824851036,-0.02321861870586872,0.08355224877595901,0.9954004883766174,0,0,0,0,0,0,0,0,0,0,0,0,0,0
3.170555830001831,0.0,-0.0020412802696228027,0.053823620080947876,-0.007180213928222656,-0.07264655828475952,-0.9805832505226135,-2.2011241912841797,0.9002013206481934,0.7448752522468567,0.03,1.2557677030563354,-0.07450713962316513,0.34341195225715637,0.04071756824851036,-0.02321861870586872,0.08355224877595901,0.9954004883766174,0,0,0,0,0,0,0,0,0,0,0,0,0,0
3.171795129776001,0.0,-0.0020412802696228027,0.053823620080947876,-0.007180213928222656,-0.07264655828475952,-0.9805832505226135,-2.2011241912841797,0.9002013206481934,0.7448752522468567,0.03,1.2557677030563354,-0.07450713962316513,0.34341195225715637,0.04071756824851036,-0.02321861870586872,0.08355224877595901,0.9954004883766174,0,0,0,0,0,0,0,0,0,0,0,0,0,0
3.1765949726104736,0.0,-0.0020412802696228027,0.053823620080947876,-0.007180213928222656,-0.07264655828475952,-0.9805832505226135,-2.2011241912841797,0.9002013206481934,0.7448752522468567,0.03,1.2557677030563354,-0.07450713962316513,0.34341195225715637,0.04071756824851036,-0.02321861870586872,0.08355224877595901,0.9954004883766174,0,0,0,0,0,0,0,0,0,0,0,0,0,0
3.1800692081451416,0.0,-0.0019162297248840332,0.055660709738731384,-0.006608247756958008,-0.0733720064163208,-0.9734591841697693,-2.1851584911346436,0.7854492664337158,0.6992840766906738,0.03,1.255764365196228,-0.0745190978050232,0.3434056341648102,0.04071348160505295,-0.023224957287311554,0.084307000041008,0.9953368306159973,0,0,0,0,0,0,0,0,0,0,0,0,0,0
3.181201219558716,0.0,-0.0019162297248840332,0.055660709738731384,-0.006608247756958008,-0.0733720064163208,-0.9734591841697693,-2.1851584911346436,0.7854492664337158,0.6992840766906738,0.03,1.255764365196228,-0.0745190978050232,0.3434056341648102,0.04071348160505295,-0.023224957287311554,0.084307000041008,0.9953368306159973,0,0,0,0,0,0,0,0,0,0,0,0,0,0
3.182314872741699,0.0,-0.0019162297248840332,0.055660709738731384,-0.006608247756958008,-0.0733720064163208,-0.9734591841697693,-2.1851584911346436,0.7854492664337158,0.6992840766906738,0.03,1.255764365196228,-0.0745190978050232,0.3434056341648102,0.04071348160505295,-0.023224957287311554,0.084307000041008,0.9953368306159973,0,0,0,0,0,0,0,0,0,0,0,0,0,0
3.1834747791290283,0.0,-0.0019162297248840332,0.055660709738731384,-0.006608247756958008,-0.0733720064163208,-0.9734591841697693,-2.1851584911346436,0.7854492664337158,0.6992840766906738,0.03,1.255764365196228,-0.0745190978050232,0.3434056341648102,0.04071348160505295,-0.023224957287311554,0.084307000041008,0.9953368306159973,0,0,0,0,0,0,0,0,0,0,0,0,0,0
3.1846201419830322,0.0,-0.0019162297248840332,0.055660709738731384,-0.006608247756958008,-0.0733720064163208,-0.9734591841697693,-2.1851584911346436,0.7854492664337158,0.6992840766906738,0.03,1.255759835243225,-0.07457787543535233,0.34331977367401123,0.04071323573589325,-0.023178894072771072,0.08434582501649857,0.9953346848487854,0,0,0,0,0,0,0,0,0,0,0,0,0,0
3.1883978843688965,0.0,-0.0019162297248840332,0.055660709738731384,-0.006608247756958008,-0.0733720064163208,-0.9734591841697693,-2.1851584911346436,0.7854492664337158,0.6992840766906738,0.03,1.255759835243225,-0.07457787543535233,0.34331977367401123,0.04071323573589325,-0.023178894072771072,0.08434582501649857,0.9953346848487854,0,0,0,0,0,0,0,0,0,0,0,0,0,0
3.189594268798828,0.0,-0.0019162297248840332,0.055660709738731384,-0.006608247756958008,-0.0733720064163208,-0.9734591841697693,-2.1851584911346436,0.7854492664337158,0.6992840766906738,0.03,1.255759835243225,-0.07457787543535233,0.34331977367401123,0.04071323573589325,-0.023178894072771072,0.08434582501649857,0.9953346848487854,0,0,0,0,0,0,0,0,0,0,0,0,0,0
3.190670967102051,0.0,-0.0019162297248840332,0.055660709738731384,-0.006608247756958008,-0.0733720064163208,-0.9734591841697693,-2.1851584911346436,0.7854492664337158,0.6992840766906738,0.03,1.255759835243225,-0.07457787543535233,0.34331977367401123,0.04071323573589325,-0.023178894072771072,0.08434582501649857,0.9953346848487854,0,0,0,0,0,0,0,0,0,0,0,0,0,0
3.1960482597351074,0.0,-0.0019162297248840332,0.055660709738731384,-0.006608247756958008,-0.0733720064163208,-0.9734591841697693,-2.1851584911346436,0.7854492664337158,0.6992840766906738,0.03,1.255759835243225,-0.07457787543535233,0.34331977367401123,0.04071323573589325,-0.023178894072771072,0.08434582501649857,0.9953346848487854,0,0,0,0,0,0,0,0,0,0,0,0,0,0
3.197979211807251,0.0,-0.0019162297248840332,0.055660709738731384,-0.006608247756958008,-0.0733720064163208,-0.9734591841697693,-2.1851584911346436,0.7854492664337158,0.6992840766906738,0.03,1.255759835243225,-0.07457787543535233,0.34331977367401123,0.04071323573589325,-0.023178894072771072,0.08434582501649857,0.9953346848487854,0,0,0,0,0,0,0,0,0,0,0,0,0,0
3.1992721557617188,0.0,-0.0019162297248840332,0.055660709738731384,-0.006608247756958008,-0.0733720064163208,-0.9734591841697693,-2.1851584911346436,0.7854492664337158,0.6992840766906738,0.03,1.255759835243225,-0.07457787543535233,0.34331977367401123,0.04071323573589325,-0.023178894072771072,0.08434582501649857,0.9953346848487854,0,0,0,0,0,0,0,0,0,0,0,0,0,0
3.201766014099121,0.0,-0.0018320679664611816,0.05712097883224487,-0.006277024745941162,-0.07381582260131836,-0.9604766368865967,-2.091336965560913,0.7957744002342224,0.7200327515602112,0.03,1.255759835243225,-0.07457787543535233,0.34331977367401123,0.04071323573589325,-0.023178894072771072,0.08434582501649857,0.9953346848487854,0,0,0,0,0,0,0,0,0,0,0,0,0,0
3.204601287841797,0.0,-0.0018320679664611816,0.05712097883224487,-0.006277024745941162,-0.07381582260131836,-0.9604766368865967,-2.091336965560913,0.7957744002342224,0.7200327515602112,0.03,1.255759835243225,-0.07457787543535233,0.34331977367401123,0.04071323573589325,-0.023178894072771072,0.08434582501649857,0.9953346848487854,0,0,0,0,0,0,0,0,0,0,0,0,0,0
3.2074387073516846,0.0,-0.0018385648727416992,0.05732312798500061,-0.006266891956329346,-0.07390439510345459,-0.9809046983718872,-2.06640887260437,0.8774819374084473,0.7181195616722107,0.03,1.2557708024978638,-0.07452832907438278,0.3433493971824646,0.04068461433053017,-0.02313724160194397,0.08406029641628265,0.9953609108924866,0,0,0,0,0,0,0,0,0,0,0,0,0,0
3.208688259124756,0.0,-0.0018268227577209473,0.05745786428451538,-0.006167173385620117,-0.07396119832992554,-0.9858495593070984,-2.084970474243164,0.7736444473266602,0.7151724696159363,0.03,1.2557697296142578,-0.07451600581407547,0.3433831036090851,0.0406746007502079,-0.023261159658432007,0.08310889452695847,0.995438277721405,0,0,0,0,0,0,0,0,0,0,0,0,0,0
3.21140718460083,0.0,-0.0017540454864501953,0.058553218841552734,-0.005897104740142822,-0.07428556680679321,-0.9685831665992737,-2.113541603088379,0.7829494476318359,0.766273021697998,0.03,1.2557697296142578,-0.07451600581407547,0.3433831036090851,0.0406746007502079,-0.023261159658432007,0.08310889452695847,0.995438277721405,0,0,0,0,0,0,0,0,0,0,0,0,0,0
3.2125048637390137,0.0,-0.0017540454864501953,0.058553218841552734,-0.005897104740142822,-0.07428556680679321,-0.9685831665992737,-2.113541603088379,0.7829494476318359,0.766273021697998,0.03,1.2557697296142578,-0.07451600581407547,0.3433831036090851,0.0406746007502079,-0.023261159658432007,0.08310889452695847,0.995438277721405,0,0,0,0,0,0,0,0,0,0,0,0,0,0
3.2148663997650146,0.0,-0.0017540454864501953,0.058553218841552734,-0.005897104740142822,-0.07428556680679321,-0.9685831665992737,-2.113541603088379,0.7829494476318359,0.766273021697998,0.03,1.2557697296142578,-0.07451600581407547,0.3433831036090851,0.0406746007502079,-0.023261159658432007,0.08310889452695847,0.995438277721405,0,0,0,0,0,0,0,0,0,0,0,0,0,0
3.2167229652404785,0.0,-0.0017540454864501953,0.058553218841552734,-0.005897104740142822,-0.07428556680679321,-0.9685831665992737,-2.113541603088379,0.7829494476318359,0.766273021697998,0.03,1.2557697296142578,-0.07451600581407547,0.3433831036090851,0.0406746007502079,-0.023261159658432007,0.08310889452695847,0.995438277721405,0,0,0,0,0,0,0,0,0,0,0,0,0,0
3.2180001735687256,0.0,-0.0017158985137939453,0.0588139146566391,-0.005836069583892822,-0.07436007261276245,-0.9582431316375732,-2.035114288330078,0.7825060486793518,0.8122439980506897,0.03,1.2557697296142578,-0.07451600581407547,0.3433831036090851,0.0406746007502079,-0.023261159658432007,0.08310889452695847,0.995438277721405,0,0,0,0,0,0,0,0,0,0,0,0,0,0
3.2193610668182373,0.0,-0.0017158985137939453,0.0588139146566391,-0.005836069583892822,-0.07436007261276245,-0.9582431316375732,-2.035114288330078,0.7825060486793518,0.8122439980506897,0.03,1.2557697296142578,-0.07451600581407547,0.3433831036090851,0.0406746007502079,-0.023261159658432007,0.08310889452695847,0.995438277721405,0,0,0,0,0,0,0,0,0,0,0,0,0,0
3.2215967178344727,0.0,-0.0017158985137939453,0.0588139146566391,-0.005836069583892822,-0.07436007261276245,-0.9582431316375732,-2.035114288330078,0.7825060486793518,0.8122439980506897,0.03,1.2557697296142578,-0.07451600581407547,0.3433831036090851,0.0406746007502079,-0.023261159658432007,0.08310889452695847,0.995438277721405,0,0,0,0,0,0,0,0,0,0,0,0,0,0
3.2227940559387207,0.0,-0.0017158985137939453,0.0588139146566391,-0.005836069583892822,-0.07436007261276245,-0.9582431316375732,-2.035114288330078,0.7825060486793518,0.8122439980506897,0.03,1.2557697296142578,-0.07451600581407547,0.3433831036090851,0.0406746007502079,-0.023261159658432007,0.08310889452695847,0.995438277721405,0,0,0,0,0,0,0,0,0,0,0,0,0,0
3.224013328552246,0.0,-0.0017158985137939453,0.0588139146566391,-0.005836069583892822,-0.07436007261276245,-0.9582431316375732,-2.035114288330078,0.7825060486793518,0.8122439980506897,0.03,1.2557697296142578,-0.07451600581407547,0.3433831036090851,0.0406746007502079,-0.023261159658432007,0.08310889452695847,0.995438277721405,0,0,0,0,0,0,0,0,0,0,0,0,0,0
3.225238800048828,0.0,-0.0017158985137939453,0.0588139146566391,-0.005836069583892822,-0.07436007261276245,-0.9582431316375732,-2.035114288330078,0.7825060486793518,0.8122439980506897,0.03,1.2557697296142578,-0.07451600581407547,0.3433831036090851,0.0406746007502079,-0.023261159658432007,0.08310889452695847,0.995438277721405,0,0,0,0,0,0,0,0,0,0,0,0,0,0
3.2263545989990234,0.0,-0.0017158985137939453,0.0588139146566391,-0.005836069583892822,-0.07436007261276245,-0.9582431316375732,-2.035114288330078,0.7825060486793518,0.8122439980506897,0.03,1.2557697296142578,-0.07451600581407547,0.3433831036090851,0.0406746007502079,-0.023261159658432007,0.08310889452695847,0.995438277721405,0,0,0,0,0,0,0,0,0,0,0,0,0,0
3.2274720668792725,0.0,-0.0017158985137939453,0.0588139146566391,-0.005836069583892822,-0.07436007261276245,-0.9582431316375732,-2.035114288330078,0.7825060486793518,0.8122439980506897,0.03,1.2557697296142578,-0.07451600581407547,0.3433831036090851,0.0406746007502079,-0.023261159658432007,0.08310889452695847,0.995438277721405,0,0,0,0,0,0,0,0,0,0,0,0,0,0
3.2287354469299316,0.0,-0.0017158985137939453,0.0588139146566391,-0.005836069583892822,-0.07436007261276245,-0.9582431316375732,-2.035114288330078,0.7825060486793518,0.8122439980506897,0.03,1.2557697296142578,-0.07451600581407547,0.3433831036090851,0.0406746007502079,-0.023261159658432007,0.08310889452695847,0.995438277721405,0,0,0,0,0,0,0,0,0,0,0,0,0,0
3.22981333732605,0.0,-0.0017158985137939453,0.0588139146566391,-0.005836069583892822,-0.07436007261276245,-0.9582431316375732,-2.035114288330078,0.7825060486793518,0.8122439980506897,0.03,1.2557697296142578,-0.07451600581407547,0.3433831036090851,0.0406746007502079,-0.023261159658432007,0.08310889452695847,0.995438277721405,0,0,0,0,0,0,0,0,0,0,0,0,0,0
3.2315022945404053,0.0,-0.0017158985137939453,0.0588139146566391,-0.005836069583892822,-0.07436007261276245,-0.9582431316375732,-2.035114288330078,0.7825060486793518,0.8122439980506897,0.03,1.2557697296142578,-0.07451600581407547,0.3433831036090851,0.0406746007502079,-0.023261159658432007,0.08310889452695847,0.995438277721405,0,0,0,0,0,0,0,0,0,0,0,0,0,0
3.232956886291504,0.0,-0.0017158985137939453,0.0588139146566391,-0.005836069583892822,-0.07436007261276245,-0.9582431316375732,-2.035114288330078,0.7825060486793518,0.8122439980506897,0.03,1.2557697296142578,-0.07451600581407547,0.3433831036090851,0.0406746007502079,-0.023261159658432007,0.08310889452695847,0.995438277721405,0,0,0,0,0,0,0,0,0,0,0,0,0,0
3.234689712524414,0.0,-0.0017158985137939453,0.0588139146566391,-0.005836069583892822,-0.07436007261276245,-0.9582431316375732,-2.035114288330078,0.7825060486793518,0.8122439980506897,0.03,1.2557697296142578,-0.07451600581407547,0.3433831036090851,0.0406746007502079,-0.023261159658432007,0.08310889452695847,0.995438277721405,0,0,0,0,0,0,0,0,0,0,0,0,0,0
3.2358040809631348,0.0,-0.0017158985137939453,0.0588139146566391,-0.005836069583892822,-0.07436007261276245,-0.9582431316375732,-2.035114288330078,0.7825060486793518,0.8122439980506897,0.03,1.2557697296142578,-0.07451600581407547,0.3433831036090851,0.0406746007502079,-0.023261159658432007,0.08310889452695847,0.995438277721405,0,0,0,0,0,0,0,0,0,0,0,0,0,0
3.237086057662964,0.0,-0.0017158985137939453,0.0588139146566391,-0.005836069583892822,-0.07436007261276245,-0.9582431316375732,-2.035114288330078,0.7825060486793518,0.8122439980506897,0.03,1.2557697296142578,-0.07451600581407547,0.3433831036090851,0.0406746007502079,-0.023261159658432007,0.08310889452695847,0.995438277721405,0,0,0,0,0,0,0,0,0,0,0,0,0,0
3.2384626865386963,0.0,-0.0017158985137939453,0.0588139146566391,-0.005836069583892822,-0.07436007261276245,-0.9582431316375732,-2.035114288330078,0.7825060486793518,0.8122439980506897,0.03,1.2557697296142578,-0.07451600581407547,0.3433831036090851,0.0406746007502079,-0.023261159658432007,0.08310889452695847,0.995438277721405,0,0,0,0,0,0,0,0,0,0,0,0,0,0
3.2402150630950928,0.0,-0.0017046332359313965,0.05914488434791565,-0.005722343921661377,-0.07448357343673706,-0.975638747215271,-2.073232889175415,0.8169541358947754,0.8157668113708496,0.03,1.2557663917541504,-0.07456238567829132,0.34333285689353943,0.04071583226323128,-0.023167256265878677,0.08440888673067093,0.9953294992446899,0,0,0,0,0,0,0,0,0,0,0,0,0,0
3.2413382530212402,0.0,-0.001676321029663086,0.05980665981769562,-0.005581259727478027,-0.07478737831115723,-0.9899713397026062,-2.1467905044555664,0.815516471862793,0.7647073268890381,0.03,1.2557612657546997,-0.07457822561264038,0.3433331251144409,0.04079907014966011,-0.02318665012717247,0.08533723652362823,0.9952464699745178,0,0,0,0,0,0,0,0,0,0,0,0,0,0
3.2424614429473877,0.0,-0.001676321029663086,0.05980665981769562,-0.005581259727478027,-0.07478737831115723,-0.9899713397026062,-2.1467905044555664,0.815516471862793,0.7647073268890381,0.03,1.2557612657546997,-0.07457822561264038,0.3433331251144409,0.04079907014966011,-0.02318665012717247,0.08533723652362823,0.9952464699745178,0,0,0,0,0,0,0,0,0,0,0,0,0,0
3.244135856628418,0.0,-0.001676321029663086,0.05980665981769562,-0.005581259727478027,-0.07478737831115723,-0.9899713397026062,-2.1467905044555664,0.815516471862793,0.7647073268890381,0.03,1.2557612657546997,-0.07457822561264038,0.3433331251144409,0.04079907014966011,-0.02318665012717247,0.08533723652362823,0.9952464699745178,0,0,0,0,0,0,0,0,0,0,0,0,0,0
3.245249032974243,0.0,-0.001676321029663086,0.05980665981769562,-0.005581259727478027,-0.07478737831115723,-0.9899713397026062,-2.1467905044555664,0.815516471862793,0.7647073268890381,0.03,1.2557612657546997,-0.07457822561264038,0.3433331251144409,0.04079907014966011,-0.02318665012717247,0.08533723652362823,0.9952464699745178,0,0,0,0,0,0,0,0,0,0,0,0,0,0
3.2463812828063965,0.0,-0.001676321029663086,0.05980665981769562,-0.005581259727478027,-0.07478737831115723,-0.9899713397026062,-2.1467905044555664,0.815516471862793,0.7647073268890381,0.03,1.2557612657546997,-0.07457822561264038,0.3433331251144409,0.04079907014966011,-0.02318665012717247,0.08533723652362823,0.9952464699745178,0,0,0,0,0,0,0,0,0,0,0,0,0,0
3.2480688095092773,0.0,-0.001676321029663086,0.05980665981769562,-0.005581259727478027,-0.07478737831115723,-0.9899713397026062,-2.1467905044555664,0.815516471862793,0.7647073268890381,0.03,1.2557612657546997,-0.07457822561264038,0.3433331251144409,0.04079907014966011,-0.02318665012717247,0.08533723652362823,0.9952464699745178,0,0,0,0,0,0,0,0,0,0,0,0,0,0
3.2492222785949707,0.0,-0.001676321029663086,0.05980665981769562,-0.005581259727478027,-0.07478737831115723,-0.9899713397026062,-2.1467905044555664,0.815516471862793,0.7647073268890381,0.03,1.2557684183120728,-0.07453449815511703,0.34336090087890625,0.040691252797842026,-0.02317117154598236,0.08392057567834854,0.9953716397285461,0,0,0,0,0,0,0,0,0,0,0,0,0,0
3.2505249977111816,0.0,-0.001676321029663086,0.05980665981769562,-0.005581259727478027,-0.07478737831115723,-0.9899713397026062,-2.1467905044555664,0.815516471862793,0.7647073268890381,0.03,1.2557785511016846,-0.07452569156885147,0.3433704376220703,0.040545787662267685,-0.02323264256119728,0.0826149582862854,0.9954853653907776,0,0,0,0,0,0,0,0,0,0,0,0,0,0
3.251666784286499,0.0,-0.001676321029663086,0.05980665981769562,-0.005581259727478027,-0.07478737831115723,-0.9899713397026062,-2.1467905044555664,0.815516471862793,0.7647073268890381,0.03,1.2557785511016846,-0.07452569156885147,0.3433704376220703,0.040545787662267685,-0.02323264256119728,0.0826149582862854,0.9954853653907776,0,0,0,0,0,0,0,0,0,0,0,0,0,0
3.2531168460845947,0.0,-0.001676321029663086,0.05980665981769562,-0.005581259727478027,-0.07478737831115723,-0.9899713397026062,-2.1467905044555664,0.815516471862793,0.7647073268890381,0.03,1.2557785511016846,-0.07452569156885147,0.3433704376220703,0.040545787662267685,-0.02323264256119728,0.0826149582862854,0.9954853653907776,0,0,0,0,0,0,0,0,0,0,0,0,0,0
3.2549917697906494,0.0,-0.001676321029663086,0.05980665981769562,-0.005581259727478027,-0.07478737831115723,-0.9899713397026062,-2.1467905044555664,0.815516471862793,0.7647073268890381,0.03,1.2557785511016846,-0.07452569156885147,0.3433704376220703,0.040545787662267685,-0.02323264256119728,0.0826149582862854,0.9954853653907776,0,0,0,0,0,0,0,0,0,0,0,0,0,0
3.2562859058380127,0.0,-0.001676321029663086,0.05980665981769562,-0.005581259727478027,-0.07478737831115723,-0.9899713397026062,-2.1467905044555664,0.815516471862793,0.7647073268890381,0.03,1.2557785511016846,-0.07452569156885147,0.3433704376220703,0.040545787662267685,-0.02323264256119728,0.0826149582862854,0.9954853653907776,0,0,0,0,0,0,0,0,0,0,0,0,0,0
3.2575440406799316,0.0,-0.001676321029663086,0.05980665981769562,-0.005581259727478027,-0.07478737831115723,-0.9899713397026062,-2.1467905044555664,0.815516471862793,0.7647073268890381,0.03,1.2557785511016846,-0.07452569156885147,0.3433704376220703,0.040545787662267685,-0.02323264256119728,0.0826149582862854,0.9954853653907776,0,0,0,0,0,0,0,0,0,0,0,0,0,0
3.258758306503296,0.0,-0.001676321029663086,0.05980665981769562,-0.005581259727478027,-0.07478737831115723,-0.9899713397026062,-2.1467905044555664,0.815516471862793,0.7647073268890381,0.03,1.2557785511016846,-0.07452569156885147,0.3433704376220703,0.040545787662267685,-0.02323264256119728,0.0826149582862854,0.9954853653907776,0,0,0,0,0,0,0,0,0,0,0,0,0,0
3.259984254837036,0.0,-0.001676321029663086,0.05980665981769562,-0.005581259727478027,-0.07478737831115723,-0.9899713397026062,-2.1467905044555664,0.815516471862793,0.7647073268890381,0.03,1.2557785511016846,-0.07452569156885147,0.3433704376220703,0.040545787662267685,-0.02323264256119728,0.0826149582862854,0.9954853653907776,0,0,0,0,0,0,0,0,0,0,0,0,0,0
3.2613961696624756,0.0,-0.001676321029663086,0.05980665981769562,-0.005581259727478027,-0.07478737831115723,-0.9899713397026062,-2.1467905044555664,0.815516471862793,0.7647073268890381,0.03,1.2557785511016846,-0.07452569156885147,0.3433704376220703,0.040545787662267685,-0.02323264256119728,0.0826149582862854,0.9954853653907776,0,0,0,0,0,0,0,0,0,0,0,0,0,0
3.263068675994873,0.0,-0.001676321029663086,0.05980665981769562,-0.005581259727478027,-0.07478737831115723,-0.9899713397026062,-2.1467905044555664,0.815516471862793,0.7647073268890381,0.03,1.2557785511016846,-0.07452569156885147,0.3433704376220703,0.040545787662267685,-0.02323264256119728,0.0826149582862854,0.9954853653907776,0,0,0,0,0,0,0,0,0,0,0,0,0,0
3.26469349861145,0.0,-0.001676321029663086,0.05980665981769562,-0.005581259727478027,-0.07478737831115723,-0.9899713397026062,-2.1467905044555664,0.815516471862793,0.7647073268890381,0.03,1.2557785511016846,-0.07452569156885147,0.3433704376220703,0.040545787662267685,-0.02323264256119728,0.0826149582862854,0.9954853653907776,0,0,0,0,0,0,0,0,0,0,0,0,0,0
3.268359422683716,0.0,-0.001676321029663086,0.05980665981769562,-0.005581259727478027,-0.07478737831115723,-0.9899713397026062,-2.1467905044555664,0.815516471862793,0.7647073268890381,0.03,1.2557785511016846,-0.07452569156885147,0.3433704376220703,0.040545787662267685,-0.02323264256119728,0.0826149582862854,0.9954853653907776,0,0,0,0,0,0,0,0,0,0,0,0,0,0
3.269707441329956,0.0,-0.001676321029663086,0.05980665981769562,-0.005581259727478027,-0.07478737831115723,-0.9899713397026062,-2.1467905044555664,0.815516471862793,0.7647073268890381,0.03,1.2557734251022339,-0.07456419616937637,0.34332042932510376,0.040538012981414795,-0.023204902186989784,0.08206523209810257,0.9955317974090576,0,0,0,0,0,0,0,0,0,0,0,0,0,0
3.2708795070648193,0.0,-0.001676321029663086,0.05980665981769562,-0.005581259727478027,-0.07478737831115723,-0.9899713397026062,-2.1467905044555664,0.815516471862793,0.7647073268890381,0.03,1.2557734251022339,-0.07456419616937637,0.34332042932510376,0.040538012981414795,-0.023204902186989784,0.08206523209810257,0.9955317974090576,0,0,0,0,0,0,0,0,0,0,0,0,0,0
3.2723915576934814,0.0,-0.001676321029663086,0.05980665981769562,-0.005581259727478027,-0.07478737831115723,-0.9899713397026062,-2.1467905044555664,0.815516471862793,0.7647073268890381,0.03,1.2557734251022339,-0.07456419616937637,0.34332042932510376,0.040538012981414795,-0.023204902186989784,0.08206523209810257,0.9955317974090576,0,0,0,0,0,0,0,0,0,0,0,0,0,0
3.274229049682617,0.0,-0.0015773773193359375,0.06155744194984436,-0.005102992057800293,-0.07542502880096436,-1.0023962259292603,-2.0805001258850098,0.7331328392028809,0.796769917011261,0.03,1.2557634115219116,-0.07459083199501038,0.3433050215244293,0.040520139038562775,-0.023212114349007607,0.0821169763803482,0.9955280423164368,0,0,0,0,0,0,0,0,0,0,0,0,0,0
3.2757480144500732,0.0,-0.0015773773193359375,0.06155744194984436,-0.005102992057800293,-0.07542502880096436,-1.0023962259292603,-2.0805001258850098,0.7331328392028809,0.796769917011261,0.03,1.2557634115219116,-0.07459083199501038,0.3433050215244293,0.040520139038562775,-0.023212114349007607,0.0821169763803482,0.9955280423164368,0,0,0,0,0,0,0,0,0,0,0,0,0,0
3.2771224975585938,0.0,-0.0015773773193359375,0.06155744194984436,-0.005102992057800293,-0.07542502880096436,-1.0023962259292603,-2.0805001258850098,0.7331328392028809,0.796769917011261,0.03,1.2557634115219116,-0.07459083199501038,0.3433050215244293,0.040520139038562775,-0.023212114349007607,0.0821169763803482,0.9955280423164368,0,0,0,0,0,0,0,0,0,0,0,0,0,0
3.278860569000244,0.0,-0.0015773773193359375,0.06155744194984436,-0.005102992057800293,-0.07542502880096436,-1.0023962259292603,-2.0805001258850098,0.7331328392028809,0.796769917011261,0.03,1.2557634115219116,-0.07459083199501038,0.3433050215244293,0.040520139038562775,-0.023212114349007607,0.0821169763803482,0.9955280423164368,0,0,0,0,0,0,0,0,0,0,0,0,0,0
3.280003070831299,0.0,-0.0015773773193359375,0.06155744194984436,-0.005102992057800293,-0.07542502880096436,-1.0023962259292603,-2.0805001258850098,0.7331328392028809,0.796769917011261,0.03,1.2557634115219116,-0.07459083199501038,0.3433050215244293,0.040520139038562775,-0.023212114349007607,0.0821169763803482,0.9955280423164368,0,0,0,0,0,0,0,0,0,0,0,0,0,0
3.281405210494995,0.0,-0.0015773773193359375,0.06155744194984436,-0.005102992057800293,-0.07542502880096436,-1.0023962259292603,-2.0805001258850098,0.7331328392028809,0.796769917011261,0.03,1.2557634115219116,-0.07459083199501038,0.3433050215244293,0.040520139038562775,-0.023212114349007607,0.0821169763803482,0.9955280423164368,0,0,0,0,0,0,0,0,0,0,0,0,0,0
3.2847342491149902,0.0,-0.0015773773193359375,0.06155744194984436,-0.005102992057800293,-0.07542502880096436,-1.0023962259292603,-2.0805001258850098,0.7331328392028809,0.796769917011261,0.03,1.2557634115219116,-0.07459083199501038,0.3433050215244293,0.040520139038562775,-0.023212114349007607,0.0821169763803482,0.9955280423164368,0,0,0,0,0,0,0,0,0,0,0,0,0,0
3.2864840030670166,0.0,-0.0015773773193359375,0.06155744194984436,-0.005102992057800293,-0.07542502880096436,-1.0023962259292603,-2.0805001258850098,0.7331328392028809,0.796769917011261,0.03,1.2557634115219116,-0.07459083199501038,0.3433050215244293,0.040520139038562775,-0.023212114349007607,0.0821169763803482,0.9955280423164368,0,0,0,0,0,0,0,0,0,0,0,0,0,0
3.2907052040100098,0.0,-0.0015773773193359375,0.06155744194984436,-0.005102992057800293,-0.07542502880096436,-1.0023962259292603,-2.0805001258850098,0.7331328392028809,0.796769917011261,0.03,1.2557634115219116,-0.07459083199501038,0.3433050215244293,0.040520139038562775,-0.023212114349007607,0.0821169763803482,0.9955280423164368,0,0,0,0,0,0,0,0,0,0,0,0,0,0
3.2927863597869873,0.0,-0.001522064208984375,0.062491536140441895,-0.0048629045486450195,-0.0757482647895813,-1.0144239664077759,-2.1878066062927246,0.7453963756561279,0.8245229721069336,0.03,1.2557634115219116,-0.07459083199501038,0.3433050215244293,0.040520139038562775,-0.023212114349007607,0.0821169763803482,0.9955280423164368,0,0,0,0,0,0,0,0,0,0,0,0,0,0
3.2943570613861084,0.0,-0.001522064208984375,0.062491536140441895,-0.0048629045486450195,-0.0757482647895813,-1.0144239664077759,-2.1878066062927246,0.7453963756561279,0.8245229721069336,0.03,1.2557634115219116,-0.07459083199501038,0.3433050215244293,0.040520139038562775,-0.023212114349007607,0.0821169763803482,0.9955280423164368,0,0,0,0,0,0,0,0,0,0,0,0,0,0
3.2956414222717285,0.0,-0.0015229582786560059,0.06295473873615265,-0.004802405834197998,-0.07588160037994385,-1.045208215713501,-2.1068265438079834,0.818839967250824,0.8365986347198486,0.03,1.2557634115219116,-0.07459083199501038,0.3433050215244293,0.040520139038562775,-0.023212114349007607,0.0821169763803482,0.9955280423164368,0,0,0,0,0,0,0,0,0,0,0,0,0,0
3.2967803478240967,0.0,-0.001490950584411621,0.0637078583240509,-0.004620373249053955,-0.0761231780052185,-1.0755194425582886,-2.0919952392578125,0.796253502368927,0.8460376858711243,0.03,1.2557644844055176,-0.07457692176103592,0.3433355391025543,0.04046676680445671,-0.023165734484791756,0.08191477507352829,0.9955480098724365,0,0,0,0,0,0,0,0,0,0,0,0,0,0
3.297863245010376,0.0,-0.001490950584411621,0.0637078583240509,-0.004620373249053955,-0.0761231780052185,-1.0755194425582886,-2.0919952392578125,0.796253502368927,0.8460376858711243,0.03,1.2557644844055176,-0.07457692176103592,0.3433355391025543,0.04046676680445671,-0.023165734484791756,0.08191477507352829,0.9955480098724365,0,0,0,0,0,0,0,0,0,0,0,0,0,0
3.2993009090423584,0.0,-0.001490950584411621,0.0637078583240509,-0.004620373249053955,-0.0761231780052185,-1.0755194425582886,-2.0919952392578125,0.796253502368927,0.8460376858711243,0.03,1.2557644844055176,-0.07457692176103592,0.3433355391025543,0.04046676680445671,-0.023165734484791756,0.08191477507352829,0.9955480098724365,0,0,0,0,0,0,0,0,0,0,0,0,0,0
3.3005363941192627,0.0,-0.001490950584411621,0.0637078583240509,-0.004620373249053955,-0.0761231780052185,-1.0755194425582886,-2.0919952392578125,0.796253502368927,0.8460376858711243,0.03,1.2557644844055176,-0.07457692176103592,0.3433355391025543,0.04046676680445671,-0.023165734484791756,0.08191477507352829,0.9955480098724365,0,0,0,0,0,0,0,0,0,0,0,0,0,0
3.3024301528930664,0.0,-0.0014007091522216797,0.0651414543390274,-0.004372954368591309,-0.07663291692733765,-1.0453325510025024,-1.9316880702972412,0.8366626501083374,0.8141859173774719,0.03,1.2557644844055176,-0.07457692176103592,0.3433355391025543,0.04046676680445671,-0.023165734484791756,0.08191477507352829,0.9955480098724365,0,0,0,0,0,0,0,0,0,0,0,0,0,0
3.3036608695983887,0.0,-0.0014007091522216797,0.0651414543390274,-0.004372954368591309,-0.07663291692733765,-1.0453325510025024,-1.9316880702972412,0.8366626501083374,0.8141859173774719,0.03,1.2557644844055176,-0.07457692176103592,0.3433355391025543,0.04046676680445671,-0.023165734484791756,0.08191477507352829,0.9955480098724365,0,0,0,0,0,0,0,0,0,0,0,0,0,0
3.3047523498535156,0.0,-0.0014007091522216797,0.0651414543390274,-0.004372954368591309,-0.07663291692733765,-1.0453325510025024,-1.9316880702972412,0.8366626501083374,0.8141859173774719,0.03,1.2557644844055176,-0.07457692176103592,0.3433355391025543,0.04046676680445671,-0.023165734484791756,0.08191477507352829,0.9955480098724365,0,0,0,0,0,0,0,0,0,0,0,0,0,0
3.305912494659424,0.0,-0.0014007091522216797,0.0651414543390274,-0.004372954368591309,-0.07663291692733765,-1.0453325510025024,-1.9316880702972412,0.8366626501083374,0.8141859173774719,0.03,1.2557644844055176,-0.07457692176103592,0.3433355391025543,0.04046676680445671,-0.023165734484791756,0.08191477507352829,0.9955480098724365,0,0,0,0,0,0,0,0,0,0,0,0,0,0
3.3070099353790283,0.0,-0.0014007091522216797,0.0651414543390274,-0.004372954368591309,-0.07663291692733765,-1.0453325510025024,-1.9316880702972412,0.8366626501083374,0.8141859173774719,0.03,1.2557644844055176,-0.07457692176103592,0.3433355391025543,0.04046676680445671,-0.023165734484791756,0.08191477507352829,0.9955480098724365,0,0,0,0,0,0,0,0,0,0,0,0,0,0
3.308069944381714,0.0,-0.0013651251792907715,0.06534445285797119,-0.0043100714683532715,-0.07667964696884155,-0.9888437986373901,-1.9289804697036743,0.8260315656661987,0.8756115436553955,0.03,1.255773901939392,-0.07451480627059937,0.3434129059314728,0.04050593823194504,-0.023233722895383835,0.08295387774705887,0.9954588413238525,0,0,0,0,0,0,0,0,0,0,0,0,0,0
3.3091375827789307,0.0,-0.0013651251792907715,0.06534445285797119,-0.0043100714683532715,-0.07667964696884155,-0.9888437986373901,-1.9289804697036743,0.8260315656661987,0.8756115436553955,0.03,1.2557729482650757,-0.0745936930179596,0.343282014131546,0.040487755089998245,-0.023206660524010658,0.082683265209198,0.9954826831817627,0,0,0,0,0,0,0,0,0,0,0,0,0,0
3.310335874557495,0.0,-0.0013651251792907715,0.06534445285797119,-0.0043100714683532715,-0.07667964696884155,-0.9888437986373901,-1.9289804697036743,0.8260315656661987,0.8756115436553955,0.03,1.2557729482650757,-0.0745936930179596,0.343282014131546,0.040487755089998245,-0.023206660524010658,0.082683265209198,0.9954826831817627,0,0,0,0,0,0,0,0,0,0,0,0,0,0
3.311586618423462,0.0,-0.0013651251792907715,0.06534445285797119,-0.0043100714683532715,-0.07667964696884155,-0.9888437986373901,-1.9289804697036743,0.8260315656661987,0.8756115436553955,0.03,1.2557729482650757,-0.0745936930179596,0.343282014131546,0.040487755089998245,-0.023206660524010658,0.082683265209198,0.9954826831817627,0,0,0,0,0,0,0,0,0,0,0,0,0,0
3.3126425743103027,0.0,-0.0013651251792907715,0.06534445285797119,-0.0043100714683532715,-0.07667964696884155,-0.9888437986373901,-1.9289804697036743,0.8260315656661987,0.8756115436553955,0.03,1.2557729482650757,-0.0745936930179596,0.343282014131546,0.040487755089998245,-0.023206660524010658,0.082683265209198,0.9954826831817627,0,0,0,0,0,0,0,0,0,0,0,0,0,0
3.3138933181762695,0.0,-0.0013651251792907715,0.06534445285797119,-0.0043100714683532715,-0.07667964696884155,-0.9888437986373901,-1.9289804697036743,0.8260315656661987,0.8756115436553955,0.03,1.2557729482650757,-0.0745936930179596,0.343282014131546,0.040487755089998245,-0.023206660524010658,0.082683265209198,0.9954826831817627,0,0,0,0,0,0,0,0,0,0,0,0,0,0
3.3151187896728516,0.0,-0.0013651251792907715,0.06534445285797119,-0.0043100714683532715,-0.07667964696884155,-0.9888437986373901,-1.9289804697036743,0.8260315656661987,0.8756115436553955,0.03,1.2557729482650757,-0.0745936930179596,0.343282014131546,0.040487755089998245,-0.023206660524010658,0.082683265209198,0.9954826831817627,0,0,0,0,0,0,0,0,0,0,0,0,0,0
3.3161957263946533,0.0,-0.0013651251792907715,0.06534445285797119,-0.0043100714683532715,-0.07667964696884155,-0.9888437986373901,-1.9289804697036743,0.8260315656661987,0.8756115436553955,0.03,1.2557729482650757,-0.0745936930179596,0.343282014131546,0.040487755089998245,-0.023206660524010658,0.082683265209198,0.9954826831817627,0,0,0,0,0,0,0,0,0,0,0,0,0,0
3.3179380893707275,0.0,-0.0013651251792907715,0.06534445285797119,-0.0043100714683532715,-0.07667964696884155,-0.9888437986373901,-1.9289804697036743,0.8260315656661987,0.8756115436553955,0.03,1.2557729482650757,-0.0745936930179596,0.343282014131546,0.040487755089998245,-0.023206660524010658,0.082683265209198,0.9954826831817627,0,0,0,0,0,0,0,0,0,0,0,0,0,0
3.319701910018921,0.0,-0.0013651251792907715,0.06534445285797119,-0.0043100714683532715,-0.07667964696884155,-0.9888437986373901,-1.9289804697036743,0.8260315656661987,0.8756115436553955,0.03,1.2557729482650757,-0.0745936930179596,0.343282014131546,0.040487755089998245,-0.023206660524010658,0.082683265209198,0.9954826831817627,0,0,0,0,0,0,0,0,0,0,0,0,0,0
3.321117401123047,0.0,-0.0013651251792907715,0.06534445285797119,-0.0043100714683532715,-0.07667964696884155,-0.9888437986373901,-1.9289804697036743,0.8260315656661987,0.8756115436553955,0.03,1.2557729482650757,-0.0745936930179596,0.343282014131546,0.040487755089998245,-0.023206660524010658,0.082683265209198,0.9954826831817627,0,0,0,0,0,0,0,0,0,0,0,0,0,0
3.3228414058685303,0.0,-0.0013420581817626953,0.06552742421627045,-0.004239141941070557,-0.07673925161361694,-0.9894325733184814,-1.9705840349197388,0.7971545457839966,0.8934613466262817,0.03,1.2557780742645264,-0.07457860559225082,0.3432823121547699,0.04043789207935333,-0.02318088337779045,0.0824379026889801,0.995505690574646,0,0,0,0,0,0,0,0,0,0,0,0,0,0
3.324148416519165,0.0,-0.0013470649719238281,0.06570009887218475,-0.004216909408569336,-0.07681500911712646,-1.0262260437011719,-1.8599215745925903,0.799443781375885,0.8267636299133301,0.03,1.2557780742645264,-0.07457860559225082,0.3432823121547699,0.04043789207935333,-0.02318088337779045,0.0824379026889801,0.995505690574646,0,0,0,0,0,0,0,0,0,0,0,0,0,0
3.325392246246338,0.0,-0.001277148723602295,0.0664542019367218,-0.003994941711425781,-0.0770450234413147,-1.0009053945541382,-1.9697030782699585,0.8010996580123901,0.8943796157836914,0.03,1.2557770013809204,-0.0745406299829483,0.3433681130409241,0.04061853885650635,-0.02320917695760727,0.08328278362751007,0.9954272508621216,0,0,0,0,0,0,0,0,0,0,0,0,0,0
3.3265910148620605,0.0,-0.001277148723602295,0.0664542019367218,-0.003994941711425781,-0.0770450234413147,-1.0009053945541382,-1.9697030782699585,0.8010996580123901,0.8943796157836914,0.03,1.2557770013809204,-0.0745406299829483,0.3433681130409241,0.04061853885650635,-0.02320917695760727,0.08328278362751007,0.9954272508621216,0,0,0,0,0,0,0,0,0,0,0,0,0,0
3.3278205394744873,0.0,-0.001277148723602295,0.0664542019367218,-0.003994941711425781,-0.0770450234413147,-1.0009053945541382,-1.9697030782699585,0.8010996580123901,0.8943796157836914,0.03,1.2557770013809204,-0.0745406299829483,0.3433681130409241,0.04061853885650635,-0.02320917695760727,0.08328278362751007,0.9954272508621216,0,0,0,0,0,0,0,0,0,0,0,0,0,0
3.3295745849609375,0.0,-0.001277148723602295,0.0664542019367218,-0.003994941711425781,-0.0770450234413147,-1.0009053945541382,-1.9697030782699585,0.8010996580123901,0.8943796157836914,0.03,1.2557770013809204,-0.0745406299829483,0.3433681130409241,0.04061853885650635,-0.02320917695760727,0.08328278362751007,0.9954272508621216,0,0,0,0,0,0,0,0,0,0,0,0,0,0
3.331876754760742,0.0,-0.0012932419776916504,0.06666168570518494,-0.003947138786315918,-0.07709968090057373,-1.0424387454986572,-1.9554188251495361,0.7972919940948486,0.9176023602485657,0.03,1.2557673454284668,-0.07450933009386063,0.3434262275695801,0.04042588919401169,-0.0232193935662508,0.08192407339811325,0.9955476522445679,0,0,0,0,0,0,0,0,0,0,0,0,0,0
3.3329668045043945,0.0,-0.0012932419776916504,0.06666168570518494,-0.003947138786315918,-0.07709968090057373,-1.0424387454986572,-1.9554188251495361,0.7972919940948486,0.9176023602485657,0.03,1.2557673454284668,-0.07450933009386063,0.3434262275695801,0.04042588919401169,-0.0232193935662508,0.08192407339811325,0.9955476522445679,0,0,0,0,0,0,0,0,0,0,0,0,0,0
3.33416485786438,0.0,-0.0012932419776916504,0.06666168570518494,-0.003947138786315918,-0.07709968090057373,-1.0424387454986572,-1.9554188251495361,0.7972919940948486,0.9176023602485657,0.03,1.2557673454284668,-0.07450933009386063,0.3434262275695801,0.04042588919401169,-0.0232193935662508,0.08192407339811325,0.9955476522445679,0,0,0,0,0,0,0,0,0,0,0,0,0,0
3.335911750793457,0.0,-0.0012932419776916504,0.06666168570518494,-0.003947138786315918,-0.07709968090057373,-1.0424387454986572,-1.9554188251495361,0.7972919940948486,0.9176023602485657,0.03,1.2557673454284668,-0.07450933009386063,0.3434262275695801,0.04042588919401169,-0.0232193935662508,0.08192407339811325,0.9955476522445679,0,0,0,0,0,0,0,0,0,0,0,0,0,0
3.337522506713867,0.0,-0.0012932419776916504,0.06666168570518494,-0.003947138786315918,-0.07709968090057373,-1.0424387454986572,-1.9554188251495361,0.7972919940948486,0.9176023602485657,0.03,1.2557673454284668,-0.07450933009386063,0.3434262275695801,0.04042588919401169,-0.0232193935662508,0.08192407339811325,0.9955476522445679,0,0,0,0,0,0,0,0,0,0,0,0,0,0
3.338758707046509,0.0,-0.0012467503547668457,0.06749497354030609,-0.0037536025047302246,-0.07742738723754883,-1.0617828369140625,-1.9970704317092896,0.8340151906013489,0.9286161661148071,0.03,1.2557604312896729,-0.07452372461557388,0.3433910608291626,0.040421634912490845,-0.02320641465485096,0.08230887353420258,0.9955163598060608,0,0,0,0,0,0,0,0,0,0,0,0,0,0
3.3399314880371094,0.0,-0.0012467503547668457,0.06749497354030609,-0.0037536025047302246,-0.07742738723754883,-1.0617828369140625,-1.9970704317092896,0.8340151906013489,0.9286161661148071,0.03,1.2557604312896729,-0.07452372461557388,0.3433910608291626,0.040421634912490845,-0.02320641465485096,0.08230887353420258,0.9955163598060608,0,0,0,0,0,0,0,0,0,0,0,0,0,0
3.34100604057312,0.0,-0.0012467503547668457,0.06749497354030609,-0.0037536025047302246,-0.07742738723754883,-1.0617828369140625,-1.9970704317092896,0.8340151906013489,0.9286161661148071,0.03,1.2557604312896729,-0.07452372461557388,0.3433910608291626,0.040421634912490845,-0.02320641465485096,0.08230887353420258,0.9955163598060608,0,0,0,0,0,0,0,0,0,0,0,0,0,0
3.3421404361724854,0.0,-0.0012467503547668457,0.06749497354030609,-0.0037536025047302246,-0.07742738723754883,-1.0617828369140625,-1.9970704317092896,0.8340151906013489,0.9286161661148071,0.03,1.2557604312896729,-0.07452372461557388,0.3433910608291626,0.040421634912490845,-0.02320641465485096,0.08230887353420258,0.9955163598060608,0,0,0,0,0,0,0,0,0,0,0,0,0,0
3.3432223796844482,0.0,-0.0012467503547668457,0.06749497354030609,-0.0037536025047302246,-0.07742738723754883,-1.0617828369140625,-1.9970704317092896,0.8340151906013489,0.9286161661148071,0.03,1.2557604312896729,-0.07452372461557388,0.3433910608291626,0.040421634912490845,-0.02320641465485096,0.08230887353420258,0.9955163598060608,0,0,0,0,0,0,0,0,0,0,0,0,0,0
3.344461441040039,0.0,-0.0012467503547668457,0.06749497354030609,-0.0037536025047302246,-0.07742738723754883,-1.0617828369140625,-1.9970704317092896,0.8340151906013489,0.9286161661148071,0.03,1.2557604312896729,-0.07452372461557388,0.3433910608291626,0.040421634912490845,-0.02320641465485096,0.08230887353420258,0.9955163598060608,0,0,0,0,0,0,0,0,0,0,0,0,0,0
3.3457303047180176,0.0,-0.0012467503547668457,0.06749497354030609,-0.0037536025047302246,-0.07742738723754883,-1.0617828369140625,-1.9970704317092896,0.8340151906013489,0.9286161661148071,0.03,1.2557604312896729,-0.07452372461557388,0.3433910608291626,0.040421634912490845,-0.02320641465485096,0.08230887353420258,0.9955163598060608,0,0,0,0,0,0,0,0,0,0,0,0,0,0
3.3467977046966553,0.0,-0.0012467503547668457,0.06749497354030609,-0.0037536025047302246,-0.07742738723754883,-1.0617828369140625,-1.9970704317092896,0.8340151906013489,0.9286161661148071,0.03,1.2557604312896729,-0.07452372461557388,0.3433910608291626,0.040421634912490845,-0.02320641465485096,0.08230887353420258,0.9955163598060608,0,0,0,0,0,0,0,0,0,0,0,0,0,0
3.3496551513671875,0.0,-0.0012467503547668457,0.06749497354030609,-0.0037536025047302246,-0.07742738723754883,-1.0617828369140625,-1.9970704317092896,0.8340151906013489,0.9286161661148071,0.03,1.2557604312896729,-0.07452372461557388,0.3433910608291626,0.040421634912490845,-0.02320641465485096,0.08230887353420258,0.9955163598060608,0,0,0,0,0,0,0,0,0,0,0,0,0,0
3.3507962226867676,0.0,-0.0012467503547668457,0.06749497354030609,-0.0037536025047302246,-0.07742738723754883,-1.0617828369140625,-1.9970704317092896,0.8340151906013489,0.9286161661148071,0.03,1.2557604312896729,-0.07452372461557388,0.3433910608291626,0.040421634912490845,-0.02320641465485096,0.08230887353420258,0.9955163598060608,0,0,0,0,0,0,0,0,0,0,0,0,0,0
3.3518621921539307,0.0,-0.0012467503547668457,0.06749497354030609,-0.0037536025047302246,-0.07742738723754883,-1.0617828369140625,-1.9970704317092896,0.8340151906013489,0.9286161661148071,0.03,1.2557604312896729,-0.07452372461557388,0.3433910608291626,0.040421634912490845,-0.02320641465485096,0.08230887353420258,0.9955163598060608,0,0,0,0,0,0,0,0,0,0,0,0,0,0
3.352942705154419,0.0,-0.0012169480323791504,0.06769004464149475,-0.003693521022796631,-0.07753688097000122,-1.0185627937316895,-2.005610227584839,0.8179847598075867,0.8849983215332031,0.03,1.2557646036148071,-0.07458686828613281,0.3432857394218445,0.04042401164770126,-0.02314279042184353,0.0817553922533989,0.9955633878707886,0,0,0,0,0,0,0,0,0,0,0,0,0,0
3.3551769256591797,0.0,-0.0012169480323791504,0.06769004464149475,-0.003693521022796631,-0.07753688097000122,-1.0185627937316895,-2.005610227584839,0.8179847598075867,0.8849983215332031,0.03,1.2557646036148071,-0.07458686828613281,0.3432857394218445,0.04042401164770126,-0.02314279042184353,0.0817553922533989,0.9955633878707886,0,0,0,0,0,0,0,0,0,0,0,0,0,0
3.356468677520752,0.0,-0.0012169480323791504,0.06769004464149475,-0.003693521022796631,-0.07753688097000122,-1.0185627937316895,-2.005610227584839,0.8179847598075867,0.8849983215332031,0.03,1.2557646036148071,-0.07458686828613281,0.3432857394218445,0.04042401164770126,-0.02314279042184353,0.0817553922533989,0.9955633878707886,0,0,0,0,0,0,0,0,0,0,0,0,0,0
3.357633590698242,0.0,-0.0012169480323791504,0.06769004464149475,-0.003693521022796631,-0.07753688097000122,-1.0185627937316895,-2.005610227584839,0.8179847598075867,0.8849983215332031,0.03,1.2557646036148071,-0.07458686828613281,0.3432857394218445,0.04042401164770126,-0.02314279042184353,0.0817553922533989,0.9955633878707886,0,0,0,0,0,0,0,0,0,0,0,0,0,0
3.360276222229004,0.0,-0.0012169480323791504,0.06769004464149475,-0.003693521022796631,-0.07753688097000122,-1.0185627937316895,-2.005610227584839,0.8179847598075867,0.8849983215332031,0.03,1.2557646036148071,-0.07458686828613281,0.3432857394218445,0.04042401164770126,-0.02314279042184353,0.0817553922533989,0.9955633878707886,0,0,0,0,0,0,0,0,0,0,0,0,0,0
3.3613414764404297,0.0,-0.0012169480323791504,0.06769004464149475,-0.003693521022796631,-0.07753688097000122,-1.0185627937316895,-2.005610227584839,0.8179847598075867,0.8849983215332031,0.03,1.2557646036148071,-0.07458686828613281,0.3432857394218445,0.04042401164770126,-0.02314279042184353,0.0817553922533989,0.9955633878707886,0,0,0,0,0,0,0,0,0,0,0,0,0,0
3.362957000732422,0.0,-0.0012169480323791504,0.06769004464149475,-0.003693521022796631,-0.07753688097000122,-1.0185627937316895,-2.005610227584839,0.8179847598075867,0.8849983215332031,0.03,1.2557646036148071,-0.07458686828613281,0.3432857394218445,0.04042401164770126,-0.02314279042184353,0.0817553922533989,0.9955633878707886,0,0,0,0,0,0,0,0,0,0,0,0,0,0
3.3650388717651367,0.0,-0.0012169480323791504,0.06769004464149475,-0.003693521022796631,-0.07753688097000122,-1.0185627937316895,-2.005610227584839,0.8179847598075867,0.8849983215332031,0.03,1.2557646036148071,-0.07458686828613281,0.3432857394218445,0.04042401164770126,-0.02314279042184353,0.0817553922533989,0.9955633878707886,0,0,0,0,0,0,0,0,0,0,0,0,0,0
3.3661484718322754,0.0,-0.0012169480323791504,0.06769004464149475,-0.003693521022796631,-0.07753688097000122,-1.0185627937316895,-2.005610227584839,0.8179847598075867,0.8849983215332031,0.03,1.2557834386825562,-0.07451413571834564,0.34338676929473877,0.040434181690216064,-0.023285482078790665,0.08195678889751434,0.9955430626869202,0,0,0,0,0,0,0,0,0,0,0,0,0,0
3.3677120208740234,0.0,-0.0012169480323791504,0.06769004464149475,-0.003693521022796631,-0.07753688097000122,-1.0185627937316895,-2.005610227584839,0.8179847598075867,0.8849983215332031,0.03,1.2557834386825562,-0.07451413571834564,0.34338676929473877,0.040434181690216064,-0.023285482078790665,0.08195678889751434,0.9955430626869202,0,0,0,0,0,0,0,0,0,0,0,0,0,0
3.3707492351531982,0.0,-0.0012169480323791504,0.06769004464149475,-0.003693521022796631,-0.07753688097000122,-1.0185627937316895,-2.005610227584839,0.8179847598075867,0.8849983215332031,0.03,1.2557834386825562,-0.07451413571834564,0.34338676929473877,0.040434181690216064,-0.023285482078790665,0.08195678889751434,0.9955430626869202,0,0,0,0,0,0,0,0,0,0,0,0,0,0
3.3735432624816895,0.0,-0.0012169480323791504,0.06769004464149475,-0.003693521022796631,-0.07753688097000122,-1.0185627937316895,-2.005610227584839,0.8179847598075867,0.8849983215332031,0.03,1.2557812929153442,-0.07452944666147232,0.3433699309825897,0.04035108909010887,-0.0232993196696043,0.08201505988836288,0.9955412745475769,0,0,0,0,0,0,0,0,0,0,0,0,0,0
3.374833345413208,0.0,-0.0012169480323791504,0.06769004464149475,-0.003693521022796631,-0.07753688097000122,-1.0185627937316895,-2.005610227584839,0.8179847598075867,0.8849983215332031,0.03,1.2557812929153442,-0.07452944666147232,0.3433699309825897,0.04035108909010887,-0.0232993196696043,0.08201505988836288,0.9955412745475769,0,0,0,0,0,0,0,0,0,0,0,0,0,0
3.3759117126464844,0.0,-0.0012169480323791504,0.06769004464149475,-0.003693521022796631,-0.07753688097000122,-1.0185627937316895,-2.005610227584839,0.8179847598075867,0.8849983215332031,0.03,1.2557812929153442,-0.07452944666147232,0.3433699309825897,0.04035108909010887,-0.0232993196696043,0.08201505988836288,0.9955412745475769,0,0,0,0,0,0,0,0,0,0,0,0,0,0
3.377483606338501,0.0,-0.0012169480323791504,0.06769004464149475,-0.003693521022796631,-0.07753688097000122,-1.0185627937316895,-2.005610227584839,0.8179847598075867,0.8849983215332031,0.03,1.2557812929153442,-0.07452944666147232,0.3433699309825897,0.04035108909010887,-0.0232993196696043,0.08201505988836288,0.9955412745475769,0,0,0,0,0,0,0,0,0,0,0,0,0,0
3.378692626953125,0.0,-0.0012169480323791504,0.06769004464149475,-0.003693521022796631,-0.07753688097000122,-1.0185627937316895,-2.005610227584839,0.8179847598075867,0.8849983215332031,0.03,1.2557650804519653,-0.07458312064409256,0.3433040380477905,0.040366943925619125,-0.023235581815242767,0.08236624300479889,0.9955131411552429,0,0,0,0,0,0,0,0,0,0,0,0,0,0
3.379793882369995,0.0,-0.0012169480323791504,0.06769004464149475,-0.003693521022796631,-0.07753688097000122,-1.0185627937316895,-2.005610227584839,0.8179847598075867,0.8849983215332031,0.03,1.2557650804519653,-0.07458312064409256,0.3433040380477905,0.040366943925619125,-0.023235581815242767,0.08236624300479889,0.9955131411552429,0,0,0,0,0,0,0,0,0,0,0,0,0,0
3.3810629844665527,0.0,-0.0012169480323791504,0.06769004464149475,-0.003693521022796631,-0.07753688097000122,-1.0185627937316895,-2.005610227584839,0.8179847598075867,0.8849983215332031,0.03,1.2557650804519653,-0.07458312064409256,0.3433040380477905,0.040366943925619125,-0.023235581815242767,0.08236624300479889,0.9955131411552429,0,0,0,0,0,0,0,0,0,0,0,0,0,0
3.382704496383667,0.0,-0.0012169480323791504,0.06769004464149475,-0.003693521022796631,-0.07753688097000122,-1.0185627937316895,-2.005610227584839,0.8179847598075867,0.8849983215332031,0.03,1.2557650804519653,-0.07458312064409256,0.3433040380477905,0.040366943925619125,-0.023235581815242767,0.08236624300479889,0.9955131411552429,0,0,0,0,0,0,0,0,0,0,0,0,0,0
3.3839669227600098,0.0,-0.0012169480323791504,0.06769004464149475,-0.003693521022796631,-0.07753688097000122,-1.0185627937316895,-2.005610227584839,0.8179847598075867,0.8849983215332031,0.03,1.2557650804519653,-0.07458312064409256,0.3433040380477905,0.040366943925619125,-0.023235581815242767,0.08236624300479889,0.9955131411552429,0,0,0,0,0,0,0,0,0,0,0,0,0,0
3.385073661804199,0.0,-0.0012169480323791504,0.06769004464149475,-0.003693521022796631,-0.07753688097000122,-1.0185627937316895,-2.005610227584839,0.8179847598075867,0.8849983215332031,0.03,1.2557650804519653,-0.07458312064409256,0.3433040380477905,0.040366943925619125,-0.023235581815242767,0.08236624300479889,0.9955131411552429,0,0,0,0,0,0,0,0,0,0,0,0,0,0
3.38614821434021,0.0,-0.0012169480323791504,0.06769004464149475,-0.003693521022796631,-0.07753688097000122,-1.0185627937316895,-2.005610227584839,0.8179847598075867,0.8849983215332031,0.03,1.2557650804519653,-0.07458312064409256,0.3433040380477905,0.040366943925619125,-0.023235581815242767,0.08236624300479889,0.9955131411552429,0,0,0,0,0,0,0,0,0,0,0,0,0,0
3.3873414993286133,0.0,-0.0012169480323791504,0.06769004464149475,-0.003693521022796631,-0.07753688097000122,-1.0185627937316895,-2.005610227584839,0.8179847598075867,0.8849983215332031,0.03,1.2557650804519653,-0.07458312064409256,0.3433040380477905,0.040366943925619125,-0.023235581815242767,0.08236624300479889,0.9955131411552429,0,0,0,0,0,0,0,0,0,0,0,0,0,0
3.3885879516601562,0.0,-0.0012169480323791504,0.06769004464149475,-0.003693521022796631,-0.07753688097000122,-1.0185627937316895,-2.005610227584839,0.8179847598075867,0.8849983215332031,0.03,1.2557650804519653,-0.07458312064409256,0.3433040380477905,0.040366943925619125,-0.023235581815242767,0.08236624300479889,0.9955131411552429,0,0,0,0,0,0,0,0,0,0,0,0,0,0
3.3896501064300537,0.0,-0.0012169480323791504,0.06769004464149475,-0.003693521022796631,-0.07753688097000122,-1.0185627937316895,-2.005610227584839,0.8179847598075867,0.8849983215332031,0.03,1.2557706832885742,-0.07457709312438965,0.34334322810173035,0.04038847237825394,-0.023220108821988106,0.0822615996003151,0.9955213069915771,0,0,0,0,0,0,0,0,0,0,0,0,0,0
3.390744209289551,0.0,-0.0012169480323791504,0.06769004464149475,-0.003693521022796631,-0.07753688097000122,-1.0185627937316895,-2.005610227584839,0.8179847598075867,0.8849983215332031,0.03,1.2557706832885742,-0.07457709312438965,0.34334322810173035,0.04038847237825394,-0.023220108821988106,0.0822615996003151,0.9955213069915771,0,0,0,0,0,0,0,0,0,0,0,0,0,0
3.391963481903076,0.0,-0.0012169480323791504,0.06769004464149475,-0.003693521022796631,-0.07753688097000122,-1.0185627937316895,-2.005610227584839,0.8179847598075867,0.8849983215332031,0.03,1.2557706832885742,-0.07457709312438965,0.34334322810173035,0.04038847237825394,-0.023220108821988106,0.0822615996003151,0.9955213069915771,0,0,0,0,0,0,0,0,0,0,0,0,0,0
3.393024444580078,0.0,-0.0012169480323791504,0.06769004464149475,-0.003693521022796631,-0.07753688097000122,-1.0185627937316895,-2.005610227584839,0.8179847598075867,0.8849983215332031,0.03,1.2557706832885742,-0.07457709312438965,0.34334322810173035,0.04038847237825394,-0.023220108821988106,0.0822615996003151,0.9955213069915771,0,0,0,0,0,0,0,0,0,0,0,0,0,0
3.394232749938965,0.0,-0.0012169480323791504,0.06769004464149475,-0.003693521022796631,-0.07753688097000122,-1.0185627937316895,-2.005610227584839,0.8179847598075867,0.8849983215332031,0.03,1.2557848691940308,-0.07453466951847076,0.34337180852890015,0.040361590683460236,-0.023260897025465965,0.08217193186283112,0.9955288767814636,0,0,0,0,0,0,0,0,0,0,0,0,0,0
3.395458221435547,0.0,-0.0012169480323791504,0.06769004464149475,-0.003693521022796631,-0.07753688097000122,-1.0185627937316895,-2.005610227584839,0.8179847598075867,0.8849983215332031,0.03,1.2557848691940308,-0.07453466951847076,0.34337180852890015,0.040361590683460236,-0.023260897025465965,0.08217193186283112,0.9955288767814636,0,0,0,0,0,0,0,0,0,0,0,0,0,0
3.396524667739868,0.0,-0.0012169480323791504,0.06769004464149475,-0.003693521022796631,-0.07753688097000122,-1.0185627937316895,-2.005610227584839,0.8179847598075867,0.8849983215332031,0.03,1.2557848691940308,-0.07453466951847076,0.34337180852890015,0.040361590683460236,-0.023260897025465965,0.08217193186283112,0.9955288767814636,0,0,0,0,0,0,0,0,0,0,0,0,0,0
3.3980553150177,0.0,-0.0012169480323791504,0.06769004464149475,-0.003693521022796631,-0.07753688097000122,-1.0185627937316895,-2.005610227584839,0.8179847598075867,0.8849983215332031,0.03,1.2557848691940308,-0.07453466951847076,0.34337180852890015,0.040361590683460236,-0.023260897025465965,0.08217193186283112,0.9955288767814636,0,0,0,0,0,0,0,0,0,0,0,0,0,0
3.399860143661499,0.0,-0.0012169480323791504,0.06769004464149475,-0.003693521022796631,-0.07753688097000122,-1.0185627937316895,-2.005610227584839,0.8179847598075867,0.8849983215332031,0.03,1.2557848691940308,-0.07453466951847076,0.34337180852890015,0.040361590683460236,-0.023260897025465965,0.08217193186283112,0.9955288767814636,0,0,0,0,0,0,0,0,0,0,0,0,0,0
3.401871681213379,0.0,-0.0012169480323791504,0.06769004464149475,-0.003693521022796631,-0.07753688097000122,-1.0185627937316895,-2.005610227584839,0.8179847598075867,0.8849983215332031,0.03,1.2557848691940308,-0.07453466951847076,0.34337180852890015,0.040361590683460236,-0.023260897025465965,0.08217193186283112,0.9955288767814636,0,0,0,0,0,0,0,0,0,0,0,0,0,0
3.4034790992736816,0.0,-0.0012169480323791504,0.06769004464149475,-0.003693521022796631,-0.07753688097000122,-1.0185627937316895,-2.005610227584839,0.8179847598075867,0.8849983215332031,0.03,1.2557848691940308,-0.07453466951847076,0.34337180852890015,0.040361590683460236,-0.023260897025465965,0.08217193186283112,0.9955288767814636,0,0,0,0,0,0,0,0,0,0,0,0,0,0
3.4047183990478516,0.0,-0.0012169480323791504,0.06769004464149475,-0.003693521022796631,-0.07753688097000122,-1.0185627937316895,-2.005610227584839,0.8179847598075867,0.8849983215332031,0.03,1.2557848691940308,-0.07453466951847076,0.34337180852890015,0.040361590683460236,-0.023260897025465965,0.08217193186283112,0.9955288767814636,0,0,0,0,0,0,0,0,0,0,0,0,0,0
3.4058098793029785,0.0,-0.0012169480323791504,0.06769004464149475,-0.003693521022796631,-0.07753688097000122,-1.0185627937316895,-2.005610227584839,0.8179847598075867,0.8849983215332031,0.03,1.2557848691940308,-0.07453466951847076,0.34337180852890015,0.040361590683460236,-0.023260897025465965,0.08217193186283112,0.9955288767814636,0,0,0,0,0,0,0,0,0,0,0,0,0,0
3.40826153755188,0.0,-0.0012169480323791504,0.06769004464149475,-0.003693521022796631,-0.07753688097000122,-1.0185627937316895,-2.005610227584839,0.8179847598075867,0.8849983215332031,0.03,1.2557848691940308,-0.07453466951847076,0.34337180852890015,0.040361590683460236,-0.023260897025465965,0.08217193186283112,0.9955288767814636,0,0,0,0,0,0,0,0,0,0,0,0,0,0
3.4123268127441406,0.0,-0.001032114028930664,0.07154759764671326,-0.0028044581413269043,-0.07894015312194824,-1.070048213005066,-1.912142276763916,0.8272120952606201,0.9010946750640869,0.03,1.255772352218628,-0.0745580792427063,0.34332332015037537,0.040536586195230484,-0.0232284776866436,0.08333230018615723,0.9954261183738708,0,0,0,0,0,0,0,0,0,0,0,0,0,0
3.413440465927124,0.0,-0.001032114028930664,0.07154759764671326,-0.0028044581413269043,-0.07894015312194824,-1.070048213005066,-1.912142276763916,0.8272120952606201,0.9010946750640869,0.03,1.255772352218628,-0.0745580792427063,0.34332332015037537,0.040536586195230484,-0.0232284776866436,0.08333230018615723,0.9954261183738708,0,0,0,0,0,0,0,0,0,0,0,0,0,0
3.4151227474212646,0.0,-0.001032114028930664,0.07154759764671326,-0.0028044581413269043,-0.07894015312194824,-1.070048213005066,-1.912142276763916,0.8272120952606201,0.9010946750640869,0.03,1.255772352218628,-0.0745580792427063,0.34332332015037537,0.040536586195230484,-0.0232284776866436,0.08333230018615723,0.9954261183738708,0,0,0,0,0,0,0,0,0,0,0,0,0,0
3.41630482673645,0.0,-0.001032114028930664,0.07154759764671326,-0.0028044581413269043,-0.07894015312194824,-1.070048213005066,-1.912142276763916,0.8272120952606201,0.9010946750640869,0.03,1.255772352218628,-0.0745580792427063,0.34332332015037537,0.040536586195230484,-0.0232284776866436,0.08333230018615723,0.9954261183738708,0,0,0,0,0,0,0,0,0,0,0,0,0,0
3.417503595352173,0.0,-0.001032114028930664,0.07154759764671326,-0.0028044581413269043,-0.07894015312194824,-1.070048213005066,-1.912142276763916,0.8272120952606201,0.9010946750640869,0.03,1.255772352218628,-0.0745580792427063,0.34332332015037537,0.040536586195230484,-0.0232284776866436,0.08333230018615723,0.9954261183738708,0,0,0,0,0,0,0,0,0,0,0,0,0,0
3.418701648712158,0.0,-0.001032114028930664,0.07154759764671326,-0.0028044581413269043,-0.07894015312194824,-1.070048213005066,-1.912142276763916,0.8272120952606201,0.9010946750640869,0.03,1.255772352218628,-0.0745580792427063,0.34332332015037537,0.040536586195230484,-0.0232284776866436,0.08333230018615723,0.9954261183738708,0,0,0,0,0,0,0,0,0,0,0,0,0,0
3.419821262359619,0.0,-0.001032114028930664,0.07154759764671326,-0.0028044581413269043,-0.07894015312194824,-1.070048213005066,-1.912142276763916,0.8272120952606201,0.9010946750640869,0.03,1.255772352218628,-0.0745580792427063,0.34332332015037537,0.040536586195230484,-0.0232284776866436,0.08333230018615723,0.9954261183738708,0,0,0,0,0,0,0,0,0,0,0,0,0,0
3.421060800552368,0.0,-0.001032114028930664,0.07154759764671326,-0.0028044581413269043,-0.07894015312194824,-1.070048213005066,-1.912142276763916,0.8272120952606201,0.9010946750640869,0.03,1.255772352218628,-0.0745580792427063,0.34332332015037537,0.040536586195230484,-0.0232284776866436,0.08333230018615723,0.9954261183738708,0,0,0,0,0,0,0,0,0,0,0,0,0,0
3.4225690364837646,0.0,-0.001032114028930664,0.07154759764671326,-0.0028044581413269043,-0.07894015312194824,-1.070048213005066,-1.912142276763916,0.8272120952606201,0.9010946750640869,0.03,1.255772352218628,-0.0745580792427063,0.34332332015037537,0.040536586195230484,-0.0232284776866436,0.08333230018615723,0.9954261183738708,0,0,0,0,0,0,0,0,0,0,0,0,0,0
3.4240407943725586,0.0,-0.001032114028930664,0.07154759764671326,-0.0028044581413269043,-0.07894015312194824,-1.070048213005066,-1.912142276763916,0.8272120952606201,0.9010946750640869,0.03,1.255772352218628,-0.0745580792427063,0.34332332015037537,0.040536586195230484,-0.0232284776866436,0.08333230018615723,0.9954261183738708,0,0,0,0,0,0,0,0,0,0,0,0,0,0
3.4274067878723145,0.0,-0.001032114028930664,0.07154759764671326,-0.0028044581413269043,-0.07894015312194824,-1.070048213005066,-1.912142276763916,0.8272120952606201,0.9010946750640869,0.03,1.255772352218628,-0.0745580792427063,0.34332332015037537,0.040536586195230484,-0.0232284776866436,0.08333230018615723,0.9954261183738708,0,0,0,0,0,0,0,0,0,0,0,0,0,0
3.4285526275634766,0.0,-0.001032114028930664,0.07154759764671326,-0.0028044581413269043,-0.07894015312194824,-1.070048213005066,-1.912142276763916,0.8272120952606201,0.9010946750640869,0.03,1.255772352218628,-0.0745580792427063,0.34332332015037537,0.040536586195230484,-0.0232284776866436,0.08333230018615723,0.9954261183738708,0,0,0,0,0,0,0,0,0,0,0,0,0,0
3.429868459701538,0.0,-0.001032114028930664,0.07154759764671326,-0.0028044581413269043,-0.07894015312194824,-1.070048213005066,-1.912142276763916,0.8272120952606201,0.9010946750640869,0.03,1.2557783126831055,-0.0745520293712616,0.3433138430118561,0.04042428731918335,-0.02321709506213665,0.08294548839330673,0.9954631924629211,0,0,0,0,0,0,0,0,0,0,0,0,0,0
3.4326553344726562,0.0,-0.001032114028930664,0.07154759764671326,-0.0028044581413269043,-0.07894015312194824,-1.070048213005066,-1.912142276763916,0.8272120952606201,0.9010946750640869,0.03,1.2557728290557861,-0.07454503327608109,0.34335875511169434,0.04060467705130577,-0.02329258620738983,0.08377383649349213,0.9953847527503967,0,0,0,0,0,0,0,0,0,0,0,0,0,0
3.43384051322937,0.0,-0.001032114028930664,0.07154759764671326,-0.0028044581413269043,-0.07894015312194824,-1.070048213005066,-1.912142276763916,0.8272120952606201,0.9010946750640869,0.03,1.2557728290557861,-0.07454503327608109,0.34335875511169434,0.04060467705130577,-0.02329258620738983,0.08377383649349213,0.9953847527503967,0,0,0,0,0,0,0,0,0,0,0,0,0,0
3.435164213180542,0.0,-0.001032114028930664,0.07154759764671326,-0.0028044581413269043,-0.07894015312194824,-1.070048213005066,-1.912142276763916,0.8272120952606201,0.9010946750640869,0.03,1.2557728290557861,-0.07454503327608109,0.34335875511169434,0.04060467705130577,-0.02329258620738983,0.08377383649349213,0.9953847527503967,0,0,0,0,0,0,0,0,0,0,0,0,0,0
3.436333656311035,0.0,-0.001032114028930664,0.07154759764671326,-0.0028044581413269043,-0.07894015312194824,-1.070048213005066,-1.912142276763916,0.8272120952606201,0.9010946750640869,0.03,1.2557728290557861,-0.07454503327608109,0.34335875511169434,0.04060467705130577,-0.02329258620738983,0.08377383649349213,0.9953847527503967,0,0,0,0,0,0,0,0,0,0,0,0,0,0
3.43778133392334,0.0,-0.001032114028930664,0.07154759764671326,-0.0028044581413269043,-0.07894015312194824,-1.070048213005066,-1.912142276763916,0.8272120952606201,0.9010946750640869,0.03,1.2557728290557861,-0.07454503327608109,0.34335875511169434,0.04060467705130577,-0.02329258620738983,0.08377383649349213,0.9953847527503967,0,0,0,0,0,0,0,0,0,0,0,0,0,0
3.4389333724975586,0.0,-0.001032114028930664,0.07154759764671326,-0.0028044581413269043,-0.07894015312194824,-1.070048213005066,-1.912142276763916,0.8272120952606201,0.9010946750640869,0.03,1.2557728290557861,-0.07454503327608109,0.34335875511169434,0.04060467705130577,-0.02329258620738983,0.08377383649349213,0.9953847527503967,0,0,0,0,0,0,0,0,0,0,0,0,0,0
3.4400250911712646,0.0,-0.001032114028930664,0.07154759764671326,-0.0028044581413269043,-0.07894015312194824,-1.070048213005066,-1.912142276763916,0.8272120952606201,0.9010946750640869,0.03,1.2557728290557861,-0.07454503327608109,0.34335875511169434,0.04060467705130577,-0.02329258620738983,0.08377383649349213,0.9953847527503967,0,0,0,0,0,0,0,0,0,0,0,0,0,0
3.442838191986084,0.0,-0.001032114028930664,0.07154759764671326,-0.0028044581413269043,-0.07894015312194824,-1.070048213005066,-1.912142276763916,0.8272120952606201,0.9010946750640869,0.03,1.2557728290557861,-0.07454503327608109,0.34335875511169434,0.04060467705130577,-0.02329258620738983,0.08377383649349213,0.9953847527503967,0,0,0,0,0,0,0,0,0,0,0,0,0,0
3.4445672035217285,0.0,-0.001032114028930664,0.07154759764671326,-0.0028044581413269043,-0.07894015312194824,-1.070048213005066,-1.912142276763916,0.8272120952606201,0.9010946750640869,0.03,1.2557728290557861,-0.07454503327608109,0.34335875511169434,0.04060467705130577,-0.02329258620738983,0.08377383649349213,0.9953847527503967,0,0,0,0,0,0,0,0,0,0,0,0,0,0
3.445634365081787,0.0,-0.001032114028930664,0.07154759764671326,-0.0028044581413269043,-0.07894015312194824,-1.070048213005066,-1.912142276763916,0.8272120952606201,0.9010946750640869,0.03,1.2557728290557861,-0.07454503327608109,0.34335875511169434,0.04060467705130577,-0.02329258620738983,0.08377383649349213,0.9953847527503967,0,0,0,0,0,0,0,0,0,0,0,0,0,0
3.449504852294922,0.0,-0.001032114028930664,0.07154759764671326,-0.0028044581413269043,-0.07894015312194824,-1.070048213005066,-1.912142276763916,0.8272120952606201,0.9010946750640869,0.03,1.2557728290557861,-0.07454503327608109,0.34335875511169434,0.04060467705130577,-0.02329258620738983,0.08377383649349213,0.9953847527503967,0,0,0,0,0,0,0,0,0,0,0,0,0,0
3.451011896133423,0.0,-0.001032114028930664,0.07154759764671326,-0.0028044581413269043,-0.07894015312194824,-1.070048213005066,-1.912142276763916,0.8272120952606201,0.9010946750640869,0.03,1.2557728290557861,-0.07454503327608109,0.34335875511169434,0.04060467705130577,-0.02329258620738983,0.08377383649349213,0.9953847527503967,0,0,0,0,0,0,0,0,0,0,0,0,0,0
3.4523613452911377,0.0,-0.001032114028930664,0.07154759764671326,-0.0028044581413269043,-0.07894015312194824,-1.070048213005066,-1.912142276763916,0.8272120952606201,0.9010946750640869,0.03,1.2557728290557861,-0.07454503327608109,0.34335875511169434,0.04060467705130577,-0.02329258620738983,0.08377383649349213,0.9953847527503967,0,0,0,0,0,0,0,0,0,0,0,0,0,0
3.4534528255462646,0.0,-0.001032114028930664,0.07154759764671326,-0.0028044581413269043,-0.07894015312194824,-1.070048213005066,-1.912142276763916,0.8272120952606201,0.9010946750640869,0.03,1.2557728290557861,-0.07454503327608109,0.34335875511169434,0.04060467705130577,-0.02329258620738983,0.08377383649349213,0.9953847527503967,0,0,0,0,0,0,0,0,0,0,0,0,0,0
3.4546988010406494,0.0,-0.001032114028930664,0.07154759764671326,-0.0028044581413269043,-0.07894015312194824,-1.070048213005066,-1.912142276763916,0.8272120952606201,0.9010946750640869,0.03,1.2557728290557861,-0.07454503327608109,0.34335875511169434,0.04060467705130577,-0.02329258620738983,0.08377383649349213,0.9953847527503967,0,0,0,0,0,0,0,0,0,0,0,0,0,0
3.4559645652770996,0.0,-0.001032114028930664,0.07154759764671326,-0.0028044581413269043,-0.07894015312194824,-1.070048213005066,-1.912142276763916,0.8272120952606201,0.9010946750640869,0.03,1.2557728290557861,-0.07454503327608109,0.34335875511169434,0.04060467705130577,-0.02329258620738983,0.08377383649349213,0.9953847527503967,0,0,0,0,0,0,0,0,0,0,0,0,0,0
3.4575443267822266,0.0,-0.001032114028930664,0.07154759764671326,-0.0028044581413269043,-0.07894015312194824,-1.070048213005066,-1.912142276763916,0.8272120952606201,0.9010946750640869,0.03,1.2557728290557861,-0.07454503327608109,0.34335875511169434,0.04060467705130577,-0.02329258620738983,0.08377383649349213,0.9953847527503967,0,0,0,0,0,0,0,0,0,0,0,0,0,0
3.4586997032165527,0.0,-0.001032114028930664,0.07154759764671326,-0.0028044581413269043,-0.07894015312194824,-1.070048213005066,-1.912142276763916,0.8272120952606201,0.9010946750640869,0.03,1.2557728290557861,-0.07454503327608109,0.34335875511169434,0.04060467705130577,-0.02329258620738983,0.08377383649349213,0.9953847527503967,0,0,0,0,0,0,0,0,0,0,0,0,0,0
3.459801197052002,0.0,-0.001032114028930664,0.07154759764671326,-0.0028044581413269043,-0.07894015312194824,-1.070048213005066,-1.912142276763916,0.8272120952606201,0.9010946750640869,0.03,1.2557728290557861,-0.07454503327608109,0.34335875511169434,0.04060467705130577,-0.02329258620738983,0.08377383649349213,0.9953847527503967,0,0,0,0,0,0,0,0,0,0,0,0,0,0
3.461608648300171,0.0,-0.001032114028930664,0.07154759764671326,-0.0028044581413269043,-0.07894015312194824,-1.070048213005066,-1.912142276763916,0.8272120952606201,0.9010946750640869,0.03,1.2557728290557861,-0.07454503327608109,0.34335875511169434,0.04060467705130577,-0.02329258620738983,0.08377383649349213,0.9953847527503967,0,0,0,0,0,0,0,0,0,0,0,0,0,0
3.4631662368774414,0.0,-0.0008144378662109375,0.07529400289058685,-0.0017914175987243652,-0.08032488822937012,-1.086434245109558,-2.059791088104248,0.8075349926948547,0.9878033995628357,0.03,1.2557765245437622,-0.07452888041734695,0.343384712934494,0.040458355098962784,-0.023261284455657005,0.08318763226270676,0.9954406023025513,0,0,0,0,0,0,0,0,0,0,0,0,0,0
3.464446544647217,0.0,-0.0008144378662109375,0.07529400289058685,-0.0017914175987243652,-0.08032488822937012,-1.086434245109558,-2.059791088104248,0.8075349926948547,0.9878033995628357,0.03,1.2557765245437622,-0.07452888041734695,0.343384712934494,0.040458355098962784,-0.023261284455657005,0.08318763226270676,0.9954406023025513,0,0,0,0,0,0,0,0,0,0,0,0,0,0
3.465689182281494,0.0,-0.0008144378662109375,0.07529400289058685,-0.0017914175987243652,-0.08032488822937012,-1.086434245109558,-2.059791088104248,0.8075349926948547,0.9878033995628357,0.03,1.2557765245437622,-0.07452888041734695,0.343384712934494,0.040458355098962784,-0.023261284455657005,0.08318763226270676,0.9954406023025513,0,0,0,0,0,0,0,0,0,0,0,0,0,0
3.467405319213867,0.0,-0.0007904171943664551,0.07614211738109589,-0.0015772581100463867,-0.08064043521881104,-1.1402077674865723,-2.0730650424957275,0.7919122576713562,0.9892804622650146,0.03,1.2557655572891235,-0.07459291070699692,0.3433138430118561,0.0404660739004612,-0.023219402879476547,0.08309401571750641,0.9954490065574646,0,0,0,0,0,0,0,0,0,0,0,0,0,0
3.4685475826263428,0.0,-0.0007904171943664551,0.07614211738109589,-0.0015772581100463867,-0.08064043521881104,-1.1402077674865723,-2.0730650424957275,0.7919122576713562,0.9892804622650146,0.03,1.2557655572891235,-0.07459291070699692,0.3433138430118561,0.0404660739004612,-0.023219402879476547,0.08309401571750641,0.9954490065574646,0,0,0,0,0,0,0,0,0,0,0,0,0,0
3.4696285724639893,0.0,-0.0007904171943664551,0.07614211738109589,-0.0015772581100463867,-0.08064043521881104,-1.1402077674865723,-2.0730650424957275,0.7919122576713562,0.9892804622650146,0.03,1.2557655572891235,-0.07459291070699692,0.3433138430118561,0.0404660739004612,-0.023219402879476547,0.08309401571750641,0.9954490065574646,0,0,0,0,0,0,0,0,0,0,0,0,0,0
3.470752477645874,0.0,-0.0007904171943664551,0.07614211738109589,-0.0015772581100463867,-0.08064043521881104,-1.1402077674865723,-2.0730650424957275,0.7919122576713562,0.9892804622650146,0.03,1.2557655572891235,-0.07459291070699692,0.3433138430118561,0.0404660739004612,-0.023219402879476547,0.08309401571750641,0.9954490065574646,0,0,0,0,0,0,0,0,0,0,0,0,0,0
3.4721460342407227,0.0,-0.0007904171943664551,0.07614211738109589,-0.0015772581100463867,-0.08064043521881104,-1.1402077674865723,-2.0730650424957275,0.7919122576713562,0.9892804622650146,0.03,1.2557655572891235,-0.07459291070699692,0.3433138430118561,0.0404660739004612,-0.023219402879476547,0.08309401571750641,0.9954490065574646,0,0,0,0,0,0,0,0,0,0,0,0,0,0
3.4732859134674072,0.0,-0.0007904171943664551,0.07614211738109589,-0.0015772581100463867,-0.08064043521881104,-1.1402077674865723,-2.0730650424957275,0.7919122576713562,0.9892804622650146,0.03,1.2557655572891235,-0.07459291070699692,0.3433138430118561,0.0404660739004612,-0.023219402879476547,0.08309401571750641,0.9954490065574646,0,0,0,0,0,0,0,0,0,0,0,0,0,0
3.4759202003479004,0.0,-0.0007904171943664551,0.07614211738109589,-0.0015772581100463867,-0.08064043521881104,-1.1402077674865723,-2.0730650424957275,0.7919122576713562,0.9892804622650146,0.03,1.2557655572891235,-0.07459291070699692,0.3433138430118561,0.0404660739004612,-0.023219402879476547,0.08309401571750641,0.9954490065574646,0,0,0,0,0,0,0,0,0,0,0,0,0,0
3.477860450744629,0.0,-0.0007904171943664551,0.07614211738109589,-0.0015772581100463867,-0.08064043521881104,-1.1402077674865723,-2.0730650424957275,0.7919122576713562,0.9892804622650146,0.03,1.2557655572891235,-0.07459291070699692,0.3433138430118561,0.0404660739004612,-0.023219402879476547,0.08309401571750641,0.9954490065574646,0,0,0,0,0,0,0,0,0,0,0,0,0,0
3.479505777359009,0.0,-0.0007292628288269043,0.07706186175346375,-0.0013809800148010254,-0.08095216751098633,-1.1364998817443848,-2.133530855178833,0.8561282753944397,1.0415047407150269,0.03,1.255772352218628,-0.07458795607089996,0.34331846237182617,0.04037589579820633,-0.0232094619423151,0.08178693801164627,0.9955611228942871,0,0,0,0,0,0,0,0,0,0,0,0,0,0
3.480907440185547,0.0,-0.0006968379020690918,0.07760727405548096,-0.0012609362602233887,-0.08117187023162842,-1.1539233922958374,-2.2047581672668457,0.8953588604927063,1.026530385017395,0.03,1.2557823657989502,-0.07454542815685272,0.3433498740196228,0.040341801941394806,-0.023226244375109673,0.08280117064714432,0.9954783320426941,0,0,0,0,0,0,0,0,0,0,0,0,0,0
3.48234486579895,0.0,-0.0006968379020690918,0.07760727405548096,-0.0012609362602233887,-0.08117187023162842,-1.1539233922958374,-2.2047581672668457,0.8953588604927063,1.026530385017395,0.03,1.2557823657989502,-0.07454542815685272,0.3433498740196228,0.040341801941394806,-0.023226244375109673,0.08280117064714432,0.9954783320426941,0,0,0,0,0,0,0,0,0,0,0,0,0,0
3.483637809753418,0.0,-0.0006968379020690918,0.07760727405548096,-0.0012609362602233887,-0.08117187023162842,-1.1539233922958374,-2.2047581672668457,0.8953588604927063,1.026530385017395,0.03,1.2557823657989502,-0.07454542815685272,0.3433498740196228,0.040341801941394806,-0.023226244375109673,0.08280117064714432,0.9954783320426941,0,0,0,0,0,0,0,0,0,0,0,0,0,0
3.485290050506592,0.0,-0.0006968379020690918,0.07760727405548096,-0.0012609362602233887,-0.08117187023162842,-1.1539233922958374,-2.2047581672668457,0.8953588604927063,1.026530385017395,0.03,1.2557823657989502,-0.07454542815685272,0.3433498740196228,0.040341801941394806,-0.023226244375109673,0.08280117064714432,0.9954783320426941,0,0,0,0,0,0,0,0,0,0,0,0,0,0
3.487643241882324,0.0,-0.0006968379020690918,0.07760727405548096,-0.0012609362602233887,-0.08117187023162842,-1.1539233922958374,-2.2047581672668457,0.8953588604927063,1.026530385017395,0.03,1.2557823657989502,-0.07454542815685272,0.3433498740196228,0.040341801941394806,-0.023226244375109673,0.08280117064714432,0.9954783320426941,0,0,0,0,0,0,0,0,0,0,0,0,0,0
3.4887213706970215,0.0,-0.0006968379020690918,0.07760727405548096,-0.0012609362602233887,-0.08117187023162842,-1.1539233922958374,-2.2047581672668457,0.8953588604927063,1.026530385017395,0.03,1.2557823657989502,-0.07454542815685272,0.3433498740196228,0.040341801941394806,-0.023226244375109673,0.08280117064714432,0.9954783320426941,0,0,0,0,0,0,0,0,0,0,0,0,0,0
3.4912219047546387,0.0,-0.0006968379020690918,0.07760727405548096,-0.0012609362602233887,-0.08117187023162842,-1.1539233922958374,-2.2047581672668457,0.8953588604927063,1.026530385017395,0.03,1.2557823657989502,-0.07454542815685272,0.3433498740196228,0.040341801941394806,-0.023226244375109673,0.08280117064714432,0.9954783320426941,0,0,0,0,0,0,0,0,0,0,0,0,0,0
3.4926884174346924,0.0,-0.0006551146507263184,0.07863008975982666,-0.0009377002716064453,-0.08162319660186768,-1.1971347332000732,-2.189594030380249,0.7893024682998657,0.977566123008728,0.03,1.2557792663574219,-0.07451038062572479,0.34336915612220764,0.040422599762678146,-0.023273931816220284,0.08298670500516891,0.9954584836959839,0,0,0,0,0,0,0,0,0,0,0,0,0,0
3.494659423828125,0.0,-0.0006551146507263184,0.07863008975982666,-0.0009377002716064453,-0.08162319660186768,-1.1971347332000732,-2.189594030380249,0.7893024682998657,0.977566123008728,0.03,1.2557792663574219,-0.07451038062572479,0.34336915612220764,0.040422599762678146,-0.023273931816220284,0.08298670500516891,0.9954584836959839,0,0,0,0,0,0,0,0,0,0,0,0,0,0
3.4959099292755127,0.0,-0.0006551146507263184,0.07863008975982666,-0.0009377002716064453,-0.08162319660186768,-1.1971347332000732,-2.189594030380249,0.7893024682998657,0.977566123008728,0.03,1.2557792663574219,-0.07451038062572479,0.34336915612220764,0.040422599762678146,-0.023273931816220284,0.08298670500516891,0.9954584836959839,0,0,0,0,0,0,0,0,0,0,0,0,0,0
3.497243642807007,0.0,-0.0006551146507263184,0.07863008975982666,-0.0009377002716064453,-0.08162319660186768,-1.1971347332000732,-2.189594030380249,0.7893024682998657,0.977566123008728,0.03,1.2557792663574219,-0.07451038062572479,0.34336915612220764,0.040422599762678146,-0.023273931816220284,0.08298670500516891,0.9954584836959839,0,0,0,0,0,0,0,0,0,0,0,0,0,0
3.498335123062134,0.0,-0.0006551146507263184,0.07863008975982666,-0.0009377002716064453,-0.08162319660186768,-1.1971347332000732,-2.189594030380249,0.7893024682998657,0.977566123008728,0.03,1.2557792663574219,-0.07451038062572479,0.34336915612220764,0.040422599762678146,-0.023273931816220284,0.08298670500516891,0.9954584836959839,0,0,0,0,0,0,0,0,0,0,0,0,0,0
3.4995086193084717,0.0,-0.0006551146507263184,0.07863008975982666,-0.0009377002716064453,-0.08162319660186768,-1.1971347332000732,-2.189594030380249,0.7893024682998657,0.977566123008728,0.03,1.2557792663574219,-0.07451038062572479,0.34336915612220764,0.040422599762678146,-0.023273931816220284,0.08298670500516891,0.9954584836959839,0,0,0,0,0,0,0,0,0,0,0,0,0,0
3.5005924701690674,0.0,-0.0006551146507263184,0.07863008975982666,-0.0009377002716064453,-0.08162319660186768,-1.1971347332000732,-2.189594030380249,0.7893024682998657,0.977566123008728,0.03,1.2557792663574219,-0.07451038062572479,0.34336915612220764,0.040422599762678146,-0.023273931816220284,0.08298670500516891,0.9954584836959839,0,0,0,0,0,0,0,0,0,0,0,0,0,0
3.5018293857574463,0.0,-0.0006551146507263184,0.07863008975982666,-0.0009377002716064453,-0.08162319660186768,-1.1971347332000732,-2.189594030380249,0.7893024682998657,0.977566123008728,0.03,1.2557792663574219,-0.07451038062572479,0.34336915612220764,0.040422599762678146,-0.023273931816220284,0.08298670500516891,0.9954584836959839,0,0,0,0,0,0,0,0,0,0,0,0,0,0
3.5032119750976562,0.0,-0.0006551146507263184,0.07863008975982666,-0.0009377002716064453,-0.08162319660186768,-1.1971347332000732,-2.189594030380249,0.7893024682998657,0.977566123008728,0.03,1.2557792663574219,-0.07451038062572479,0.34336915612220764,0.040422599762678146,-0.023273931816220284,0.08298670500516891,0.9954584836959839,0,0,0,0,0,0,0,0,0,0,0,0,0,0
3.506699800491333,0.0,-0.0006167292594909668,0.07886616885662079,-0.0008944869041442871,-0.08172863721847534,-1.1574373245239258,-2.289051055908203,0.8764588236808777,0.9955604672431946,0.03,1.2557792663574219,-0.07451038062572479,0.34336915612220764,0.040422599762678146,-0.023273931816220284,0.08298670500516891,0.9954584836959839,0,0,0,0,0,0,0,0,0,0,0,0,0,0
3.5087368488311768,0.0,-0.0006167292594909668,0.07886616885662079,-0.0008944869041442871,-0.08172863721847534,-1.1574373245239258,-2.289051055908203,0.8764588236808777,0.9955604672431946,0.03,1.2557792663574219,-0.07451038062572479,0.34336915612220764,0.040422599762678146,-0.023273931816220284,0.08298670500516891,0.9954584836959839,0,0,0,0,0,0,0,0,0,0,0,0,0,0
3.510263681411743,0.0,-0.0006167292594909668,0.07886616885662079,-0.0008944869041442871,-0.08172863721847534,-1.1574373245239258,-2.289051055908203,0.8764588236808777,0.9955604672431946,0.03,1.2557792663574219,-0.07451038062572479,0.34336915612220764,0.040422599762678146,-0.023273931816220284,0.08298670500516891,0.9954584836959839,0,0,0,0,0,0,0,0,0,0,0,0,0,0
3.5114076137542725,0.0,-0.0006167292594909668,0.07886616885662079,-0.0008944869041442871,-0.08172863721847534,-1.1574373245239258,-2.289051055908203,0.8764588236808777,0.9955604672431946,0.03,1.2557792663574219,-0.07451038062572479,0.34336915612220764,0.040422599762678146,-0.023273931816220284,0.08298670500516891,0.9954584836959839,0,0,0,0,0,0,0,0,0,0,0,0,0,0
3.5134518146514893,0.0,-0.0006167292594909668,0.07886616885662079,-0.0008944869041442871,-0.08172863721847534,-1.1574373245239258,-2.289051055908203,0.8764588236808777,0.9955604672431946,0.03,1.2557792663574219,-0.07451038062572479,0.34336915612220764,0.040422599762678146,-0.023273931816220284,0.08298670500516891,0.9954584836959839,0,0,0,0,0,0,0,0,0,0,0,0,0,0
3.515432596206665,0.0,-0.0006167292594909668,0.07886616885662079,-0.0008944869041442871,-0.08172863721847534,-1.1574373245239258,-2.289051055908203,0.8764588236808777,0.9955604672431946,0.03,1.2557792663574219,-0.07451038062572479,0.34336915612220764,0.040422599762678146,-0.023273931816220284,0.08298670500516891,0.9954584836959839,0,0,0,0,0,0,0,0,0,0,0,0,0,0
3.5165152549743652,0.0,-0.0006167292594909668,0.07886616885662079,-0.0008944869041442871,-0.08172863721847534,-1.1574373245239258,-2.289051055908203,0.8764588236808777,0.9955604672431946,0.03,1.2557792663574219,-0.07451038062572479,0.34336915612220764,0.040422599762678146,-0.023273931816220284,0.08298670500516891,0.9954584836959839,0,0,0,0,0,0,0,0,0,0,0,0,0,0
3.519125461578369,0.0,-0.0006167292594909668,0.07886616885662079,-0.0008944869041442871,-0.08172863721847534,-1.1574373245239258,-2.289051055908203,0.8764588236808777,0.9955604672431946,0.03,1.2557792663574219,-0.07451038062572479,0.34336915612220764,0.040422599762678146,-0.023273931816220284,0.08298670500516891,0.9954584836959839,0,0,0,0,0,0,0,0,0,0,0,0,0,0
3.5202443599700928,0.0,-0.0006167292594909668,0.07886616885662079,-0.0008944869041442871,-0.08172863721847534,-1.1574373245239258,-2.289051055908203,0.8764588236808777,0.9955604672431946,0.03,1.2557657957077026,-0.07460332661867142,0.3432789444923401,0.04033505171537399,-0.023237690329551697,0.08173070102930069,0.9955667853355408,0,0,0,0,0,0,0,0,0,0,0,0,0,0
3.5213382244110107,0.0,-0.0006167292594909668,0.07886616885662079,-0.0008944869041442871,-0.08172863721847534,-1.1574373245239258,-2.289051055908203,0.8764588236808777,0.9955604672431946,0.03,1.2557657957077026,-0.07460332661867142,0.3432789444923401,0.04033505171537399,-0.023237690329551697,0.08173070102930069,0.9955667853355408,0,0,0,0,0,0,0,0,0,0,0,0,0,0
3.5238699913024902,0.0,-0.0006167292594909668,0.07886616885662079,-0.0008944869041442871,-0.08172863721847534,-1.1574373245239258,-2.289051055908203,0.8764588236808777,0.9955604672431946,0.03,1.2557657957077026,-0.07460332661867142,0.3432789444923401,0.04033505171537399,-0.023237690329551697,0.08173070102930069,0.9955667853355408,0,0,0,0,0,0,0,0,0,0,0,0,0,0
3.5257177352905273,0.0,-0.0006167292594909668,0.07886616885662079,-0.0008944869041442871,-0.08172863721847534,-1.1574373245239258,-2.289051055908203,0.8764588236808777,0.9955604672431946,0.03,1.2557657957077026,-0.07460332661867142,0.3432789444923401,0.04033505171537399,-0.023237690329551697,0.08173070102930069,0.9955667853355408,0,0,0,0,0,0,0,0,0,0,0,0,0,0
3.5275185108184814,0.0,-0.0006167292594909668,0.07886616885662079,-0.0008944869041442871,-0.08172863721847534,-1.1574373245239258,-2.289051055908203,0.8764588236808777,0.9955604672431946,0.03,1.2557657957077026,-0.07460332661867142,0.3432789444923401,0.04033505171537399,-0.023237690329551697,0.08173070102930069,0.9955667853355408,0,0,0,0,0,0,0,0,0,0,0,0,0,0
3.5300867557525635,0.0,-0.0006167292594909668,0.07886616885662079,-0.0008944869041442871,-0.08172863721847534,-1.1574373245239258,-2.289051055908203,0.8764588236808777,0.9955604672431946,0.03,1.2557657957077026,-0.07460332661867142,0.3432789444923401,0.04033505171537399,-0.023237690329551697,0.08173070102930069,0.9955667853355408,0,0,0,0,0,0,0,0,0,0,0,0,0,0
3.531202554702759,0.0,-0.0006167292594909668,0.07886616885662079,-0.0008944869041442871,-0.08172863721847534,-1.1574373245239258,-2.289051055908203,0.8764588236808777,0.9955604672431946,0.03,1.2557657957077026,-0.07460332661867142,0.3432789444923401,0.04033505171537399,-0.023237690329551697,0.08173070102930069,0.9955667853355408,0,0,0,0,0,0,0,0,0,0,0,0,0,0
3.5326056480407715,0.0,-0.0006167292594909668,0.07886616885662079,-0.0008944869041442871,-0.08172863721847534,-1.1574373245239258,-2.289051055908203,0.8764588236808777,0.9955604672431946,0.03,1.2557657957077026,-0.07460332661867142,0.3432789444923401,0.04033505171537399,-0.023237690329551697,0.08173070102930069,0.9955667853355408,0,0,0,0,0,0,0,0,0,0,0,0,0,0
3.5338895320892334,0.0,-0.0006167292594909668,0.07886616885662079,-0.0008944869041442871,-0.08172863721847534,-1.1574373245239258,-2.289051055908203,0.8764588236808777,0.9955604672431946,0.03,1.2557657957077026,-0.07460332661867142,0.3432789444923401,0.04033505171537399,-0.023237690329551697,0.08173070102930069,0.9955667853355408,0,0,0,0,0,0,0,0,0,0,0,0,0,0
3.5356407165527344,0.0,-0.0006167292594909668,0.07886616885662079,-0.0008944869041442871,-0.08172863721847534,-1.1574373245239258,-2.289051055908203,0.8764588236808777,0.9955604672431946,0.03,1.2557657957077026,-0.07460332661867142,0.3432789444923401,0.04033505171537399,-0.023237690329551697,0.08173070102930069,0.9955667853355408,0,0,0,0,0,0,0,0,0,0,0,0,0,0
3.5381863117218018,0.0,-0.0006167292594909668,0.07886616885662079,-0.0008944869041442871,-0.08172863721847534,-1.1574373245239258,-2.289051055908203,0.8764588236808777,0.9955604672431946,0.03,1.2557657957077026,-0.07460332661867142,0.3432789444923401,0.04033505171537399,-0.023237690329551697,0.08173070102930069,0.9955667853355408,0,0,0,0,0,0,0,0,0,0,0,0,0,0
3.5396127700805664,0.0,-0.0006167292594909668,0.07886616885662079,-0.0008944869041442871,-0.08172863721847534,-1.1574373245239258,-2.289051055908203,0.8764588236808777,0.9955604672431946,0.03,1.2557657957077026,-0.07460332661867142,0.3432789444923401,0.04033505171537399,-0.023237690329551697,0.08173070102930069,0.9955667853355408,0,0,0,0,0,0,0,0,0,0,0,0,0,0
3.540872573852539,0.0,-0.0006167292594909668,0.07886616885662079,-0.0008944869041442871,-0.08172863721847534,-1.1574373245239258,-2.289051055908203,0.8764588236808777,0.9955604672431946,0.03,1.2557657957077026,-0.07460332661867142,0.3432789444923401,0.04033505171537399,-0.023237690329551697,0.08173070102930069,0.9955667853355408,0,0,0,0,0,0,0,0,0,0,0,0,0,0
3.5423641204833984,0.0,-0.0006167292594909668,0.07886616885662079,-0.0008944869041442871,-0.08172863721847534,-1.1574373245239258,-2.289051055908203,0.8764588236808777,0.9955604672431946,0.03,1.2557657957077026,-0.07460332661867142,0.3432789444923401,0.04033505171537399,-0.023237690329551697,0.08173070102930069,0.9955667853355408,0,0,0,0,0,0,0,0,0,0,0,0,0,0
3.5435540676116943,0.0,-0.0006167292594909668,0.07886616885662079,-0.0008944869041442871,-0.08172863721847534,-1.1574373245239258,-2.289051055908203,0.8764588236808777,0.9955604672431946,0.03,1.2557657957077026,-0.07460332661867142,0.3432789444923401,0.04033505171537399,-0.023237690329551697,0.08173070102930069,0.9955667853355408,0,0,0,0,0,0,0,0,0,0,0,0,0,0
3.5448081493377686,0.0,-0.0006167292594909668,0.07886616885662079,-0.0008944869041442871,-0.08172863721847534,-1.1574373245239258,-2.289051055908203,0.8764588236808777,0.9955604672431946,0.03,1.2557657957077026,-0.07460332661867142,0.3432789444923401,0.04033505171537399,-0.023237690329551697,0.08173070102930069,0.9955667853355408,0,0,0,0,0,0,0,0,0,0,0,0,0,0
3.5458991527557373,0.0,-0.0006167292594909668,0.07886616885662079,-0.0008944869041442871,-0.08172863721847534,-1.1574373245239258,-2.289051055908203,0.8764588236808777,0.9955604672431946,0.03,1.2557657957077026,-0.07460332661867142,0.3432789444923401,0.04033505171537399,-0.023237690329551697,0.08173070102930069,0.9955667853355408,0,0,0,0,0,0,0,0,0,0,0,0,0,0
3.546959638595581,0.0,-0.0006167292594909668,0.07886616885662079,-0.0008944869041442871,-0.08172863721847534,-1.1574373245239258,-2.289051055908203,0.8764588236808777,0.9955604672431946,0.03,1.2557657957077026,-0.07460332661867142,0.3432789444923401,0.04033505171537399,-0.023237690329551697,0.08173070102930069,0.9955667853355408,0,0,0,0,0,0,0,0,0,0,0,0,0,0
3.548161029815674,0.0,-0.0006167292594909668,0.07886616885662079,-0.0008944869041442871,-0.08172863721847534,-1.1574373245239258,-2.289051055908203,0.8764588236808777,0.9955604672431946,0.03,1.2557657957077026,-0.07460332661867142,0.3432789444923401,0.04033505171537399,-0.023237690329551697,0.08173070102930069,0.9955667853355408,0,0,0,0,0,0,0,0,0,0,0,0,0,0
3.5492990016937256,0.0,-0.0006167292594909668,0.07886616885662079,-0.0008944869041442871,-0.08172863721847534,-1.1574373245239258,-2.289051055908203,0.8764588236808777,0.9955604672431946,0.03,1.2557657957077026,-0.07460332661867142,0.3432789444923401,0.04033505171537399,-0.023237690329551697,0.08173070102930069,0.9955667853355408,0,0,0,0,0,0,0,0,0,0,0,0,0,0
3.5504305362701416,0.0,-0.0006167292594909668,0.07886616885662079,-0.0008944869041442871,-0.08172863721847534,-1.1574373245239258,-2.289051055908203,0.8764588236808777,0.9955604672431946,0.03,1.2557657957077026,-0.07460332661867142,0.3432789444923401,0.04033505171537399,-0.023237690329551697,0.08173070102930069,0.9955667853355408,0,0,0,0,0,0,0,0,0,0,0,0,0,0
3.5516257286071777,0.0,-0.0006167292594909668,0.07886616885662079,-0.0008944869041442871,-0.08172863721847534,-1.1574373245239258,-2.289051055908203,0.8764588236808777,0.9955604672431946,0.03,1.2557657957077026,-0.07460332661867142,0.3432789444923401,0.04033505171537399,-0.023237690329551697,0.08173070102930069,0.9955667853355408,0,0,0,0,0,0,0,0,0,0,0,0,0,0
3.554161548614502,0.0,-0.0006167292594909668,0.07886616885662079,-0.0008944869041442871,-0.08172863721847534,-1.1574373245239258,-2.289051055908203,0.8764588236808777,0.9955604672431946,0.03,1.2557657957077026,-0.07460332661867142,0.3432789444923401,0.04033505171537399,-0.023237690329551697,0.08173070102930069,0.9955667853355408,0,0,0,0,0,0,0,0,0,0,0,0,0,0
3.5559675693511963,0.0,-0.0006167292594909668,0.07886616885662079,-0.0008944869041442871,-0.08172863721847534,-1.1574373245239258,-2.289051055908203,0.8764588236808777,0.9955604672431946,0.03,1.2557657957077026,-0.07460332661867142,0.3432789444923401,0.04033505171537399,-0.023237690329551697,0.08173070102930069,0.9955667853355408,0,0,0,0,0,0,0,0,0,0,0,0,0,0
3.5575013160705566,0.0,-0.0006167292594909668,0.07886616885662079,-0.0008944869041442871,-0.08172863721847534,-1.1574373245239258,-2.289051055908203,0.8764588236808777,0.9955604672431946,0.03,1.2557657957077026,-0.07460332661867142,0.3432789444923401,0.04033505171537399,-0.023237690329551697,0.08173070102930069,0.9955667853355408,0,0,0,0,0,0,0,0,0,0,0,0,0,0
3.558737277984619,0.0,-0.0006167292594909668,0.07886616885662079,-0.0008944869041442871,-0.08172863721847534,-1.1574373245239258,-2.289051055908203,0.8764588236808777,0.9955604672431946,0.03,1.2557657957077026,-0.07460332661867142,0.3432789444923401,0.04033505171537399,-0.023237690329551697,0.08173070102930069,0.9955667853355408,0,0,0,0,0,0,0,0,0,0,0,0,0,0
3.5598912239074707,0.0,-0.0006167292594909668,0.07886616885662079,-0.0008944869041442871,-0.08172863721847534,-1.1574373245239258,-2.289051055908203,0.8764588236808777,0.9955604672431946,0.03,1.2557657957077026,-0.07460332661867142,0.3432789444923401,0.04033505171537399,-0.023237690329551697,0.08173070102930069,0.9955667853355408,0,0,0,0,0,0,0,0,0,0,0,0,0,0
3.561861753463745,0.0,-0.0006167292594909668,0.07886616885662079,-0.0008944869041442871,-0.08172863721847534,-1.1574373245239258,-2.289051055908203,0.8764588236808777,0.9955604672431946,0.03,1.2557657957077026,-0.07460332661867142,0.3432789444923401,0.04033505171537399,-0.023237690329551697,0.08173070102930069,0.9955667853355408,0,0,0,0,0,0,0,0,0,0,0,0,0,0
3.5635218620300293,0.0,-0.0006167292594909668,0.07886616885662079,-0.0008944869041442871,-0.08172863721847534,-1.1574373245239258,-2.289051055908203,0.8764588236808777,0.9955604672431946,0.03,1.2557657957077026,-0.07460332661867142,0.3432789444923401,0.04033505171537399,-0.023237690329551697,0.08173070102930069,0.9955667853355408,0,0,0,0,0,0,0,0,0,0,0,0,0,0
3.5648059844970703,0.0,-0.0006167292594909668,0.07886616885662079,-0.0008944869041442871,-0.08172863721847534,-1.1574373245239258,-2.289051055908203,0.8764588236808777,0.9955604672431946,0.03,1.2557657957077026,-0.07460332661867142,0.3432789444923401,0.04033505171537399,-0.023237690329551697,0.08173070102930069,0.9955667853355408,0,0,0,0,0,0,0,0,0,0,0,0,0,0
3.5661041736602783,0.0,-0.0006167292594909668,0.07886616885662079,-0.0008944869041442871,-0.08172863721847534,-1.1574373245239258,-2.289051055908203,0.8764588236808777,0.9955604672431946,0.03,1.2557657957077026,-0.07460332661867142,0.3432789444923401,0.04033505171537399,-0.023237690329551697,0.08173070102930069,0.9955667853355408,0,0,0,0,0,0,0,0,0,0,0,0,0,0
3.567206621170044,0.0,-0.0006167292594909668,0.07886616885662079,-0.0008944869041442871,-0.08172863721847534,-1.1574373245239258,-2.289051055908203,0.8764588236808777,0.9955604672431946,0.03,1.2557657957077026,-0.07460332661867142,0.3432789444923401,0.04033505171537399,-0.023237690329551697,0.08173070102930069,0.9955667853355408,0,0,0,0,0,0,0,0,0,0,0,0,0,0
3.5683465003967285,0.0,-0.0006167292594909668,0.07886616885662079,-0.0008944869041442871,-0.08172863721847534,-1.1574373245239258,-2.289051055908203,0.8764588236808777,0.9955604672431946,0.03,1.2557657957077026,-0.07460332661867142,0.3432789444923401,0.04033505171537399,-0.023237690329551697,0.08173070102930069,0.9955667853355408,0,0,0,0,0,0,0,0,0,0,0,0,0,0
3.5695996284484863,0.0,-0.0006167292594909668,0.07886616885662079,-0.0008944869041442871,-0.08172863721847534,-1.1574373245239258,-2.289051055908203,0.8764588236808777,0.9955604672431946,0.03,1.2557657957077026,-0.07460332661867142,0.3432789444923401,0.04033505171537399,-0.023237690329551697,0.08173070102930069,0.9955667853355408,0,0,0,0,0,0,0,0,0,0,0,0,0,0
3.5708138942718506,0.0,-0.0006167292594909668,0.07886616885662079,-0.0008944869041442871,-0.08172863721847534,-1.1574373245239258,-2.289051055908203,0.8764588236808777,0.9955604672431946,0.03,1.2557657957077026,-0.07460332661867142,0.3432789444923401,0.04033505171537399,-0.023237690329551697,0.08173070102930069,0.9955667853355408,0,0,0,0,0,0,0,0,0,0,0,0,0,0
3.571876287460327,0.0,-0.0006167292594909668,0.07886616885662079,-0.0008944869041442871,-0.08172863721847534,-1.1574373245239258,-2.289051055908203,0.8764588236808777,0.9955604672431946,0.03,1.2557657957077026,-0.07460332661867142,0.3432789444923401,0.04033505171537399,-0.023237690329551697,0.08173070102930069,0.9955667853355408,0,0,0,0,0,0,0,0,0,0,0,0,0,0
3.573146343231201,0.0,-0.0006167292594909668,0.07886616885662079,-0.0008944869041442871,-0.08172863721847534,-1.1574373245239258,-2.289051055908203,0.8764588236808777,0.9955604672431946,0.03,1.2557657957077026,-0.07460332661867142,0.3432789444923401,0.04033505171537399,-0.023237690329551697,0.08173070102930069,0.9955667853355408,0,0,0,0,0,0,0,0,0,0,0,0,0,0
3.574610471725464,0.0,-0.0006167292594909668,0.07886616885662079,-0.0008944869041442871,-0.08172863721847534,-1.1574373245239258,-2.289051055908203,0.8764588236808777,0.9955604672431946,0.03,1.2557657957077026,-0.07460332661867142,0.3432789444923401,0.04033505171537399,-0.023237690329551697,0.08173070102930069,0.9955667853355408,0,0,0,0,0,0,0,0,0,0,0,0,0,0
3.5764079093933105,0.0,-0.0006167292594909668,0.07886616885662079,-0.0008944869041442871,-0.08172863721847534,-1.1574373245239258,-2.289051055908203,0.8764588236808777,0.9955604672431946,0.03,1.2557657957077026,-0.07460332661867142,0.3432789444923401,0.04033505171537399,-0.023237690329551697,0.08173070102930069,0.9955667853355408,0,0,0,0,0,0,0,0,0,0,0,0,0,0
3.5778443813323975,0.0,-0.0006167292594909668,0.07886616885662079,-0.0008944869041442871,-0.08172863721847534,-1.1574373245239258,-2.289051055908203,0.8764588236808777,0.9955604672431946,0.03,1.2557657957077026,-0.07460332661867142,0.3432789444923401,0.04033505171537399,-0.023237690329551697,0.08173070102930069,0.9955667853355408,0,0,0,0,0,0,0,0,0,0,0,0,0,0
3.578903913497925,0.0,-0.0006167292594909668,0.07886616885662079,-0.0008944869041442871,-0.08172863721847534,-1.1574373245239258,-2.289051055908203,0.8764588236808777,0.9955604672431946,0.03,1.2557657957077026,-0.07460332661867142,0.3432789444923401,0.04033505171537399,-0.023237690329551697,0.08173070102930069,0.9955667853355408,0,0,0,0,0,0,0,0,0,0,0,0,0,0
3.5800833702087402,0.0,-0.0006167292594909668,0.07886616885662079,-0.0008944869041442871,-0.08172863721847534,-1.1574373245239258,-2.289051055908203,0.8764588236808777,0.9955604672431946,0.03,1.2557657957077026,-0.07460332661867142,0.3432789444923401,0.04033505171537399,-0.023237690329551697,0.08173070102930069,0.9955667853355408,0,0,0,0,0,0,0,0,0,0,0,0,0,0
3.5817768573760986,0.0,-0.0006167292594909668,0.07886616885662079,-0.0008944869041442871,-0.08172863721847534,-1.1574373245239258,-2.289051055908203,0.8764588236808777,0.9955604672431946,0.03,1.2557657957077026,-0.07460332661867142,0.3432789444923401,0.04033505171537399,-0.023237690329551697,0.08173070102930069,0.9955667853355408,0,0,0,0,0,0,0,0,0,0,0,0,0,0
3.5830583572387695,0.0,-0.0006167292594909668,0.07886616885662079,-0.0008944869041442871,-0.08172863721847534,-1.1574373245239258,-2.289051055908203,0.8764588236808777,0.9955604672431946,0.03,1.2557657957077026,-0.07460332661867142,0.3432789444923401,0.04033505171537399,-0.023237690329551697,0.08173070102930069,0.9955667853355408,0,0,0,0,0,0,0,0,0,0,0,0,0,0
3.584272861480713,0.0,-0.0006167292594909668,0.07886616885662079,-0.0008944869041442871,-0.08172863721847534,-1.1574373245239258,-2.289051055908203,0.8764588236808777,0.9955604672431946,0.03,1.2557657957077026,-0.07460332661867142,0.3432789444923401,0.04033505171537399,-0.023237690329551697,0.08173070102930069,0.9955667853355408,0,0,0,0,0,0,0,0,0,0,0,0,0,0
3.586704730987549,0.0,-0.0006167292594909668,0.07886616885662079,-0.0008944869041442871,-0.08172863721847534,-1.1574373245239258,-2.289051055908203,0.8764588236808777,0.9955604672431946,0.03,1.2557657957077026,-0.07460332661867142,0.3432789444923401,0.04033505171537399,-0.023237690329551697,0.08173070102930069,0.9955667853355408,0,0,0,0,0,0,0,0,0,0,0,0,0,0
3.5877859592437744,0.0,-0.0006167292594909668,0.07886616885662079,-0.0008944869041442871,-0.08172863721847534,-1.1574373245239258,-2.289051055908203,0.8764588236808777,0.9955604672431946,0.03,1.2557657957077026,-0.07460332661867142,0.3432789444923401,0.04033505171537399,-0.023237690329551697,0.08173070102930069,0.9955667853355408,0,0,0,0,0,0,0,0,0,0,0,0,0,0
3.5909340381622314,0.0,-0.0006167292594909668,0.07886616885662079,-0.0008944869041442871,-0.08172863721847534,-1.1574373245239258,-2.289051055908203,0.8764588236808777,0.9955604672431946,0.03,1.2557668685913086,-0.07460285723209381,0.3433017134666443,0.040305715054273605,-0.023254025727510452,0.08229275047779083,0.9955213069915771,0,0,0,0,0,0,0,0,0,0,0,0,0,0
3.592217445373535,0.0,-0.0006167292594909668,0.07886616885662079,-0.0008944869041442871,-0.08172863721847534,-1.1574373245239258,-2.289051055908203,0.8764588236808777,0.9955604672431946,0.03,1.2557668685913086,-0.07460285723209381,0.3433017134666443,0.040305715054273605,-0.023254025727510452,0.08229275047779083,0.9955213069915771,0,0,0,0,0,0,0,0,0,0,0,0,0,0
3.5942494869232178,0.0,-0.0006167292594909668,0.07886616885662079,-0.0008944869041442871,-0.08172863721847534,-1.1574373245239258,-2.289051055908203,0.8764588236808777,0.9955604672431946,0.03,1.2557668685913086,-0.07460285723209381,0.3433017134666443,0.040305715054273605,-0.023254025727510452,0.08229275047779083,0.9955213069915771,0,0,0,0,0,0,0,0,0,0,0,0,0,0
3.5955963134765625,0.0,-0.0006167292594909668,0.07886616885662079,-0.0008944869041442871,-0.08172863721847534,-1.1574373245239258,-2.289051055908203,0.8764588236808777,0.9955604672431946,0.03,1.2557668685913086,-0.07460285723209381,0.3433017134666443,0.040305715054273605,-0.023254025727510452,0.08229275047779083,0.9955213069915771,0,0,0,0,0,0,0,0,0,0,0,0,0,0
3.5997843742370605,0.0,-0.0005538463592529297,0.07980799674987793,-0.0006513595581054688,-0.08211338520050049,-1.1339439153671265,-2.28248929977417,0.8730491399765015,0.9963133931159973,0.03,1.2557668685913086,-0.07460285723209381,0.3433017134666443,0.040305715054273605,-0.023254025727510452,0.08229275047779083,0.9955213069915771,0,0,0,0,0,0,0,0,0,0,0,0,0,0
3.6017446517944336,0.0,-0.0005459189414978027,0.08036074042320251,-0.0004763603210449219,-0.08229470252990723,-1.1769263744354248,-2.2356972694396973,0.8088282942771912,1.0303728580474854,0.03,1.2557668685913086,-0.07460285723209381,0.3433017134666443,0.040305715054273605,-0.023254025727510452,0.08229275047779083,0.9955213069915771,0,0,0,0,0,0,0,0,0,0,0,0,0,0
3.603181838989258,0.0,-0.0005459189414978027,0.08036074042320251,-0.0004763603210449219,-0.08229470252990723,-1.1769263744354248,-2.2356972694396973,0.8088282942771912,1.0303728580474854,0.03,1.2557668685913086,-0.07460285723209381,0.3433017134666443,0.040305715054273605,-0.023254025727510452,0.08229275047779083,0.9955213069915771,0,0,0,0,0,0,0,0,0,0,0,0,0,0
3.6042697429656982,0.0,-0.0005459189414978027,0.08036074042320251,-0.0004763603210449219,-0.08229470252990723,-1.1769263744354248,-2.2356972694396973,0.8088282942771912,1.0303728580474854,0.03,1.2557668685913086,-0.07460285723209381,0.3433017134666443,0.040305715054273605,-0.023254025727510452,0.08229275047779083,0.9955213069915771,0,0,0,0,0,0,0,0,0,0,0,0,0,0
3.6056416034698486,0.0,-0.0005459189414978027,0.08036074042320251,-0.0004763603210449219,-0.08229470252990723,-1.1769263744354248,-2.2356972694396973,0.8088282942771912,1.0303728580474854,0.03,1.2557668685913086,-0.07460285723209381,0.3433017134666443,0.040305715054273605,-0.023254025727510452,0.08229275047779083,0.9955213069915771,0,0,0,0,0,0,0,0,0,0,0,0,0,0
3.6075499057769775,0.0,-0.0005459189414978027,0.08036074042320251,-0.0004763603210449219,-0.08229470252990723,-1.1769263744354248,-2.2356972694396973,0.8088282942771912,1.0303728580474854,0.03,1.2557668685913086,-0.07460285723209381,0.3433017134666443,0.040305715054273605,-0.023254025727510452,0.08229275047779083,0.9955213069915771,0,0,0,0,0,0,0,0,0,0,0,0,0,0
3.6091442108154297,0.0,-0.0005459189414978027,0.08036074042320251,-0.0004763603210449219,-0.08229470252990723,-1.1769263744354248,-2.2356972694396973,0.8088282942771912,1.0303728580474854,0.03,1.2557668685913086,-0.07460285723209381,0.3433017134666443,0.040305715054273605,-0.023254025727510452,0.08229275047779083,0.9955213069915771,0,0,0,0,0,0,0,0,0,0,0,0,0,0
3.6109471321105957,0.0,-0.0004755258560180664,0.08145438134670258,-0.0002878904342651367,-0.08272385597229004,-1.1694964170455933,-2.326685667037964,0.9275412559509277,1.0160880088806152,0.03,1.2557750940322876,-0.0745302140712738,0.3433949053287506,0.040372323244810104,-0.02333761192858219,0.08261042833328247,0.9954903721809387,0,0,0,0,0,0,0,0,0,0,0,0,0,0
3.6121559143066406,0.0,-0.0004755258560180664,0.08145438134670258,-0.0002878904342651367,-0.08272385597229004,-1.1694964170455933,-2.326685667037964,0.9275412559509277,1.0160880088806152,0.03,1.2557750940322876,-0.0745302140712738,0.3433949053287506,0.040372323244810104,-0.02333761192858219,0.08261042833328247,0.9954903721809387,0,0,0,0,0,0,0,0,0,0,0,0,0,0
3.6133060455322266,0.0,-0.0004755258560180664,0.08145438134670258,-0.0002878904342651367,-0.08272385597229004,-1.1694964170455933,-2.326685667037964,0.9275412559509277,1.0160880088806152,0.03,1.2557750940322876,-0.0745302140712738,0.3433949053287506,0.040372323244810104,-0.02333761192858219,0.08261042833328247,0.9954903721809387,0,0,0,0,0,0,0,0,0,0,0,0,0,0
3.6149775981903076,0.0,-0.0004755258560180664,0.08145438134670258,-0.0002878904342651367,-0.08272385597229004,-1.1694964170455933,-2.326685667037964,0.9275412559509277,1.0160880088806152,0.03,1.2557750940322876,-0.0745302140712738,0.3433949053287506,0.040372323244810104,-0.02333761192858219,0.08261042833328247,0.9954903721809387,0,0,0,0,0,0,0,0,0,0,0,0,0,0
3.6162095069885254,0.0,-0.0004755258560180664,0.08145438134670258,-0.0002878904342651367,-0.08272385597229004,-1.1694964170455933,-2.326685667037964,0.9275412559509277,1.0160880088806152,0.03,1.2557750940322876,-0.0745302140712738,0.3433949053287506,0.040372323244810104,-0.02333761192858219,0.08261042833328247,0.9954903721809387,0,0,0,0,0,0,0,0,0,0,0,0,0,0
3.6174349784851074,0.0,-0.0004755258560180664,0.08145438134670258,-0.0002878904342651367,-0.08272385597229004,-1.1694964170455933,-2.326685667037964,0.9275412559509277,1.0160880088806152,0.03,1.2557750940322876,-0.0745302140712738,0.3433949053287506,0.040372323244810104,-0.02333761192858219,0.08261042833328247,0.9954903721809387,0,0,0,0,0,0,0,0,0,0,0,0,0,0
3.618609666824341,0.0,-0.0004755258560180664,0.08145438134670258,-0.0002878904342651367,-0.08272385597229004,-1.1694964170455933,-2.326685667037964,0.9275412559509277,1.0160880088806152,0.03,1.2557750940322876,-0.0745302140712738,0.3433949053287506,0.040372323244810104,-0.02333761192858219,0.08261042833328247,0.9954903721809387,0,0,0,0,0,0,0,0,0,0,0,0,0,0
3.61968731880188,0.0,-0.0004755258560180664,0.08145438134670258,-0.0002878904342651367,-0.08272385597229004,-1.1694964170455933,-2.326685667037964,0.9275412559509277,1.0160880088806152,0.03,1.2557750940322876,-0.0745302140712738,0.3433949053287506,0.040372323244810104,-0.02333761192858219,0.08261042833328247,0.9954903721809387,0,0,0,0,0,0,0,0,0,0,0,0,0,0
3.6208603382110596,0.0,-0.00042575597763061523,0.08180694282054901,-0.00017833709716796875,-0.0829058289527893,-1.132507085800171,-2.267263412475586,0.8583128452301025,0.9237890243530273,0.03,1.255772352218628,-0.07459253072738647,0.34326815605163574,0.04036456719040871,-0.02328002080321312,0.08278001844882965,0.9954778552055359,0,0,0,0,0,0,0,0,0,0,0,0,0,0
3.6221559047698975,0.0,-0.0004448890686035156,0.0819971114397049,-0.00010013580322265625,-0.08299607038497925,-1.1957199573516846,-2.313148260116577,0.8273401856422424,0.9255096316337585,0.03,1.255772352218628,-0.07459253072738647,0.34326815605163574,0.04036456719040871,-0.02328002080321312,0.08278001844882965,0.9954778552055359,0,0,0,0,0,0,0,0,0,0,0,0,0,0
3.623253107070923,0.0,-0.00041925907135009766,0.0823093056678772,-6.186962127685547e-05,-0.08314782381057739,-1.179404854774475,-2.3268518447875977,0.9031482338905334,0.9110621809959412,0.03,1.255772352218628,-0.07459253072738647,0.34326815605163574,0.04036456719040871,-0.02328002080321312,0.08278001844882965,0.9954778552055359,0,0,0,0,0,0,0,0,0,0,0,0,0,0
3.6243696212768555,0.0,-0.00041925907135009766,0.0823093056678772,-6.186962127685547e-05,-0.08314782381057739,-1.179404854774475,-2.3268518447875977,0.9031482338905334,0.9110621809959412,0.03,1.255772352218628,-0.07459253072738647,0.34326815605163574,0.04036456719040871,-0.02328002080321312,0.08278001844882965,0.9954778552055359,0,0,0,0,0,0,0,0,0,0,0,0,0,0
3.62595796585083,0.0,-0.00041925907135009766,0.0823093056678772,-6.186962127685547e-05,-0.08314782381057739,-1.179404854774475,-2.3268518447875977,0.9031482338905334,0.9110621809959412,0.03,1.255772352218628,-0.07459253072738647,0.34326815605163574,0.04036456719040871,-0.02328002080321312,0.08278001844882965,0.9954778552055359,0,0,0,0,0,0,0,0,0,0,0,0,0,0
3.6272809505462646,0.0,-0.00041925907135009766,0.0823093056678772,-6.186962127685547e-05,-0.08314782381057739,-1.179404854774475,-2.3268518447875977,0.9031482338905334,0.9110621809959412,0.03,1.255772352218628,-0.07459253072738647,0.34326815605163574,0.04036456719040871,-0.02328002080321312,0.08278001844882965,0.9954778552055359,0,0,0,0,0,0,0,0,0,0,0,0,0,0
3.6285245418548584,0.0,-0.00041925907135009766,0.0823093056678772,-6.186962127685547e-05,-0.08314782381057739,-1.179404854774475,-2.3268518447875977,0.9031482338905334,0.9110621809959412,0.03,1.255772352218628,-0.07459253072738647,0.34326815605163574,0.04036456719040871,-0.02328002080321312,0.08278001844882965,0.9954778552055359,0,0,0,0,0,0,0,0,0,0,0,0,0,0
3.6310126781463623,0.0,-0.00041925907135009766,0.0823093056678772,-6.186962127685547e-05,-0.08314782381057739,-1.179404854774475,-2.3268518447875977,0.9031482338905334,0.9110621809959412,0.03,1.255772352218628,-0.07459253072738647,0.34326815605163574,0.04036456719040871,-0.02328002080321312,0.08278001844882965,0.9954778552055359,0,0,0,0,0,0,0,0,0,0,0,0,0,0
3.6344103813171387,0.0,-0.00041925907135009766,0.0823093056678772,-6.186962127685547e-05,-0.08314782381057739,-1.179404854774475,-2.3268518447875977,0.9031482338905334,0.9110621809959412,0.03,1.255772352218628,-0.07459253072738647,0.34326815605163574,0.04036456719040871,-0.02328002080321312,0.08278001844882965,0.9954778552055359,0,0,0,0,0,0,0,0,0,0,0,0,0,0
3.635753631591797,0.0,-0.00041925907135009766,0.0823093056678772,-6.186962127685547e-05,-0.08314782381057739,-1.179404854774475,-2.3268518447875977,0.9031482338905334,0.9110621809959412,0.03,1.255772352218628,-0.07459253072738647,0.34326815605163574,0.04036456719040871,-0.02328002080321312,0.08278001844882965,0.9954778552055359,0,0,0,0,0,0,0,0,0,0,0,0,0,0
3.637084722518921,0.0,-0.00041925907135009766,0.0823093056678772,-6.186962127685547e-05,-0.08314782381057739,-1.179404854774475,-2.3268518447875977,0.9031482338905334,0.9110621809959412,0.03,1.255772352218628,-0.07459253072738647,0.34326815605163574,0.04036456719040871,-0.02328002080321312,0.08278001844882965,0.9954778552055359,0,0,0,0,0,0,0,0,0,0,0,0,0,0
3.6386613845825195,0.0,-0.00036156177520751953,0.08291244506835938,7.75456428527832e-05,-0.08351397514343262,-1.1402078866958618,-2.076700448989868,0.8446959853172302,0.6948316097259521,0.03,1.2557793855667114,-0.07454659044742584,0.34332698583602905,0.04030083119869232,-0.023222126066684723,0.08166416734457016,0.9955739974975586,0,0,0,0,0,0,0,0,0,0,0,0,0,0
3.640930652618408,0.0,-0.0003629922866821289,0.08293306827545166,0.00014030933380126953,-0.08351290225982666,-1.150898814201355,-2.0760505199432373,0.7406967282295227,0.7270689010620117,0.03,1.2557793855667114,-0.07454659044742584,0.34332698583602905,0.04030083119869232,-0.023222126066684723,0.08166416734457016,0.9955739974975586,0,0,0,0,0,0,0,0,0,0,0,0,0,0
3.6426873207092285,0.0,-0.0003374814987182617,0.08296594023704529,0.00013887882232666016,-0.08356273174285889,-1.116385579109192,-2.096395492553711,0.7901008725166321,0.7000561952590942,0.03,1.2557793855667114,-0.07454659044742584,0.34332698583602905,0.04030083119869232,-0.023222126066684723,0.08166416734457016,0.9955739974975586,0,0,0,0,0,0,0,0,0,0,0,0,0,0
3.643983840942383,0.0,-0.0003374814987182617,0.08296594023704529,0.00013887882232666016,-0.08356273174285889,-1.116385579109192,-2.096395492553711,0.7901008725166321,0.7000561952590942,0.03,1.2557793855667114,-0.07454659044742584,0.34332698583602905,0.04030083119869232,-0.023222126066684723,0.08166416734457016,0.9955739974975586,0,0,0,0,0,0,0,0,0,0,0,0,0,0
3.645411968231201,0.0,-0.00034749507904052734,0.08302293717861176,0.0001068115234375,-0.08352792263031006,-1.1550593376159668,-2.0380990505218506,0.84413743019104,0.6841272711753845,0.03,1.2557793855667114,-0.07454659044742584,0.34332698583602905,0.04030083119869232,-0.023222126066684723,0.08166416734457016,0.9955739974975586,0,0,0,0,0,0,0,0,0,0,0,0,0,0
3.649280309677124,0.0,-0.00028645992279052734,0.0831073522567749,0.0001391768455505371,-0.08354628086090088,-1.1064939498901367,-1.9937046766281128,0.7827401757240295,0.7127231359481812,0.03,1.2557719945907593,-0.07455142587423325,0.3433551490306854,0.040313851088285446,-0.02322547137737274,0.0826476663351059,0.9954922199249268,0,0,0,0,0,0,0,0,0,0,0,0,0,0
3.6505844593048096,0.0,-0.00027048587799072266,0.08314348757266998,0.00013870000839233398,-0.0835309624671936,-1.0976855754852295,-1.9550827741622925,0.7850438356399536,0.7235516309738159,0.03,1.2557710409164429,-0.07454599440097809,0.3433264493942261,0.04040228947997093,-0.023206114768981934,0.08296749740839005,0.9954624772071838,0,0,0,0,0,0,0,0,0,0,0,0,0,0
3.6519083976745605,0.0,-0.0002506375312805176,0.0831545740365982,0.0001385807991027832,-0.08355802297592163,-1.0532917976379395,-1.9556715488433838,0.7836284637451172,0.6595138907432556,0.03,1.2557710409164429,-0.07454599440097809,0.3433264493942261,0.04040228947997093,-0.023206114768981934,0.08296749740839005,0.9954624772071838,0,0,0,0,0,0,0,0,0,0,0,0,0,0
3.6530184745788574,0.0,-0.0002506375312805176,0.0831545740365982,0.0001385807991027832,-0.08355802297592163,-1.0532917976379395,-1.9556715488433838,0.7836284637451172,0.6595138907432556,0.03,1.2557710409164429,-0.07454599440097809,0.3433264493942261,0.04040228947997093,-0.023206114768981934,0.08296749740839005,0.9954624772071838,0,0,0,0,0,0,0,0,0,0,0,0,0,0
3.6541056632995605,0.0,-0.0002506375312805176,0.0831545740365982,0.0001385807991027832,-0.08355802297592163,-1.0532917976379395,-1.9556715488433838,0.7836284637451172,0.6595138907432556,0.03,1.2557710409164429,-0.07454599440097809,0.3433264493942261,0.04040228947997093,-0.023206114768981934,0.08296749740839005,0.9954624772071838,0,0,0,0,0,0,0,0,0,0,0,0,0,0
3.6553311347961426,0.0,-0.0002506375312805176,0.0831545740365982,0.0001385807991027832,-0.08355802297592163,-1.0532917976379395,-1.9556715488433838,0.7836284637451172,0.6595138907432556,0.03,1.2557710409164429,-0.07454599440097809,0.3433264493942261,0.04040228947997093,-0.023206114768981934,0.08296749740839005,0.9954624772071838,0,0,0,0,0,0,0,0,0,0,0,0,0,0
3.6563940048217773,0.0,-0.0002506375312805176,0.0831545740365982,0.0001385807991027832,-0.08355802297592163,-1.0532917976379395,-1.9556715488433838,0.7836284637451172,0.6595138907432556,0.03,1.2557710409164429,-0.07454599440097809,0.3433264493942261,0.04040228947997093,-0.023206114768981934,0.08296749740839005,0.9954624772071838,0,0,0,0,0,0,0,0,0,0,0,0,0,0
3.657818078994751,0.0,-0.0002506375312805176,0.0831545740365982,0.0001385807991027832,-0.08355802297592163,-1.0532917976379395,-1.9556715488433838,0.7836284637451172,0.6595138907432556,0.03,1.2557710409164429,-0.07454599440097809,0.3433264493942261,0.04040228947997093,-0.023206114768981934,0.08296749740839005,0.9954624772071838,0,0,0,0,0,0,0,0,0,0,0,0,0,0
3.659409999847412,0.0,-0.0002506375312805176,0.0831545740365982,0.0001385807991027832,-0.08355802297592163,-1.0532917976379395,-1.9556715488433838,0.7836284637451172,0.6595138907432556,0.03,1.2557710409164429,-0.07454599440097809,0.3433264493942261,0.04040228947997093,-0.023206114768981934,0.08296749740839005,0.9954624772071838,0,0,0,0,0,0,0,0,0,0,0,0,0,0
3.6605184078216553,0.0,-0.0002506375312805176,0.0831545740365982,0.0001385807991027832,-0.08355802297592163,-1.0532917976379395,-1.9556715488433838,0.7836284637451172,0.6595138907432556,0.03,1.2557710409164429,-0.07454599440097809,0.3433264493942261,0.04040228947997093,-0.023206114768981934,0.08296749740839005,0.9954624772071838,0,0,0,0,0,0,0,0,0,0,0,0,0,0
3.662386655807495,0.0,-0.0002506375312805176,0.0831545740365982,0.0001385807991027832,-0.08355802297592163,-1.0532917976379395,-1.9556715488433838,0.7836284637451172,0.6595138907432556,0.03,1.2557710409164429,-0.07454599440097809,0.3433264493942261,0.04040228947997093,-0.023206114768981934,0.08296749740839005,0.9954624772071838,0,0,0,0,0,0,0,0,0,0,0,0,0,0
3.664057493209839,0.0,-0.0002506375312805176,0.0831545740365982,0.0001385807991027832,-0.08355802297592163,-1.0532917976379395,-1.9556715488433838,0.7836284637451172,0.6595138907432556,0.03,1.2557710409164429,-0.07454599440097809,0.3433264493942261,0.04040228947997093,-0.023206114768981934,0.08296749740839005,0.9954624772071838,0,0,0,0,0,0,0,0,0,0,0,0,0,0
3.665153741836548,0.0,-0.00026684999465942383,0.08318307995796204,0.00012421607971191406,-0.08355027437210083,-1.0910483598709106,-1.9222939014434814,0.7930955290794373,0.6674372553825378,0.03,1.2557710409164429,-0.07454599440097809,0.3433264493942261,0.04040228947997093,-0.023206114768981934,0.08296749740839005,0.9954624772071838,0,0,0,0,0,0,0,0,0,0,0,0,0,0
3.667720317840576,0.0,-0.00023829936981201172,0.08320587873458862,0.00011402368545532227,-0.08354967832565308,-1.0573196411132812,-1.9189273118972778,0.7979122400283813,0.687408447265625,0.03,1.2557628154754639,-0.07457199692726135,0.3433151841163635,0.040349915623664856,-0.023203937336802483,0.08277429640293121,0.9954807758331299,0,0,0,0,0,0,0,0,0,0,0,0,0,0
3.6688997745513916,0.0,-0.00023829936981201172,0.08320587873458862,0.00011402368545532227,-0.08354967832565308,-1.0573196411132812,-1.9189273118972778,0.7979122400283813,0.687408447265625,0.03,1.2557628154754639,-0.07457199692726135,0.3433151841163635,0.040349915623664856,-0.023203937336802483,0.08277429640293121,0.9954807758331299,0,0,0,0,0,0,0,0,0,0,0,0,0,0
3.6702163219451904,0.0,-0.00023829936981201172,0.08320587873458862,0.00011402368545532227,-0.08354967832565308,-1.0573196411132812,-1.9189273118972778,0.7979122400283813,0.687408447265625,0.03,1.2557628154754639,-0.07457199692726135,0.3433151841163635,0.040349915623664856,-0.023203937336802483,0.08277429640293121,0.9954807758331299,0,0,0,0,0,0,0,0,0,0,0,0,0,0
3.6715426445007324,0.0,-0.00023829936981201172,0.08320587873458862,0.00011402368545532227,-0.08354967832565308,-1.0573196411132812,-1.9189273118972778,0.7979122400283813,0.687408447265625,0.03,1.2557628154754639,-0.07457199692726135,0.3433151841163635,0.040349915623664856,-0.023203937336802483,0.08277429640293121,0.9954807758331299,0,0,0,0,0,0,0,0,0,0,0,0,0,0
3.672882318496704,0.0,-0.00023829936981201172,0.08320587873458862,0.00011402368545532227,-0.08354967832565308,-1.0573196411132812,-1.9189273118972778,0.7979122400283813,0.687408447265625,0.03,1.2557628154754639,-0.07457199692726135,0.3433151841163635,0.040349915623664856,-0.023203937336802483,0.08277429640293121,0.9954807758331299,0,0,0,0,0,0,0,0,0,0,0,0,0,0
3.674490213394165,0.0,-0.00023829936981201172,0.08320587873458862,0.00011402368545532227,-0.08354967832565308,-1.0573196411132812,-1.9189273118972778,0.7979122400283813,0.687408447265625,0.03,1.2557628154754639,-0.07457199692726135,0.3433151841163635,0.040349915623664856,-0.023203937336802483,0.08277429640293121,0.9954807758331299,0,0,0,0,0,0,0,0,0,0,0,0,0,0
3.6755900382995605,0.0,-0.00023829936981201172,0.08320587873458862,0.00011402368545532227,-0.08354967832565308,-1.0573196411132812,-1.9189273118972778,0.7979122400283813,0.687408447265625,0.03,1.2557628154754639,-0.07457199692726135,0.3433151841163635,0.040349915623664856,-0.023203937336802483,0.08277429640293121,0.9954807758331299,0,0,0,0,0,0,0,0,0,0,0,0,0,0
3.67665958404541,0.0,-0.00023829936981201172,0.08320587873458862,0.00011402368545532227,-0.08354967832565308,-1.0573196411132812,-1.9189273118972778,0.7979122400283813,0.687408447265625,0.03,1.2557628154754639,-0.07457199692726135,0.3433151841163635,0.040349915623664856,-0.023203937336802483,0.08277429640293121,0.9954807758331299,0,0,0,0,0,0,0,0,0,0,0,0,0,0
3.6797525882720947,0.0,-0.00023829936981201172,0.08320587873458862,0.00011402368545532227,-0.08354967832565308,-1.0573196411132812,-1.9189273118972778,0.7979122400283813,0.687408447265625,0.03,1.2557628154754639,-0.07457199692726135,0.3433151841163635,0.040349915623664856,-0.023203937336802483,0.08277429640293121,0.9954807758331299,0,0,0,0,0,0,0,0,0,0,0,0,0,0
3.6826934814453125,0.0,-0.00023829936981201172,0.08320587873458862,0.00011402368545532227,-0.08354967832565308,-1.0573196411132812,-1.9189273118972778,0.7979122400283813,0.687408447265625,0.03,1.2557628154754639,-0.07457199692726135,0.3433151841163635,0.040349915623664856,-0.023203937336802483,0.08277429640293121,0.9954807758331299,0,0,0,0,0,0,0,0,0,0,0,0,0,0
3.6865334510803223,0.0,-0.00023829936981201172,0.08320587873458862,0.00011402368545532227,-0.08354967832565308,-1.0573196411132812,-1.9189273118972778,0.7979122400283813,0.687408447265625,0.03,1.2557628154754639,-0.07457199692726135,0.3433151841163635,0.040349915623664856,-0.023203937336802483,0.08277429640293121,0.9954807758331299,0,0,0,0,0,0,0,0,0,0,0,0,0,0
3.68770170211792,0.0,-0.00023829936981201172,0.08320587873458862,0.00011402368545532227,-0.08354967832565308,-1.0573196411132812,-1.9189273118972778,0.7979122400283813,0.687408447265625,0.03,1.2557628154754639,-0.07457199692726135,0.3433151841163635,0.040349915623664856,-0.023203937336802483,0.08277429640293121,0.9954807758331299,0,0,0,0,0,0,0,0,0,0,0,0,0,0
3.689160108566284,0.0,-0.00023829936981201172,0.08320587873458862,0.00011402368545532227,-0.08354967832565308,-1.0573196411132812,-1.9189273118972778,0.7979122400283813,0.687408447265625,0.03,1.2557628154754639,-0.07457199692726135,0.3433151841163635,0.040349915623664856,-0.023203937336802483,0.08277429640293121,0.9954807758331299,0,0,0,0,0,0,0,0,0,0,0,0,0,0
3.690326452255249,0.0,-0.00023829936981201172,0.08320587873458862,0.00011402368545532227,-0.08354967832565308,-1.0573196411132812,-1.9189273118972778,0.7979122400283813,0.687408447265625,0.03,1.2557628154754639,-0.07457199692726135,0.3433151841163635,0.040349915623664856,-0.023203937336802483,0.08277429640293121,0.9954807758331299,0,0,0,0,0,0,0,0,0,0,0,0,0,0
3.691997528076172,0.0,-0.00023829936981201172,0.08320587873458862,0.00011402368545532227,-0.08354967832565308,-1.0573196411132812,-1.9189273118972778,0.7979122400283813,0.687408447265625,0.03,1.2557628154754639,-0.07457199692726135,0.3433151841163635,0.040349915623664856,-0.023203937336802483,0.08277429640293121,0.9954807758331299,0,0,0,0,0,0,0,0,0,0,0,0,0,0
3.6938059329986572,0.0,-0.00023829936981201172,0.08320587873458862,0.00011402368545532227,-0.08354967832565308,-1.0573196411132812,-1.9189273118972778,0.7979122400283813,0.687408447265625,0.03,1.2557628154754639,-0.07457199692726135,0.3433151841163635,0.040349915623664856,-0.023203937336802483,0.08277429640293121,0.9954807758331299,0,0,0,0,0,0,0,0,0,0,0,0,0,0
3.695148229598999,0.0,-0.00023829936981201172,0.08320587873458862,0.00011402368545532227,-0.08354967832565308,-1.0573196411132812,-1.9189273118972778,0.7979122400283813,0.687408447265625,0.03,1.2557628154754639,-0.07457199692726135,0.3433151841163635,0.040349915623664856,-0.023203937336802483,0.08277429640293121,0.9954807758331299,0,0,0,0,0,0,0,0,0,0,0,0,0,0
3.6962358951568604,0.0,-0.00023829936981201172,0.08320587873458862,0.00011402368545532227,-0.08354967832565308,-1.0573196411132812,-1.9189273118972778,0.7979122400283813,0.687408447265625,0.03,1.2557628154754639,-0.07457199692726135,0.3433151841163635,0.040349915623664856,-0.023203937336802483,0.08277429640293121,0.9954807758331299,0,0,0,0,0,0,0,0,0,0,0,0,0,0
3.697873592376709,0.0,-0.00023829936981201172,0.08320587873458862,0.00011402368545532227,-0.08354967832565308,-1.0573196411132812,-1.9189273118972778,0.7979122400283813,0.687408447265625,0.03,1.2557628154754639,-0.07457199692726135,0.3433151841163635,0.040349915623664856,-0.023203937336802483,0.08277429640293121,0.9954807758331299,0,0,0,0,0,0,0,0,0,0,0,0,0,0
3.6994495391845703,0.0,-0.00023829936981201172,0.08320587873458862,0.00011402368545532227,-0.08354967832565308,-1.0573196411132812,-1.9189273118972778,0.7979122400283813,0.687408447265625,0.03,1.2557628154754639,-0.07457199692726135,0.3433151841163635,0.040349915623664856,-0.023203937336802483,0.08277429640293121,0.9954807758331299,0,0,0,0,0,0,0,0,0,0,0,0,0,0
3.7012434005737305,0.0,-0.00025904178619384766,0.08320948481559753,0.00012737512588500977,-0.08354753255844116,-1.1111676692962646,-1.919191837310791,0.7730850577354431,0.6931328773498535,0.03,1.2557570934295654,-0.07459317892789841,0.3433002829551697,0.04041208699345589,-0.0231613926589489,0.08258939534425735,0.9954946041107178,0,0,0,0,0,0,0,0,0,0,0,0,0,0
3.702329635620117,0.0,-0.0002409219741821289,0.08320958912372589,0.00011962652206420898,-0.08354777097702026,-1.0813051462173462,-1.919632077217102,0.7989121079444885,0.6870846152305603,0.03,1.2557576894760132,-0.074544757604599,0.3433575928211212,0.04039711877703667,-0.023194609209895134,0.08267545700073242,0.9954872727394104,0,0,0,0,0,0,0,0,0,0,0,0,0,0
3.70341157913208,0.0,-0.00024133920669555664,0.08320942521095276,0.00012743473052978516,-0.08354651927947998,-1.0817177295684814,-1.9243942499160767,0.7774974703788757,0.6876670718193054,0.03,1.2557576894760132,-0.074544757604599,0.3433575928211212,0.04039711877703667,-0.023194609209895134,0.08267545700073242,0.9954872727394104,0,0,0,0,0,0,0,0,0,0,0,0,0,0
3.704669237136841,0.0,-0.00024133920669555664,0.08320942521095276,0.00012743473052978516,-0.08354651927947998,-1.0817177295684814,-1.9243942499160767,0.7774974703788757,0.6876670718193054,0.03,1.2557576894760132,-0.074544757604599,0.3433575928211212,0.04039711877703667,-0.023194609209895134,0.08267545700073242,0.9954872727394104,0,0,0,0,0,0,0,0,0,0,0,0,0,0
3.7057979106903076,0.0,-0.00024133920669555664,0.08320942521095276,0.00012743473052978516,-0.08354651927947998,-1.0817177295684814,-1.9243942499160767,0.7774974703788757,0.6876670718193054,0.03,1.2557576894760132,-0.074544757604599,0.3433575928211212,0.04039711877703667,-0.023194609209895134,0.08267545700073242,0.9954872727394104,0,0,0,0,0,0,0,0,0,0,0,0,0,0
3.7069036960601807,0.0,-0.00024133920669555664,0.08320942521095276,0.00012743473052978516,-0.08354651927947998,-1.0817177295684814,-1.9243942499160767,0.7774974703788757,0.6876670718193054,0.03,1.2557576894760132,-0.074544757604599,0.3433575928211212,0.04039711877703667,-0.023194609209895134,0.08267545700073242,0.9954872727394104,0,0,0,0,0,0,0,0,0,0,0,0,0,0
3.7081291675567627,0.0,-0.00024133920669555664,0.08320942521095276,0.00012743473052978516,-0.08354651927947998,-1.0817177295684814,-1.9243942499160767,0.7774974703788757,0.6876670718193054,0.03,1.2557576894760132,-0.074544757604599,0.3433575928211212,0.04039711877703667,-0.023194609209895134,0.08267545700073242,0.9954872727394104,0,0,0,0,0,0,0,0,0,0,0,0,0,0
3.7092196941375732,0.0,-0.00024133920669555664,0.08320942521095276,0.00012743473052978516,-0.08354651927947998,-1.0817177295684814,-1.9243942499160767,0.7774974703788757,0.6876670718193054,0.03,1.2557576894760132,-0.074544757604599,0.3433575928211212,0.04039711877703667,-0.023194609209895134,0.08267545700073242,0.9954872727394104,0,0,0,0,0,0,0,0,0,0,0,0,0,0
3.7106313705444336,0.0,-0.00024133920669555664,0.08320942521095276,0.00012743473052978516,-0.08354651927947998,-1.0817177295684814,-1.9243942499160767,0.7774974703788757,0.6876670718193054,0.03,1.2557576894760132,-0.074544757604599,0.3433575928211212,0.04039711877703667,-0.023194609209895134,0.08267545700073242,0.9954872727394104,0,0,0,0,0,0,0,0,0,0,0,0,0,0
3.712909698486328,0.0,-0.00024133920669555664,0.08320942521095276,0.00012743473052978516,-0.08354651927947998,-1.0817177295684814,-1.9243942499160767,0.7774974703788757,0.6876670718193054,0.03,1.2557576894760132,-0.074544757604599,0.3433575928211212,0.04039711877703667,-0.023194609209895134,0.08267545700073242,0.9954872727394104,0,0,0,0,0,0,0,0,0,0,0,0,0,0
3.714388847351074,0.0,-0.00024133920669555664,0.08320942521095276,0.00012743473052978516,-0.08354651927947998,-1.0817177295684814,-1.9243942499160767,0.7774974703788757,0.6876670718193054,0.03,1.2557576894760132,-0.074544757604599,0.3433575928211212,0.04039711877703667,-0.023194609209895134,0.08267545700073242,0.9954872727394104,0,0,0,0,0,0,0,0,0,0,0,0,0,0
3.7165157794952393,0.0,-0.0002410411834716797,0.08323399722576141,0.00010889768600463867,-0.08354377746582031,-1.0848033428192139,-1.8717955350875854,0.7864634990692139,0.7219669222831726,0.03,1.2557576894760132,-0.074544757604599,0.3433575928211212,0.04039711877703667,-0.023194609209895134,0.08267545700073242,0.9954872727394104,0,0,0,0,0,0,0,0,0,0,0,0,0,0
3.7190115451812744,0.0,-0.0002224445343017578,0.08326265215873718,0.0001316666603088379,-0.083560049533844,-1.0553407669067383,-1.8727716207504272,0.7703188061714172,0.6458948850631714,0.03,1.2557579278945923,-0.07452325522899628,0.34334057569503784,0.040476243942976,-0.023195918649435043,0.08308889716863632,0.9954496026039124,0,0,0,0,0,0,0,0,0,0,0,0,0,0
3.7200722694396973,0.0,-0.0002224445343017578,0.08326265215873718,0.0001316666603088379,-0.083560049533844,-1.0553407669067383,-1.8727716207504272,0.7703188061714172,0.6458948850631714,0.03,1.2557579278945923,-0.07452325522899628,0.34334057569503784,0.040476243942976,-0.023195918649435043,0.08308889716863632,0.9954496026039124,0,0,0,0,0,0,0,0,0,0,0,0,0,0
3.7213289737701416,0.0,-0.0002224445343017578,0.08326265215873718,0.0001316666603088379,-0.083560049533844,-1.0553407669067383,-1.8727716207504272,0.7703188061714172,0.6458948850631714,0.03,1.2557579278945923,-0.07452325522899628,0.34334057569503784,0.040476243942976,-0.023195918649435043,0.08308889716863632,0.9954496026039124,0,0,0,0,0,0,0,0,0,0,0,0,0,0
3.722433090209961,0.0,-0.0002224445343017578,0.08326265215873718,0.0001316666603088379,-0.083560049533844,-1.0553407669067383,-1.8727716207504272,0.7703188061714172,0.6458948850631714,0.03,1.2557579278945923,-0.07452325522899628,0.34334057569503784,0.040476243942976,-0.023195918649435043,0.08308889716863632,0.9954496026039124,0,0,0,0,0,0,0,0,0,0,0,0,0,0
3.7247204780578613,0.0,-0.0002224445343017578,0.08326265215873718,0.0001316666603088379,-0.083560049533844,-1.0553407669067383,-1.8727716207504272,0.7703188061714172,0.6458948850631714,0.03,1.2557579278945923,-0.07452325522899628,0.34334057569503784,0.040476243942976,-0.023195918649435043,0.08308889716863632,0.9954496026039124,0,0,0,0,0,0,0,0,0,0,0,0,0,0
3.7259652614593506,0.0,-0.0002224445343017578,0.08326265215873718,0.0001316666603088379,-0.083560049533844,-1.0553407669067383,-1.8727716207504272,0.7703188061714172,0.6458948850631714,0.03,1.2557579278945923,-0.07452325522899628,0.34334057569503784,0.040476243942976,-0.023195918649435043,0.08308889716863632,0.9954496026039124,0,0,0,0,0,0,0,0,0,0,0,0,0,0
3.7274694442749023,0.0,-0.0002224445343017578,0.08326265215873718,0.0001316666603088379,-0.083560049533844,-1.0553407669067383,-1.8727716207504272,0.7703188061714172,0.6458948850631714,0.03,1.2557579278945923,-0.07452325522899628,0.34334057569503784,0.040476243942976,-0.023195918649435043,0.08308889716863632,0.9954496026039124,0,0,0,0,0,0,0,0,0,0,0,0,0,0
3.728719472885132,0.0,-0.0002224445343017578,0.08326265215873718,0.0001316666603088379,-0.083560049533844,-1.0553407669067383,-1.8727716207504272,0.7703188061714172,0.6458948850631714,0.03,1.2557579278945923,-0.07452325522899628,0.34334057569503784,0.040476243942976,-0.023195918649435043,0.08308889716863632,0.9954496026039124,0,0,0,0,0,0,0,0,0,0,0,0,0,0
3.730534553527832,0.0,-0.00022524595260620117,0.08327096700668335,0.00012767314910888672,-0.08354449272155762,-1.0778864622116089,-1.868040919303894,0.766151487827301,0.6838405728340149,0.03,1.2557604312896729,-0.07455839961767197,0.34328511357307434,0.04061095789074898,-0.02317136712372303,0.08425511419773102,0.99534672498703,0,0,0,0,0,0,0,0,0,0,0,0,0,0
3.732003927230835,0.0,-0.0001990199089050293,0.08326981961727142,0.0001100301742553711,-0.08351922035217285,-1.044888973236084,-1.8606091737747192,0.7937893867492676,0.7234192490577698,0.03,1.255757212638855,-0.07459966093301773,0.3432474434375763,0.04059695824980736,-0.02316742017865181,0.08524242788553238,0.9952632188796997,0,0,0,0,0,0,0,0,0,0,0,0,0,0
3.7331302165985107,0.0,-0.00021314620971679688,0.08325377106666565,0.00010418891906738281,-0.08353906869888306,-1.0918699502944946,-1.905312418937683,0.8155622482299805,0.6778094172477722,0.03,1.255757212638855,-0.07459966093301773,0.3432474434375763,0.04059695824980736,-0.02316742017865181,0.08524242788553238,0.9952632188796997,0,0,0,0,0,0,0,0,0,0,0,0,0,0
3.734294891357422,0.0,-0.00021314620971679688,0.08325377106666565,0.00010418891906738281,-0.08353906869888306,-1.0918699502944946,-1.905312418937683,0.8155622482299805,0.6778094172477722,0.03,1.255757212638855,-0.07459966093301773,0.3432474434375763,0.04059695824980736,-0.02316742017865181,0.08524242788553238,0.9952632188796997,0,0,0,0,0,0,0,0,0,0,0,0,0,0
3.735379457473755,0.0,-0.00021314620971679688,0.08325377106666565,0.00010418891906738281,-0.08353906869888306,-1.0918699502944946,-1.905312418937683,0.8155622482299805,0.6778094172477722,0.03,1.255757212638855,-0.07459966093301773,0.3432474434375763,0.04059695824980736,-0.02316742017865181,0.08524242788553238,0.9952632188796997,0,0,0,0,0,0,0,0,0,0,0,0,0,0
3.7366726398468018,0.0,-0.00021314620971679688,0.08325377106666565,0.00010418891906738281,-0.08353906869888306,-1.0918699502944946,-1.905312418937683,0.8155622482299805,0.6778094172477722,0.03,1.255757212638855,-0.07459966093301773,0.3432474434375763,0.04059695824980736,-0.02316742017865181,0.08524242788553238,0.9952632188796997,0,0,0,0,0,0,0,0,0,0,0,0,0,0
3.7382354736328125,0.0,-0.00021314620971679688,0.08325377106666565,0.00010418891906738281,-0.08353906869888306,-1.0918699502944946,-1.905312418937683,0.8155622482299805,0.6778094172477722,0.03,1.255757212638855,-0.07459966093301773,0.3432474434375763,0.04059695824980736,-0.02316742017865181,0.08524242788553238,0.9952632188796997,0,0,0,0,0,0,0,0,0,0,0,0,0,0
3.739961624145508,0.0,-0.00021314620971679688,0.08325377106666565,0.00010418891906738281,-0.08353906869888306,-1.0918699502944946,-1.905312418937683,0.8155622482299805,0.6778094172477722,0.03,1.255757212638855,-0.07459966093301773,0.3432474434375763,0.04059695824980736,-0.02316742017865181,0.08524242788553238,0.9952632188796997,0,0,0,0,0,0,0,0,0,0,0,0,0,0
3.741098165512085,0.0,-0.00021314620971679688,0.08325377106666565,0.00010418891906738281,-0.08353906869888306,-1.0918699502944946,-1.905312418937683,0.8155622482299805,0.6778094172477722,0.03,1.255757212638855,-0.07459966093301773,0.3432474434375763,0.04059695824980736,-0.02316742017865181,0.08524242788553238,0.9952632188796997,0,0,0,0,0,0,0,0,0,0,0,0,0,0
3.7428934574127197,0.0,-0.00021314620971679688,0.08325377106666565,0.00010418891906738281,-0.08353906869888306,-1.0918699502944946,-1.905312418937683,0.8155622482299805,0.6778094172477722,0.03,1.255757212638855,-0.07459966093301773,0.3432474434375763,0.04059695824980736,-0.02316742017865181,0.08524242788553238,0.9952632188796997,0,0,0,0,0,0,0,0,0,0,0,0,0,0
3.7441017627716064,0.0,-0.00021314620971679688,0.08325377106666565,0.00010418891906738281,-0.08353906869888306,-1.0918699502944946,-1.905312418937683,0.8155622482299805,0.6778094172477722,0.03,1.255757212638855,-0.07459966093301773,0.3432474434375763,0.04059695824980736,-0.02316742017865181,0.08524242788553238,0.9952632188796997,0,0,0,0,0,0,0,0,0,0,0,0,0,0
3.7455976009368896,0.0,-0.00021314620971679688,0.08325377106666565,0.00010418891906738281,-0.08353906869888306,-1.0918699502944946,-1.905312418937683,0.8155622482299805,0.6778094172477722,0.03,1.255757212638855,-0.07459966093301773,0.3432474434375763,0.04059695824980736,-0.02316742017865181,0.08524242788553238,0.9952632188796997,0,0,0,0,0,0,0,0,0,0,0,0,0,0
3.7470076084136963,0.0,-0.00021314620971679688,0.08325377106666565,0.00010418891906738281,-0.08353906869888306,-1.0918699502944946,-1.905312418937683,0.8155622482299805,0.6778094172477722,0.03,1.255757212638855,-0.07459966093301773,0.3432474434375763,0.04059695824980736,-0.02316742017865181,0.08524242788553238,0.9952632188796997,0,0,0,0,0,0,0,0,0,0,0,0,0,0
3.7483367919921875,0.0,-0.00021314620971679688,0.08325377106666565,0.00010418891906738281,-0.08353906869888306,-1.0918699502944946,-1.905312418937683,0.8155622482299805,0.6778094172477722,0.03,1.255757212638855,-0.07459966093301773,0.3432474434375763,0.04059695824980736,-0.02316742017865181,0.08524242788553238,0.9952632188796997,0,0,0,0,0,0,0,0,0,0,0,0,0,0
3.7497496604919434,0.0,-0.00021123886108398438,0.08326983451843262,0.00011849403381347656,-0.08355432748794556,-1.1007565259933472,-1.864503264427185,0.7854967713356018,0.6513029336929321,0.03,1.255757212638855,-0.07459966093301773,0.3432474434375763,0.04059695824980736,-0.02316742017865181,0.08524242788553238,0.9952632188796997,0,0,0,0,0,0,0,0,0,0,0,0,0,0
3.7508740425109863,0.0,-0.00019234418869018555,0.08326449990272522,0.00011807680130004883,-0.08354198932647705,-1.0514092445373535,-1.9045603275299072,0.790136456489563,0.6774933934211731,0.03,1.2557592391967773,-0.07456568628549576,0.3432910442352295,0.040505003184080124,-0.02321387641131878,0.08464275300502777,0.9953171014785767,0,0,0,0,0,0,0,0,0,0,0,0,0,0
3.7525923252105713,0.0,-0.00019234418869018555,0.08326449990272522,0.00011807680130004883,-0.08354198932647705,-1.0514092445373535,-1.9045603275299072,0.790136456489563,0.6774933934211731,0.03,1.2557592391967773,-0.07456568628549576,0.3432910442352295,0.040505003184080124,-0.02321387641131878,0.08464275300502777,0.9953171014785767,0,0,0,0,0,0,0,0,0,0,0,0,0,0
3.7539994716644287,0.0,-0.00019234418869018555,0.08326449990272522,0.00011807680130004883,-0.08354198932647705,-1.0514092445373535,-1.9045603275299072,0.790136456489563,0.6774933934211731,0.03,1.2557592391967773,-0.07456568628549576,0.3432910442352295,0.040505003184080124,-0.02321387641131878,0.08464275300502777,0.9953171014785767,0,0,0,0,0,0,0,0,0,0,0,0,0,0
3.7574803829193115,0.0,-0.00019234418869018555,0.08326449990272522,0.00011807680130004883,-0.08354198932647705,-1.0514092445373535,-1.9045603275299072,0.790136456489563,0.6774933934211731,0.03,1.2557592391967773,-0.07456568628549576,0.3432910442352295,0.040505003184080124,-0.02321387641131878,0.08464275300502777,0.9953171014785767,0,0,0,0,0,0,0,0,0,0,0,0,0,0
3.758573532104492,0.0,-0.00019234418869018555,0.08326449990272522,0.00011807680130004883,-0.08354198932647705,-1.0514092445373535,-1.9045603275299072,0.790136456489563,0.6774933934211731,0.03,1.2557592391967773,-0.07456568628549576,0.3432910442352295,0.040505003184080124,-0.02321387641131878,0.08464275300502777,0.9953171014785767,0,0,0,0,0,0,0,0,0,0,0,0,0,0
3.7605886459350586,0.0,-0.00019234418869018555,0.08326449990272522,0.00011807680130004883,-0.08354198932647705,-1.0514092445373535,-1.9045603275299072,0.790136456489563,0.6774933934211731,0.03,1.2557592391967773,-0.07456568628549576,0.3432910442352295,0.040505003184080124,-0.02321387641131878,0.08464275300502777,0.9953171014785767,0,0,0,0,0,0,0,0,0,0,0,0,0,0
3.7627365589141846,0.0,-0.00019234418869018555,0.08326449990272522,0.00011807680130004883,-0.08354198932647705,-1.0514092445373535,-1.9045603275299072,0.790136456489563,0.6774933934211731,0.03,1.2557592391967773,-0.07456568628549576,0.3432910442352295,0.040505003184080124,-0.02321387641131878,0.08464275300502777,0.9953171014785767,0,0,0,0,0,0,0,0,0,0,0,0,0,0
3.7646467685699463,0.0,-0.00019234418869018555,0.08326449990272522,0.00011807680130004883,-0.08354198932647705,-1.0514092445373535,-1.9045603275299072,0.790136456489563,0.6774933934211731,0.03,1.2557592391967773,-0.07456568628549576,0.3432910442352295,0.040505003184080124,-0.02321387641131878,0.08464275300502777,0.9953171014785767,0,0,0,0,0,0,0,0,0,0,0,0,0,0
3.766144275665283,0.0,-0.00019234418869018555,0.08326449990272522,0.00011807680130004883,-0.08354198932647705,-1.0514092445373535,-1.9045603275299072,0.790136456489563,0.6774933934211731,0.03,1.2557592391967773,-0.07456568628549576,0.3432910442352295,0.040505003184080124,-0.02321387641131878,0.08464275300502777,0.9953171014785767,0,0,0,0,0,0,0,0,0,0,0,0,0,0
3.767423391342163,0.0,-0.00019234418869018555,0.08326449990272522,0.00011807680130004883,-0.08354198932647705,-1.0514092445373535,-1.9045603275299072,0.790136456489563,0.6774933934211731,0.03,1.2557592391967773,-0.07456568628549576,0.3432910442352295,0.040505003184080124,-0.02321387641131878,0.08464275300502777,0.9953171014785767,0,0,0,0,0,0,0,0,0,0,0,0,0,0
3.7688229084014893,0.0,-0.00019234418869018555,0.08326449990272522,0.00011807680130004883,-0.08354198932647705,-1.0514092445373535,-1.9045603275299072,0.790136456489563,0.6774933934211731,0.03,1.2557592391967773,-0.07456568628549576,0.3432910442352295,0.040505003184080124,-0.02321387641131878,0.08464275300502777,0.9953171014785767,0,0,0,0,0,0,0,0,0,0,0,0,0,0
3.770209312438965,0.0,-0.00019234418869018555,0.08326449990272522,0.00011807680130004883,-0.08354198932647705,-1.0514092445373535,-1.9045603275299072,0.790136456489563,0.6774933934211731,0.03,1.2557592391967773,-0.07456568628549576,0.3432910442352295,0.040505003184080124,-0.02321387641131878,0.08464275300502777,0.9953171014785767,0,0,0,0,0,0,0,0,0,0,0,0,0,0
3.771414279937744,0.0,-0.00019234418869018555,0.08326449990272522,0.00011807680130004883,-0.08354198932647705,-1.0514092445373535,-1.9045603275299072,0.790136456489563,0.6774933934211731,0.03,1.2557592391967773,-0.07456568628549576,0.3432910442352295,0.040505003184080124,-0.02321387641131878,0.08464275300502777,0.9953171014785767,0,0,0,0,0,0,0,0,0,0,0,0,0,0
3.7724921703338623,0.0,-0.00019234418869018555,0.08326449990272522,0.00011807680130004883,-0.08354198932647705,-1.0514092445373535,-1.9045603275299072,0.790136456489563,0.6774933934211731,0.03,1.2557592391967773,-0.07456568628549576,0.3432910442352295,0.040505003184080124,-0.02321387641131878,0.08464275300502777,0.9953171014785767,0,0,0,0,0,0,0,0,0,0,0,0,0,0
3.7738986015319824,0.0,-0.00019234418869018555,0.08326449990272522,0.00011807680130004883,-0.08354198932647705,-1.0514092445373535,-1.9045603275299072,0.790136456489563,0.6774933934211731,0.03,1.2557592391967773,-0.07456568628549576,0.3432910442352295,0.040505003184080124,-0.02321387641131878,0.08464275300502777,0.9953171014785767,0,0,0,0,0,0,0,0,0,0,0,0,0,0
3.775196075439453,0.0,-0.00019234418869018555,0.08326449990272522,0.00011807680130004883,-0.08354198932647705,-1.0514092445373535,-1.9045603275299072,0.790136456489563,0.6774933934211731,0.03,1.2557592391967773,-0.07456568628549576,0.3432910442352295,0.040505003184080124,-0.02321387641131878,0.08464275300502777,0.9953171014785767,0,0,0,0,0,0,0,0,0,0,0,0,0,0
3.776888132095337,0.0,-0.00018292665481567383,0.08326943218708038,0.00013184547424316406,-0.08353537321090698,-1.0426380634307861,-1.8724212646484375,0.7766565680503845,0.6973071098327637,0.03,1.2557573318481445,-0.07453003525733948,0.3433610200881958,0.04052543640136719,-0.023264609277248383,0.08424322307109833,0.9953489899635315,0,0,0,0,0,0,0,0,0,0,0,0,0,0
3.778169631958008,0.0,-0.00019305944442749023,0.08327051997184753,0.00010466575622558594,-0.08353602886199951,-1.0615390539169312,-1.8763692378997803,0.8070013523101807,0.6927304863929749,0.03,1.2557578086853027,-0.07452467828989029,0.3433643579483032,0.04051296412944794,-0.023244237527251244,0.08476307988166809,0.9953058362007141,0,0,0,0,0,0,0,0,0,0,0,0,0,0
3.779689073562622,0.0,-0.00019305944442749023,0.08327051997184753,0.00010466575622558594,-0.08353602886199951,-1.0615390539169312,-1.8763692378997803,0.8070013523101807,0.6927304863929749,0.03,1.2557578086853027,-0.07452467828989029,0.3433643579483032,0.04051296412944794,-0.023244237527251244,0.08476307988166809,0.9953058362007141,0,0,0,0,0,0,0,0,0,0,0,0,0,0
3.7808728218078613,0.0,-0.00019305944442749023,0.08327051997184753,0.00010466575622558594,-0.08353602886199951,-1.0615390539169312,-1.8763692378997803,0.8070013523101807,0.6927304863929749,0.03,1.2557578086853027,-0.07452467828989029,0.3433643579483032,0.04051296412944794,-0.023244237527251244,0.08476307988166809,0.9953058362007141,0,0,0,0,0,0,0,0,0,0,0,0,0,0
3.782149314880371,0.0,-0.00019305944442749023,0.08327051997184753,0.00010466575622558594,-0.08353602886199951,-1.0615390539169312,-1.8763692378997803,0.8070013523101807,0.6927304863929749,0.03,1.2557578086853027,-0.07452467828989029,0.3433643579483032,0.04051296412944794,-0.023244237527251244,0.08476307988166809,0.9953058362007141,0,0,0,0,0,0,0,0,0,0,0,0,0,0
3.7832133769989014,0.0,-0.00019305944442749023,0.08327051997184753,0.00010466575622558594,-0.08353602886199951,-1.0615390539169312,-1.8763692378997803,0.8070013523101807,0.6927304863929749,0.03,1.2557578086853027,-0.07452467828989029,0.3433643579483032,0.04051296412944794,-0.023244237527251244,0.08476307988166809,0.9953058362007141,0,0,0,0,0,0,0,0,0,0,0,0,0,0
3.784801483154297,0.0,-0.00018006563186645508,0.0832701325416565,0.00010883808135986328,-0.08354765176773071,-1.054320216178894,-1.8800541162490845,0.7671205401420593,0.6752375364303589,0.03,1.2557528018951416,-0.07457862049341202,0.34329330921173096,0.04058874770998955,-0.023198692128062248,0.08516118675470352,0.9952698349952698,0,0,0,0,0,0,0,0,0,0,0,0,0,0
3.785935401916504,0.0,-0.00018006563186645508,0.0832701325416565,0.00010883808135986328,-0.08354765176773071,-1.054320216178894,-1.8800541162490845,0.7671205401420593,0.6752375364303589,0.03,1.2557528018951416,-0.07457862049341202,0.34329330921173096,0.04058874770998955,-0.023198692128062248,0.08516118675470352,0.9952698349952698,0,0,0,0,0,0,0,0,0,0,0,0,0,0
3.7870779037475586,0.0,-0.00018006563186645508,0.0832701325416565,0.00010883808135986328,-0.08354765176773071,-1.054320216178894,-1.8800541162490845,0.7671205401420593,0.6752375364303589,0.03,1.2557528018951416,-0.07457862049341202,0.34329330921173096,0.04058874770998955,-0.023198692128062248,0.08516118675470352,0.9952698349952698,0,0,0,0,0,0,0,0,0,0,0,0,0,0
3.7882165908813477,0.0,-0.0001773238182067871,0.08327321708202362,0.00011587142944335938,-0.08355474472045898,-1.0606099367141724,-1.88545823097229,0.7764202356338501,0.7094086408615112,0.03,1.2557586431503296,-0.07450836151838303,0.34334874153137207,0.040468547493219376,-0.02322542853653431,0.08368773758411407,0.9953990578651428,0,0,0,0,0,0,0,0,0,0,0,0,0,0
3.789311170578003,0.0,-0.0001773238182067871,0.08327321708202362,0.00011587142944335938,-0.08355474472045898,-1.0606099367141724,-1.88545823097229,0.7764202356338501,0.7094086408615112,0.03,1.2557586431503296,-0.07450836151838303,0.34334874153137207,0.040468547493219376,-0.02322542853653431,0.08368773758411407,0.9953990578651428,0,0,0,0,0,0,0,0,0,0,0,0,0,0
3.7905192375183105,0.0,-0.0001773238182067871,0.08327321708202362,0.00011587142944335938,-0.08355474472045898,-1.0606099367141724,-1.88545823097229,0.7764202356338501,0.7094086408615112,0.03,1.2557586431503296,-0.07450836151838303,0.34334874153137207,0.040468547493219376,-0.02322542853653431,0.08368773758411407,0.9953990578651428,0,0,0,0,0,0,0,0,0,0,0,0,0,0
3.7917160987854004,0.0,-0.0001773238182067871,0.08327321708202362,0.00011587142944335938,-0.08355474472045898,-1.0606099367141724,-1.88545823097229,0.7764202356338501,0.7094086408615112,0.03,1.2557586431503296,-0.07450836151838303,0.34334874153137207,0.040468547493219376,-0.02322542853653431,0.08368773758411407,0.9953990578651428,0,0,0,0,0,0,0,0,0,0,0,0,0,0
3.7928266525268555,0.0,-0.0001773238182067871,0.08327321708202362,0.00011587142944335938,-0.08355474472045898,-1.0606099367141724,-1.88545823097229,0.7764202356338501,0.7094086408615112,0.03,1.2557586431503296,-0.07450836151838303,0.34334874153137207,0.040468547493219376,-0.02322542853653431,0.08368773758411407,0.9953990578651428,0,0,0,0,0,0,0,0,0,0,0,0,0,0
3.794491767883301,0.0,-0.0001773238182067871,0.08327321708202362,0.00011587142944335938,-0.08355474472045898,-1.0606099367141724,-1.88545823097229,0.7764202356338501,0.7094086408615112,0.03,1.2557586431503296,-0.07450836151838303,0.34334874153137207,0.040468547493219376,-0.02322542853653431,0.08368773758411407,0.9953990578651428,0,0,0,0,0,0,0,0,0,0,0,0,0,0
3.7959115505218506,0.0,-0.0001773238182067871,0.08327321708202362,0.00011587142944335938,-0.08355474472045898,-1.0606099367141724,-1.88545823097229,0.7764202356338501,0.7094086408615112,0.03,1.2557586431503296,-0.07450836151838303,0.34334874153137207,0.040468547493219376,-0.02322542853653431,0.08368773758411407,0.9953990578651428,0,0,0,0,0,0,0,0,0,0,0,0,0,0
3.797443151473999,0.0,-0.0001773238182067871,0.08327321708202362,0.00011587142944335938,-0.08355474472045898,-1.0606099367141724,-1.88545823097229,0.7764202356338501,0.7094086408615112,0.03,1.2557586431503296,-0.07450836151838303,0.34334874153137207,0.040468547493219376,-0.02322542853653431,0.08368773758411407,0.9953990578651428,0,0,0,0,0,0,0,0,0,0,0,0,0,0
3.799605369567871,0.0,-0.0001773238182067871,0.08327321708202362,0.00011587142944335938,-0.08355474472045898,-1.0606099367141724,-1.88545823097229,0.7764202356338501,0.7094086408615112,0.03,1.2557586431503296,-0.07450836151838303,0.34334874153137207,0.040468547493219376,-0.02322542853653431,0.08368773758411407,0.9953990578651428,0,0,0,0,0,0,0,0,0,0,0,0,0,0
3.8040452003479004,0.0,-0.0001773238182067871,0.08327321708202362,0.00011587142944335938,-0.08355474472045898,-1.0606099367141724,-1.88545823097229,0.7764202356338501,0.7094086408615112,0.03,1.2557586431503296,-0.07450836151838303,0.34334874153137207,0.040468547493219376,-0.02322542853653431,0.08368773758411407,0.9953990578651428,0,0,0,0,0,0,0,0,0,0,0,0,0,0
3.8067991733551025,0.0,-0.0001773238182067871,0.08327321708202362,0.00011587142944335938,-0.08355474472045898,-1.0606099367141724,-1.88545823097229,0.7764202356338501,0.7094086408615112,0.03,1.2557586431503296,-0.07450836151838303,0.34334874153137207,0.040468547493219376,-0.02322542853653431,0.08368773758411407,0.9953990578651428,0,0,0,0,0,0,0,0,0,0,0,0,0,0
3.8078763484954834,0.0,-0.0001773238182067871,0.08327321708202362,0.00011587142944335938,-0.08355474472045898,-1.0606099367141724,-1.88545823097229,0.7764202356338501,0.7094086408615112,0.03,1.2557586431503296,-0.07450836151838303,0.34334874153137207,0.040468547493219376,-0.02322542853653431,0.08368773758411407,0.9953990578651428,0,0,0,0,0,0,0,0,0,0,0,0,0,0
3.809051752090454,0.0,-0.0001773238182067871,0.08327321708202362,0.00011587142944335938,-0.08355474472045898,-1.0606099367141724,-1.88545823097229,0.7764202356338501,0.7094086408615112,0.03,1.2557586431503296,-0.07450836151838303,0.34334874153137207,0.040468547493219376,-0.02322542853653431,0.08368773758411407,0.9953990578651428,0,0,0,0,0,0,0,0,0,0,0,0,0,0
3.810354471206665,0.0,-0.0001773238182067871,0.08327321708202362,0.00011587142944335938,-0.08355474472045898,-1.0606099367141724,-1.88545823097229,0.7764202356338501,0.7094086408615112,0.03,1.2557586431503296,-0.07450836151838303,0.34334874153137207,0.040468547493219376,-0.02322542853653431,0.08368773758411407,0.9953990578651428,0,0,0,0,0,0,0,0,0,0,0,0,0,0
3.811495065689087,0.0,-0.0001773238182067871,0.08327321708202362,0.00011587142944335938,-0.08355474472045898,-1.0606099367141724,-1.88545823097229,0.7764202356338501,0.7094086408615112,0.03,1.2557560205459595,-0.07457480579614639,0.34328940510749817,0.04040075093507767,-0.023175695911049843,0.08350656926631927,0.9954181909561157,0,0,0,0,0,0,0,0,0,0,0,0,0,0
3.8126323223114014,0.0,-0.0001773238182067871,0.08327321708202362,0.00011587142944335938,-0.08355474472045898,-1.0606099367141724,-1.88545823097229,0.7764202356338501,0.7094086408615112,0.03,1.2557560205459595,-0.07457480579614639,0.34328940510749817,0.04040075093507767,-0.023175695911049843,0.08350656926631927,0.9954181909561157,0,0,0,0,0,0,0,0,0,0,0,0,0,0
3.8147354125976562,0.0,-0.0001773238182067871,0.08327321708202362,0.00011587142944335938,-0.08355474472045898,-1.0606099367141724,-1.88545823097229,0.7764202356338501,0.7094086408615112,0.03,1.2557560205459595,-0.07457480579614639,0.34328940510749817,0.04040075093507767,-0.023175695911049843,0.08350656926631927,0.9954181909561157,0,0,0,0,0,0,0,0,0,0,0,0,0,0
3.815938711166382,0.0,-0.0001773238182067871,0.08327321708202362,0.00011587142944335938,-0.08355474472045898,-1.0606099367141724,-1.88545823097229,0.7764202356338501,0.7094086408615112,0.03,1.2557560205459595,-0.07457480579614639,0.34328940510749817,0.04040075093507767,-0.023175695911049843,0.08350656926631927,0.9954181909561157,0,0,0,0,0,0,0,0,0,0,0,0,0,0
3.8172216415405273,0.0,-0.0001773238182067871,0.08327321708202362,0.00011587142944335938,-0.08355474472045898,-1.0606099367141724,-1.88545823097229,0.7764202356338501,0.7094086408615112,0.03,1.2557560205459595,-0.07457480579614639,0.34328940510749817,0.04040075093507767,-0.023175695911049843,0.08350656926631927,0.9954181909561157,0,0,0,0,0,0,0,0,0,0,0,0,0,0
3.818377733230591,0.0,-0.0001773238182067871,0.08327321708202362,0.00011587142944335938,-0.08355474472045898,-1.0606099367141724,-1.88545823097229,0.7764202356338501,0.7094086408615112,0.03,1.2557560205459595,-0.07457480579614639,0.34328940510749817,0.04040075093507767,-0.023175695911049843,0.08350656926631927,0.9954181909561157,0,0,0,0,0,0,0,0,0,0,0,0,0,0
3.8195741176605225,0.0,-0.0001773238182067871,0.08327321708202362,0.00011587142944335938,-0.08355474472045898,-1.0606099367141724,-1.88545823097229,0.7764202356338501,0.7094086408615112,0.03,1.2557560205459595,-0.07457480579614639,0.34328940510749817,0.04040075093507767,-0.023175695911049843,0.08350656926631927,0.9954181909561157,0,0,0,0,0,0,0,0,0,0,0,0,0,0
3.821176767349243,0.0,-0.0001773238182067871,0.08327321708202362,0.00011587142944335938,-0.08355474472045898,-1.0606099367141724,-1.88545823097229,0.7764202356338501,0.7094086408615112,0.03,1.2557560205459595,-0.07457480579614639,0.34328940510749817,0.04040075093507767,-0.023175695911049843,0.08350656926631927,0.9954181909561157,0,0,0,0,0,0,0,0,0,0,0,0,0,0
3.8222756385803223,0.0,-0.0001773238182067871,0.08327321708202362,0.00011587142944335938,-0.08355474472045898,-1.0606099367141724,-1.88545823097229,0.7764202356338501,0.7094086408615112,0.03,1.2557560205459595,-0.07457480579614639,0.34328940510749817,0.04040075093507767,-0.023175695911049843,0.08350656926631927,0.9954181909561157,0,0,0,0,0,0,0,0,0,0,0,0,0,0
3.823404312133789,0.0,-0.0001773238182067871,0.08327321708202362,0.00011587142944335938,-0.08355474472045898,-1.0606099367141724,-1.88545823097229,0.7764202356338501,0.7094086408615112,0.03,1.2557560205459595,-0.07457480579614639,0.34328940510749817,0.04040075093507767,-0.023175695911049843,0.08350656926631927,0.9954181909561157,0,0,0,0,0,0,0,0,0,0,0,0,0,0
3.8246352672576904,0.0,-0.0001773238182067871,0.08327321708202362,0.00011587142944335938,-0.08355474472045898,-1.0606099367141724,-1.88545823097229,0.7764202356338501,0.7094086408615112,0.03,1.2557560205459595,-0.07457480579614639,0.34328940510749817,0.04040075093507767,-0.023175695911049843,0.08350656926631927,0.9954181909561157,0,0,0,0,0,0,0,0,0,0,0,0,0,0
3.826693296432495,0.0,-0.0001773238182067871,0.08327321708202362,0.00011587142944335938,-0.08355474472045898,-1.0606099367141724,-1.88545823097229,0.7764202356338501,0.7094086408615112,0.03,1.2557560205459595,-0.07457480579614639,0.34328940510749817,0.04040075093507767,-0.023175695911049843,0.08350656926631927,0.9954181909561157,0,0,0,0,0,0,0,0,0,0,0,0,0,0
3.8277838230133057,0.0,-0.0001773238182067871,0.08327321708202362,0.00011587142944335938,-0.08355474472045898,-1.0606099367141724,-1.88545823097229,0.7764202356338501,0.7094086408615112,0.03,1.2557560205459595,-0.07457480579614639,0.34328940510749817,0.04040075093507767,-0.023175695911049843,0.08350656926631927,0.9954181909561157,0,0,0,0,0,0,0,0,0,0,0,0,0,0
3.8323183059692383,0.0,-0.0001469254493713379,0.08332265913486481,0.00011807680130004883,-0.08353734016418457,-1.017158031463623,-1.8232649564743042,0.7630777955055237,0.6705423593521118,0.03,1.2557560205459595,-0.07457480579614639,0.34328940510749817,0.04040075093507767,-0.023175695911049843,0.08350656926631927,0.9954181909561157,0,0,0,0,0,0,0,0,0,0,0,0,0,0
3.833442211151123,0.0,-0.00017499923706054688,0.08332394063472748,0.00012111663818359375,-0.08354902267456055,-1.0931012630462646,-1.8237887620925903,0.7710345983505249,0.6685928702354431,0.03,1.2557560205459595,-0.07457480579614639,0.34328940510749817,0.04040075093507767,-0.023175695911049843,0.08350656926631927,0.9954181909561157,0,0,0,0,0,0,0,0,0,0,0,0,0,0
3.8347692489624023,0.0,-0.00017499923706054688,0.08332394063472748,0.00012111663818359375,-0.08354902267456055,-1.0931012630462646,-1.8237887620925903,0.7710345983505249,0.6685928702354431,0.03,1.2557560205459595,-0.07457480579614639,0.34328940510749817,0.04040075093507767,-0.023175695911049843,0.08350656926631927,0.9954181909561157,0,0,0,0,0,0,0,0,0,0,0,0,0,0
3.8364150524139404,0.0,-0.00017499923706054688,0.08332394063472748,0.00012111663818359375,-0.08354902267456055,-1.0931012630462646,-1.8237887620925903,0.7710345983505249,0.6685928702354431,0.03,1.2557560205459595,-0.07457480579614639,0.34328940510749817,0.04040075093507767,-0.023175695911049843,0.08350656926631927,0.9954181909561157,0,0,0,0,0,0,0,0,0,0,0,0,0,0
3.837663412094116,0.0,-0.00017499923706054688,0.08332394063472748,0.00012111663818359375,-0.08354902267456055,-1.0931012630462646,-1.8237887620925903,0.7710345983505249,0.6685928702354431,0.03,1.2557560205459595,-0.07457480579614639,0.34328940510749817,0.04040075093507767,-0.023175695911049843,0.08350656926631927,0.9954181909561157,0,0,0,0,0,0,0,0,0,0,0,0,0,0
3.8390982151031494,0.0,-0.00017499923706054688,0.08332394063472748,0.00012111663818359375,-0.08354902267456055,-1.0931012630462646,-1.8237887620925903,0.7710345983505249,0.6685928702354431,0.03,1.2557560205459595,-0.07457480579614639,0.34328940510749817,0.04040075093507767,-0.023175695911049843,0.08350656926631927,0.9954181909561157,0,0,0,0,0,0,0,0,0,0,0,0,0,0
3.8402645587921143,0.0,-0.00017499923706054688,0.08332394063472748,0.00012111663818359375,-0.08354902267456055,-1.0931012630462646,-1.8237887620925903,0.7710345983505249,0.6685928702354431,0.03,1.2557560205459595,-0.07457480579614639,0.34328940510749817,0.04040075093507767,-0.023175695911049843,0.08350656926631927,0.9954181909561157,0,0,0,0,0,0,0,0,0,0,0,0,0,0
3.8419885635375977,0.0,-0.00013893842697143555,0.08333317935466766,0.00011175870895385742,-0.08356928825378418,-1.0166760683059692,-1.816147804260254,0.7696831226348877,0.6583337783813477,0.03,1.2557523250579834,-0.07459630072116852,0.34326204657554626,0.04044599458575249,-0.023157579824328423,0.08325470238924026,0.9954379200935364,0,0,0,0,0,0,0,0,0,0,0,0,0,0
3.84311580657959,0.0,-0.00013893842697143555,0.08333317935466766,0.00011175870895385742,-0.08356928825378418,-1.0166760683059692,-1.816147804260254,0.7696831226348877,0.6583337783813477,0.03,1.2557523250579834,-0.07459630072116852,0.34326204657554626,0.04044599458575249,-0.023157579824328423,0.08325470238924026,0.9954379200935364,0,0,0,0,0,0,0,0,0,0,0,0,0,0
3.844322681427002,0.0,-0.00013893842697143555,0.08333317935466766,0.00011175870895385742,-0.08356928825378418,-1.0166760683059692,-1.816147804260254,0.7696831226348877,0.6583337783813477,0.03,1.2557523250579834,-0.07459630072116852,0.34326204657554626,0.04044599458575249,-0.023157579824328423,0.08325470238924026,0.9954379200935364,0,0,0,0,0,0,0,0,0,0,0,0,0,0
3.8458588123321533,0.0,-0.00013893842697143555,0.08333317935466766,0.00011175870895385742,-0.08356928825378418,-1.0166760683059692,-1.816147804260254,0.7696831226348877,0.6583337783813477,0.03,1.2557523250579834,-0.07459630072116852,0.34326204657554626,0.04044599458575249,-0.023157579824328423,0.08325470238924026,0.9954379200935364,0,0,0,0,0,0,0,0,0,0,0,0,0,0
3.849627733230591,0.0,-0.00014287233352661133,0.0833292007446289,0.0001036524772644043,-0.083548903465271,-1.038103461265564,-1.8286045789718628,0.7829763293266296,0.6374198794364929,0.03,1.2557505369186401,-0.07454568147659302,0.3433327376842499,0.04042573645710945,-0.02313881926238537,0.08276496827602386,0.995479941368103,0,0,0,0,0,0,0,0,0,0,0,0,0,0
3.8508143424987793,0.0,-0.00014287233352661133,0.0833292007446289,0.0001036524772644043,-0.083548903465271,-1.038103461265564,-1.8286045789718628,0.7829763293266296,0.6374198794364929,0.03,1.2557505369186401,-0.07454568147659302,0.3433327376842499,0.04042573645710945,-0.02313881926238537,0.08276496827602386,0.995479941368103,0,0,0,0,0,0,0,0,0,0,0,0,0,0
3.8540749549865723,0.0,-0.00014287233352661133,0.0833292007446289,0.0001036524772644043,-0.083548903465271,-1.038103461265564,-1.8286045789718628,0.7829763293266296,0.6374198794364929,0.03,1.2557505369186401,-0.07454568147659302,0.3433327376842499,0.04042573645710945,-0.02313881926238537,0.08276496827602386,0.995479941368103,0,0,0,0,0,0,0,0,0,0,0,0,0,0
3.8562514781951904,0.0,-0.0001189112663269043,0.08333155512809753,8.684396743774414e-05,-0.08353257179260254,-1.020758867263794,-1.8291945457458496,0.8081213235855103,0.6557947397232056,0.03,1.2557567358016968,-0.07456158846616745,0.34331393241882324,0.04029402136802673,-0.02321227453649044,0.08199646323919296,0.9955471754074097,0,0,0,0,0,0,0,0,0,0,0,0,0,0
3.8579695224761963,0.0,-0.00011849403381347656,0.08333155512809753,0.00011342763900756836,-0.08355504274368286,-1.0184011459350586,-1.828994870185852,0.763702929019928,0.6242703199386597,0.03,1.2557591199874878,-0.07459358870983124,0.3432517349720001,0.0402899868786335,-0.023106582462787628,0.082392118871212,0.9955171942710876,0,0,0,0,0,0,0,0,0,0,0,0,0,0
3.8590731620788574,0.0,-0.00011849403381347656,0.08333155512809753,0.00011342763900756836,-0.08355504274368286,-1.0184011459350586,-1.828994870185852,0.763702929019928,0.6242703199386597,0.03,1.2557591199874878,-0.07459358870983124,0.3432517349720001,0.0402899868786335,-0.023106582462787628,0.082392118871212,0.9955171942710876,0,0,0,0,0,0,0,0,0,0,0,0,0,0
3.86024808883667,0.0,-0.00011849403381347656,0.08333155512809753,0.00011342763900756836,-0.08355504274368286,-1.0184011459350586,-1.828994870185852,0.763702929019928,0.6242703199386597,0.03,1.2557591199874878,-0.07459358870983124,0.3432517349720001,0.0402899868786335,-0.023106582462787628,0.082392118871212,0.9955171942710876,0,0,0,0,0,0,0,0,0,0,0,0,0,0
3.8614683151245117,0.0,-0.00011867284774780273,0.08333155512809753,0.00010192394256591797,-0.08354896306991577,-1.0203957557678223,-1.8291691541671753,0.7825754284858704,0.615104079246521,0.03,1.255760669708252,-0.07454396039247513,0.34333479404449463,0.040425028651952744,-0.023157965391874313,0.08373034745454788,0.9953988194465637,0,0,0,0,0,0,0,0,0,0,0,0,0,0
3.862537145614624,0.0,-0.00011867284774780273,0.08333155512809753,0.00010192394256591797,-0.08354896306991577,-1.0203957557678223,-1.8291691541671753,0.7825754284858704,0.615104079246521,0.03,1.255760669708252,-0.07454396039247513,0.34333479404449463,0.040425028651952744,-0.023157965391874313,0.08373034745454788,0.9953988194465637,0,0,0,0,0,0,0,0,0,0,0,0,0,0
3.864023447036743,0.0,-0.00011867284774780273,0.08333155512809753,0.00010192394256591797,-0.08354896306991577,-1.0203957557678223,-1.8291691541671753,0.7825754284858704,0.615104079246521,0.03,1.255760669708252,-0.07454396039247513,0.34333479404449463,0.040425028651952744,-0.023157965391874313,0.08373034745454788,0.9953988194465637,0,0,0,0,0,0,0,0,0,0,0,0,0,0
3.8660171031951904,0.0,-0.00011903047561645508,0.08333152532577515,0.00011539459228515625,-0.08355104923248291,-1.0259358882904053,-1.8291879892349243,0.7604823708534241,0.6069680452346802,0.03,1.255760669708252,-0.07454396039247513,0.34333479404449463,0.040425028651952744,-0.023157965391874313,0.08373034745454788,0.9953988194465637,0,0,0,0,0,0,0,0,0,0,0,0,0,0
3.867673873901367,0.0,-0.00011897087097167969,0.08333155512809753,0.00012862682342529297,-0.08353978395462036,-1.0272297859191895,-1.8292330503463745,0.7226322293281555,0.6291976571083069,0.03,1.2557578086853027,-0.07460691779851913,0.3432512879371643,0.0405767485499382,-0.02318686991930008,0.08492451906204224,0.9952907562255859,0,0,0,0,0,0,0,0,0,0,0,0,0,0
3.869044780731201,0.0,-0.00011897087097167969,0.08333155512809753,0.00012862682342529297,-0.08353978395462036,-1.0272297859191895,-1.8292330503463745,0.7226322293281555,0.6291976571083069,0.03,1.2557578086853027,-0.07460691779851913,0.3432512879371643,0.0405767485499382,-0.02318686991930008,0.08492451906204224,0.9952907562255859,0,0,0,0,0,0,0,0,0,0,0,0,0,0
3.8701906204223633,0.0,-0.00011897087097167969,0.08333155512809753,0.00012862682342529297,-0.08353978395462036,-1.0272297859191895,-1.8292330503463745,0.7226322293281555,0.6291976571083069,0.03,1.2557578086853027,-0.07460691779851913,0.3432512879371643,0.0405767485499382,-0.02318686991930008,0.08492451906204224,0.9952907562255859,0,0,0,0,0,0,0,0,0,0,0,0,0,0
3.8713462352752686,0.0,-0.00011897087097167969,0.08333155512809753,0.00012862682342529297,-0.08353978395462036,-1.0272297859191895,-1.8292330503463745,0.7226322293281555,0.6291976571083069,0.03,1.2557578086853027,-0.07460691779851913,0.3432512879371643,0.0405767485499382,-0.02318686991930008,0.08492451906204224,0.9952907562255859,0,0,0,0,0,0,0,0,0,0,0,0,0,0
3.872518539428711,0.0,-0.00011897087097167969,0.08333155512809753,0.00012862682342529297,-0.08353978395462036,-1.0272297859191895,-1.8292330503463745,0.7226322293281555,0.6291976571083069,0.03,1.2557578086853027,-0.07460691779851913,0.3432512879371643,0.0405767485499382,-0.02318686991930008,0.08492451906204224,0.9952907562255859,0,0,0,0,0,0,0,0,0,0,0,0,0,0
3.873757839202881,0.0,-0.00011897087097167969,0.08333155512809753,0.00012862682342529297,-0.08353978395462036,-1.0272297859191895,-1.8292330503463745,0.7226322293281555,0.6291976571083069,0.03,1.2557578086853027,-0.07460691779851913,0.3432512879371643,0.0405767485499382,-0.02318686991930008,0.08492451906204224,0.9952907562255859,0,0,0,0,0,0,0,0,0,0,0,0,0,0
3.8750691413879395,0.0,-0.00011897087097167969,0.08333155512809753,0.00012862682342529297,-0.08353978395462036,-1.0272297859191895,-1.8292330503463745,0.7226322293281555,0.6291976571083069,0.03,1.2557578086853027,-0.07460691779851913,0.3432512879371643,0.0405767485499382,-0.02318686991930008,0.08492451906204224,0.9952907562255859,0,0,0,0,0,0,0,0,0,0,0,0,0,0
3.8761606216430664,0.0,-0.00011897087097167969,0.08333155512809753,0.00012862682342529297,-0.08353978395462036,-1.0272297859191895,-1.8292330503463745,0.7226322293281555,0.6291976571083069,0.03,1.2557578086853027,-0.07460691779851913,0.3432512879371643,0.0405767485499382,-0.02318686991930008,0.08492451906204224,0.9952907562255859,0,0,0,0,0,0,0,0,0,0,0,0,0,0
3.877347707748413,0.0,-0.00011914968490600586,0.08333146572113037,0.00011301040649414062,-0.08353298902511597,-1.0296971797943115,-1.826276421546936,0.7606048583984375,0.6370325088500977,0.03,1.2557578086853027,-0.07460691779851913,0.3432512879371643,0.0405767485499382,-0.02318686991930008,0.08492451906204224,0.9952907562255859,0,0,0,0,0,0,0,0,0,0,0,0,0,0
3.8788325786590576,0.0,-0.00011914968490600586,0.08333122730255127,0.00012230873107910156,-0.08353853225708008,-1.029695987701416,-1.8313486576080322,0.733893632888794,0.6234632730484009,0.03,1.2557730674743652,-0.07452434301376343,0.3433361351490021,0.040309175848960876,-0.023168956860899925,0.08208541572093964,0.9955402612686157,0,0,0,0,0,0,0,0,0,0,0,0,0,0
3.879977226257324,0.0,-0.0001175999641418457,0.0833314061164856,9.548664093017578e-05,-0.083545982837677,-1.0310471057891846,-1.8326233625411987,0.7986058592796326,0.6129217147827148,0.03,1.2557730674743652,-0.07452434301376343,0.3433361351490021,0.040309175848960876,-0.023168956860899925,0.08208541572093964,0.9955402612686157,0,0,0,0,0,0,0,0,0,0,0,0,0,0
3.8810458183288574,0.0,-0.0001175999641418457,0.0833314061164856,9.548664093017578e-05,-0.083545982837677,-1.0310471057891846,-1.8326233625411987,0.7986058592796326,0.6129217147827148,0.03,1.2557730674743652,-0.07452434301376343,0.3433361351490021,0.040309175848960876,-0.023168956860899925,0.08208541572093964,0.9955402612686157,0,0,0,0,0,0,0,0,0,0,0,0,0,0
3.8821957111358643,0.0,-0.0001175999641418457,0.0833314061164856,9.548664093017578e-05,-0.083545982837677,-1.0310471057891846,-1.8326233625411987,0.7986058592796326,0.6129217147827148,0.03,1.2557677030563354,-0.0745498463511467,0.3433099091053009,0.0403575599193573,-0.023208659142255783,0.08249157667160034,0.995503842830658,0,0,0,0,0,0,0,0,0,0,0,0,0,0
3.88344407081604,0.0,-0.0001175999641418457,0.0833314061164856,9.548664093017578e-05,-0.083545982837677,-1.0310471057891846,-1.8326233625411987,0.7986058592796326,0.6129217147827148,0.03,1.2557677030563354,-0.0745498463511467,0.3433099091053009,0.0403575599193573,-0.023208659142255783,0.08249157667160034,0.995503842830658,0,0,0,0,0,0,0,0,0,0,0,0,0,0
3.884707450866699,0.0,-0.0001175999641418457,0.0833314061164856,9.548664093017578e-05,-0.083545982837677,-1.0310471057891846,-1.8326233625411987,0.7986058592796326,0.6129217147827148,0.03,1.2557677030563354,-0.0745498463511467,0.3433099091053009,0.0403575599193573,-0.023208659142255783,0.08249157667160034,0.995503842830658,0,0,0,0,0,0,0,0,0,0,0,0,0,0
3.885901689529419,0.0,-0.0001175999641418457,0.0833314061164856,9.548664093017578e-05,-0.083545982837677,-1.0310471057891846,-1.8326233625411987,0.7986058592796326,0.6129217147827148,0.03,1.2557677030563354,-0.0745498463511467,0.3433099091053009,0.0403575599193573,-0.023208659142255783,0.08249157667160034,0.995503842830658,0,0,0,0,0,0,0,0,0,0,0,0,0,0
3.887932300567627,0.0,-0.0001175999641418457,0.0833314061164856,9.548664093017578e-05,-0.083545982837677,-1.0310471057891846,-1.8326233625411987,0.7986058592796326,0.6129217147827148,0.03,1.2557677030563354,-0.0745498463511467,0.3433099091053009,0.0403575599193573,-0.023208659142255783,0.08249157667160034,0.995503842830658,0,0,0,0,0,0,0,0,0,0,0,0,0,0
3.889343023300171,0.0,-0.0001175999641418457,0.0833314061164856,9.548664093017578e-05,-0.083545982837677,-1.0310471057891846,-1.8326233625411987,0.7986058592796326,0.6129217147827148,0.03,1.2557677030563354,-0.0745498463511467,0.3433099091053009,0.0403575599193573,-0.023208659142255783,0.08249157667160034,0.995503842830658,0,0,0,0,0,0,0,0,0,0,0,0,0,0
3.8904972076416016,0.0,-0.0001175999641418457,0.0833314061164856,9.548664093017578e-05,-0.083545982837677,-1.0310471057891846,-1.8326233625411987,0.7986058592796326,0.6129217147827148,0.03,1.2557677030563354,-0.0745498463511467,0.3433099091053009,0.0403575599193573,-0.023208659142255783,0.08249157667160034,0.995503842830658,0,0,0,0,0,0,0,0,0,0,0,0,0,0
3.892207145690918,0.0,-0.0001175999641418457,0.0833314061164856,9.548664093017578e-05,-0.083545982837677,-1.0310471057891846,-1.8326233625411987,0.7986058592796326,0.6129217147827148,0.03,1.2557677030563354,-0.0745498463511467,0.3433099091053009,0.0403575599193573,-0.023208659142255783,0.08249157667160034,0.995503842830658,0,0,0,0,0,0,0,0,0,0,0,0,0,0
3.893615484237671,0.0,-0.0001175999641418457,0.0833314061164856,9.548664093017578e-05,-0.083545982837677,-1.0310471057891846,-1.8326233625411987,0.7986058592796326,0.6129217147827148,0.03,1.2557644844055176,-0.07456381618976593,0.3433047831058502,0.040340688079595566,-0.023137230426073074,0.08293729275465012,0.9954690933227539,0,0,0,0,0,0,0,0,0,0,0,0,0,0
3.894892454147339,0.0,-0.0001175999641418457,0.0833314061164856,9.548664093017578e-05,-0.083545982837677,-1.0310471057891846,-1.8326233625411987,0.7986058592796326,0.6129217147827148,0.03,1.2557644844055176,-0.07456381618976593,0.3433047831058502,0.040340688079595566,-0.023137230426073074,0.08293729275465012,0.9954690933227539,0,0,0,0,0,0,0,0,0,0,0,0,0,0
3.895983934402466,0.0,-0.0001175999641418457,0.0833314061164856,9.548664093017578e-05,-0.083545982837677,-1.0310471057891846,-1.8326233625411987,0.7986058592796326,0.6129217147827148,0.03,1.2557644844055176,-0.07456381618976593,0.3433047831058502,0.040340688079595566,-0.023137230426073074,0.08293729275465012,0.9954690933227539,0,0,0,0,0,0,0,0,0,0,0,0,0,0
3.8977532386779785,0.0,-0.0001175999641418457,0.0833314061164856,9.548664093017578e-05,-0.083545982837677,-1.0310471057891846,-1.8326233625411987,0.7986058592796326,0.6129217147827148,0.03,1.2557644844055176,-0.07456381618976593,0.3433047831058502,0.040340688079595566,-0.023137230426073074,0.08293729275465012,0.9954690933227539,0,0,0,0,0,0,0,0,0,0,0,0,0,0
3.8991992473602295,0.0,-0.0001175999641418457,0.0833314061164856,9.548664093017578e-05,-0.083545982837677,-1.0310471057891846,-1.8326233625411987,0.7986058592796326,0.6129217147827148,0.03,1.2557644844055176,-0.07456381618976593,0.3433047831058502,0.040340688079595566,-0.023137230426073074,0.08293729275465012,0.9954690933227539,0,0,0,0,0,0,0,0,0,0,0,0,0,0
3.9014334678649902,0.0,-0.0001175999641418457,0.0833314061164856,9.548664093017578e-05,-0.083545982837677,-1.0310471057891846,-1.8326233625411987,0.7986058592796326,0.6129217147827148,0.03,1.2557709217071533,-0.07455295324325562,0.3433144688606262,0.04040254279971123,-0.02318071573972702,0.08349212259054184,0.9954192638397217,0,0,0,0,0,0,0,0,0,0,0,0,0,0
3.9028713703155518,0.0,-0.0001175999641418457,0.0833314061164856,9.548664093017578e-05,-0.083545982837677,-1.0310471057891846,-1.8326233625411987,0.7986058592796326,0.6129217147827148,0.03,1.2557709217071533,-0.07455295324325562,0.3433144688606262,0.04040254279971123,-0.02318071573972702,0.08349212259054184,0.9954192638397217,0,0,0,0,0,0,0,0,0,0,0,0,0,0
3.904212474822998,0.0,-0.0001175999641418457,0.0833314061164856,9.548664093017578e-05,-0.083545982837677,-1.0310471057891846,-1.8326233625411987,0.7986058592796326,0.6129217147827148,0.03,1.2557709217071533,-0.07455295324325562,0.3433144688606262,0.04040254279971123,-0.02318071573972702,0.08349212259054184,0.9954192638397217,0,0,0,0,0,0,0,0,0,0,0,0,0,0
3.905315399169922,0.0,-0.0001175999641418457,0.0833314061164856,9.548664093017578e-05,-0.083545982837677,-1.0310471057891846,-1.8326233625411987,0.7986058592796326,0.6129217147827148,0.03,1.2557709217071533,-0.07455295324325562,0.3433144688606262,0.04040254279971123,-0.02318071573972702,0.08349212259054184,0.9954192638397217,0,0,0,0,0,0,0,0,0,0,0,0,0,0
3.906526565551758,0.0,-0.0001175999641418457,0.0833314061164856,9.548664093017578e-05,-0.083545982837677,-1.0310471057891846,-1.8326233625411987,0.7986058592796326,0.6129217147827148,0.03,1.2557709217071533,-0.07455295324325562,0.3433144688606262,0.04040254279971123,-0.02318071573972702,0.08349212259054184,0.9954192638397217,0,0,0,0,0,0,0,0,0,0,0,0,0,0
3.907665729522705,0.0,-0.0001175999641418457,0.0833314061164856,9.548664093017578e-05,-0.083545982837677,-1.0310471057891846,-1.8326233625411987,0.7986058592796326,0.6129217147827148,0.03,1.2557709217071533,-0.07455295324325562,0.3433144688606262,0.04040254279971123,-0.02318071573972702,0.08349212259054184,0.9954192638397217,0,0,0,0,0,0,0,0,0,0,0,0,0,0
3.908754587173462,0.0,-0.0001175999641418457,0.0833314061164856,9.548664093017578e-05,-0.083545982837677,-1.0310471057891846,-1.8326233625411987,0.7986058592796326,0.6129217147827148,0.03,1.2557709217071533,-0.07455295324325562,0.3433144688606262,0.04040254279971123,-0.02318071573972702,0.08349212259054184,0.9954192638397217,0,0,0,0,0,0,0,0,0,0,0,0,0,0
3.9102888107299805,0.0,-0.0001175999641418457,0.0833314061164856,9.548664093017578e-05,-0.083545982837677,-1.0310471057891846,-1.8326233625411987,0.7986058592796326,0.6129217147827148,0.03,1.2557709217071533,-0.07455295324325562,0.3433144688606262,0.04040254279971123,-0.02318071573972702,0.08349212259054184,0.9954192638397217,0,0,0,0,0,0,0,0,0,0,0,0,0,0
3.9119527339935303,0.0,-0.0001175999641418457,0.0833314061164856,9.548664093017578e-05,-0.083545982837677,-1.0310471057891846,-1.8326233625411987,0.7986058592796326,0.6129217147827148,0.03,1.2557709217071533,-0.07455295324325562,0.3433144688606262,0.04040254279971123,-0.02318071573972702,0.08349212259054184,0.9954192638397217,0,0,0,0,0,0,0,0,0,0,0,0,0,0
3.9134585857391357,0.0,-0.0001175999641418457,0.0833314061164856,9.548664093017578e-05,-0.083545982837677,-1.0310471057891846,-1.8326233625411987,0.7986058592796326,0.6129217147827148,0.03,1.2557709217071533,-0.07455295324325562,0.3433144688606262,0.04040254279971123,-0.02318071573972702,0.08349212259054184,0.9954192638397217,0,0,0,0,0,0,0,0,0,0,0,0,0,0
3.9166810512542725,0.0,-0.0001175999641418457,0.0833314061164856,9.548664093017578e-05,-0.083545982837677,-1.0310471057891846,-1.8326233625411987,0.7986058592796326,0.6129217147827148,0.03,1.2557709217071533,-0.07455295324325562,0.3433144688606262,0.04040254279971123,-0.02318071573972702,0.08349212259054184,0.9954192638397217,0,0,0,0,0,0,0,0,0,0,0,0,0,0
3.9180924892425537,0.0,-0.0001175999641418457,0.0833314061164856,9.548664093017578e-05,-0.083545982837677,-1.0310471057891846,-1.8326233625411987,0.7986058592796326,0.6129217147827148,0.03,1.2557709217071533,-0.07455295324325562,0.3433144688606262,0.04040254279971123,-0.02318071573972702,0.08349212259054184,0.9954192638397217,0,0,0,0,0,0,0,0,0,0,0,0,0,0
3.919604539871216,0.0,-0.0001175999641418457,0.0833314061164856,9.548664093017578e-05,-0.083545982837677,-1.0310471057891846,-1.8326233625411987,0.7986058592796326,0.6129217147827148,0.03,1.255757451057434,-0.07460380345582962,0.3432231843471527,0.0402865968644619,-0.023101050406694412,0.08268196880817413,0.9954934120178223,0,0,0,0,0,0,0,0,0,0,0,0,0,0
3.92132306098938,0.0,-0.0001175999641418457,0.0833314061164856,9.548664093017578e-05,-0.083545982837677,-1.0310471057891846,-1.8326233625411987,0.7986058592796326,0.6129217147827148,0.03,1.255757451057434,-0.07460380345582962,0.3432231843471527,0.0402865968644619,-0.023101050406694412,0.08268196880817413,0.9954934120178223,0,0,0,0,0,0,0,0,0,0,0,0,0,0
3.9229226112365723,0.0,-0.0001175999641418457,0.0833314061164856,9.548664093017578e-05,-0.083545982837677,-1.0310471057891846,-1.8326233625411987,0.7986058592796326,0.6129217147827148,0.03,1.255757451057434,-0.07460380345582962,0.3432231843471527,0.0402865968644619,-0.023101050406694412,0.08268196880817413,0.9954934120178223,0,0,0,0,0,0,0,0,0,0,0,0,0,0
3.92399525642395,0.0,-0.0001175999641418457,0.0833314061164856,9.548664093017578e-05,-0.083545982837677,-1.0310471057891846,-1.8326233625411987,0.7986058592796326,0.6129217147827148,0.03,1.255757451057434,-0.07460380345582962,0.3432231843471527,0.0402865968644619,-0.023101050406694412,0.08268196880817413,0.9954934120178223,0,0,0,0,0,0,0,0,0,0,0,0,0,0
3.926797389984131,0.0,-0.0001175999641418457,0.0833314061164856,9.548664093017578e-05,-0.083545982837677,-1.0310471057891846,-1.8326233625411987,0.7986058592796326,0.6129217147827148,0.03,1.255757451057434,-0.07460380345582962,0.3432231843471527,0.0402865968644619,-0.023101050406694412,0.08268196880817413,0.9954934120178223,0,0,0,0,0,0,0,0,0,0,0,0,0,0
3.9278969764709473,0.0,-0.0001175999641418457,0.0833314061164856,9.548664093017578e-05,-0.083545982837677,-1.0310471057891846,-1.8326233625411987,0.7986058592796326,0.6129217147827148,0.03,1.25575852394104,-0.07458388060331345,0.3432875871658325,0.04022983834147453,-0.023101402446627617,0.08231339603662491,0.9955262541770935,0,0,0,0,0,0,0,0,0,0,0,0,0,0
3.9289872646331787,0.0,-0.0001175999641418457,0.0833314061164856,9.548664093017578e-05,-0.083545982837677,-1.0310471057891846,-1.8326233625411987,0.7986058592796326,0.6129217147827148,0.03,1.25575852394104,-0.07458388060331345,0.3432875871658325,0.04022983834147453,-0.023101402446627617,0.08231339603662491,0.9955262541770935,0,0,0,0,0,0,0,0,0,0,0,0,0,0
3.931899070739746,0.0,-0.0001175999641418457,0.0833314061164856,9.548664093017578e-05,-0.083545982837677,-1.0310471057891846,-1.8326233625411987,0.7986058592796326,0.6129217147827148,0.03,1.25575852394104,-0.07458388060331345,0.3432875871658325,0.04022983834147453,-0.023101402446627617,0.08231339603662491,0.9955262541770935,0,0,0,0,0,0,0,0,0,0,0,0,0,0
3.9331562519073486,0.0,-0.0001175999641418457,0.0833314061164856,9.548664093017578e-05,-0.083545982837677,-1.0310471057891846,-1.8326233625411987,0.7986058592796326,0.6129217147827148,0.03,1.25575852394104,-0.07458388060331345,0.3432875871658325,0.04022983834147453,-0.023101402446627617,0.08231339603662491,0.9955262541770935,0,0,0,0,0,0,0,0,0,0,0,0,0,0
3.9383420944213867,0.0,-0.0001175999641418457,0.0833314061164856,9.548664093017578e-05,-0.083545982837677,-1.0310471057891846,-1.8326233625411987,0.7986058592796326,0.6129217147827148,0.03,1.25575852394104,-0.07458388060331345,0.3432875871658325,0.04022983834147453,-0.023101402446627617,0.08231339603662491,0.9955262541770935,0,0,0,0,0,0,0,0,0,0,0,0,0,0
3.9394760131835938,0.0,-0.0001175999641418457,0.0833314061164856,9.548664093017578e-05,-0.083545982837677,-1.0310471057891846,-1.8326233625411987,0.7986058592796326,0.6129217147827148,0.03,1.25575852394104,-0.07458388060331345,0.3432875871658325,0.04022983834147453,-0.023101402446627617,0.08231339603662491,0.9955262541770935,0,0,0,0,0,0,0,0,0,0,0,0,0,0
3.9405417442321777,0.0,-0.0001175999641418457,0.0833314061164856,9.548664093017578e-05,-0.083545982837677,-1.0310471057891846,-1.8326233625411987,0.7986058592796326,0.6129217147827148,0.03,1.25575852394104,-0.07458388060331345,0.3432875871658325,0.04022983834147453,-0.023101402446627617,0.08231339603662491,0.9955262541770935,0,0,0,0,0,0,0,0,0,0,0,0,0,0
3.9419667720794678,0.0,-0.0001175999641418457,0.0833314061164856,9.548664093017578e-05,-0.083545982837677,-1.0310471057891846,-1.8326233625411987,0.7986058592796326,0.6129217147827148,0.03,1.25575852394104,-0.07458388060331345,0.3432875871658325,0.04022983834147453,-0.023101402446627617,0.08231339603662491,0.9955262541770935,0,0,0,0,0,0,0,0,0,0,0,0,0,0
3.9433577060699463,0.0,-0.0001175999641418457,0.0833314061164856,9.548664093017578e-05,-0.083545982837677,-1.0310471057891846,-1.8326233625411987,0.7986058592796326,0.6129217147827148,0.03,1.25575852394104,-0.07458388060331345,0.3432875871658325,0.04022983834147453,-0.023101402446627617,0.08231339603662491,0.9955262541770935,0,0,0,0,0,0,0,0,0,0,0,0,0,0
3.945716142654419,0.0,-0.0001175999641418457,0.0833314061164856,9.548664093017578e-05,-0.083545982837677,-1.0310471057891846,-1.8326233625411987,0.7986058592796326,0.6129217147827148,0.03,1.25575852394104,-0.07458388060331345,0.3432875871658325,0.04022983834147453,-0.023101402446627617,0.08231339603662491,0.9955262541770935,0,0,0,0,0,0,0,0,0,0,0,0,0,0
3.9480628967285156,0.0,-0.0001175999641418457,0.0833314061164856,9.548664093017578e-05,-0.083545982837677,-1.0310471057891846,-1.8326233625411987,0.7986058592796326,0.6129217147827148,0.03,1.2557566165924072,-0.07454795390367508,0.34333378076553345,0.040351033210754395,-0.02314615808427334,0.08209306746721268,0.9955384135246277,0,0,0,0,0,0,0,0,0,0,0,0,0,0
3.949272871017456,0.0,-0.0001175999641418457,0.0833314061164856,9.548664093017578e-05,-0.083545982837677,-1.0310471057891846,-1.8326233625411987,0.7986058592796326,0.6129217147827148,0.03,1.2557566165924072,-0.07454795390367508,0.34333378076553345,0.040351033210754395,-0.02314615808427334,0.08209306746721268,0.9955384135246277,0,0,0,0,0,0,0,0,0,0,0,0,0,0
3.9518399238586426,0.0,-0.0001175999641418457,0.0833314061164856,9.548664093017578e-05,-0.083545982837677,-1.0310471057891846,-1.8326233625411987,0.7986058592796326,0.6129217147827148,0.03,1.2557566165924072,-0.07454795390367508,0.34333378076553345,0.040351033210754395,-0.02314615808427334,0.08209306746721268,0.9955384135246277,0,0,0,0,0,0,0,0,0,0,0,0,0,0
3.9533369541168213,0.0,-0.0001175999641418457,0.0833314061164856,9.548664093017578e-05,-0.083545982837677,-1.0310471057891846,-1.8326233625411987,0.7986058592796326,0.6129217147827148,0.03,1.2557566165924072,-0.07454795390367508,0.34333378076553345,0.040351033210754395,-0.02314615808427334,0.08209306746721268,0.9955384135246277,0,0,0,0,0,0,0,0,0,0,0,0,0,0
3.9545345306396484,0.0,-0.0001175999641418457,0.0833314061164856,9.548664093017578e-05,-0.083545982837677,-1.0310471057891846,-1.8326233625411987,0.7986058592796326,0.6129217147827148,0.03,1.2557566165924072,-0.07454795390367508,0.34333378076553345,0.040351033210754395,-0.02314615808427334,0.08209306746721268,0.9955384135246277,0,0,0,0,0,0,0,0,0,0,0,0,0,0
3.9558002948760986,0.0,-0.0001175999641418457,0.0833314061164856,9.548664093017578e-05,-0.083545982837677,-1.0310471057891846,-1.8326233625411987,0.7986058592796326,0.6129217147827148,0.03,1.2557566165924072,-0.07454795390367508,0.34333378076553345,0.040351033210754395,-0.02314615808427334,0.08209306746721268,0.9955384135246277,0,0,0,0,0,0,0,0,0,0,0,0,0,0
3.9569222927093506,0.0,-0.0001175999641418457,0.0833314061164856,9.548664093017578e-05,-0.083545982837677,-1.0310471057891846,-1.8326233625411987,0.7986058592796326,0.6129217147827148,0.03,1.2557566165924072,-0.07454795390367508,0.34333378076553345,0.040351033210754395,-0.02314615808427334,0.08209306746721268,0.9955384135246277,0,0,0,0,0,0,0,0,0,0,0,0,0,0
3.958101272583008,0.0,-0.0001175999641418457,0.0833314061164856,9.548664093017578e-05,-0.083545982837677,-1.0310471057891846,-1.8326233625411987,0.7986058592796326,0.6129217147827148,0.03,1.2557566165924072,-0.07454795390367508,0.34333378076553345,0.040351033210754395,-0.02314615808427334,0.08209306746721268,0.9955384135246277,0,0,0,0,0,0,0,0,0,0,0,0,0,0
3.9593849182128906,0.0,-0.0001175999641418457,0.0833314061164856,9.548664093017578e-05,-0.083545982837677,-1.0310471057891846,-1.8326233625411987,0.7986058592796326,0.6129217147827148,0.03,1.2557566165924072,-0.07454795390367508,0.34333378076553345,0.040351033210754395,-0.02314615808427334,0.08209306746721268,0.9955384135246277,0,0,0,0,0,0,0,0,0,0,0,0,0,0
3.960458278656006,0.0,-0.0001175999641418457,0.0833314061164856,9.548664093017578e-05,-0.083545982837677,-1.0310471057891846,-1.8326233625411987,0.7986058592796326,0.6129217147827148,0.03,1.2557566165924072,-0.07454795390367508,0.34333378076553345,0.040351033210754395,-0.02314615808427334,0.08209306746721268,0.9955384135246277,0,0,0,0,0,0,0,0,0,0,0,0,0,0
3.962334632873535,0.0,-0.0001175999641418457,0.0833314061164856,9.548664093017578e-05,-0.083545982837677,-1.0310471057891846,-1.8326233625411987,0.7986058592796326,0.6129217147827148,0.03,1.2557566165924072,-0.07454795390367508,0.34333378076553345,0.040351033210754395,-0.02314615808427334,0.08209306746721268,0.9955384135246277,0,0,0,0,0,0,0,0,0,0,0,0,0,0
3.9643337726593018,0.0,-0.0001175999641418457,0.0833314061164856,9.548664093017578e-05,-0.083545982837677,-1.0310471057891846,-1.8326233625411987,0.7986058592796326,0.6129217147827148,0.03,1.2557566165924072,-0.07454795390367508,0.34333378076553345,0.040351033210754395,-0.02314615808427334,0.08209306746721268,0.9955384135246277,0,0,0,0,0,0,0,0,0,0,0,0,0,0
3.9672834873199463,0.0,-0.0001175999641418457,0.0833314061164856,9.548664093017578e-05,-0.083545982837677,-1.0310471057891846,-1.8326233625411987,0.7986058592796326,0.6129217147827148,0.03,1.2557566165924072,-0.07454795390367508,0.34333378076553345,0.040351033210754395,-0.02314615808427334,0.08209306746721268,0.9955384135246277,0,0,0,0,0,0,0,0,0,0,0,0,0,0
3.968600034713745,0.0,-0.0001175999641418457,0.0833314061164856,9.548664093017578e-05,-0.083545982837677,-1.0310471057891846,-1.8326233625411987,0.7986058592796326,0.6129217147827148,0.03,1.2557557821273804,-0.07461263984441757,0.3432264029979706,0.040256060659885406,-0.02309040166437626,0.08226586133241653,0.9955293536186218,0,0,0,0,0,0,0,0,0,0,0,0,0,0
3.969823122024536,0.0,-0.0001175999641418457,0.0833314061164856,9.548664093017578e-05,-0.083545982837677,-1.0310471057891846,-1.8326233625411987,0.7986058592796326,0.6129217147827148,0.03,1.2557557821273804,-0.07461263984441757,0.3432264029979706,0.040256060659885406,-0.02309040166437626,0.08226586133241653,0.9955293536186218,0,0,0,0,0,0,0,0,0,0,0,0,0,0
3.971043109893799,0.0,-0.0001175999641418457,0.0833314061164856,9.548664093017578e-05,-0.083545982837677,-1.0310471057891846,-1.8326233625411987,0.7986058592796326,0.6129217147827148,0.03,1.2557557821273804,-0.07461263984441757,0.3432264029979706,0.040256060659885406,-0.02309040166437626,0.08226586133241653,0.9955293536186218,0,0,0,0,0,0,0,0,0,0,0,0,0,0
3.9721295833587646,0.0,-0.0001175999641418457,0.0833314061164856,9.548664093017578e-05,-0.083545982837677,-1.0310471057891846,-1.8326233625411987,0.7986058592796326,0.6129217147827148,0.03,1.2557597160339355,-0.07460236549377441,0.3432416319847107,0.04023580625653267,-0.02306179329752922,0.08229617774486542,0.9955282807350159,0,0,0,0,0,0,0,0,0,0,0,0,0,0
3.9734115600585938,0.0,-0.0001175999641418457,0.0833314061164856,9.548664093017578e-05,-0.083545982837677,-1.0310471057891846,-1.8326233625411987,0.7986058592796326,0.6129217147827148,0.03,1.2557597160339355,-0.07460236549377441,0.3432416319847107,0.04023580625653267,-0.02306179329752922,0.08229617774486542,0.9955282807350159,0,0,0,0,0,0,0,0,0,0,0,0,0,0
3.974745988845825,0.0,-0.0001175999641418457,0.0833314061164856,9.548664093017578e-05,-0.083545982837677,-1.0310471057891846,-1.8326233625411987,0.7986058592796326,0.6129217147827148,0.03,1.2557597160339355,-0.07460236549377441,0.3432416319847107,0.04023580625653267,-0.02306179329752922,0.08229617774486542,0.9955282807350159,0,0,0,0,0,0,0,0,0,0,0,0,0,0
3.97594952583313,0.0,-0.0001175999641418457,0.0833314061164856,9.548664093017578e-05,-0.083545982837677,-1.0310471057891846,-1.8326233625411987,0.7986058592796326,0.6129217147827148,0.03,1.2557597160339355,-0.07460236549377441,0.3432416319847107,0.04023580625653267,-0.02306179329752922,0.08229617774486542,0.9955282807350159,0,0,0,0,0,0,0,0,0,0,0,0,0,0
3.9772956371307373,0.0,-0.0001175999641418457,0.0833314061164856,9.548664093017578e-05,-0.083545982837677,-1.0310471057891846,-1.8326233625411987,0.7986058592796326,0.6129217147827148,0.03,1.2557597160339355,-0.07460236549377441,0.3432416319847107,0.04023580625653267,-0.02306179329752922,0.08229617774486542,0.9955282807350159,0,0,0,0,0,0,0,0,0,0,0,0,0,0
3.9788877964019775,0.0,-0.0001175999641418457,0.0833314061164856,9.548664093017578e-05,-0.083545982837677,-1.0310471057891846,-1.8326233625411987,0.7986058592796326,0.6129217147827148,0.03,1.2557597160339355,-0.07460236549377441,0.3432416319847107,0.04023580625653267,-0.02306179329752922,0.08229617774486542,0.9955282807350159,0,0,0,0,0,0,0,0,0,0,0,0,0,0
3.980117082595825,0.0,-0.0001175999641418457,0.0833314061164856,9.548664093017578e-05,-0.083545982837677,-1.0310471057891846,-1.8326233625411987,0.7986058592796326,0.6129217147827148,0.03,1.2557597160339355,-0.07460236549377441,0.3432416319847107,0.04023580625653267,-0.02306179329752922,0.08229617774486542,0.9955282807350159,0,0,0,0,0,0,0,0,0,0,0,0,0,0
3.9816131591796875,0.0,-0.0001175999641418457,0.0833314061164856,9.548664093017578e-05,-0.083545982837677,-1.0310471057891846,-1.8326233625411987,0.7986058592796326,0.6129217147827148,0.03,1.2557622194290161,-0.0745358020067215,0.3433462977409363,0.04031888395547867,-0.0231565460562706,0.08246378600597382,0.9955089092254639,0,0,0,0,0,0,0,0,0,0,0,0,0,0
3.982819080352783,0.0,-0.0001175999641418457,0.0833314061164856,9.548664093017578e-05,-0.083545982837677,-1.0310471057891846,-1.8326233625411987,0.7986058592796326,0.6129217147827148,0.03,1.2557622194290161,-0.0745358020067215,0.3433462977409363,0.04031888395547867,-0.0231565460562706,0.08246378600597382,0.9955089092254639,0,0,0,0,0,0,0,0,0,0,0,0,0,0
3.983915328979492,0.0,-0.0001175999641418457,0.0833314061164856,9.548664093017578e-05,-0.083545982837677,-1.0310471057891846,-1.8326233625411987,0.7986058592796326,0.6129217147827148,0.03,1.2557622194290161,-0.0745358020067215,0.3433462977409363,0.04031888395547867,-0.0231565460562706,0.08246378600597382,0.9955089092254639,0,0,0,0,0,0,0,0,0,0,0,0,0,0
3.985271453857422,0.0,-0.0001175999641418457,0.0833314061164856,9.548664093017578e-05,-0.083545982837677,-1.0310471057891846,-1.8326233625411987,0.7986058592796326,0.6129217147827148,0.03,1.2557622194290161,-0.0745358020067215,0.3433462977409363,0.04031888395547867,-0.0231565460562706,0.08246378600597382,0.9955089092254639,0,0,0,0,0,0,0,0,0,0,0,0,0,0
3.9869625568389893,0.0,-0.0001175999641418457,0.0833314061164856,9.548664093017578e-05,-0.083545982837677,-1.0310471057891846,-1.8326233625411987,0.7986058592796326,0.6129217147827148,0.03,1.2557622194290161,-0.0745358020067215,0.3433462977409363,0.04031888395547867,-0.0231565460562706,0.08246378600597382,0.9955089092254639,0,0,0,0,0,0,0,0,0,0,0,0,0,0
3.9888107776641846,0.0,-0.0001175999641418457,0.0833314061164856,9.548664093017578e-05,-0.083545982837677,-1.0310471057891846,-1.8326233625411987,0.7986058592796326,0.6129217147827148,0.03,1.2557622194290161,-0.0745358020067215,0.3433462977409363,0.04031888395547867,-0.0231565460562706,0.08246378600597382,0.9955089092254639,0,0,0,0,0,0,0,0,0,0,0,0,0,0
3.9900400638580322,0.0,-0.0001175999641418457,0.0833314061164856,9.548664093017578e-05,-0.083545982837677,-1.0310471057891846,-1.8326233625411987,0.7986058592796326,0.6129217147827148,0.03,1.2557622194290161,-0.0745358020067215,0.3433462977409363,0.04031888395547867,-0.0231565460562706,0.08246378600597382,0.9955089092254639,0,0,0,0,0,0,0,0,0,0,0,0,0,0
3.991244077682495,0.0,-0.0001175999641418457,0.0833314061164856,9.548664093017578e-05,-0.083545982837677,-1.0310471057891846,-1.8326233625411987,0.7986058592796326,0.6129217147827148,0.03,1.2557622194290161,-0.0745358020067215,0.3433462977409363,0.04031888395547867,-0.0231565460562706,0.08246378600597382,0.9955089092254639,0,0,0,0,0,0,0,0,0,0,0,0,0,0
3.992792844772339,0.0,-0.0001175999641418457,0.0833314061164856,9.548664093017578e-05,-0.083545982837677,-1.0310471057891846,-1.8326233625411987,0.7986058592796326,0.6129217147827148,0.03,1.2557622194290161,-0.0745358020067215,0.3433462977409363,0.04031888395547867,-0.0231565460562706,0.08246378600597382,0.9955089092254639,0,0,0,0,0,0,0,0,0,0,0,0,0,0
3.9942421913146973,0.0,-0.0001175999641418457,0.0833314061164856,9.548664093017578e-05,-0.083545982837677,-1.0310471057891846,-1.8326233625411987,0.7986058592796326,0.6129217147827148,0.03,1.2557622194290161,-0.0745358020067215,0.3433462977409363,0.04031888395547867,-0.0231565460562706,0.08246378600597382,0.9955089092254639,0,0,0,0,0,0,0,0,0,0,0,0,0,0
3.9955053329467773,0.0,-0.0001175999641418457,0.0833314061164856,9.548664093017578e-05,-0.083545982837677,-1.0310471057891846,-1.8326233625411987,0.7986058592796326,0.6129217147827148,0.03,1.2557622194290161,-0.0745358020067215,0.3433462977409363,0.04031888395547867,-0.0231565460562706,0.08246378600597382,0.9955089092254639,0,0,0,0,0,0,0,0,0,0,0,0,0,0
3.9965908527374268,0.0,-0.0001175999641418457,0.0833314061164856,9.548664093017578e-05,-0.083545982837677,-1.0310471057891846,-1.8326233625411987,0.7986058592796326,0.6129217147827148,0.03,1.2557622194290161,-0.0745358020067215,0.3433462977409363,0.04031888395547867,-0.0231565460562706,0.08246378600597382,0.9955089092254639,0,0,0,0,0,0,0,0,0,0,0,0,0,0
3.998792886734009,0.0,-0.0001175999641418457,0.0833314061164856,9.548664093017578e-05,-0.083545982837677,-1.0310471057891846,-1.8326233625411987,0.7986058592796326,0.6129217147827148,0.03,1.2557622194290161,-0.0745358020067215,0.3433462977409363,0.04031888395547867,-0.0231565460562706,0.08246378600597382,0.9955089092254639,0,0,0,0,0,0,0,0,0,0,0,0,0,0
3.9998831748962402,0.0,-0.0001175999641418457,0.0833314061164856,9.548664093017578e-05,-0.083545982837677,-1.0310471057891846,-1.8326233625411987,0.7986058592796326,0.6129217147827148,0.03,1.2557622194290161,-0.0745358020067215,0.3433462977409363,0.04031888395547867,-0.0231565460562706,0.08246378600597382,0.9955089092254639,0,0,0,0,0,0,0,0,0,0,0,0,0,0
4.001331567764282,0.0,-0.0001175999641418457,0.0833314061164856,9.548664093017578e-05,-0.083545982837677,-1.0310471057891846,-1.8326233625411987,0.7986058592796326,0.6129217147827148,0.03,1.255753755569458,-0.07454107701778412,0.3433019816875458,0.04039816930890083,-0.023152843117713928,0.08325153589248657,0.9954402446746826,0,0,0,0,0,0,0,0,0,0,0,0,0,0
4.0030357837677,0.0,-0.0001175999641418457,0.0833314061164856,9.548664093017578e-05,-0.083545982837677,-1.0310471057891846,-1.8326233625411987,0.7986058592796326,0.6129217147827148,0.03,1.255753755569458,-0.07454107701778412,0.3433019816875458,0.04039816930890083,-0.023152843117713928,0.08325153589248657,0.9954402446746826,0,0,0,0,0,0,0,0,0,0,0,0,0,0
4.004443168640137,0.0,-0.0001175999641418457,0.0833314061164856,9.548664093017578e-05,-0.083545982837677,-1.0310471057891846,-1.8326233625411987,0.7986058592796326,0.6129217147827148,0.03,1.255753755569458,-0.07454107701778412,0.3433019816875458,0.04039816930890083,-0.023152843117713928,0.08325153589248657,0.9954402446746826,0,0,0,0,0,0,0,0,0,0,0,0,0,0
4.006339073181152,0.0,-0.0001175999641418457,0.0833314061164856,9.548664093017578e-05,-0.083545982837677,-1.0310471057891846,-1.8326233625411987,0.7986058592796326,0.6129217147827148,0.03,1.255753755569458,-0.07454107701778412,0.3433019816875458,0.04039816930890083,-0.023152843117713928,0.08325153589248657,0.9954402446746826,0,0,0,0,0,0,0,0,0,0,0,0,0,0
4.007678031921387,0.0,-0.0001175999641418457,0.0833314061164856,9.548664093017578e-05,-0.083545982837677,-1.0310471057891846,-1.8326233625411987,0.7986058592796326,0.6129217147827148,0.03,1.255753755569458,-0.07454107701778412,0.3433019816875458,0.04039816930890083,-0.023152843117713928,0.08325153589248657,0.9954402446746826,0,0,0,0,0,0,0,0,0,0,0,0,0,0
4.009035348892212,0.0,-0.0001175999641418457,0.0833314061164856,9.548664093017578e-05,-0.083545982837677,-1.0310471057891846,-1.8326233625411987,0.7986058592796326,0.6129217147827148,0.03,1.255753755569458,-0.07454107701778412,0.3433019816875458,0.04039816930890083,-0.023152843117713928,0.08325153589248657,0.9954402446746826,0,0,0,0,0,0,0,0,0,0,0,0,0,0
4.010953187942505,0.0,-0.0001175999641418457,0.0833314061164856,9.548664093017578e-05,-0.083545982837677,-1.0310471057891846,-1.8326233625411987,0.7986058592796326,0.6129217147827148,0.03,1.255753755569458,-0.07454107701778412,0.3433019816875458,0.04039816930890083,-0.023152843117713928,0.08325153589248657,0.9954402446746826,0,0,0,0,0,0,0,0,0,0,0,0,0,0
4.012224435806274,0.0,-0.0001175999641418457,0.0833314061164856,9.548664093017578e-05,-0.083545982837677,-1.0310471057891846,-1.8326233625411987,0.7986058592796326,0.6129217147827148,0.03,1.255753755569458,-0.07454107701778412,0.3433019816875458,0.04039816930890083,-0.023152843117713928,0.08325153589248657,0.9954402446746826,0,0,0,0,0,0,0,0,0,0,0,0,0,0
4.015249967575073,0.0,-0.0001175999641418457,0.0833314061164856,9.548664093017578e-05,-0.083545982837677,-1.0310471057891846,-1.8326233625411987,0.7986058592796326,0.6129217147827148,0.03,1.255753755569458,-0.07454107701778412,0.3433019816875458,0.04039816930890083,-0.023152843117713928,0.08325153589248657,0.9954402446746826,0,0,0,0,0,0,0,0,0,0,0,0,0,0
4.016364812850952,0.0,-0.0001175999641418457,0.0833314061164856,9.548664093017578e-05,-0.083545982837677,-1.0310471057891846,-1.8326233625411987,0.7986058592796326,0.6129217147827148,0.03,1.255753755569458,-0.07454107701778412,0.3433019816875458,0.04039816930890083,-0.023152843117713928,0.08325153589248657,0.9954402446746826,0,0,0,0,0,0,0,0,0,0,0,0,0,0
4.01781964302063,0.0,-0.0001175999641418457,0.0833314061164856,9.548664093017578e-05,-0.083545982837677,-1.0310471057891846,-1.8326233625411987,0.7986058592796326,0.6129217147827148,0.03,1.255753755569458,-0.07454107701778412,0.3433019816875458,0.04039816930890083,-0.023152843117713928,0.08325153589248657,0.9954402446746826,0,0,0,0,0,0,0,0,0,0,0,0,0,0
4.019273996353149,0.0,-0.0001175999641418457,0.0833314061164856,9.548664093017578e-05,-0.083545982837677,-1.0310471057891846,-1.8326233625411987,0.7986058592796326,0.6129217147827148,0.03,1.255753755569458,-0.07454107701778412,0.3433019816875458,0.04039816930890083,-0.023152843117713928,0.08325153589248657,0.9954402446746826,0,0,0,0,0,0,0,0,0,0,0,0,0,0
4.021322727203369,0.0,-0.0001175999641418457,0.0833314061164856,9.548664093017578e-05,-0.083545982837677,-1.0310471057891846,-1.8326233625411987,0.7986058592796326,0.6129217147827148,0.03,1.255753755569458,-0.07454107701778412,0.3433019816875458,0.04039816930890083,-0.023152843117713928,0.08325153589248657,0.9954402446746826,0,0,0,0,0,0,0,0,0,0,0,0,0,0
4.02260160446167,0.0,-0.0001175999641418457,0.0833314061164856,9.548664093017578e-05,-0.083545982837677,-1.0310471057891846,-1.8326233625411987,0.7986058592796326,0.6129217147827148,0.03,1.255753755569458,-0.07454107701778412,0.3433019816875458,0.04039816930890083,-0.023152843117713928,0.08325153589248657,0.9954402446746826,0,0,0,0,0,0,0,0,0,0,0,0,0,0
4.023721218109131,0.0,-0.0001175999641418457,0.0833314061164856,9.548664093017578e-05,-0.083545982837677,-1.0310471057891846,-1.8326233625411987,0.7986058592796326,0.6129217147827148,0.03,1.255753755569458,-0.07454107701778412,0.3433019816875458,0.04039816930890083,-0.023152843117713928,0.08325153589248657,0.9954402446746826,0,0,0,0,0,0,0,0,0,0,0,0,0,0
4.024878978729248,0.0,-0.0001175999641418457,0.0833314061164856,9.548664093017578e-05,-0.083545982837677,-1.0310471057891846,-1.8326233625411987,0.7986058592796326,0.6129217147827148,0.03,1.255753755569458,-0.07454107701778412,0.3433019816875458,0.04039816930890083,-0.023152843117713928,0.08325153589248657,0.9954402446746826,0,0,0,0,0,0,0,0,0,0,0,0,0,0
4.0261499881744385,0.0,-0.0001175999641418457,0.0833314061164856,9.548664093017578e-05,-0.083545982837677,-1.0310471057891846,-1.8326233625411987,0.7986058592796326,0.6129217147827148,0.03,1.255753755569458,-0.07454107701778412,0.3433019816875458,0.04039816930890083,-0.023152843117713928,0.08325153589248657,0.9954402446746826,0,0,0,0,0,0,0,0,0,0,0,0,0,0
4.0276501178741455,0.0,-0.0001175999641418457,0.0833314061164856,9.548664093017578e-05,-0.083545982837677,-1.0310471057891846,-1.8326233625411987,0.7986058592796326,0.6129217147827148,0.03,1.255753755569458,-0.07454107701778412,0.3433019816875458,0.04039816930890083,-0.023152843117713928,0.08325153589248657,0.9954402446746826,0,0,0,0,0,0,0,0,0,0,0,0,0,0
4.028976917266846,0.0,-0.0001175999641418457,0.0833314061164856,9.548664093017578e-05,-0.083545982837677,-1.0310471057891846,-1.8326233625411987,0.7986058592796326,0.6129217147827148,0.03,1.255753755569458,-0.07454107701778412,0.3433019816875458,0.04039816930890083,-0.023152843117713928,0.08325153589248657,0.9954402446746826,0,0,0,0,0,0,0,0,0,0,0,0,0,0
4.030075788497925,0.0,-0.0001175999641418457,0.0833314061164856,9.548664093017578e-05,-0.083545982837677,-1.0310471057891846,-1.8326233625411987,0.7986058592796326,0.6129217147827148,0.03,1.255753755569458,-0.07454107701778412,0.3433019816875458,0.04039816930890083,-0.023152843117713928,0.08325153589248657,0.9954402446746826,0,0,0,0,0,0,0,0,0,0,0,0,0,0
4.031162738800049,0.0,-0.0001175999641418457,0.0833314061164856,9.548664093017578e-05,-0.083545982837677,-1.0310471057891846,-1.8326233625411987,0.7986058592796326,0.6129217147827148,0.03,1.255753755569458,-0.07454107701778412,0.3433019816875458,0.04039816930890083,-0.023152843117713928,0.08325153589248657,0.9954402446746826,0,0,0,0,0,0,0,0,0,0,0,0,0,0
4.032378196716309,0.0,-0.0001175999641418457,0.0833314061164856,9.548664093017578e-05,-0.083545982837677,-1.0310471057891846,-1.8326233625411987,0.7986058592796326,0.6129217147827148,0.03,1.255753755569458,-0.07454107701778412,0.3433019816875458,0.04039816930890083,-0.023152843117713928,0.08325153589248657,0.9954402446746826,0,0,0,0,0,0,0,0,0,0,0,0,0,0
4.0334367752075195,0.0,-0.0001175999641418457,0.0833314061164856,9.548664093017578e-05,-0.083545982837677,-1.0310471057891846,-1.8326233625411987,0.7986058592796326,0.6129217147827148,0.03,1.255753755569458,-0.07454107701778412,0.3433019816875458,0.04039816930890083,-0.023152843117713928,0.08325153589248657,0.9954402446746826,0,0,0,0,0,0,0,0,0,0,0,0,0,0
4.0346150398254395,0.0,-0.0001175999641418457,0.0833314061164856,9.548664093017578e-05,-0.083545982837677,-1.0310471057891846,-1.8326233625411987,0.7986058592796326,0.6129217147827148,0.03,1.255753755569458,-0.07454107701778412,0.3433019816875458,0.04039816930890083,-0.023152843117713928,0.08325153589248657,0.9954402446746826,0,0,0,0,0,0,0,0,0,0,0,0,0,0
4.036074876785278,0.0,-0.0001175999641418457,0.0833314061164856,9.548664093017578e-05,-0.083545982837677,-1.0310471057891846,-1.8326233625411987,0.7986058592796326,0.6129217147827148,0.03,1.255753755569458,-0.07454107701778412,0.3433019816875458,0.04039816930890083,-0.023152843117713928,0.08325153589248657,0.9954402446746826,0,0,0,0,0,0,0,0,0,0,0,0,0,0
4.037349700927734,0.0,-0.0001175999641418457,0.0833314061164856,9.548664093017578e-05,-0.083545982837677,-1.0310471057891846,-1.8326233625411987,0.7986058592796326,0.6129217147827148,0.03,1.255753755569458,-0.07454107701778412,0.3433019816875458,0.04039816930890083,-0.023152843117713928,0.08325153589248657,0.9954402446746826,0,0,0,0,0,0,0,0,0,0,0,0,0,0
4.0386741161346436,0.0,-0.0001175999641418457,0.0833314061164856,9.548664093017578e-05,-0.083545982837677,-1.0310471057891846,-1.8326233625411987,0.7986058592796326,0.6129217147827148,0.03,1.255753755569458,-0.07454107701778412,0.3433019816875458,0.04039816930890083,-0.023152843117713928,0.08325153589248657,0.9954402446746826,0,0,0,0,0,0,0,0,0,0,0,0,0,0
4.039909601211548,0.0,-0.0001175999641418457,0.0833314061164856,9.548664093017578e-05,-0.083545982837677,-1.0310471057891846,-1.8326233625411987,0.7986058592796326,0.6129217147827148,0.03,1.255753755569458,-0.07454107701778412,0.3433019816875458,0.04039816930890083,-0.023152843117713928,0.08325153589248657,0.9954402446746826,0,0,0,0,0,0,0,0,0,0,0,0,0,0
4.043278455734253,0.0,-0.0001175999641418457,0.0833314061164856,9.548664093017578e-05,-0.083545982837677,-1.0310471057891846,-1.8326233625411987,0.7986058592796326,0.6129217147827148,0.03,1.255753755569458,-0.07454107701778412,0.3433019816875458,0.04039816930890083,-0.023152843117713928,0.08325153589248657,0.9954402446746826,0,0,0,0,0,0,0,0,0,0,0,0,0,0
4.044406175613403,0.0,-0.0001175999641418457,0.0833314061164856,9.548664093017578e-05,-0.083545982837677,-1.0310471057891846,-1.8326233625411987,0.7986058592796326,0.6129217147827148,0.03,1.255753755569458,-0.07454107701778412,0.3433019816875458,0.04039816930890083,-0.023152843117713928,0.08325153589248657,0.9954402446746826,0,0,0,0,0,0,0,0,0,0,0,0,0,0
4.045720100402832,0.0,-0.0001175999641418457,0.0833314061164856,9.548664093017578e-05,-0.083545982837677,-1.0310471057891846,-1.8326233625411987,0.7986058592796326,0.6129217147827148,0.03,1.255753755569458,-0.07454107701778412,0.3433019816875458,0.04039816930890083,-0.023152843117713928,0.08325153589248657,0.9954402446746826,0,0,0,0,0,0,0,0,0,0,0,0,0,0
4.046978950500488,0.0,-0.0001175999641418457,0.0833314061164856,9.548664093017578e-05,-0.083545982837677,-1.0310471057891846,-1.8326233625411987,0.7986058592796326,0.6129217147827148,0.03,1.255753755569458,-0.07454107701778412,0.3433019816875458,0.04039816930890083,-0.023152843117713928,0.08325153589248657,0.9954402446746826,0,0,0,0,0,0,0,0,0,0,0,0,0,0
4.049048900604248,0.0,-0.0001175999641418457,0.0833314061164856,9.548664093017578e-05,-0.083545982837677,-1.0310471057891846,-1.8326233625411987,0.7986058592796326,0.6129217147827148,0.03,1.255753755569458,-0.07454107701778412,0.3433019816875458,0.04039816930890083,-0.023152843117713928,0.08325153589248657,0.9954402446746826,0,0,0,0,0,0,0,0,0,0,0,0,0,0
4.050681114196777,0.0,-0.0001175999641418457,0.0833314061164856,9.548664093017578e-05,-0.083545982837677,-1.0310471057891846,-1.8326233625411987,0.7986058592796326,0.6129217147827148,0.03,1.255753755569458,-0.07454107701778412,0.3433019816875458,0.04039816930890083,-0.023152843117713928,0.08325153589248657,0.9954402446746826,0,0,0,0,0,0,0,0,0,0,0,0,0,0
4.052062034606934,0.0,-0.0001175999641418457,0.0833314061164856,9.548664093017578e-05,-0.083545982837677,-1.0310471057891846,-1.8326233625411987,0.7986058592796326,0.6129217147827148,0.03,1.255753755569458,-0.07454107701778412,0.3433019816875458,0.04039816930890083,-0.023152843117713928,0.08325153589248657,0.9954402446746826,0,0,0,0,0,0,0,0,0,0,0,0,0,0
4.053874492645264,0.0,-0.0001175999641418457,0.0833314061164856,9.548664093017578e-05,-0.083545982837677,-1.0310471057891846,-1.8326233625411987,0.7986058592796326,0.6129217147827148,0.03,1.255753755569458,-0.07454107701778412,0.3433019816875458,0.04039816930890083,-0.023152843117713928,0.08325153589248657,0.9954402446746826,0,0,0,0,0,0,0,0,0,0,0,0,0,0
4.0549845695495605,0.0,-0.0001175999641418457,0.0833314061164856,9.548664093017578e-05,-0.083545982837677,-1.0310471057891846,-1.8326233625411987,0.7986058592796326,0.6129217147827148,0.03,1.255753755569458,-0.07454107701778412,0.3433019816875458,0.04039816930890083,-0.023152843117713928,0.08325153589248657,0.9954402446746826,0,0,0,0,0,0,0,0,0,0,0,0,0,0
4.056218385696411,0.0,-0.0001175999641418457,0.0833314061164856,9.548664093017578e-05,-0.083545982837677,-1.0310471057891846,-1.8326233625411987,0.7986058592796326,0.6129217147827148,0.03,1.255753755569458,-0.07454107701778412,0.3433019816875458,0.04039816930890083,-0.023152843117713928,0.08325153589248657,0.9954402446746826,0,0,0,0,0,0,0,0,0,0,0,0,0,0
4.057331800460815,0.0,-0.0001175999641418457,0.0833314061164856,9.548664093017578e-05,-0.083545982837677,-1.0310471057891846,-1.8326233625411987,0.7986058592796326,0.6129217147827148,0.03,1.255753755569458,-0.07454107701778412,0.3433019816875458,0.04039816930890083,-0.023152843117713928,0.08325153589248657,0.9954402446746826,0,0,0,0,0,0,0,0,0,0,0,0,0,0
4.0588219165802,0.0,-0.00011914968490600586,0.08333426713943481,0.000110626220703125,-0.08351749181747437,-1.0318312644958496,-1.8295605182647705,0.758778989315033,0.6460642218589783,0.03,1.2557507753372192,-0.0746004581451416,0.3432255685329437,0.04033738374710083,-0.02312292717397213,0.08282573521137238,0.9954788684844971,0,0,0,0,0,0,0,0,0,0,0,0,0,0
4.059918403625488,0.0,-0.00011903047561645508,0.08333152532577515,8.857250213623047e-05,-0.08352696895599365,-1.0319976806640625,-1.8293499946594238,0.8074492812156677,0.6336724162101746,0.03,1.2557507753372192,-0.0746004581451416,0.3432255685329437,0.04033738374710083,-0.02312292717397213,0.08282573521137238,0.9954788684844971,0,0,0,0,0,0,0,0,0,0,0,0,0,0
4.0610411167144775,0.0,-0.00011903047561645508,0.08333152532577515,8.857250213623047e-05,-0.08352696895599365,-1.0319976806640625,-1.8293499946594238,0.8074492812156677,0.6336724162101746,0.03,1.2557507753372192,-0.0746004581451416,0.3432255685329437,0.04033738374710083,-0.02312292717397213,0.08282573521137238,0.9954788684844971,0,0,0,0,0,0,0,0,0,0,0,0,0,0
4.062132358551025,0.0,-0.00011903047561645508,0.08333152532577515,8.857250213623047e-05,-0.08352696895599365,-1.0319976806640625,-1.8293499946594238,0.8074492812156677,0.6336724162101746,0.03,1.2557507753372192,-0.0746004581451416,0.3432255685329437,0.04033738374710083,-0.02312292717397213,0.08282573521137238,0.9954788684844971,0,0,0,0,0,0,0,0,0,0,0,0,0,0
4.06455135345459,0.0,-0.00011903047561645508,0.08333152532577515,8.857250213623047e-05,-0.08352696895599365,-1.0319976806640625,-1.8293499946594238,0.8074492812156677,0.6336724162101746,0.03,1.2557507753372192,-0.0746004581451416,0.3432255685329437,0.04033738374710083,-0.02312292717397213,0.08282573521137238,0.9954788684844971,0,0,0,0,0,0,0,0,0,0,0,0,0,0
4.067326068878174,0.0,-0.00011903047561645508,0.08333152532577515,8.857250213623047e-05,-0.08352696895599365,-1.0319976806640625,-1.8293499946594238,0.8074492812156677,0.6336724162101746,0.03,1.2557507753372192,-0.0746004581451416,0.3432255685329437,0.04033738374710083,-0.02312292717397213,0.08282573521137238,0.9954788684844971,0,0,0,0,0,0,0,0,0,0,0,0,0,0
4.0687479972839355,0.0,-0.00011295080184936523,0.08334480226039886,0.00010228157043457031,-0.08350968360900879,-1.0362156629562378,-1.8318634033203125,0.7423208355903625,0.6673259139060974,0.03,1.2557507753372192,-0.0746004581451416,0.3432255685329437,0.04033738374710083,-0.02312292717397213,0.08282573521137238,0.9954788684844971,0,0,0,0,0,0,0,0,0,0,0,0,0,0
4.070142984390259,0.0,-0.00010204315185546875,0.0833556056022644,8.863210678100586e-05,-0.083548903465271,-1.0576590299606323,-1.8015328645706177,0.7906699776649475,0.5899046659469604,0.03,1.2557507753372192,-0.0746004581451416,0.3432255685329437,0.04033738374710083,-0.02312292717397213,0.08282573521137238,0.9954788684844971,0,0,0,0,0,0,0,0,0,0,0,0,0,0
4.071592807769775,0.0,-7.873773574829102e-05,0.0833795815706253,8.422136306762695e-05,-0.08354014158248901,-1.0158326625823975,-1.7834422588348389,0.7468537092208862,0.5880143642425537,0.03,1.2557507753372192,-0.0746004581451416,0.3432255685329437,0.04033738374710083,-0.02312292717397213,0.08282573521137238,0.9954788684844971,0,0,0,0,0,0,0,0,0,0,0,0,0,0
4.07329797744751,0.0,-9.691715240478516e-05,0.08338233828544617,9.107589721679688e-05,-0.08353006839752197,-1.0661135911941528,-1.7792552709579468,0.743270993232727,0.5958656668663025,0.03,1.2557507753372192,-0.0746004581451416,0.3432255685329437,0.04033738374710083,-0.02312292717397213,0.08282573521137238,0.9954788684844971,0,0,0,0,0,0,0,0,0,0,0,0,0,0
4.074545860290527,0.0,-9.691715240478516e-05,0.08338233828544617,9.107589721679688e-05,-0.08353006839752197,-1.0661135911941528,-1.7792552709579468,0.743270993232727,0.5958656668663025,0.03,1.2557507753372192,-0.0746004581451416,0.3432255685329437,0.04033738374710083,-0.02312292717397213,0.08282573521137238,0.9954788684844971,0,0,0,0,0,0,0,0,0,0,0,0,0,0
4.076171159744263,0.0,-9.691715240478516e-05,0.08338233828544617,9.107589721679688e-05,-0.08353006839752197,-1.0661135911941528,-1.7792552709579468,0.743270993232727,0.5958656668663025,0.03,1.2557507753372192,-0.0746004581451416,0.3432255685329437,0.04033738374710083,-0.02312292717397213,0.08282573521137238,0.9954788684844971,0,0,0,0,0,0,0,0,0,0,0,0,0,0
4.077885866165161,0.0,-9.691715240478516e-05,0.08338233828544617,9.107589721679688e-05,-0.08353006839752197,-1.0661135911941528,-1.7792552709579468,0.743270993232727,0.5958656668663025,0.03,1.2557507753372192,-0.0746004581451416,0.3432255685329437,0.04033738374710083,-0.02312292717397213,0.08282573521137238,0.9954788684844971,0,0,0,0,0,0,0,0,0,0,0,0,0,0
4.07900595664978,0.0,-9.691715240478516e-05,0.08338233828544617,9.107589721679688e-05,-0.08353006839752197,-1.0661135911941528,-1.7792552709579468,0.743270993232727,0.5958656668663025,0.03,1.2557507753372192,-0.0746004581451416,0.3432255685329437,0.04033738374710083,-0.02312292717397213,0.08282573521137238,0.9954788684844971,0,0,0,0,0,0,0,0,0,0,0,0,0,0
4.0813164710998535,0.0,-9.691715240478516e-05,0.08338233828544617,9.107589721679688e-05,-0.08353006839752197,-1.0661135911941528,-1.7792552709579468,0.743270993232727,0.5958656668663025,0.03,1.2557507753372192,-0.0746004581451416,0.3432255685329437,0.04033738374710083,-0.02312292717397213,0.08282573521137238,0.9954788684844971,0,0,0,0,0,0,0,0,0,0,0,0,0,0
4.082442283630371,0.0,-9.691715240478516e-05,0.08338233828544617,9.107589721679688e-05,-0.08353006839752197,-1.0661135911941528,-1.7792552709579468,0.743270993232727,0.5958656668663025,0.03,1.2557507753372192,-0.0746004581451416,0.3432255685329437,0.04033738374710083,-0.02312292717397213,0.08282573521137238,0.9954788684844971,0,0,0,0,0,0,0,0,0,0,0,0,0,0
4.0835371017456055,0.0,-9.691715240478516e-05,0.08338233828544617,9.107589721679688e-05,-0.08353006839752197,-1.0661135911941528,-1.7792552709579468,0.743270993232727,0.5958656668663025,0.03,1.2557507753372192,-0.0746004581451416,0.3432255685329437,0.04033738374710083,-0.02312292717397213,0.08282573521137238,0.9954788684844971,0,0,0,0,0,0,0,0,0,0,0,0,0,0
4.084713697433472,0.0,-9.691715240478516e-05,0.08338233828544617,9.107589721679688e-05,-0.08353006839752197,-1.0661135911941528,-1.7792552709579468,0.743270993232727,0.5958656668663025,0.03,1.2557507753372192,-0.0746004581451416,0.3432255685329437,0.04033738374710083,-0.02312292717397213,0.08282573521137238,0.9954788684844971,0,0,0,0,0,0,0,0,0,0,0,0,0,0
4.085913896560669,0.0,-9.691715240478516e-05,0.08338233828544617,9.107589721679688e-05,-0.08353006839752197,-1.0661135911941528,-1.7792552709579468,0.743270993232727,0.5958656668663025,0.03,1.2557507753372192,-0.0746004581451416,0.3432255685329437,0.04033738374710083,-0.02312292717397213,0.08282573521137238,0.9954788684844971,0,0,0,0,0,0,0,0,0,0,0,0,0,0
4.087754726409912,0.0,-9.691715240478516e-05,0.08338233828544617,9.107589721679688e-05,-0.08353006839752197,-1.0661135911941528,-1.7792552709579468,0.743270993232727,0.5958656668663025,0.03,1.2557507753372192,-0.0746004581451416,0.3432255685329437,0.04033738374710083,-0.02312292717397213,0.08282573521137238,0.9954788684844971,0,0,0,0,0,0,0,0,0,0,0,0,0,0
4.0893542766571045,0.0,-9.691715240478516e-05,0.08338233828544617,9.107589721679688e-05,-0.08353006839752197,-1.0661135911941528,-1.7792552709579468,0.743270993232727,0.5958656668663025,0.03,1.2557507753372192,-0.0746004581451416,0.3432255685329437,0.04033738374710083,-0.02312292717397213,0.08282573521137238,0.9954788684844971,0,0,0,0,0,0,0,0,0,0,0,0,0,0
4.090610980987549,0.0,-9.691715240478516e-05,0.08338233828544617,9.107589721679688e-05,-0.08353006839752197,-1.0661135911941528,-1.7792552709579468,0.743270993232727,0.5958656668663025,0.03,1.2557507753372192,-0.0746004581451416,0.3432255685329437,0.04033738374710083,-0.02312292717397213,0.08282573521137238,0.9954788684844971,0,0,0,0,0,0,0,0,0,0,0,0,0,0
4.092422962188721,0.0,-9.691715240478516e-05,0.08338233828544617,9.107589721679688e-05,-0.08353006839752197,-1.0661135911941528,-1.7792552709579468,0.743270993232727,0.5958656668663025,0.03,1.2557507753372192,-0.0746004581451416,0.3432255685329437,0.04033738374710083,-0.02312292717397213,0.08282573521137238,0.9954788684844971,0,0,0,0,0,0,0,0,0,0,0,0,0,0
4.093742847442627,0.0,-9.691715240478516e-05,0.08338233828544617,9.107589721679688e-05,-0.08353006839752197,-1.0661135911941528,-1.7792552709579468,0.743270993232727,0.5958656668663025,0.03,1.2557507753372192,-0.0746004581451416,0.3432255685329437,0.04033738374710083,-0.02312292717397213,0.08282573521137238,0.9954788684844971,0,0,0,0,0,0,0,0,0,0,0,0,0,0
4.0952277183532715,0.0,-9.691715240478516e-05,0.08338233828544617,9.107589721679688e-05,-0.08353006839752197,-1.0661135911941528,-1.7792552709579468,0.743270993232727,0.5958656668663025,0.03,1.2557507753372192,-0.0746004581451416,0.3432255685329437,0.04033738374710083,-0.02312292717397213,0.08282573521137238,0.9954788684844971,0,0,0,0,0,0,0,0,0,0,0,0,0,0
4.0966455936431885,0.0,-9.691715240478516e-05,0.08338233828544617,9.107589721679688e-05,-0.08353006839752197,-1.0661135911941528,-1.7792552709579468,0.743270993232727,0.5958656668663025,0.03,1.2557507753372192,-0.0746004581451416,0.3432255685329437,0.04033738374710083,-0.02312292717397213,0.08282573521137238,0.9954788684844971,0,0,0,0,0,0,0,0,0,0,0,0,0,0
4.099777936935425,0.0,-9.691715240478516e-05,0.08338233828544617,9.107589721679688e-05,-0.08353006839752197,-1.0661135911941528,-1.7792552709579468,0.743270993232727,0.5958656668663025,0.03,1.2557507753372192,-0.0746004581451416,0.3432255685329437,0.04033738374710083,-0.02312292717397213,0.08282573521137238,0.9954788684844971,0,0,0,0,0,0,0,0,0,0,0,0,0,0
4.101320505142212,0.0,-9.691715240478516e-05,0.08338233828544617,9.107589721679688e-05,-0.08353006839752197,-1.0661135911941528,-1.7792552709579468,0.743270993232727,0.5958656668663025,0.03,1.2557507753372192,-0.0746004581451416,0.3432255685329437,0.04033738374710083,-0.02312292717397213,0.08282573521137238,0.9954788684844971,0,0,0,0,0,0,0,0,0,0,0,0,0,0
4.102445602416992,0.0,-9.691715240478516e-05,0.08338233828544617,9.107589721679688e-05,-0.08353006839752197,-1.0661135911941528,-1.7792552709579468,0.743270993232727,0.5958656668663025,0.03,1.2557507753372192,-0.0746004581451416,0.3432255685329437,0.04033738374710083,-0.02312292717397213,0.08282573521137238,0.9954788684844971,0,0,0,0,0,0,0,0,0,0,0,0,0,0
4.103566408157349,0.0,-9.691715240478516e-05,0.08338233828544617,9.107589721679688e-05,-0.08353006839752197,-1.0661135911941528,-1.7792552709579468,0.743270993232727,0.5958656668663025,0.03,1.2557507753372192,-0.0746004581451416,0.3432255685329437,0.04033738374710083,-0.02312292717397213,0.08282573521137238,0.9954788684844971,0,0,0,0,0,0,0,0,0,0,0,0,0,0
4.104941129684448,0.0,-9.691715240478516e-05,0.08338233828544617,9.107589721679688e-05,-0.08353006839752197,-1.0661135911941528,-1.7792552709579468,0.743270993232727,0.5958656668663025,0.03,1.2557507753372192,-0.0746004581451416,0.3432255685329437,0.04033738374710083,-0.02312292717397213,0.08282573521137238,0.9954788684844971,0,0,0,0,0,0,0,0,0,0,0,0,0,0
4.106419324874878,0.0,-9.691715240478516e-05,0.08338233828544617,9.107589721679688e-05,-0.08353006839752197,-1.0661135911941528,-1.7792552709579468,0.743270993232727,0.5958656668663025,0.03,1.2557507753372192,-0.0746004581451416,0.3432255685329437,0.04033738374710083,-0.02312292717397213,0.08282573521137238,0.9954788684844971,0,0,0,0,0,0,0,0,0,0,0,0,0,0
4.107649326324463,0.0,-9.691715240478516e-05,0.08338233828544617,9.107589721679688e-05,-0.08353006839752197,-1.0661135911941528,-1.7792552709579468,0.743270993232727,0.5958656668663025,0.03,1.2557507753372192,-0.0746004581451416,0.3432255685329437,0.04033738374710083,-0.02312292717397213,0.08282573521137238,0.9954788684844971,0,0,0,0,0,0,0,0,0,0,0,0,0,0
4.108707666397095,0.0,-9.691715240478516e-05,0.08338233828544617,9.107589721679688e-05,-0.08353006839752197,-1.0661135911941528,-1.7792552709579468,0.743270993232727,0.5958656668663025,0.03,1.2557507753372192,-0.0746004581451416,0.3432255685329437,0.04033738374710083,-0.02312292717397213,0.08282573521137238,0.9954788684844971,0,0,0,0,0,0,0,0,0,0,0,0,0,0
4.109991550445557,0.0,-6.556510925292969e-05,0.08337806165218353,0.00011038780212402344,-0.08352941274642944,-0.9975172877311707,-1.7826859951019287,0.7314919233322144,0.603908360004425,0.03,1.2557507753372192,-0.0746004581451416,0.3432255685329437,0.04033738374710083,-0.02312292717397213,0.08282573521137238,0.9954788684844971,0,0,0,0,0,0,0,0,0,0,0,0,0,0
4.111096382141113,0.0,-6.240606307983398e-05,0.08338896930217743,7.635354995727539e-05,-0.08353859186172485,-0.9966675043106079,-1.7669323682785034,0.7733795642852783,0.5768333673477173,0.03,1.2557507753372192,-0.0746004581451416,0.3432255685329437,0.04033738374710083,-0.02312292717397213,0.08282573521137238,0.9954788684844971,0,0,0,0,0,0,0,0,0,0,0,0,0,0
4.112178325653076,0.0,-6.437301635742188e-05,0.08337168395519257,7.808208465576172e-05,-0.08353954553604126,-1.0006297826766968,-1.8066236972808838,0.7535128593444824,0.5679771304130554,0.03,1.2557507753372192,-0.0746004581451416,0.3432255685329437,0.04033738374710083,-0.02312292717397213,0.08282573521137238,0.9954788684844971,0,0,0,0,0,0,0,0,0,0,0,0,0,0
4.113349914550781,0.0,-6.437301635742188e-05,0.08337168395519257,7.808208465576172e-05,-0.08353954553604126,-1.0006297826766968,-1.8066236972808838,0.7535128593444824,0.5679771304130554,0.03,1.2557507753372192,-0.0746004581451416,0.3432255685329437,0.04033738374710083,-0.02312292717397213,0.08282573521137238,0.9954788684844971,0,0,0,0,0,0,0,0,0,0,0,0,0,0
4.11452054977417,0.0,-6.437301635742188e-05,0.08337168395519257,7.808208465576172e-05,-0.08353954553604126,-1.0006297826766968,-1.8066236972808838,0.7535128593444824,0.5679771304130554,0.03,1.2557507753372192,-0.0746004581451416,0.3432255685329437,0.04033738374710083,-0.02312292717397213,0.08282573521137238,0.9954788684844971,0,0,0,0,0,0,0,0,0,0,0,0,0,0
4.116504430770874,0.0,-6.681680679321289e-05,0.08338375389575958,0.00010216236114501953,-0.08352416753768921,-1.0118029117584229,-1.784632921218872,0.7346669435501099,0.6146035194396973,0.03,1.2557507753372192,-0.0746004581451416,0.3432255685329437,0.04033738374710083,-0.02312292717397213,0.08282573521137238,0.9954788684844971,0,0,0,0,0,0,0,0,0,0,0,0,0,0
4.117729187011719,0.0,-6.693601608276367e-05,0.08338384330272675,0.00010657310485839844,-0.08353841304779053,-1.0010675191879272,-1.7713613510131836,0.726590096950531,0.5648813843727112,0.03,1.2557507753372192,-0.0746004581451416,0.3432255685329437,0.04033738374710083,-0.02312292717397213,0.08282573521137238,0.9954788684844971,0,0,0,0,0,0,0,0,0,0,0,0,0,0
4.11999773979187,0.0,-6.693601608276367e-05,0.08338384330272675,0.00010657310485839844,-0.08353841304779053,-1.0010675191879272,-1.7713613510131836,0.726590096950531,0.5648813843727112,0.03,1.2557507753372192,-0.0746004581451416,0.3432255685329437,0.04033738374710083,-0.02312292717397213,0.08282573521137238,0.9954788684844971,0,0,0,0,0,0,0,0,0,0,0,0,0,0
4.121516466140747,0.0,-6.693601608276367e-05,0.08338384330272675,0.00010657310485839844,-0.08353841304779053,-1.0010675191879272,-1.7713613510131836,0.726590096950531,0.5648813843727112,0.03,1.2557507753372192,-0.0746004581451416,0.3432255685329437,0.04033738374710083,-0.02312292717397213,0.08282573521137238,0.9954788684844971,0,0,0,0,0,0,0,0,0,0,0,0,0,0
4.122620344161987,0.0,-6.693601608276367e-05,0.08338384330272675,0.00010657310485839844,-0.08353841304779053,-1.0010675191879272,-1.7713613510131836,0.726590096950531,0.5648813843727112,0.03,1.2557507753372192,-0.0746004581451416,0.3432255685329437,0.04033738374710083,-0.02312292717397213,0.08282573521137238,0.9954788684844971,0,0,0,0,0,0,0,0,0,0,0,0,0,0
4.123924493789673,0.0,-5.9604644775390625e-05,0.08339273929595947,0.00010120868682861328,-0.08351552486419678,-0.9955360889434814,-1.7644109725952148,0.7464132308959961,0.6223573684692383,0.03,1.2557507753372192,-0.0746004581451416,0.3432255685329437,0.04033738374710083,-0.02312292717397213,0.08282573521137238,0.9954788684844971,0,0,0,0,0,0,0,0,0,0,0,0,0,0
4.1251585483551025,0.0,-5.728006362915039e-05,0.08338992297649384,7.933378219604492e-05,-0.08351963758468628,-0.9913591742515564,-1.7635713815689087,0.7945030331611633,0.601125180721283,0.03,1.2557651996612549,-0.07453279197216034,0.34333688020706177,0.04024800658226013,-0.023124873638153076,0.08192871510982513,0.995556652545929,0,0,0,0,0,0,0,0,0,0,0,0,0,0
4.127553224563599,0.0,-6.240606307983398e-05,0.08339391648769379,0.00012862682342529297,-0.08354443311691284,-1.0027124881744385,-1.7562536001205444,0.6914632320404053,0.5598227977752686,0.03,1.2557600736618042,-0.07456643879413605,0.3433159589767456,0.040246281772851944,-0.02310691401362419,0.08259303122758865,0.9955022931098938,0,0,0,0,0,0,0,0,0,0,0,0,0,0
4.129276752471924,0.0,-6.240606307983398e-05,0.08339391648769379,0.00012862682342529297,-0.08354443311691284,-1.0027124881744385,-1.7562536001205444,0.6914632320404053,0.5598227977752686,0.03,1.2557600736618042,-0.07456643879413605,0.3433159589767456,0.040246281772851944,-0.02310691401362419,0.08259303122758865,0.9955022931098938,0,0,0,0,0,0,0,0,0,0,0,0,0,0
4.130901336669922,0.0,-6.240606307983398e-05,0.08339391648769379,0.00012862682342529297,-0.08354443311691284,-1.0027124881744385,-1.7562536001205444,0.6914632320404053,0.5598227977752686,0.03,1.2557600736618042,-0.07456643879413605,0.3433159589767456,0.040246281772851944,-0.02310691401362419,0.08259303122758865,0.9955022931098938,0,0,0,0,0,0,0,0,0,0,0,0,0,0
4.132094621658325,0.0,-6.240606307983398e-05,0.08339391648769379,0.00012862682342529297,-0.08354443311691284,-1.0027124881744385,-1.7562536001205444,0.6914632320404053,0.5598227977752686,0.03,1.2557600736618042,-0.07456643879413605,0.3433159589767456,0.040246281772851944,-0.02310691401362419,0.08259303122758865,0.9955022931098938,0,0,0,0,0,0,0,0,0,0,0,0,0,0
4.133357286453247,0.0,-6.240606307983398e-05,0.08339391648769379,0.00012862682342529297,-0.08354443311691284,-1.0027124881744385,-1.7562536001205444,0.6914632320404053,0.5598227977752686,0.03,1.2557600736618042,-0.07456643879413605,0.3433159589767456,0.040246281772851944,-0.02310691401362419,0.08259303122758865,0.9955022931098938,0,0,0,0,0,0,0,0,0,0,0,0,0,0
4.134513854980469,0.0,-6.240606307983398e-05,0.08339391648769379,0.00012862682342529297,-0.08354443311691284,-1.0027124881744385,-1.7562536001205444,0.6914632320404053,0.5598227977752686,0.03,1.2557600736618042,-0.07456643879413605,0.3433159589767456,0.040246281772851944,-0.02310691401362419,0.08259303122758865,0.9955022931098938,0,0,0,0,0,0,0,0,0,0,0,0,0,0
4.135579347610474,0.0,-6.240606307983398e-05,0.08339391648769379,0.00012862682342529297,-0.08354443311691284,-1.0027124881744385,-1.7562536001205444,0.6914632320404053,0.5598227977752686,0.03,1.2557600736618042,-0.07456643879413605,0.3433159589767456,0.040246281772851944,-0.02310691401362419,0.08259303122758865,0.9955022931098938,0,0,0,0,0,0,0,0,0,0,0,0,0,0
4.136677503585815,0.0,-6.240606307983398e-05,0.08339391648769379,0.00012862682342529297,-0.08354443311691284,-1.0027124881744385,-1.7562536001205444,0.6914632320404053,0.5598227977752686,0.03,1.2557600736618042,-0.07456643879413605,0.3433159589767456,0.040246281772851944,-0.02310691401362419,0.08259303122758865,0.9955022931098938,0,0,0,0,0,0,0,0,0,0,0,0,0,0
4.13782811164856,0.0,-6.240606307983398e-05,0.08339391648769379,0.00012862682342529297,-0.08354443311691284,-1.0027124881744385,-1.7562536001205444,0.6914632320404053,0.5598227977752686,0.03,1.2557600736618042,-0.07456643879413605,0.3433159589767456,0.040246281772851944,-0.02310691401362419,0.08259303122758865,0.9955022931098938,0,0,0,0,0,0,0,0,0,0,0,0,0,0
4.139212608337402,0.0,-5.7637691497802734e-05,0.08337919414043427,8.362531661987305e-05,-0.08350920677185059,-0.9992968440055847,-1.7924004793167114,0.7697962522506714,0.627396821975708,0.03,1.25575590133667,-0.07456085085868835,0.3432849049568176,0.040298230946063995,-0.023077527061104774,0.08330114930868149,0.9954417943954468,0,0,0,0,0,0,0,0,0,0,0,0,0,0
4.140604257583618,0.0,-6.079673767089844e-05,0.08337835967540741,8.285045623779297e-05,-0.08355063199996948,-1.0067671537399292,-1.7927887439727783,0.7657850980758667,0.5721696615219116,0.03,1.2557529211044312,-0.07453151792287827,0.3433225452899933,0.04051562771201134,-0.023189695551991463,0.08418641239404678,0.9953559637069702,0,0,0,0,0,0,0,0,0,0,0,0,0,0
4.142091274261475,0.0,-6.079673767089844e-05,0.08337835967540741,8.285045623779297e-05,-0.08355063199996948,-1.0067671537399292,-1.7927887439727783,0.7657850980758667,0.5721696615219116,0.03,1.2557529211044312,-0.07453151792287827,0.3433225452899933,0.04051562771201134,-0.023189695551991463,0.08418641239404678,0.9953559637069702,0,0,0,0,0,0,0,0,0,0,0,0,0,0
4.143983840942383,0.0,-6.079673767089844e-05,0.08337835967540741,8.285045623779297e-05,-0.08355063199996948,-1.0067671537399292,-1.7927887439727783,0.7657850980758667,0.5721696615219116,0.03,1.2557529211044312,-0.07453151792287827,0.3433225452899933,0.04051562771201134,-0.023189695551991463,0.08418641239404678,0.9953559637069702,0,0,0,0,0,0,0,0,0,0,0,0,0,0
4.1457839012146,0.0,-6.079673767089844e-05,0.08337835967540741,8.285045623779297e-05,-0.08355063199996948,-1.0067671537399292,-1.7927887439727783,0.7657850980758667,0.5721696615219116,0.03,1.2557529211044312,-0.07453151792287827,0.3433225452899933,0.04051562771201134,-0.023189695551991463,0.08418641239404678,0.9953559637069702,0,0,0,0,0,0,0,0,0,0,0,0,0,0
4.149415016174316,0.0,-6.079673767089844e-05,0.08337835967540741,8.285045623779297e-05,-0.08355063199996948,-1.0067671537399292,-1.7927887439727783,0.7657850980758667,0.5721696615219116,0.03,1.2557529211044312,-0.07453151792287827,0.3433225452899933,0.04051562771201134,-0.023189695551991463,0.08418641239404678,0.9953559637069702,0,0,0,0,0,0,0,0,0,0,0,0,0,0
4.150634288787842,0.0,-6.079673767089844e-05,0.08337835967540741,8.285045623779297e-05,-0.08355063199996948,-1.0067671537399292,-1.7927887439727783,0.7657850980758667,0.5721696615219116,0.03,1.2557529211044312,-0.07453151792287827,0.3433225452899933,0.04051562771201134,-0.023189695551991463,0.08418641239404678,0.9953559637069702,0,0,0,0,0,0,0,0,0,0,0,0,0,0
4.151792287826538,0.0,-6.079673767089844e-05,0.08337835967540741,8.285045623779297e-05,-0.08355063199996948,-1.0067671537399292,-1.7927887439727783,0.7657850980758667,0.5721696615219116,0.03,1.2557529211044312,-0.07453151792287827,0.3433225452899933,0.04051562771201134,-0.023189695551991463,0.08418641239404678,0.9953559637069702,0,0,0,0,0,0,0,0,0,0,0,0,0,0
4.153287649154663,0.0,-6.079673767089844e-05,0.08337835967540741,8.285045623779297e-05,-0.08355063199996948,-1.0067671537399292,-1.7927887439727783,0.7657850980758667,0.5721696615219116,0.03,1.2557529211044312,-0.07453151792287827,0.3433225452899933,0.04051562771201134,-0.023189695551991463,0.08418641239404678,0.9953559637069702,0,0,0,0,0,0,0,0,0,0,0,0,0,0
4.154909133911133,0.0,-6.079673767089844e-05,0.08337835967540741,8.285045623779297e-05,-0.08355063199996948,-1.0067671537399292,-1.7927887439727783,0.7657850980758667,0.5721696615219116,0.03,1.2557529211044312,-0.07453151792287827,0.3433225452899933,0.04051562771201134,-0.023189695551991463,0.08418641239404678,0.9953559637069702,0,0,0,0,0,0,0,0,0,0,0,0,0,0
4.156155586242676,0.0,-6.079673767089844e-05,0.08337835967540741,8.285045623779297e-05,-0.08355063199996948,-1.0067671537399292,-1.7927887439727783,0.7657850980758667,0.5721696615219116,0.03,1.2557529211044312,-0.07453151792287827,0.3433225452899933,0.04051562771201134,-0.023189695551991463,0.08418641239404678,0.9953559637069702,0,0,0,0,0,0,0,0,0,0,0,0,0,0
4.157281160354614,0.0,-6.079673767089844e-05,0.08337835967540741,8.285045623779297e-05,-0.08355063199996948,-1.0067671537399292,-1.7927887439727783,0.7657850980758667,0.5721696615219116,0.03,1.2557529211044312,-0.07453151792287827,0.3433225452899933,0.04051562771201134,-0.023189695551991463,0.08418641239404678,0.9953559637069702,0,0,0,0,0,0,0,0,0,0,0,0,0,0
4.158746719360352,0.0,-6.079673767089844e-05,0.08337835967540741,8.285045623779297e-05,-0.08355063199996948,-1.0067671537399292,-1.7927887439727783,0.7657850980758667,0.5721696615219116,0.03,1.2557529211044312,-0.07453151792287827,0.3433225452899933,0.04051562771201134,-0.023189695551991463,0.08418641239404678,0.9953559637069702,0,0,0,0,0,0,0,0,0,0,0,0,0,0
4.160279750823975,0.0,-6.079673767089844e-05,0.08337835967540741,8.285045623779297e-05,-0.08355063199996948,-1.0067671537399292,-1.7927887439727783,0.7657850980758667,0.5721696615219116,0.03,1.2557529211044312,-0.07453151792287827,0.3433225452899933,0.04051562771201134,-0.023189695551991463,0.08418641239404678,0.9953559637069702,0,0,0,0,0,0,0,0,0,0,0,0,0,0
4.161370754241943,0.0,-6.079673767089844e-05,0.08337835967540741,8.285045623779297e-05,-0.08355063199996948,-1.0067671537399292,-1.7927887439727783,0.7657850980758667,0.5721696615219116,0.03,1.2557529211044312,-0.07453151792287827,0.3433225452899933,0.04051562771201134,-0.023189695551991463,0.08418641239404678,0.9953559637069702,0,0,0,0,0,0,0,0,0,0,0,0,0,0
4.164129972457886,0.0,-6.079673767089844e-05,0.08337835967540741,8.285045623779297e-05,-0.08355063199996948,-1.0067671537399292,-1.7927887439727783,0.7657850980758667,0.5721696615219116,0.03,1.2557529211044312,-0.07453151792287827,0.3433225452899933,0.04051562771201134,-0.023189695551991463,0.08418641239404678,0.9953559637069702,0,0,0,0,0,0,0,0,0,0,0,0,0,0
4.165832757949829,0.0,-6.079673767089844e-05,0.08337835967540741,8.285045623779297e-05,-0.08355063199996948,-1.0067671537399292,-1.7927887439727783,0.7657850980758667,0.5721696615219116,0.03,1.2557529211044312,-0.07453151792287827,0.3433225452899933,0.04051562771201134,-0.023189695551991463,0.08418641239404678,0.9953559637069702,0,0,0,0,0,0,0,0,0,0,0,0,0,0
4.167635917663574,0.0,-6.079673767089844e-05,0.08337835967540741,8.285045623779297e-05,-0.08355063199996948,-1.0067671537399292,-1.7927887439727783,0.7657850980758667,0.5721696615219116,0.03,1.2557529211044312,-0.07453151792287827,0.3433225452899933,0.04051562771201134,-0.023189695551991463,0.08418641239404678,0.9953559637069702,0,0,0,0,0,0,0,0,0,0,0,0,0,0
4.1709980964660645,0.0,-6.079673767089844e-05,0.08337835967540741,8.285045623779297e-05,-0.08355063199996948,-1.0067671537399292,-1.7927887439727783,0.7657850980758667,0.5721696615219116,0.03,1.2557529211044312,-0.07453151792287827,0.3433225452899933,0.04051562771201134,-0.023189695551991463,0.08418641239404678,0.9953559637069702,0,0,0,0,0,0,0,0,0,0,0,0,0,0
4.172889471054077,0.0,-5.799531936645508e-05,0.08339275419712067,7.68899917602539e-05,-0.08351510763168335,-1.0068107843399048,-1.7588460445404053,0.7688498497009277,0.5940481424331665,0.03,1.2557493448257446,-0.07459057122468948,0.3432495892047882,0.040245261043310165,-0.023076308891177177,0.08226609230041504,0.9955301284790039,0,0,0,0,0,0,0,0,0,0,0,0,0,0
4.17572808265686,0.0,-5.7637691497802734e-05,0.0833771824836731,8.308887481689453e-05,-0.08352380990982056,-1.005545973777771,-1.7948230504989624,0.767569363117218,0.5762498378753662,0.03,1.2557493448257446,-0.07459057122468948,0.3432495892047882,0.040245261043310165,-0.023076308891177177,0.08226609230041504,0.9955301284790039,0,0,0,0,0,0,0,0,0,0,0,0,0,0
4.176960706710815,0.0,-5.7637691497802734e-05,0.0833771824836731,8.308887481689453e-05,-0.08352380990982056,-1.005545973777771,-1.7948230504989624,0.767569363117218,0.5762498378753662,0.03,1.2557594776153564,-0.07451923191547394,0.34332823753356934,0.04033014923334122,-0.023143814876675606,0.08276676386594772,0.9954836368560791,0,0,0,0,0,0,0,0,0,0,0,0,0,0
4.178240537643433,0.0,-5.7637691497802734e-05,0.0833771824836731,8.308887481689453e-05,-0.08352380990982056,-1.005545973777771,-1.7948230504989624,0.767569363117218,0.5762498378753662,0.03,1.2557560205459595,-0.07454679906368256,0.34328514337539673,0.040375012904405594,-0.02313845418393612,0.0832013264298439,0.995445728302002,0,0,0,0,0,0,0,0,0,0,0,0,0,0
4.17969536781311,0.0,-5.7637691497802734e-05,0.0833771824836731,8.308887481689453e-05,-0.08352380990982056,-1.005545973777771,-1.7948230504989624,0.767569363117218,0.5762498378753662,0.03,1.255746841430664,-0.07459410279989243,0.34322184324264526,0.04029233008623123,-0.02314142882823944,0.08241919428110123,0.9955139756202698,0,0,0,0,0,0,0,0,0,0,0,0,0,0
4.180885553359985,0.0,-5.7637691497802734e-05,0.0833771824836731,8.308887481689453e-05,-0.08352380990982056,-1.005545973777771,-1.7948230504989624,0.767569363117218,0.5762498378753662,0.03,1.2557480335235596,-0.07460781931877136,0.3432217836380005,0.04044754430651665,-0.02307789959013462,0.08322061598300934,0.9954425096511841,0,0,0,0,0,0,0,0,0,0,0,0,0,0
4.182175397872925,0.0,-5.7637691497802734e-05,0.0833771824836731,8.308887481689453e-05,-0.08352380990982056,-1.005545973777771,-1.7948230504989624,0.767569363117218,0.5762498378753662,0.03,1.2557480335235596,-0.07460781931877136,0.3432217836380005,0.04044754430651665,-0.02307789959013462,0.08322061598300934,0.9954425096511841,0,0,0,0,0,0,0,0,0,0,0,0,0,0
4.18334698677063,0.0,-5.7637691497802734e-05,0.0833771824836731,8.308887481689453e-05,-0.08352380990982056,-1.005545973777771,-1.7948230504989624,0.767569363117218,0.5762498378753662,0.03,1.2557480335235596,-0.07460781931877136,0.3432217836380005,0.04044754430651665,-0.02307789959013462,0.08322061598300934,0.9954425096511841,0,0,0,0,0,0,0,0,0,0,0,0,0,0
4.184535503387451,0.0,-5.7637691497802734e-05,0.0833771824836731,8.308887481689453e-05,-0.08352380990982056,-1.005545973777771,-1.7948230504989624,0.767569363117218,0.5762498378753662,0.03,1.2557480335235596,-0.07460781931877136,0.3432217836380005,0.04044754430651665,-0.02307789959013462,0.08322061598300934,0.9954425096511841,0,0,0,0,0,0,0,0,0,0,0,0,0,0
4.186398983001709,0.0,-5.7637691497802734e-05,0.0833771824836731,8.308887481689453e-05,-0.08352380990982056,-1.005545973777771,-1.7948230504989624,0.767569363117218,0.5762498378753662,0.03,1.2557480335235596,-0.07460781931877136,0.3432217836380005,0.04044754430651665,-0.02307789959013462,0.08322061598300934,0.9954425096511841,0,0,0,0,0,0,0,0,0,0,0,0,0,0
4.187703371047974,0.0,-5.7637691497802734e-05,0.0833771824836731,8.308887481689453e-05,-0.08352380990982056,-1.005545973777771,-1.7948230504989624,0.767569363117218,0.5762498378753662,0.03,1.2557480335235596,-0.07460781931877136,0.3432217836380005,0.04044754430651665,-0.02307789959013462,0.08322061598300934,0.9954425096511841,0,0,0,0,0,0,0,0,0,0,0,0,0,0
4.18880820274353,0.0,-5.7637691497802734e-05,0.0833771824836731,8.308887481689453e-05,-0.08352380990982056,-1.005545973777771,-1.7948230504989624,0.767569363117218,0.5762498378753662,0.03,1.2557480335235596,-0.07460781931877136,0.3432217836380005,0.04044754430651665,-0.02307789959013462,0.08322061598300934,0.9954425096511841,0,0,0,0,0,0,0,0,0,0,0,0,0,0
4.189868211746216,0.0,-5.7637691497802734e-05,0.0833771824836731,8.308887481689453e-05,-0.08352380990982056,-1.005545973777771,-1.7948230504989624,0.767569363117218,0.5762498378753662,0.03,1.2557480335235596,-0.07460781931877136,0.3432217836380005,0.04044754430651665,-0.02307789959013462,0.08322061598300934,0.9954425096511841,0,0,0,0,0,0,0,0,0,0,0,0,0,0
4.1909825801849365,0.0,-5.7637691497802734e-05,0.0833771824836731,8.308887481689453e-05,-0.08352380990982056,-1.005545973777771,-1.7948230504989624,0.767569363117218,0.5762498378753662,0.03,1.2557480335235596,-0.07460781931877136,0.3432217836380005,0.04044754430651665,-0.02307789959013462,0.08322061598300934,0.9954425096511841,0,0,0,0,0,0,0,0,0,0,0,0,0,0
4.192068815231323,0.0,-5.7637691497802734e-05,0.0833771824836731,8.308887481689453e-05,-0.08352380990982056,-1.005545973777771,-1.7948230504989624,0.767569363117218,0.5762498378753662,0.03,1.2557480335235596,-0.07460781931877136,0.3432217836380005,0.04044754430651665,-0.02307789959013462,0.08322061598300934,0.9954425096511841,0,0,0,0,0,0,0,0,0,0,0,0,0,0
4.193282127380371,0.0,-5.7637691497802734e-05,0.0833771824836731,8.308887481689453e-05,-0.08352380990982056,-1.005545973777771,-1.7948230504989624,0.767569363117218,0.5762498378753662,0.03,1.2557480335235596,-0.07460781931877136,0.3432217836380005,0.04044754430651665,-0.02307789959013462,0.08322061598300934,0.9954425096511841,0,0,0,0,0,0,0,0,0,0,0,0,0,0
4.19437837600708,0.0,-5.7637691497802734e-05,0.0833771824836731,8.308887481689453e-05,-0.08352380990982056,-1.005545973777771,-1.7948230504989624,0.767569363117218,0.5762498378753662,0.03,1.2557480335235596,-0.07460781931877136,0.3432217836380005,0.04044754430651665,-0.02307789959013462,0.08322061598300934,0.9954425096511841,0,0,0,0,0,0,0,0,0,0,0,0,0,0
4.195468187332153,0.0,-5.7637691497802734e-05,0.0833771824836731,8.308887481689453e-05,-0.08352380990982056,-1.005545973777771,-1.7948230504989624,0.767569363117218,0.5762498378753662,0.03,1.2557480335235596,-0.07460781931877136,0.3432217836380005,0.04044754430651665,-0.02307789959013462,0.08322061598300934,0.9954425096511841,0,0,0,0,0,0,0,0,0,0,0,0,0,0
4.196853876113892,0.0,-5.7637691497802734e-05,0.0833771824836731,8.308887481689453e-05,-0.08352380990982056,-1.005545973777771,-1.7948230504989624,0.767569363117218,0.5762498378753662,0.03,1.2557480335235596,-0.07460781931877136,0.3432217836380005,0.04044754430651665,-0.02307789959013462,0.08322061598300934,0.9954425096511841,0,0,0,0,0,0,0,0,0,0,0,0,0,0
4.1983373165130615,0.0,-5.7637691497802734e-05,0.0833771824836731,8.308887481689453e-05,-0.08352380990982056,-1.005545973777771,-1.7948230504989624,0.767569363117218,0.5762498378753662,0.03,1.2557480335235596,-0.07460781931877136,0.3432217836380005,0.04044754430651665,-0.02307789959013462,0.08322061598300934,0.9954425096511841,0,0,0,0,0,0,0,0,0,0,0,0,0,0
4.199838161468506,0.0,-5.799531936645508e-05,0.0833926796913147,7.718801498413086e-05,-0.08352643251419067,-1.010165810585022,-1.761791467666626,0.7622193694114685,0.5618129372596741,0.03,1.2557480335235596,-0.07460781931877136,0.3432217836380005,0.04044754430651665,-0.02307789959013462,0.08322061598300934,0.9954425096511841,0,0,0,0,0,0,0,0,0,0,0,0,0,0
4.2016308307647705,0.0,-5.799531936645508e-05,0.0833926796913147,7.718801498413086e-05,-0.08352643251419067,-1.010165810585022,-1.761791467666626,0.7622193694114685,0.5618129372596741,0.03,1.2557480335235596,-0.07460781931877136,0.3432217836380005,0.04044754430651665,-0.02307789959013462,0.08322061598300934,0.9954425096511841,0,0,0,0,0,0,0,0,0,0,0,0,0,0
4.2043352127075195,0.0,-5.799531936645508e-05,0.08339110016822815,7.75456428527832e-05,-0.08353203535079956,-1.0111517906188965,-1.7614456415176392,0.7593237161636353,0.5418152213096619,0.03,1.2557531595230103,-0.0745384618639946,0.34334850311279297,0.040255285799503326,-0.0231791902333498,0.08124791830778122,0.9956109523773193,0,0,0,0,0,0,0,0,0,0,0,0,0,0
4.205850124359131,0.0,-5.733966827392578e-05,0.08339270949363708,7.766485214233398e-05,-0.08351373672485352,-0.9974721074104309,-1.758028507232666,0.7582377791404724,0.5862540602684021,0.03,1.2557531595230103,-0.0745384618639946,0.34334850311279297,0.040255285799503326,-0.0231791902333498,0.08124791830778122,0.9956109523773193,0,0,0,0,0,0,0,0,0,0,0,0,0,0
4.207723379135132,0.0,-5.733966827392578e-05,0.08339270949363708,7.766485214233398e-05,-0.08351373672485352,-0.9974721074104309,-1.758028507232666,0.7582377791404724,0.5862540602684021,0.03,1.2557531595230103,-0.0745384618639946,0.34334850311279297,0.040255285799503326,-0.0231791902333498,0.08124791830778122,0.9956109523773193,0,0,0,0,0,0,0,0,0,0,0,0,0,0
4.209513425827026,0.0,-5.733966827392578e-05,0.08339270949363708,7.766485214233398e-05,-0.08351373672485352,-0.9974721074104309,-1.758028507232666,0.7582377791404724,0.5862540602684021,0.03,1.2557531595230103,-0.0745384618639946,0.34334850311279297,0.040255285799503326,-0.0231791902333498,0.08124791830778122,0.9956109523773193,0,0,0,0,0,0,0,0,0,0,0,0,0,0
4.2108259201049805,0.0,-5.733966827392578e-05,0.08339270949363708,7.766485214233398e-05,-0.08351373672485352,-0.9974721074104309,-1.758028507232666,0.7582377791404724,0.5862540602684021,0.03,1.2557531595230103,-0.0745384618639946,0.34334850311279297,0.040255285799503326,-0.0231791902333498,0.08124791830778122,0.9956109523773193,0,0,0,0,0,0,0,0,0,0,0,0,0,0
4.213284492492676,0.0,-5.733966827392578e-05,0.08339270949363708,7.766485214233398e-05,-0.08351373672485352,-0.9974721074104309,-1.758028507232666,0.7582377791404724,0.5862540602684021,0.03,1.2557531595230103,-0.0745384618639946,0.34334850311279297,0.040255285799503326,-0.0231791902333498,0.08124791830778122,0.9956109523773193,0,0,0,0,0,0,0,0,0,0,0,0,0,0
4.214376926422119,0.0,-5.733966827392578e-05,0.08339270949363708,7.766485214233398e-05,-0.08351373672485352,-0.9974721074104309,-1.758028507232666,0.7582377791404724,0.5862540602684021,0.03,1.2557531595230103,-0.0745384618639946,0.34334850311279297,0.040255285799503326,-0.0231791902333498,0.08124791830778122,0.9956109523773193,0,0,0,0,0,0,0,0,0,0,0,0,0,0
4.2154834270477295,0.0,-5.733966827392578e-05,0.08339270949363708,7.766485214233398e-05,-0.08351373672485352,-0.9974721074104309,-1.758028507232666,0.7582377791404724,0.5862540602684021,0.03,1.2557531595230103,-0.0745384618639946,0.34334850311279297,0.040255285799503326,-0.0231791902333498,0.08124791830778122,0.9956109523773193,0,0,0,0,0,0,0,0,0,0,0,0,0,0
4.216580390930176,0.0,-5.733966827392578e-05,0.08339270949363708,7.766485214233398e-05,-0.08351373672485352,-0.9974721074104309,-1.758028507232666,0.7582377791404724,0.5862540602684021,0.03,1.2557531595230103,-0.0745384618639946,0.34334850311279297,0.040255285799503326,-0.0231791902333498,0.08124791830778122,0.9956109523773193,0,0,0,0,0,0,0,0,0,0,0,0,0,0
4.217944860458374,0.0,-5.733966827392578e-05,0.08339270949363708,7.766485214233398e-05,-0.08351373672485352,-0.9974721074104309,-1.758028507232666,0.7582377791404724,0.5862540602684021,0.03,1.2557531595230103,-0.0745384618639946,0.34334850311279297,0.040255285799503326,-0.0231791902333498,0.08124791830778122,0.9956109523773193,0,0,0,0,0,0,0,0,0,0,0,0,0,0
4.2190845012664795,0.0,-5.733966827392578e-05,0.08339270949363708,7.766485214233398e-05,-0.08351373672485352,-0.9974721074104309,-1.758028507232666,0.7582377791404724,0.5862540602684021,0.03,1.2557531595230103,-0.0745384618639946,0.34334850311279297,0.040255285799503326,-0.0231791902333498,0.08124791830778122,0.9956109523773193,0,0,0,0,0,0,0,0,0,0,0,0,0,0
4.220714807510376,0.0,-5.733966827392578e-05,0.08339270949363708,7.766485214233398e-05,-0.08351373672485352,-0.9974721074104309,-1.758028507232666,0.7582377791404724,0.5862540602684021,0.03,1.2557531595230103,-0.0745384618639946,0.34334850311279297,0.040255285799503326,-0.0231791902333498,0.08124791830778122,0.9956109523773193,0,0,0,0,0,0,0,0,0,0,0,0,0,0
4.222321510314941,0.0,-5.733966827392578e-05,0.08339270949363708,7.766485214233398e-05,-0.08351373672485352,-0.9974721074104309,-1.758028507232666,0.7582377791404724,0.5862540602684021,0.03,1.2557531595230103,-0.0745384618639946,0.34334850311279297,0.040255285799503326,-0.0231791902333498,0.08124791830778122,0.9956109523773193,0,0,0,0,0,0,0,0,0,0,0,0,0,0
4.224817514419556,0.0,-5.733966827392578e-05,0.08339270949363708,7.766485214233398e-05,-0.08351373672485352,-0.9974721074104309,-1.758028507232666,0.7582377791404724,0.5862540602684021,0.03,1.2557531595230103,-0.0745384618639946,0.34334850311279297,0.040255285799503326,-0.0231791902333498,0.08124791830778122,0.9956109523773193,0,0,0,0,0,0,0,0,0,0,0,0,0,0
4.2260353565216064,0.0,-5.733966827392578e-05,0.08339270949363708,7.766485214233398e-05,-0.08351373672485352,-0.9974721074104309,-1.758028507232666,0.7582377791404724,0.5862540602684021,0.03,1.2557531595230103,-0.0745384618639946,0.34334850311279297,0.040255285799503326,-0.0231791902333498,0.08124791830778122,0.9956109523773193,0,0,0,0,0,0,0,0,0,0,0,0,0,0
4.227284908294678,0.0,-5.733966827392578e-05,0.08339270949363708,7.766485214233398e-05,-0.08351373672485352,-0.9974721074104309,-1.758028507232666,0.7582377791404724,0.5862540602684021,0.03,1.2557531595230103,-0.0745384618639946,0.34334850311279297,0.040255285799503326,-0.0231791902333498,0.08124791830778122,0.9956109523773193,0,0,0,0,0,0,0,0,0,0,0,0,0,0
4.228837490081787,0.0,-5.733966827392578e-05,0.08339270949363708,7.766485214233398e-05,-0.08351373672485352,-0.9974721074104309,-1.758028507232666,0.7582377791404724,0.5862540602684021,0.03,1.2557531595230103,-0.0745384618639946,0.34334850311279297,0.040255285799503326,-0.0231791902333498,0.08124791830778122,0.9956109523773193,0,0,0,0,0,0,0,0,0,0,0,0,0,0
4.23039984703064,0.0,-5.733966827392578e-05,0.08339270949363708,7.766485214233398e-05,-0.08351373672485352,-0.9974721074104309,-1.758028507232666,0.7582377791404724,0.5862540602684021,0.03,1.2557531595230103,-0.0745384618639946,0.34334850311279297,0.040255285799503326,-0.0231791902333498,0.08124791830778122,0.9956109523773193,0,0,0,0,0,0,0,0,0,0,0,0,0,0
4.231661796569824,0.0,-5.733966827392578e-05,0.08339270949363708,7.766485214233398e-05,-0.08351373672485352,-0.9974721074104309,-1.758028507232666,0.7582377791404724,0.5862540602684021,0.03,1.2557531595230103,-0.0745384618639946,0.34334850311279297,0.040255285799503326,-0.0231791902333498,0.08124791830778122,0.9956109523773193,0,0,0,0,0,0,0,0,0,0,0,0,0,0
4.234224081039429,0.0,-5.733966827392578e-05,0.08339270949363708,7.766485214233398e-05,-0.08351373672485352,-0.9974721074104309,-1.758028507232666,0.7582377791404724,0.5862540602684021,0.03,1.2557531595230103,-0.0745384618639946,0.34334850311279297,0.040255285799503326,-0.0231791902333498,0.08124791830778122,0.9956109523773193,0,0,0,0,0,0,0,0,0,0,0,0,0,0
4.235536575317383,0.0,-5.733966827392578e-05,0.08339270949363708,7.766485214233398e-05,-0.08351373672485352,-0.9974721074104309,-1.758028507232666,0.7582377791404724,0.5862540602684021,0.03,1.2557531595230103,-0.0745384618639946,0.34334850311279297,0.040255285799503326,-0.0231791902333498,0.08124791830778122,0.9956109523773193,0,0,0,0,0,0,0,0,0,0,0,0,0,0
4.239124298095703,0.0,-5.733966827392578e-05,0.08339270949363708,7.766485214233398e-05,-0.08351373672485352,-0.9974721074104309,-1.758028507232666,0.7582377791404724,0.5862540602684021,0.03,1.2557531595230103,-0.0745384618639946,0.34334850311279297,0.040255285799503326,-0.0231791902333498,0.08124791830778122,0.9956109523773193,0,0,0,0,0,0,0,0,0,0,0,0,0,0
4.240461826324463,0.0,-5.733966827392578e-05,0.08339270949363708,7.766485214233398e-05,-0.08351373672485352,-0.9974721074104309,-1.758028507232666,0.7582377791404724,0.5862540602684021,0.03,1.2557531595230103,-0.0745384618639946,0.34334850311279297,0.040255285799503326,-0.0231791902333498,0.08124791830778122,0.9956109523773193,0,0,0,0,0,0,0,0,0,0,0,0,0,0
4.244327068328857,0.0,-5.811452865600586e-05,0.08339259028434753,7.766485214233398e-05,-0.08352428674697876,-1.0130890607833862,-1.7597129344940186,0.7554943561553955,0.5477280020713806,0.03,1.2557531595230103,-0.0745384618639946,0.34334850311279297,0.040255285799503326,-0.0231791902333498,0.08124791830778122,0.9956109523773193,0,0,0,0,0,0,0,0,0,0,0,0,0,0
4.247631788253784,0.0,-5.811452865600586e-05,0.08339259028434753,7.766485214233398e-05,-0.08351647853851318,-1.0130046606063843,-1.7596715688705444,0.7555514574050903,0.5653566122055054,0.03,1.2557531595230103,-0.0745384618639946,0.34334850311279297,0.040255285799503326,-0.0231791902333498,0.08124791830778122,0.9956109523773193,0,0,0,0,0,0,0,0,0,0,0,0,0,0
4.24900484085083,0.0,-5.0961971282958984e-05,0.08339279890060425,7.75456428527832e-05,-0.08354240655899048,-1.002801537513733,-1.7565383911132812,0.755623459815979,0.5268572568893433,0.03,1.2557531595230103,-0.0745384618639946,0.34334850311279297,0.040255285799503326,-0.0231791902333498,0.08124791830778122,0.9956109523773193,0,0,0,0,0,0,0,0,0,0,0,0,0,0
4.250068426132202,0.0,-5.233287811279297e-05,0.08339259028434753,7.76052474975586e-05,-0.08350729942321777,-1.0061475038528442,-1.7586686611175537,0.7517092823982239,0.5721649527549744,0.03,1.2557531595230103,-0.0745384618639946,0.34334850311279297,0.040255285799503326,-0.0231791902333498,0.08124791830778122,0.9956109523773193,0,0,0,0,0,0,0,0,0,0,0,0,0,0
4.251194477081299,0.0,-5.233287811279297e-05,0.08339259028434753,7.76052474975586e-05,-0.08350729942321777,-1.0061475038528442,-1.7586686611175537,0.7517092823982239,0.5721649527549744,0.03,1.2557531595230103,-0.0745384618639946,0.34334850311279297,0.040255285799503326,-0.0231791902333498,0.08124791830778122,0.9956109523773193,0,0,0,0,0,0,0,0,0,0,0,0,0,0
4.252843618392944,0.0,-5.233287811279297e-05,0.08339259028434753,7.76052474975586e-05,-0.08350729942321777,-1.0061475038528442,-1.7586686611175537,0.7517092823982239,0.5721649527549744,0.03,1.2557531595230103,-0.0745384618639946,0.34334850311279297,0.040255285799503326,-0.0231791902333498,0.08124791830778122,0.9956109523773193,0,0,0,0,0,0,0,0,0,0,0,0,0,0
4.254053592681885,0.0,-5.233287811279297e-05,0.08339259028434753,7.76052474975586e-05,-0.08350729942321777,-1.0061475038528442,-1.7586686611175537,0.7517092823982239,0.5721649527549744,0.03,1.2557531595230103,-0.0745384618639946,0.34334850311279297,0.040255285799503326,-0.0231791902333498,0.08124791830778122,0.9956109523773193,0,0,0,0,0,0,0,0,0,0,0,0,0,0
4.255169153213501,0.0,-5.233287811279297e-05,0.08339259028434753,7.76052474975586e-05,-0.08350729942321777,-1.0061475038528442,-1.7586686611175537,0.7517092823982239,0.5721649527549744,0.03,1.2557531595230103,-0.0745384618639946,0.34334850311279297,0.040255285799503326,-0.0231791902333498,0.08124791830778122,0.9956109523773193,0,0,0,0,0,0,0,0,0,0,0,0,0,0
4.25675106048584,0.0,-5.84721565246582e-05,0.08339284360408783,7.766485214233398e-05,-0.08352738618850708,-1.0168571472167969,-1.7561224699020386,0.7535808086395264,0.5377357602119446,0.03,1.255753993988037,-0.07454196363687515,0.3433169722557068,0.04044638201594353,-0.023172883316874504,0.08408482372760773,0.9953677654266357,0,0,0,0,0,0,0,0,0,0,0,0,0,0
4.257910490036011,0.0,-5.84721565246582e-05,0.08339284360408783,7.766485214233398e-05,-0.08352738618850708,-1.0168571472167969,-1.7561224699020386,0.7535808086395264,0.5377357602119446,0.03,1.255753993988037,-0.07454196363687515,0.3433169722557068,0.04044638201594353,-0.023172883316874504,0.08408482372760773,0.9953677654266357,0,0,0,0,0,0,0,0,0,0,0,0,0,0
4.259088754653931,0.0,-5.84721565246582e-05,0.08339284360408783,7.766485214233398e-05,-0.08352738618850708,-1.0168571472167969,-1.7561224699020386,0.7535808086395264,0.5377357602119446,0.03,1.255753993988037,-0.07454196363687515,0.3433169722557068,0.04044638201594353,-0.023172883316874504,0.08408482372760773,0.9953677654266357,0,0,0,0,0,0,0,0,0,0,0,0,0,0
4.260369062423706,0.0,-5.84721565246582e-05,0.08339284360408783,7.766485214233398e-05,-0.08352738618850708,-1.0168571472167969,-1.7561224699020386,0.7535808086395264,0.5377357602119446,0.03,1.255753993988037,-0.07454196363687515,0.3433169722557068,0.04044638201594353,-0.023172883316874504,0.08408482372760773,0.9953677654266357,0,0,0,0,0,0,0,0,0,0,0,0,0,0
4.261702537536621,0.0,-5.84721565246582e-05,0.08339284360408783,7.766485214233398e-05,-0.08352738618850708,-1.0168571472167969,-1.7561224699020386,0.7535808086395264,0.5377357602119446,0.03,1.255753993988037,-0.07454196363687515,0.3433169722557068,0.04044638201594353,-0.023172883316874504,0.08408482372760773,0.9953677654266357,0,0,0,0,0,0,0,0,0,0,0,0,0,0
4.262826442718506,0.0,-5.84721565246582e-05,0.08339284360408783,7.766485214233398e-05,-0.08352738618850708,-1.0168571472167969,-1.7561224699020386,0.7535808086395264,0.5377357602119446,0.03,1.255753993988037,-0.07454196363687515,0.3433169722557068,0.04044638201594353,-0.023172883316874504,0.08408482372760773,0.9953677654266357,0,0,0,0,0,0,0,0,0,0,0,0,0,0
4.263913154602051,0.0,-5.84721565246582e-05,0.08339284360408783,7.766485214233398e-05,-0.08352738618850708,-1.0168571472167969,-1.7561224699020386,0.7535808086395264,0.5377357602119446,0.03,1.255753993988037,-0.07454196363687515,0.3433169722557068,0.04044638201594353,-0.023172883316874504,0.08408482372760773,0.9953677654266357,0,0,0,0,0,0,0,0,0,0,0,0,0,0
4.265042543411255,0.0,-5.84721565246582e-05,0.08339284360408783,7.766485214233398e-05,-0.08352738618850708,-1.0168571472167969,-1.7561224699020386,0.7535808086395264,0.5377357602119446,0.03,1.255753993988037,-0.07454196363687515,0.3433169722557068,0.04044638201594353,-0.023172883316874504,0.08408482372760773,0.9953677654266357,0,0,0,0,0,0,0,0,0,0,0,0,0,0
4.266128301620483,0.0,-5.84721565246582e-05,0.08339284360408783,7.766485214233398e-05,-0.08352738618850708,-1.0168571472167969,-1.7561224699020386,0.7535808086395264,0.5377357602119446,0.03,1.255753993988037,-0.07454196363687515,0.3433169722557068,0.04044638201594353,-0.023172883316874504,0.08408482372760773,0.9953677654266357,0,0,0,0,0,0,0,0,0,0,0,0,0,0
4.26727557182312,0.0,-5.84721565246582e-05,0.08339284360408783,7.766485214233398e-05,-0.08352738618850708,-1.0168571472167969,-1.7561224699020386,0.7535808086395264,0.5377357602119446,0.03,1.255753993988037,-0.07454196363687515,0.3433169722557068,0.04044638201594353,-0.023172883316874504,0.08408482372760773,0.9953677654266357,0,0,0,0,0,0,0,0,0,0,0,0,0,0
4.268359184265137,0.0,-5.84721565246582e-05,0.08339284360408783,7.766485214233398e-05,-0.08352738618850708,-1.0168571472167969,-1.7561224699020386,0.7535808086395264,0.5377357602119446,0.03,1.255753993988037,-0.07454196363687515,0.3433169722557068,0.04044638201594353,-0.023172883316874504,0.08408482372760773,0.9953677654266357,0,0,0,0,0,0,0,0,0,0,0,0,0,0
4.269448280334473,0.0,-5.84721565246582e-05,0.08339284360408783,7.766485214233398e-05,-0.08352738618850708,-1.0168571472167969,-1.7561224699020386,0.7535808086395264,0.5377357602119446,0.03,1.255753993988037,-0.07454196363687515,0.3433169722557068,0.04044638201594353,-0.023172883316874504,0.08408482372760773,0.9953677654266357,0,0,0,0,0,0,0,0,0,0,0,0,0,0
4.27122950553894,0.0,-5.84721565246582e-05,0.08339284360408783,7.766485214233398e-05,-0.08352738618850708,-1.0168571472167969,-1.7561224699020386,0.7535808086395264,0.5377357602119446,0.03,1.255753993988037,-0.07454196363687515,0.3433169722557068,0.04044638201594353,-0.023172883316874504,0.08408482372760773,0.9953677654266357,0,0,0,0,0,0,0,0,0,0,0,0,0,0
4.272640943527222,0.0,-5.84721565246582e-05,0.08339284360408783,7.766485214233398e-05,-0.08352738618850708,-1.0168571472167969,-1.7561224699020386,0.7535808086395264,0.5377357602119446,0.03,1.255753993988037,-0.07454196363687515,0.3433169722557068,0.04044638201594353,-0.023172883316874504,0.08408482372760773,0.9953677654266357,0,0,0,0,0,0,0,0,0,0,0,0,0,0
4.27406644821167,0.0,-5.84721565246582e-05,0.08339284360408783,7.766485214233398e-05,-0.08352738618850708,-1.0168571472167969,-1.7561224699020386,0.7535808086395264,0.5377357602119446,0.03,1.255753993988037,-0.07454196363687515,0.3433169722557068,0.04044638201594353,-0.023172883316874504,0.08408482372760773,0.9953677654266357,0,0,0,0,0,0,0,0,0,0,0,0,0,0
4.276474952697754,0.0,-5.84721565246582e-05,0.08339284360408783,7.766485214233398e-05,-0.08352738618850708,-1.0168571472167969,-1.7561224699020386,0.7535808086395264,0.5377357602119446,0.03,1.255753993988037,-0.07454196363687515,0.3433169722557068,0.04044638201594353,-0.023172883316874504,0.08408482372760773,0.9953677654266357,0,0,0,0,0,0,0,0,0,0,0,0,0,0
4.277789115905762,0.0,-5.84721565246582e-05,0.08339284360408783,7.766485214233398e-05,-0.08352738618850708,-1.0168571472167969,-1.7561224699020386,0.7535808086395264,0.5377357602119446,0.03,1.255753993988037,-0.07454196363687515,0.3433169722557068,0.04044638201594353,-0.023172883316874504,0.08408482372760773,0.9953677654266357,0,0,0,0,0,0,0,0,0,0,0,0,0,0
4.2792627811431885,0.0,-5.84721565246582e-05,0.08339284360408783,7.766485214233398e-05,-0.08352738618850708,-1.0168571472167969,-1.7561224699020386,0.7535808086395264,0.5377357602119446,0.03,1.255753993988037,-0.07454196363687515,0.3433169722557068,0.04044638201594353,-0.023172883316874504,0.08408482372760773,0.9953677654266357,0,0,0,0,0,0,0,0,0,0,0,0,0,0
4.281286954879761,0.0,-5.84721565246582e-05,0.08339284360408783,7.766485214233398e-05,-0.08352738618850708,-1.0168571472167969,-1.7561224699020386,0.7535808086395264,0.5377357602119446,0.03,1.255753993988037,-0.07454196363687515,0.3433169722557068,0.04044638201594353,-0.023172883316874504,0.08408482372760773,0.9953677654266357,0,0,0,0,0,0,0,0,0,0,0,0,0,0
4.282427787780762,0.0,-5.84721565246582e-05,0.08339284360408783,7.766485214233398e-05,-0.08352738618850708,-1.0168571472167969,-1.7561224699020386,0.7535808086395264,0.5377357602119446,0.03,1.255753993988037,-0.07454196363687515,0.3433169722557068,0.04044638201594353,-0.023172883316874504,0.08408482372760773,0.9953677654266357,0,0,0,0,0,0,0,0,0,0,0,0,0,0
4.283782958984375,0.0,-5.84721565246582e-05,0.08339284360408783,7.766485214233398e-05,-0.08352738618850708,-1.0168571472167969,-1.7561224699020386,0.7535808086395264,0.5377357602119446,0.03,1.255753993988037,-0.07454196363687515,0.3433169722557068,0.04044638201594353,-0.023172883316874504,0.08408482372760773,0.9953677654266357,0,0,0,0,0,0,0,0,0,0,0,0,0,0
4.285372972488403,0.0,-5.84721565246582e-05,0.08339284360408783,7.766485214233398e-05,-0.08352738618850708,-1.0168571472167969,-1.7561224699020386,0.7535808086395264,0.5377357602119446,0.03,1.255753993988037,-0.07454196363687515,0.3433169722557068,0.04044638201594353,-0.023172883316874504,0.08408482372760773,0.9953677654266357,0,0,0,0,0,0,0,0,0,0,0,0,0,0
4.2868332862854,0.0,-5.84721565246582e-05,0.08339284360408783,7.766485214233398e-05,-0.08352738618850708,-1.0168571472167969,-1.7561224699020386,0.7535808086395264,0.5377357602119446,0.03,1.255753993988037,-0.07454196363687515,0.3433169722557068,0.04044638201594353,-0.023172883316874504,0.08408482372760773,0.9953677654266357,0,0,0,0,0,0,0,0,0,0,0,0,0,0
4.288058280944824,0.0,-5.84721565246582e-05,0.08339284360408783,7.766485214233398e-05,-0.08352738618850708,-1.0168571472167969,-1.7561224699020386,0.7535808086395264,0.5377357602119446,0.03,1.255753993988037,-0.07454196363687515,0.3433169722557068,0.04044638201594353,-0.023172883316874504,0.08408482372760773,0.9953677654266357,0,0,0,0,0,0,0,0,0,0,0,0,0,0
4.289455890655518,0.0,-5.829334259033203e-05,0.08338318765163422,7.766485214233398e-05,-0.08351260423660278,-1.0158189535140991,-1.7758471965789795,0.753638744354248,0.5713096261024475,0.03,1.255753993988037,-0.07454196363687515,0.3433169722557068,0.04044638201594353,-0.023172883316874504,0.08408482372760773,0.9953677654266357,0,0,0,0,0,0,0,0,0,0,0,0,0,0
4.2905213832855225,0.0,-5.829334259033203e-05,0.08339303731918335,7.75456428527832e-05,-0.0835195779800415,-1.0173696279525757,-1.7527532577514648,0.7538139224052429,0.5572895407676697,0.03,1.255751132965088,-0.07452604919672012,0.34333401918411255,0.04040910303592682,-0.02316068485379219,0.08317377418279648,0.9954460859298706,0,0,0,0,0,0,0,0,0,0,0,0,0,0
4.291822910308838,0.0,-5.829334259033203e-05,0.08339259028434753,7.75456428527832e-05,-0.08350962400436401,-1.0163555145263672,-1.7569873332977295,0.7517483234405518,0.5638413429260254,0.03,1.255751132965088,-0.07452604919672012,0.34333401918411255,0.04040910303592682,-0.02316068485379219,0.08317377418279648,0.9954460859298706,0,0,0,0,0,0,0,0,0,0,0,0,0,0
4.29297399520874,0.0,-5.692243576049805e-05,0.08339259028434753,7.766485214233398e-05,-0.08350777626037598,-1.0200062990188599,-1.7569458484649658,0.7516022324562073,0.5650436282157898,0.03,1.255751132965088,-0.07452604919672012,0.34333401918411255,0.04040910303592682,-0.02316068485379219,0.08317377418279648,0.9954460859298706,0,0,0,0,0,0,0,0,0,0,0,0,0,0
4.29524827003479,0.0,-5.692243576049805e-05,0.08339259028434753,7.766485214233398e-05,-0.08350777626037598,-1.0200062990188599,-1.7569458484649658,0.7516022324562073,0.5650436282157898,0.03,1.255751132965088,-0.07452604919672012,0.34333401918411255,0.04040910303592682,-0.02316068485379219,0.08317377418279648,0.9954460859298706,0,0,0,0,0,0,0,0,0,0,0,0,0,0
4.297775506973267,0.0,-5.692243576049805e-05,0.08339259028434753,7.766485214233398e-05,-0.08350777626037598,-1.0200062990188599,-1.7569458484649658,0.7516022324562073,0.5650436282157898,0.03,1.255751132965088,-0.07452604919672012,0.34333401918411255,0.04040910303592682,-0.02316068485379219,0.08317377418279648,0.9954460859298706,0,0,0,0,0,0,0,0,0,0,0,0,0,0
4.300802707672119,0.0,-5.7578086853027344e-05,0.08339256048202515,7.766485214233398e-05,-0.0835270881652832,-1.0195918083190918,-1.7568318843841553,0.7517737150192261,0.5282779932022095,0.03,1.2557425498962402,-0.07458125054836273,0.3432839512825012,0.0403398759663105,-0.023121027275919914,0.0826607346534729,0.9954925775527954,0,0,0,0,0,0,0,0,0,0,0,0,0,0
4.302337169647217,0.0,-5.78761100769043e-05,0.08339256048202515,7.742643356323242e-05,-0.0835120677947998,-1.0055046081542969,-1.7562124729156494,0.7545194029808044,0.5651290416717529,0.03,1.2557425498962402,-0.07458125054836273,0.3432839512825012,0.0403398759663105,-0.023121027275919914,0.0826607346534729,0.9954925775527954,0,0,0,0,0,0,0,0,0,0,0,0,0,0
4.303630590438843,0.0,-5.78761100769043e-05,0.08339256048202515,7.742643356323242e-05,-0.0835120677947998,-1.0055046081542969,-1.7562124729156494,0.7545194029808044,0.5651290416717529,0.03,1.2557425498962402,-0.07458125054836273,0.3432839512825012,0.0403398759663105,-0.023121027275919914,0.0826607346534729,0.9954925775527954,0,0,0,0,0,0,0,0,0,0,0,0,0,0
4.305976867675781,0.0,-5.78761100769043e-05,0.08339256048202515,7.742643356323242e-05,-0.0835120677947998,-1.0055046081542969,-1.7562124729156494,0.7545194029808044,0.5651290416717529,0.03,1.2557425498962402,-0.07458125054836273,0.3432839512825012,0.0403398759663105,-0.023121027275919914,0.0826607346534729,0.9954925775527954,0,0,0,0,0,0,0,0,0,0,0,0,0,0
4.307354927062988,0.0,-5.78761100769043e-05,0.08339256048202515,7.742643356323242e-05,-0.0835120677947998,-1.0055046081542969,-1.7562124729156494,0.7545194029808044,0.5651290416717529,0.03,1.2557425498962402,-0.07458125054836273,0.3432839512825012,0.0403398759663105,-0.023121027275919914,0.0826607346534729,0.9954925775527954,0,0,0,0,0,0,0,0,0,0,0,0,0,0
4.308467626571655,0.0,-5.78761100769043e-05,0.08339256048202515,7.742643356323242e-05,-0.0835120677947998,-1.0055046081542969,-1.7562124729156494,0.7545194029808044,0.5651290416717529,0.03,1.2557425498962402,-0.07458125054836273,0.3432839512825012,0.0403398759663105,-0.023121027275919914,0.0826607346534729,0.9954925775527954,0,0,0,0,0,0,0,0,0,0,0,0,0,0
4.311050653457642,0.0,-5.78761100769043e-05,0.08339256048202515,7.742643356323242e-05,-0.0835120677947998,-1.0055046081542969,-1.7562124729156494,0.7545194029808044,0.5651290416717529,0.03,1.2557425498962402,-0.07458125054836273,0.3432839512825012,0.0403398759663105,-0.023121027275919914,0.0826607346534729,0.9954925775527954,0,0,0,0,0,0,0,0,0,0,0,0,0,0
4.313996076583862,0.0,-5.429983139038086e-05,0.08339259028434753,7.75456428527832e-05,-0.08351755142211914,-1.0283558368682861,-1.7544255256652832,0.7502357363700867,0.539635956287384,0.03,1.2557488679885864,-0.07461227476596832,0.34321919083595276,0.040244366973638535,-0.023019837215542793,0.08252020180225372,0.995510458946228,0,0,0,0,0,0,0,0,0,0,0,0,0,0
4.315402030944824,0.0,-4.2378902435302734e-05,0.08339256048202515,7.772445678710938e-05,-0.08351099491119385,-0.9984096884727478,-1.7539818286895752,0.7436125874519348,0.5566007494926453,0.03,1.2557462453842163,-0.0745808333158493,0.3432314097881317,0.040289949625730515,-0.02305471897125244,0.08236721903085709,0.9955203533172607,0,0,0,0,0,0,0,0,0,0,0,0,0,0
4.318613767623901,0.0,-4.2378902435302734e-05,0.08339256048202515,7.772445678710938e-05,-0.08351099491119385,-0.9984096884727478,-1.7539818286895752,0.7436125874519348,0.5566007494926453,0.03,1.2557462453842163,-0.0745808333158493,0.3432314097881317,0.040289949625730515,-0.02305471897125244,0.08236721903085709,0.9955203533172607,0,0,0,0,0,0,0,0,0,0,0,0,0,0
4.320407152175903,0.0,-4.2378902435302734e-05,0.08339256048202515,7.772445678710938e-05,-0.08351099491119385,-0.9984096884727478,-1.7539818286895752,0.7436125874519348,0.5566007494926453,0.03,1.2557462453842163,-0.0745808333158493,0.3432314097881317,0.040289949625730515,-0.02305471897125244,0.08236721903085709,0.9955203533172607,0,0,0,0,0,0,0,0,0,0,0,0,0,0
4.323084592819214,0.0,-4.2378902435302734e-05,0.08339256048202515,7.772445678710938e-05,-0.08351099491119385,-0.9984096884727478,-1.7539818286895752,0.7436125874519348,0.5566007494926453,0.03,1.2557462453842163,-0.0745808333158493,0.3432314097881317,0.040289949625730515,-0.02305471897125244,0.08236721903085709,0.9955203533172607,0,0,0,0,0,0,0,0,0,0,0,0,0,0
4.324259281158447,0.0,-4.2378902435302734e-05,0.08339256048202515,7.772445678710938e-05,-0.08351099491119385,-0.9984096884727478,-1.7539818286895752,0.7436125874519348,0.5566007494926453,0.03,1.2557462453842163,-0.0745808333158493,0.3432314097881317,0.040289949625730515,-0.02305471897125244,0.08236721903085709,0.9955203533172607,0,0,0,0,0,0,0,0,0,0,0,0,0,0
4.325371026992798,0.0,-4.2378902435302734e-05,0.08339256048202515,7.772445678710938e-05,-0.08351099491119385,-0.9984096884727478,-1.7539818286895752,0.7436125874519348,0.5566007494926453,0.03,1.2557462453842163,-0.0745808333158493,0.3432314097881317,0.040289949625730515,-0.02305471897125244,0.08236721903085709,0.9955203533172607,0,0,0,0,0,0,0,0,0,0,0,0,0,0
4.326705694198608,0.0,-4.2378902435302734e-05,0.08339256048202515,7.772445678710938e-05,-0.08351099491119385,-0.9984096884727478,-1.7539818286895752,0.7436125874519348,0.5566007494926453,0.03,1.2557462453842163,-0.0745808333158493,0.3432314097881317,0.040289949625730515,-0.02305471897125244,0.08236721903085709,0.9955203533172607,0,0,0,0,0,0,0,0,0,0,0,0,0,0
4.328043699264526,0.0,-4.2378902435302734e-05,0.08339256048202515,7.772445678710938e-05,-0.08351099491119385,-0.9984096884727478,-1.7539818286895752,0.7436125874519348,0.5566007494926453,0.03,1.2557462453842163,-0.0745808333158493,0.3432314097881317,0.040289949625730515,-0.02305471897125244,0.08236721903085709,0.9955203533172607,0,0,0,0,0,0,0,0,0,0,0,0,0,0
4.329707622528076,0.0,-4.2378902435302734e-05,0.08339256048202515,7.772445678710938e-05,-0.08351099491119385,-0.9984096884727478,-1.7539818286895752,0.7436125874519348,0.5566007494926453,0.03,1.2557462453842163,-0.0745808333158493,0.3432314097881317,0.040289949625730515,-0.02305471897125244,0.08236721903085709,0.9955203533172607,0,0,0,0,0,0,0,0,0,0,0,0,0,0
4.330963134765625,0.0,-4.2378902435302734e-05,0.08339256048202515,7.772445678710938e-05,-0.08351099491119385,-0.9984096884727478,-1.7539818286895752,0.7436125874519348,0.5566007494926453,0.03,1.2557462453842163,-0.0745808333158493,0.3432314097881317,0.040289949625730515,-0.02305471897125244,0.08236721903085709,0.9955203533172607,0,0,0,0,0,0,0,0,0,0,0,0,0,0
4.332379102706909,0.0,-4.214048385620117e-05,0.08339256048202515,7.736682891845703e-05,-0.0835077166557312,-0.9950898885726929,-1.753609299659729,0.7492152452468872,0.5555554032325745,0.03,1.2557462453842163,-0.0745808333158493,0.3432314097881317,0.040289949625730515,-0.02305471897125244,0.08236721903085709,0.9955203533172607,0,0,0,0,0,0,0,0,0,0,0,0,0,0
4.333504915237427,0.0,-4.214048385620117e-05,0.08339256048202515,7.736682891845703e-05,-0.0835077166557312,-0.9950898885726929,-1.753609299659729,0.7492152452468872,0.5555554032325745,0.03,1.2557462453842163,-0.0745808333158493,0.3432314097881317,0.040289949625730515,-0.02305471897125244,0.08236721903085709,0.9955203533172607,0,0,0,0,0,0,0,0,0,0,0,0,0,0
4.33500599861145,0.0,-4.214048385620117e-05,0.08339256048202515,7.736682891845703e-05,-0.0835077166557312,-0.9950898885726929,-1.753609299659729,0.7492152452468872,0.5555554032325745,0.03,1.2557462453842163,-0.0745808333158493,0.3432314097881317,0.040289949625730515,-0.02305471897125244,0.08236721903085709,0.9955203533172607,0,0,0,0,0,0,0,0,0,0,0,0,0,0
4.336148023605347,0.0,-4.214048385620117e-05,0.08339256048202515,7.736682891845703e-05,-0.0835077166557312,-0.9950898885726929,-1.753609299659729,0.7492152452468872,0.5555554032325745,0.03,1.2557462453842163,-0.0745808333158493,0.3432314097881317,0.040289949625730515,-0.02305471897125244,0.08236721903085709,0.9955203533172607,0,0,0,0,0,0,0,0,0,0,0,0,0,0
4.337381601333618,0.0,-4.214048385620117e-05,0.08339256048202515,7.736682891845703e-05,-0.0835077166557312,-0.9950898885726929,-1.753609299659729,0.7492152452468872,0.5555554032325745,0.03,1.2557462453842163,-0.0745808333158493,0.3432314097881317,0.040289949625730515,-0.02305471897125244,0.08236721903085709,0.9955203533172607,0,0,0,0,0,0,0,0,0,0,0,0,0,0
4.338447332382202,0.0,-4.214048385620117e-05,0.08339256048202515,7.736682891845703e-05,-0.0835077166557312,-0.9950898885726929,-1.753609299659729,0.7492152452468872,0.5555554032325745,0.03,1.2557462453842163,-0.0745808333158493,0.3432314097881317,0.040289949625730515,-0.02305471897125244,0.08236721903085709,0.9955203533172607,0,0,0,0,0,0,0,0,0,0,0,0,0,0
4.339513778686523,0.0,-4.214048385620117e-05,0.08339256048202515,7.736682891845703e-05,-0.0835077166557312,-0.9950898885726929,-1.753609299659729,0.7492152452468872,0.5555554032325745,0.03,1.2557462453842163,-0.0745808333158493,0.3432314097881317,0.040289949625730515,-0.02305471897125244,0.08236721903085709,0.9955203533172607,0,0,0,0,0,0,0,0,0,0,0,0,0,0
4.340590476989746,0.0,-4.214048385620117e-05,0.08339256048202515,7.736682891845703e-05,-0.0835077166557312,-0.9950898885726929,-1.753609299659729,0.7492152452468872,0.5555554032325745,0.03,1.2557462453842163,-0.0745808333158493,0.3432314097881317,0.040289949625730515,-0.02305471897125244,0.08236721903085709,0.9955203533172607,0,0,0,0,0,0,0,0,0,0,0,0,0,0
4.341695308685303,0.0,-4.214048385620117e-05,0.08339256048202515,7.736682891845703e-05,-0.0835077166557312,-0.9950898885726929,-1.753609299659729,0.7492152452468872,0.5555554032325745,0.03,1.2557462453842163,-0.0745808333158493,0.3432314097881317,0.040289949625730515,-0.02305471897125244,0.08236721903085709,0.9955203533172607,0,0,0,0,0,0,0,0,0,0,0,0,0,0
4.342788934707642,0.0,-4.214048385620117e-05,0.08339256048202515,7.736682891845703e-05,-0.0835077166557312,-0.9950898885726929,-1.753609299659729,0.7492152452468872,0.5555554032325745,0.03,1.2557462453842163,-0.0745808333158493,0.3432314097881317,0.040289949625730515,-0.02305471897125244,0.08236721903085709,0.9955203533172607,0,0,0,0,0,0,0,0,0,0,0,0,0,0
4.343897104263306,0.0,-4.214048385620117e-05,0.08339256048202515,7.736682891845703e-05,-0.0835077166557312,-0.9950898885726929,-1.753609299659729,0.7492152452468872,0.5555554032325745,0.03,1.2557462453842163,-0.0745808333158493,0.3432314097881317,0.040289949625730515,-0.02305471897125244,0.08236721903085709,0.9955203533172607,0,0,0,0,0,0,0,0,0,0,0,0,0,0
4.344960927963257,0.0,-4.214048385620117e-05,0.08339256048202515,7.736682891845703e-05,-0.0835077166557312,-0.9950898885726929,-1.753609299659729,0.7492152452468872,0.5555554032325745,0.03,1.2557462453842163,-0.0745808333158493,0.3432314097881317,0.040289949625730515,-0.02305471897125244,0.08236721903085709,0.9955203533172607,0,0,0,0,0,0,0,0,0,0,0,0,0,0
4.346593618392944,0.0,-4.214048385620117e-05,0.08339256048202515,7.736682891845703e-05,-0.0835077166557312,-0.9950898885726929,-1.753609299659729,0.7492152452468872,0.5555554032325745,0.03,1.2557462453842163,-0.0745808333158493,0.3432314097881317,0.040289949625730515,-0.02305471897125244,0.08236721903085709,0.9955203533172607,0,0,0,0,0,0,0,0,0,0,0,0,0,0
4.348247766494751,0.0,-4.214048385620117e-05,0.08339256048202515,7.736682891845703e-05,-0.0835077166557312,-0.9950898885726929,-1.753609299659729,0.7492152452468872,0.5555554032325745,0.03,1.2557462453842163,-0.0745808333158493,0.3432314097881317,0.040289949625730515,-0.02305471897125244,0.08236721903085709,0.9955203533172607,0,0,0,0,0,0,0,0,0,0,0,0,0,0
4.350162506103516,0.0,-4.214048385620117e-05,0.08339256048202515,7.736682891845703e-05,-0.0835077166557312,-0.9950898885726929,-1.753609299659729,0.7492152452468872,0.5555554032325745,0.03,1.2557462453842163,-0.0745808333158493,0.3432314097881317,0.040289949625730515,-0.02305471897125244,0.08236721903085709,0.9955203533172607,0,0,0,0,0,0,0,0,0,0,0,0,0,0
4.351270914077759,0.0,-4.214048385620117e-05,0.08339256048202515,7.736682891845703e-05,-0.0835077166557312,-0.9950898885726929,-1.753609299659729,0.7492152452468872,0.5555554032325745,0.03,1.2557462453842163,-0.0745808333158493,0.3432314097881317,0.040289949625730515,-0.02305471897125244,0.08236721903085709,0.9955203533172607,0,0,0,0,0,0,0,0,0,0,0,0,0,0
4.352415084838867,0.0,-4.214048385620117e-05,0.08339256048202515,7.736682891845703e-05,-0.0835077166557312,-0.9950898885726929,-1.753609299659729,0.7492152452468872,0.5555554032325745,0.03,1.2557462453842163,-0.0745808333158493,0.3432314097881317,0.040289949625730515,-0.02305471897125244,0.08236721903085709,0.9955203533172607,0,0,0,0,0,0,0,0,0,0,0,0,0,0
4.353502035140991,0.0,-4.214048385620117e-05,0.08339256048202515,7.736682891845703e-05,-0.0835077166557312,-0.9950898885726929,-1.753609299659729,0.7492152452468872,0.5555554032325745,0.03,1.2557462453842163,-0.0745808333158493,0.3432314097881317,0.040289949625730515,-0.02305471897125244,0.08236721903085709,0.9955203533172607,0,0,0,0,0,0,0,0,0,0,0,0,0,0
4.354625940322876,0.0,-4.214048385620117e-05,0.08339256048202515,7.736682891845703e-05,-0.0835077166557312,-0.9950898885726929,-1.753609299659729,0.7492152452468872,0.5555554032325745,0.03,1.2557462453842163,-0.0745808333158493,0.3432314097881317,0.040289949625730515,-0.02305471897125244,0.08236721903085709,0.9955203533172607,0,0,0,0,0,0,0,0,0,0,0,0,0,0
4.355970859527588,0.0,-4.214048385620117e-05,0.08339256048202515,7.736682891845703e-05,-0.0835077166557312,-0.9950898885726929,-1.753609299659729,0.7492152452468872,0.5555554032325745,0.03,1.2557462453842163,-0.0745808333158493,0.3432314097881317,0.040289949625730515,-0.02305471897125244,0.08236721903085709,0.9955203533172607,0,0,0,0,0,0,0,0,0,0,0,0,0,0
4.357247591018677,0.0,-4.214048385620117e-05,0.08339256048202515,7.736682891845703e-05,-0.0835077166557312,-0.9950898885726929,-1.753609299659729,0.7492152452468872,0.5555554032325745,0.03,1.2557462453842163,-0.0745808333158493,0.3432314097881317,0.040289949625730515,-0.02305471897125244,0.08236721903085709,0.9955203533172607,0,0,0,0,0,0,0,0,0,0,0,0,0,0
4.358479976654053,0.0,-4.214048385620117e-05,0.08339256048202515,7.736682891845703e-05,-0.0835077166557312,-0.9950898885726929,-1.753609299659729,0.7492152452468872,0.5555554032325745,0.03,1.2557462453842163,-0.0745808333158493,0.3432314097881317,0.040289949625730515,-0.02305471897125244,0.08236721903085709,0.9955203533172607,0,0,0,0,0,0,0,0,0,0,0,0,0,0
4.359671592712402,0.0,-4.214048385620117e-05,0.08339256048202515,7.736682891845703e-05,-0.0835077166557312,-0.9950898885726929,-1.753609299659729,0.7492152452468872,0.5555554032325745,0.03,1.2557462453842163,-0.0745808333158493,0.3432314097881317,0.040289949625730515,-0.02305471897125244,0.08236721903085709,0.9955203533172607,0,0,0,0,0,0,0,0,0,0,0,0,0,0
4.360736608505249,0.0,-4.214048385620117e-05,0.08339256048202515,7.736682891845703e-05,-0.0835077166557312,-0.9950898885726929,-1.753609299659729,0.7492152452468872,0.5555554032325745,0.03,1.2557462453842163,-0.0745808333158493,0.3432314097881317,0.040289949625730515,-0.02305471897125244,0.08236721903085709,0.9955203533172607,0,0,0,0,0,0,0,0,0,0,0,0,0,0
4.361865997314453,0.0,-4.214048385620117e-05,0.08339256048202515,7.736682891845703e-05,-0.0835077166557312,-0.9950898885726929,-1.753609299659729,0.7492152452468872,0.5555554032325745,0.03,1.2557462453842163,-0.0745808333158493,0.3432314097881317,0.040289949625730515,-0.02305471897125244,0.08236721903085709,0.9955203533172607,0,0,0,0,0,0,0,0,0,0,0,0,0,0
4.36301326751709,0.0,-4.214048385620117e-05,0.08339256048202515,7.736682891845703e-05,-0.0835077166557312,-0.9950898885726929,-1.753609299659729,0.7492152452468872,0.5555554032325745,0.03,1.2557462453842163,-0.0745808333158493,0.3432314097881317,0.040289949625730515,-0.02305471897125244,0.08236721903085709,0.9955203533172607,0,0,0,0,0,0,0,0,0,0,0,0,0,0
4.364229202270508,0.0,-4.214048385620117e-05,0.08339256048202515,7.736682891845703e-05,-0.0835077166557312,-0.9950898885726929,-1.753609299659729,0.7492152452468872,0.5555554032325745,0.03,1.2557562589645386,-0.07453596591949463,0.34332773089408875,0.04027640074491501,-0.023121004924178123,0.08287131786346436,0.9954776167869568,0,0,0,0,0,0,0,0,0,0,0,0,0,0
4.365355014801025,0.0,-4.214048385620117e-05,0.08339256048202515,7.736682891845703e-05,-0.0835077166557312,-0.9950898885726929,-1.753609299659729,0.7492152452468872,0.5555554032325745,0.03,1.2557510137557983,-0.0745837613940239,0.34326687455177307,0.04030737653374672,-0.023061556741595268,0.08290670067071915,0.9954747557640076,0,0,0,0,0,0,0,0,0,0,0,0,0,0
4.367045640945435,0.0,-4.214048385620117e-05,0.08339256048202515,7.736682891845703e-05,-0.0835077166557312,-0.9950898885726929,-1.753609299659729,0.7492152452468872,0.5555554032325745,0.03,1.2557505369186401,-0.0745314508676529,0.34331050515174866,0.040357254445552826,-0.02309878170490265,0.08247990161180496,0.9955073595046997,0,0,0,0,0,0,0,0,0,0,0,0,0,0
4.368675231933594,0.0,-4.214048385620117e-05,0.08339256048202515,7.736682891845703e-05,-0.0835077166557312,-0.9950898885726929,-1.753609299659729,0.7492152452468872,0.5555554032325745,0.03,1.2557505369186401,-0.0745314508676529,0.34331050515174866,0.040357254445552826,-0.02309878170490265,0.08247990161180496,0.9955073595046997,0,0,0,0,0,0,0,0,0,0,0,0,0,0
4.3710150718688965,0.0,-4.214048385620117e-05,0.08339256048202515,7.736682891845703e-05,-0.0835077166557312,-0.9950898885726929,-1.753609299659729,0.7492152452468872,0.5555554032325745,0.03,1.2557505369186401,-0.0745314508676529,0.34331050515174866,0.040357254445552826,-0.02309878170490265,0.08247990161180496,0.9955073595046997,0,0,0,0,0,0,0,0,0,0,0,0,0,0
4.372537136077881,0.0,-4.100799560546875e-05,0.08339259028434753,7.814168930053711e-05,-0.0835120677947998,-1.0011863708496094,-1.751756191253662,0.7412314414978027,0.5206137895584106,0.03,1.2557505369186401,-0.0745314508676529,0.34331050515174866,0.040357254445552826,-0.02309878170490265,0.08247990161180496,0.9955073595046997,0,0,0,0,0,0,0,0,0,0,0,0,0,0
4.3737404346466064,0.0,-2.2411346435546875e-05,0.08339259028434753,7.75456428527832e-05,-0.0835074782371521,-0.9806537628173828,-1.7509901523590088,0.7445021867752075,0.5479332804679871,0.03,1.2557505369186401,-0.0745314508676529,0.34331050515174866,0.040357254445552826,-0.02309878170490265,0.08247990161180496,0.9955073595046997,0,0,0,0,0,0,0,0,0,0,0,0,0,0
4.374871730804443,0.0,-2.2411346435546875e-05,0.08339259028434753,7.75456428527832e-05,-0.0835074782371521,-0.9806537628173828,-1.7509901523590088,0.7445021867752075,0.5479332804679871,0.03,1.2557505369186401,-0.0745314508676529,0.34331050515174866,0.040357254445552826,-0.02309878170490265,0.08247990161180496,0.9955073595046997,0,0,0,0,0,0,0,0,0,0,0,0,0,0
4.376136541366577,0.0,-2.2411346435546875e-05,0.08339259028434753,7.75456428527832e-05,-0.0835074782371521,-0.9806537628173828,-1.7509901523590088,0.7445021867752075,0.5479332804679871,0.03,1.2557505369186401,-0.0745314508676529,0.34331050515174866,0.040357254445552826,-0.02309878170490265,0.08247990161180496,0.9955073595046997,0,0,0,0,0,0,0,0,0,0,0,0,0,0
4.378672122955322,0.0,-2.2411346435546875e-05,0.08339259028434753,7.75456428527832e-05,-0.0835074782371521,-0.9806537628173828,-1.7509901523590088,0.7445021867752075,0.5479332804679871,0.03,1.2557505369186401,-0.0745314508676529,0.34331050515174866,0.040357254445552826,-0.02309878170490265,0.08247990161180496,0.9955073595046997,0,0,0,0,0,0,0,0,0,0,0,0,0,0
4.380174875259399,0.0,-2.2411346435546875e-05,0.08339259028434753,7.75456428527832e-05,-0.0835074782371521,-0.9806537628173828,-1.7509901523590088,0.7445021867752075,0.5479332804679871,0.03,1.2557505369186401,-0.0745314508676529,0.34331050515174866,0.040357254445552826,-0.02309878170490265,0.08247990161180496,0.9955073595046997,0,0,0,0,0,0,0,0,0,0,0,0,0,0
4.381269454956055,0.0,-2.2411346435546875e-05,0.08339259028434753,7.75456428527832e-05,-0.0835074782371521,-0.9806537628173828,-1.7509901523590088,0.7445021867752075,0.5479332804679871,0.03,1.2557505369186401,-0.0745314508676529,0.34331050515174866,0.040357254445552826,-0.02309878170490265,0.08247990161180496,0.9955073595046997,0,0,0,0,0,0,0,0,0,0,0,0,0,0
4.38297438621521,0.0,-2.2411346435546875e-05,0.08339259028434753,7.75456428527832e-05,-0.0835074782371521,-0.9806537628173828,-1.7509901523590088,0.7445021867752075,0.5479332804679871,0.03,1.2557505369186401,-0.0745314508676529,0.34331050515174866,0.040357254445552826,-0.02309878170490265,0.08247990161180496,0.9955073595046997,0,0,0,0,0,0,0,0,0,0,0,0,0,0
4.384158134460449,0.0,-2.2411346435546875e-05,0.08339259028434753,7.75456428527832e-05,-0.0835074782371521,-0.9806537628173828,-1.7509901523590088,0.7445021867752075,0.5479332804679871,0.03,1.2557505369186401,-0.0745314508676529,0.34331050515174866,0.040357254445552826,-0.02309878170490265,0.08247990161180496,0.9955073595046997,0,0,0,0,0,0,0,0,0,0,0,0,0,0
4.3856518268585205,0.0,-2.2411346435546875e-05,0.08339259028434753,7.75456428527832e-05,-0.0835074782371521,-0.9806537628173828,-1.7509901523590088,0.7445021867752075,0.5479332804679871,0.03,1.2557505369186401,-0.0745314508676529,0.34331050515174866,0.040357254445552826,-0.02309878170490265,0.08247990161180496,0.9955073595046997,0,0,0,0,0,0,0,0,0,0,0,0,0,0
4.389338970184326,0.0,-2.2411346435546875e-05,0.08339259028434753,7.75456428527832e-05,-0.0835074782371521,-0.9806537628173828,-1.7509901523590088,0.7445021867752075,0.5479332804679871,0.03,1.2557505369186401,-0.0745314508676529,0.34331050515174866,0.040357254445552826,-0.02309878170490265,0.08247990161180496,0.9955073595046997,0,0,0,0,0,0,0,0,0,0,0,0,0,0
4.390639305114746,0.0,-2.2411346435546875e-05,0.08339259028434753,7.75456428527832e-05,-0.0835074782371521,-0.9806537628173828,-1.7509901523590088,0.7445021867752075,0.5479332804679871,0.03,1.2557505369186401,-0.0745314508676529,0.34331050515174866,0.040357254445552826,-0.02309878170490265,0.08247990161180496,0.9955073595046997,0,0,0,0,0,0,0,0,0,0,0,0,0,0
4.39272141456604,0.0,-2.2411346435546875e-05,0.08339259028434753,7.75456428527832e-05,-0.0835074782371521,-0.9806537628173828,-1.7509901523590088,0.7445021867752075,0.5479332804679871,0.03,1.2557505369186401,-0.0745314508676529,0.34331050515174866,0.040357254445552826,-0.02309878170490265,0.08247990161180496,0.9955073595046997,0,0,0,0,0,0,0,0,0,0,0,0,0,0
4.394612789154053,0.0,-2.2411346435546875e-05,0.08339259028434753,7.75456428527832e-05,-0.0835074782371521,-0.9806537628173828,-1.7509901523590088,0.7445021867752075,0.5479332804679871,0.03,1.2557505369186401,-0.0745314508676529,0.34331050515174866,0.040357254445552826,-0.02309878170490265,0.08247990161180496,0.9955073595046997,0,0,0,0,0,0,0,0,0,0,0,0,0,0
4.3965981006622314,0.0,-2.2411346435546875e-05,0.08339259028434753,7.75456428527832e-05,-0.0835074782371521,-0.9806537628173828,-1.7509901523590088,0.7445021867752075,0.5479332804679871,0.03,1.2557505369186401,-0.0745314508676529,0.34331050515174866,0.040357254445552826,-0.02309878170490265,0.08247990161180496,0.9955073595046997,0,0,0,0,0,0,0,0,0,0,0,0,0,0
4.398007869720459,0.0,-2.2411346435546875e-05,0.08339259028434753,7.75456428527832e-05,-0.0835074782371521,-0.9806537628173828,-1.7509901523590088,0.7445021867752075,0.5479332804679871,0.03,1.2557505369186401,-0.0745314508676529,0.34331050515174866,0.040357254445552826,-0.02309878170490265,0.08247990161180496,0.9955073595046997,0,0,0,0,0,0,0,0,0,0,0,0,0,0
4.399243116378784,0.0,-2.2411346435546875e-05,0.08339259028434753,7.75456428527832e-05,-0.0835074782371521,-0.9806537628173828,-1.7509901523590088,0.7445021867752075,0.5479332804679871,0.03,1.2557505369186401,-0.0745314508676529,0.34331050515174866,0.040357254445552826,-0.02309878170490265,0.08247990161180496,0.9955073595046997,0,0,0,0,0,0,0,0,0,0,0,0,0,0
4.400336265563965,0.0,-2.2411346435546875e-05,0.08339259028434753,7.75456428527832e-05,-0.0835074782371521,-0.9806537628173828,-1.7509901523590088,0.7445021867752075,0.5479332804679871,0.03,1.2557505369186401,-0.0745314508676529,0.34331050515174866,0.040357254445552826,-0.02309878170490265,0.08247990161180496,0.9955073595046997,0,0,0,0,0,0,0,0,0,0,0,0,0,0
4.401895999908447,0.0,-2.2411346435546875e-05,0.08339259028434753,7.75456428527832e-05,-0.0835074782371521,-0.9806537628173828,-1.7509901523590088,0.7445021867752075,0.5479332804679871,0.03,1.2557505369186401,-0.0745314508676529,0.34331050515174866,0.040357254445552826,-0.02309878170490265,0.08247990161180496,0.9955073595046997,0,0,0,0,0,0,0,0,0,0,0,0,0,0
4.403055429458618,0.0,-2.2411346435546875e-05,0.08339259028434753,7.75456428527832e-05,-0.0835074782371521,-0.9806537628173828,-1.7509901523590088,0.7445021867752075,0.5479332804679871,0.03,1.2557505369186401,-0.0745314508676529,0.34331050515174866,0.040357254445552826,-0.02309878170490265,0.08247990161180496,0.9955073595046997,0,0,0,0,0,0,0,0,0,0,0,0,0,0
4.404445648193359,0.0,-3.3915042877197266e-05,0.08339259028434753,7.784366607666016e-05,-0.08352315425872803,-0.9941397905349731,-1.7508660554885864,0.7409281730651855,0.5108736753463745,0.03,1.2557505369186401,-0.0745314508676529,0.34331050515174866,0.040357254445552826,-0.02309878170490265,0.08247990161180496,0.9955073595046997,0,0,0,0,0,0,0,0,0,0,0,0,0,0
4.4057605266571045,0.0,-2.4974346160888672e-05,0.08339256048202515,7.736682891845703e-05,-0.08350777626037598,-0.9746772050857544,-1.7504429817199707,0.7454380989074707,0.5437860488891602,0.03,1.2557588815689087,-0.07456514239311218,0.34325751662254333,0.040302541106939316,-0.02306164614856243,0.08290950208902359,0.9954747557640076,0,0,0,0,0,0,0,0,0,0,0,0,0,0
4.407282114028931,0.0,-4.774332046508789e-05,0.08339256048202515,7.736682891845703e-05,-0.08351832628250122,-1.029318928718567,-1.7503187656402588,0.7445048689842224,0.525754988193512,0.03,1.2557588815689087,-0.07456514239311218,0.34325751662254333,0.040302541106939316,-0.02306164614856243,0.08290950208902359,0.9954747557640076,0,0,0,0,0,0,0,0,0,0,0,0,0,0
4.408418893814087,0.0,-4.774332046508789e-05,0.08339256048202515,7.736682891845703e-05,-0.08351832628250122,-1.029318928718567,-1.7503187656402588,0.7445048689842224,0.525754988193512,0.03,1.2557588815689087,-0.07456514239311218,0.34325751662254333,0.040302541106939316,-0.02306164614856243,0.08290950208902359,0.9954747557640076,0,0,0,0,0,0,0,0,0,0,0,0,0,0
4.409488916397095,0.0,-4.774332046508789e-05,0.08339256048202515,7.736682891845703e-05,-0.08351832628250122,-1.029318928718567,-1.7503187656402588,0.7445048689842224,0.525754988193512,0.03,1.2557588815689087,-0.07456514239311218,0.34325751662254333,0.040302541106939316,-0.02306164614856243,0.08290950208902359,0.9954747557640076,0,0,0,0,0,0,0,0,0,0,0,0,0,0
4.410703182220459,0.0,-4.774332046508789e-05,0.08339256048202515,7.736682891845703e-05,-0.08351832628250122,-1.029318928718567,-1.7503187656402588,0.7445048689842224,0.525754988193512,0.03,1.2557588815689087,-0.07456514239311218,0.34325751662254333,0.040302541106939316,-0.02306164614856243,0.08290950208902359,0.9954747557640076,0,0,0,0,0,0,0,0,0,0,0,0,0,0
4.411792993545532,0.0,-4.774332046508789e-05,0.08339256048202515,7.736682891845703e-05,-0.08351832628250122,-1.029318928718567,-1.7503187656402588,0.7445048689842224,0.525754988193512,0.03,1.2557588815689087,-0.07456514239311218,0.34325751662254333,0.040302541106939316,-0.02306164614856243,0.08290950208902359,0.9954747557640076,0,0,0,0,0,0,0,0,0,0,0,0,0,0
4.412953615188599,0.0,-4.774332046508789e-05,0.08339256048202515,7.736682891845703e-05,-0.08351832628250122,-1.029318928718567,-1.7503187656402588,0.7445048689842224,0.525754988193512,0.03,1.2557588815689087,-0.07456514239311218,0.34325751662254333,0.040302541106939316,-0.02306164614856243,0.08290950208902359,0.9954747557640076,0,0,0,0,0,0,0,0,0,0,0,0,0,0
4.414013624191284,0.0,-4.774332046508789e-05,0.08339256048202515,7.736682891845703e-05,-0.08351832628250122,-1.029318928718567,-1.7503187656402588,0.7445048689842224,0.525754988193512,0.03,1.2557588815689087,-0.07456514239311218,0.34325751662254333,0.040302541106939316,-0.02306164614856243,0.08290950208902359,0.9954747557640076,0,0,0,0,0,0,0,0,0,0,0,0,0,0
4.415131330490112,0.0,-4.774332046508789e-05,0.08339256048202515,7.736682891845703e-05,-0.08351832628250122,-1.029318928718567,-1.7503187656402588,0.7445048689842224,0.525754988193512,0.03,1.2557588815689087,-0.07456514239311218,0.34325751662254333,0.040302541106939316,-0.02306164614856243,0.08290950208902359,0.9954747557640076,0,0,0,0,0,0,0,0,0,0,0,0,0,0
4.416349411010742,0.0,-4.774332046508789e-05,0.08339256048202515,7.736682891845703e-05,-0.08351832628250122,-1.029318928718567,-1.7503187656402588,0.7445048689842224,0.525754988193512,0.03,1.2557588815689087,-0.07456514239311218,0.34325751662254333,0.040302541106939316,-0.02306164614856243,0.08290950208902359,0.9954747557640076,0,0,0,0,0,0,0,0,0,0,0,0,0,0
4.41744065284729,0.0,-4.774332046508789e-05,0.08339256048202515,7.736682891845703e-05,-0.08351832628250122,-1.029318928718567,-1.7503187656402588,0.7445048689842224,0.525754988193512,0.03,1.2557588815689087,-0.07456514239311218,0.34325751662254333,0.040302541106939316,-0.02306164614856243,0.08290950208902359,0.9954747557640076,0,0,0,0,0,0,0,0,0,0,0,0,0,0
4.418787956237793,0.0,-4.774332046508789e-05,0.08339256048202515,7.736682891845703e-05,-0.08351832628250122,-1.029318928718567,-1.7503187656402588,0.7445048689842224,0.525754988193512,0.03,1.2557588815689087,-0.07456514239311218,0.34325751662254333,0.040302541106939316,-0.02306164614856243,0.08290950208902359,0.9954747557640076,0,0,0,0,0,0,0,0,0,0,0,0,0,0
4.419888257980347,0.0,-4.774332046508789e-05,0.08339256048202515,7.736682891845703e-05,-0.08351832628250122,-1.029318928718567,-1.7503187656402588,0.7445048689842224,0.525754988193512,0.03,1.2557588815689087,-0.07456514239311218,0.34325751662254333,0.040302541106939316,-0.02306164614856243,0.08290950208902359,0.9954747557640076,0,0,0,0,0,0,0,0,0,0,0,0,0,0
4.421184539794922,0.0,-4.774332046508789e-05,0.08339256048202515,7.736682891845703e-05,-0.08351832628250122,-1.029318928718567,-1.7503187656402588,0.7445048689842224,0.525754988193512,0.03,1.2557588815689087,-0.07456514239311218,0.34325751662254333,0.040302541106939316,-0.02306164614856243,0.08290950208902359,0.9954747557640076,0,0,0,0,0,0,0,0,0,0,0,0,0,0
4.423091173171997,0.0,-4.774332046508789e-05,0.08339256048202515,7.736682891845703e-05,-0.08351832628250122,-1.029318928718567,-1.7503187656402588,0.7445048689842224,0.525754988193512,0.03,1.2557588815689087,-0.07456514239311218,0.34325751662254333,0.040302541106939316,-0.02306164614856243,0.08290950208902359,0.9954747557640076,0,0,0,0,0,0,0,0,0,0,0,0,0,0
4.424372434616089,0.0,-4.774332046508789e-05,0.08339256048202515,7.736682891845703e-05,-0.08351832628250122,-1.029318928718567,-1.7503187656402588,0.7445048689842224,0.525754988193512,0.03,1.2557531595230103,-0.07461263984441757,0.34319406747817993,0.040398914366960526,-0.023024098947644234,0.08353531360626221,0.9954193830490112,0,0,0,0,0,0,0,0,0,0,0,0,0,0
4.425867080688477,0.0,-4.774332046508789e-05,0.08339256048202515,7.736682891845703e-05,-0.08351832628250122,-1.029318928718567,-1.7503187656402588,0.7445048689842224,0.525754988193512,0.03,1.2557532787322998,-0.07459593564271927,0.343230277299881,0.04023274406790733,-0.02306392602622509,0.08232134580612183,0.9955262541770935,0,0,0,0,0,0,0,0,0,0,0,0,0,0
4.427106142044067,0.0,-4.774332046508789e-05,0.08339256048202515,7.736682891845703e-05,-0.08351832628250122,-1.029318928718567,-1.7503187656402588,0.7445048689842224,0.525754988193512,0.03,1.2557532787322998,-0.07459593564271927,0.343230277299881,0.04023274406790733,-0.02306392602622509,0.08232134580612183,0.9955262541770935,0,0,0,0,0,0,0,0,0,0,0,0,0,0
4.4288718700408936,0.0,-4.774332046508789e-05,0.08339256048202515,7.736682891845703e-05,-0.08351832628250122,-1.029318928718567,-1.7503187656402588,0.7445048689842224,0.525754988193512,0.03,1.2557532787322998,-0.07459593564271927,0.343230277299881,0.04023274406790733,-0.02306392602622509,0.08232134580612183,0.9955262541770935,0,0,0,0,0,0,0,0,0,0,0,0,0,0
4.430408239364624,0.0,-4.774332046508789e-05,0.08339256048202515,7.736682891845703e-05,-0.08351832628250122,-1.029318928718567,-1.7503187656402588,0.7445048689842224,0.525754988193512,0.03,1.2557532787322998,-0.07459593564271927,0.343230277299881,0.04023274406790733,-0.02306392602622509,0.08232134580612183,0.9955262541770935,0,0,0,0,0,0,0,0,0,0,0,0,0,0
4.431512117385864,0.0,-4.774332046508789e-05,0.08339256048202515,7.736682891845703e-05,-0.08351832628250122,-1.029318928718567,-1.7503187656402588,0.7445048689842224,0.525754988193512,0.03,1.2557532787322998,-0.07459593564271927,0.343230277299881,0.04023274406790733,-0.02306392602622509,0.08232134580612183,0.9955262541770935,0,0,0,0,0,0,0,0,0,0,0,0,0,0
4.432856798171997,0.0,-3.844499588012695e-05,0.08339259028434753,7.659196853637695e-05,-0.08351403474807739,-1.0049716234207153,-1.7479150295257568,0.7387754917144775,0.5235491991043091,0.03,1.2557532787322998,-0.07459593564271927,0.343230277299881,0.04023274406790733,-0.02306392602622509,0.08232134580612183,0.9955262541770935,0,0,0,0,0,0,0,0,0,0,0,0,0,0
4.4354939460754395,0.0,-3.248453140258789e-05,0.08339259028434753,7.784366607666016e-05,-0.08351457118988037,-0.983323335647583,-1.7478735446929932,0.7372475266456604,0.5250102877616882,0.03,1.255757212638855,-0.07453308999538422,0.34331169724464417,0.040219858288764954,-0.023047761991620064,0.08192943036556244,0.995559573173523,0,0,0,0,0,0,0,0,0,0,0,0,0,0
4.436962842941284,0.0,-1.6450881958007812e-05,0.08339262008666992,7.784366607666016e-05,-0.08351564407348633,-0.966088056564331,-1.7468571662902832,0.7376654148101807,0.5238036513328552,0.03,1.2557648420333862,-0.07450634986162186,0.34332773089408875,0.040198370814323425,-0.023070303723216057,0.08214813470840454,0.9955418705940247,0,0,0,0,0,0,0,0,0,0,0,0,0,0
4.438859224319458,0.0,-5.233287811279297e-05,0.08339259028434753,7.75456428527832e-05,-0.0835077166557312,-0.994016170501709,-1.7454761266708374,0.7373329401016235,0.528224527835846,0.03,1.255757212638855,-0.07455358654260635,0.34327152371406555,0.040288276970386505,-0.02309715375304222,0.08237274736166,0.9955190420150757,0,0,0,0,0,0,0,0,0,0,0,0,0,0
4.44012451171875,0.0,-3.8564205169677734e-05,0.08339259028434753,7.224082946777344e-05,-0.08350765705108643,-1.0267027616500854,-1.7427902221679688,0.7385568618774414,0.5227168202400208,0.03,1.2557525634765625,-0.07458915561437607,0.3431963324546814,0.04029317572712898,-0.023040957748889923,0.08264732360839844,0.9954973459243774,0,0,0,0,0,0,0,0,0,0,0,0,0,0
4.441294193267822,0.0,-1.2040138244628906e-05,0.08339256048202515,7.766485214233398e-05,-0.08351033926010132,-0.9882012605667114,-1.742367148399353,0.7328932881355286,0.5201307535171509,0.03,1.2557653188705444,-0.07453214377164841,0.3433067500591278,0.0401897132396698,-0.02306237816810608,0.0825444832444191,0.9955096244812012,0,0,0,0,0,0,0,0,0,0,0,0,0,0
4.442565679550171,0.0,-2.0265579223632812e-06,0.08339256048202515,7.784366607666016e-05,-0.08350801467895508,-0.9658780097961426,-1.7419946193695068,0.7302640080451965,0.5196268558502197,0.03,1.2557653188705444,-0.07453214377164841,0.3433067500591278,0.0401897132396698,-0.02306237816810608,0.0825444832444191,0.9955096244812012,0,0,0,0,0,0,0,0,0,0,0,0,0,0
4.443649053573608,0.0,-2.0265579223632812e-06,0.08339256048202515,7.784366607666016e-05,-0.08350801467895508,-0.9658780097961426,-1.7419946193695068,0.7302640080451965,0.5196268558502197,0.03,1.2557653188705444,-0.07453214377164841,0.3433067500591278,0.0401897132396698,-0.02306237816810608,0.0825444832444191,0.9955096244812012,0,0,0,0,0,0,0,0,0,0,0,0,0,0
4.444921016693115,0.0,-2.0265579223632812e-06,0.08339256048202515,7.784366607666016e-05,-0.08350801467895508,-0.9658780097961426,-1.7419946193695068,0.7302640080451965,0.5196268558502197,0.03,1.2557653188705444,-0.07453214377164841,0.3433067500591278,0.0401897132396698,-0.02306237816810608,0.0825444832444191,0.9955096244812012,0,0,0,0,0,0,0,0,0,0,0,0,0,0
4.446009159088135,0.0,-2.0265579223632812e-06,0.08339256048202515,7.784366607666016e-05,-0.08350801467895508,-0.9658780097961426,-1.7419946193695068,0.7302640080451965,0.5196268558502197,0.03,1.2557653188705444,-0.07453214377164841,0.3433067500591278,0.0401897132396698,-0.02306237816810608,0.0825444832444191,0.9955096244812012,0,0,0,0,0,0,0,0,0,0,0,0,0,0
4.4476318359375,0.0,-2.0265579223632812e-06,0.08339256048202515,7.784366607666016e-05,-0.08350801467895508,-0.9658780097961426,-1.7419946193695068,0.7302640080451965,0.5196268558502197,0.03,1.2557653188705444,-0.07453214377164841,0.3433067500591278,0.0401897132396698,-0.02306237816810608,0.0825444832444191,0.9955096244812012,0,0,0,0,0,0,0,0,0,0,0,0,0,0
4.449348449707031,0.0,-2.0265579223632812e-06,0.08339256048202515,7.784366607666016e-05,-0.08350801467895508,-0.9658780097961426,-1.7419946193695068,0.7302640080451965,0.5196268558502197,0.03,1.2557653188705444,-0.07453214377164841,0.3433067500591278,0.0401897132396698,-0.02306237816810608,0.0825444832444191,0.9955096244812012,0,0,0,0,0,0,0,0,0,0,0,0,0,0
4.451382637023926,0.0,-2.0265579223632812e-06,0.08339256048202515,7.784366607666016e-05,-0.08350801467895508,-0.9658780097961426,-1.7419946193695068,0.7302640080451965,0.5196268558502197,0.03,1.2557653188705444,-0.07453214377164841,0.3433067500591278,0.0401897132396698,-0.02306237816810608,0.0825444832444191,0.9955096244812012,0,0,0,0,0,0,0,0,0,0,0,0,0,0
4.452596664428711,0.0,-2.0265579223632812e-06,0.08339256048202515,7.784366607666016e-05,-0.08350801467895508,-0.9658780097961426,-1.7419946193695068,0.7302640080451965,0.5196268558502197,0.03,1.2557653188705444,-0.07453214377164841,0.3433067500591278,0.0401897132396698,-0.02306237816810608,0.0825444832444191,0.9955096244812012,0,0,0,0,0,0,0,0,0,0,0,0,0,0
4.453840970993042,0.0,-2.0265579223632812e-06,0.08339256048202515,7.784366607666016e-05,-0.08350801467895508,-0.9658780097961426,-1.7419946193695068,0.7302640080451965,0.5196268558502197,0.03,1.2557653188705444,-0.07453214377164841,0.3433067500591278,0.0401897132396698,-0.02306237816810608,0.0825444832444191,0.9955096244812012,0,0,0,0,0,0,0,0,0,0,0,0,0,0
4.454961538314819,0.0,-2.0265579223632812e-06,0.08339256048202515,7.784366607666016e-05,-0.08350801467895508,-0.9658780097961426,-1.7419946193695068,0.7302640080451965,0.5196268558502197,0.03,1.2557653188705444,-0.07453214377164841,0.3433067500591278,0.0401897132396698,-0.02306237816810608,0.0825444832444191,0.9955096244812012,0,0,0,0,0,0,0,0,0,0,0,0,0,0
4.457000970840454,0.0,-2.09808349609375e-05,0.08339256048202515,7.778406143188477e-05,-0.08350801467895508,-1.0014636516571045,-1.7417463064193726,0.7318103909492493,0.5159868001937866,0.03,1.2557653188705444,-0.07453214377164841,0.3433067500591278,0.0401897132396698,-0.02306237816810608,0.0825444832444191,0.9955096244812012,0,0,0,0,0,0,0,0,0,0,0,0,0,0
4.459460735321045,0.0,-2.09808349609375e-05,0.08339256048202515,7.778406143188477e-05,-0.08350801467895508,-1.0014636516571045,-1.7417463064193726,0.7318103909492493,0.5159868001937866,0.03,1.2557531595230103,-0.07460595667362213,0.3432238698005676,0.04030551388859749,-0.023073852062225342,0.08234735578298569,0.9955209493637085,0,0,0,0,0,0,0,0,0,0,0,0,0,0
4.461261510848999,0.0,-1.1324882507324219e-06,0.08339238166809082,7.766485214233398e-05,-0.08350855112075806,-0.9648500084877014,-1.7427165508270264,0.7322014570236206,0.5158329010009766,0.03,1.2557531595230103,-0.07460595667362213,0.3432238698005676,0.04030551388859749,-0.023073852062225342,0.08234735578298569,0.9955209493637085,0,0,0,0,0,0,0,0,0,0,0,0,0,0
4.46305513381958,0.0,-1.9431114196777344e-05,0.08339259028434753,7.75456428527832e-05,-0.08350807428359985,-0.9983971118927002,-1.7404884099960327,0.7306267023086548,0.5122037529945374,0.03,1.255757212638855,-0.07462000101804733,0.3431861102581024,0.040227022022008896,-0.023053742945194244,0.08231421560049057,0.9955273270606995,0,0,0,0,0,0,0,0,0,0,0,0,0,0
4.465248107910156,0.0,-1.9431114196777344e-05,0.08339259028434753,7.75456428527832e-05,-0.08350807428359985,-0.9983971118927002,-1.7404884099960327,0.7306267023086548,0.5122037529945374,0.03,1.2557628154754639,-0.07456964999437332,0.3432479500770569,0.0402550995349884,-0.023101381957530975,0.08238908648490906,0.9955189228057861,0,0,0,0,0,0,0,0,0,0,0,0,0,0
4.466850996017456,0.0,-3.5822391510009766e-05,0.08339259028434753,7.176399230957031e-05,-0.08350837230682373,-1.0317968130111694,-1.7403228282928467,0.7400379180908203,0.5152481198310852,0.03,1.2557536363601685,-0.07453073561191559,0.34332120418548584,0.040215931832790375,-0.023100558668375015,0.08109477907419205,0.9956268072128296,0,0,0,0,0,0,0,0,0,0,0,0,0,0
4.467944860458374,0.0,-3.5822391510009766e-05,0.08339259028434753,7.176399230957031e-05,-0.08350837230682373,-1.0317968130111694,-1.7403228282928467,0.7400379180908203,0.5152481198310852,0.03,1.2557491064071655,-0.07458191365003586,0.34323644638061523,0.0401841402053833,-0.023004351183772087,0.081618532538414,0.9955874681472778,0,0,0,0,0,0,0,0,0,0,0,0,0,0
4.471121788024902,0.0,-3.5822391510009766e-05,0.08339259028434753,7.176399230957031e-05,-0.08350837230682373,-1.0317968130111694,-1.7403228282928467,0.7400379180908203,0.5152481198310852,0.03,1.2557491064071655,-0.07458191365003586,0.34323644638061523,0.0401841402053833,-0.023004351183772087,0.081618532538414,0.9955874681472778,0,0,0,0,0,0,0,0,0,0,0,0,0,0
4.472756624221802,0.0,-3.5822391510009766e-05,0.08339259028434753,7.176399230957031e-05,-0.08350837230682373,-1.0317968130111694,-1.7403228282928467,0.7400379180908203,0.5152481198310852,0.03,1.2557491064071655,-0.07458191365003586,0.34323644638061523,0.0401841402053833,-0.023004351183772087,0.081618532538414,0.9955874681472778,0,0,0,0,0,0,0,0,0,0,0,0,0,0
4.474348068237305,0.0,-3.5822391510009766e-05,0.08339259028434753,7.176399230957031e-05,-0.08350837230682373,-1.0317968130111694,-1.7403228282928467,0.7400379180908203,0.5152481198310852,0.03,1.2557491064071655,-0.07458191365003586,0.34323644638061523,0.0401841402053833,-0.023004351183772087,0.081618532538414,0.9955874681472778,0,0,0,0,0,0,0,0,0,0,0,0,0,0
4.477268695831299,0.0,-3.5822391510009766e-05,0.08339259028434753,7.176399230957031e-05,-0.08350837230682373,-1.0317968130111694,-1.7403228282928467,0.7400379180908203,0.5152481198310852,0.03,1.2557547092437744,-0.074601911008358,0.34318119287490845,0.040209632366895676,-0.022994641214609146,0.08169905841350555,0.9955801367759705,0,0,0,0,0,0,0,0,0,0,0,0,0,0
4.478898286819458,0.0,-3.5822391510009766e-05,0.08339259028434753,7.176399230957031e-05,-0.08350837230682373,-1.0317968130111694,-1.7403228282928467,0.7400379180908203,0.5152481198310852,0.03,1.2557547092437744,-0.074601911008358,0.34318119287490845,0.040209632366895676,-0.022994641214609146,0.08169905841350555,0.9955801367759705,0,0,0,0,0,0,0,0,0,0,0,0,0,0
4.480568170547485,0.0,-3.5822391510009766e-05,0.08339259028434753,7.176399230957031e-05,-0.08350837230682373,-1.0317968130111694,-1.7403228282928467,0.7400379180908203,0.5152481198310852,0.03,1.2557605504989624,-0.0745241567492485,0.3433055579662323,0.04027403146028519,-0.02311098575592041,0.08259974420070648,0.9955005049705505,0,0,0,0,0,0,0,0,0,0,0,0,0,0
4.481663703918457,0.0,-3.5822391510009766e-05,0.08339259028434753,7.176399230957031e-05,-0.08350837230682373,-1.0317968130111694,-1.7403228282928467,0.7400379180908203,0.5152481198310852,0.03,1.2557605504989624,-0.0745241567492485,0.3433055579662323,0.04027403146028519,-0.02311098575592041,0.08259974420070648,0.9955005049705505,0,0,0,0,0,0,0,0,0,0,0,0,0,0
4.483163833618164,0.0,-3.5822391510009766e-05,0.08339259028434753,7.176399230957031e-05,-0.08350837230682373,-1.0317968130111694,-1.7403228282928467,0.7400379180908203,0.5152481198310852,0.03,1.2557605504989624,-0.0745241567492485,0.3433055579662323,0.04027403146028519,-0.02311098575592041,0.08259974420070648,0.9955005049705505,0,0,0,0,0,0,0,0,0,0,0,0,0,0
4.484283447265625,0.0,-3.5822391510009766e-05,0.08339259028434753,7.176399230957031e-05,-0.08350837230682373,-1.0317968130111694,-1.7403228282928467,0.7400379180908203,0.5152481198310852,0.03,1.2557605504989624,-0.0745241567492485,0.3433055579662323,0.04027403146028519,-0.02311098575592041,0.08259974420070648,0.9955005049705505,0,0,0,0,0,0,0,0,0,0,0,0,0,0
4.4854326248168945,0.0,-3.5822391510009766e-05,0.08339259028434753,7.176399230957031e-05,-0.08350837230682373,-1.0317968130111694,-1.7403228282928467,0.7400379180908203,0.5152481198310852,0.03,1.2557605504989624,-0.0745241567492485,0.3433055579662323,0.04027403146028519,-0.02311098575592041,0.08259974420070648,0.9955005049705505,0,0,0,0,0,0,0,0,0,0,0,0,0,0
4.486674070358276,0.0,-3.5822391510009766e-05,0.08339259028434753,7.176399230957031e-05,-0.08350837230682373,-1.0317968130111694,-1.7403228282928467,0.7400379180908203,0.5152481198310852,0.03,1.2557605504989624,-0.0745241567492485,0.3433055579662323,0.04027403146028519,-0.02311098575592041,0.08259974420070648,0.9955005049705505,0,0,0,0,0,0,0,0,0,0,0,0,0,0
4.488543510437012,0.0,-3.5822391510009766e-05,0.08339259028434753,7.176399230957031e-05,-0.08350837230682373,-1.0317968130111694,-1.7403228282928467,0.7400379180908203,0.5152481198310852,0.03,1.2557605504989624,-0.0745241567492485,0.3433055579662323,0.04027403146028519,-0.02311098575592041,0.08259974420070648,0.9955005049705505,0,0,0,0,0,0,0,0,0,0,0,0,0,0
4.489680528640747,0.0,-3.5822391510009766e-05,0.08339259028434753,7.176399230957031e-05,-0.08350837230682373,-1.0317968130111694,-1.7403228282928467,0.7400379180908203,0.5152481198310852,0.03,1.2557605504989624,-0.0745241567492485,0.3433055579662323,0.04027403146028519,-0.02311098575592041,0.08259974420070648,0.9955005049705505,0,0,0,0,0,0,0,0,0,0,0,0,0,0
4.490753889083862,0.0,-3.5822391510009766e-05,0.08339259028434753,7.176399230957031e-05,-0.08350837230682373,-1.0317968130111694,-1.7403228282928467,0.7400379180908203,0.5152481198310852,0.03,1.2557605504989624,-0.0745241567492485,0.3433055579662323,0.04027403146028519,-0.02311098575592041,0.08259974420070648,0.9955005049705505,0,0,0,0,0,0,0,0,0,0,0,0,0,0
4.492035865783691,0.0,-3.5822391510009766e-05,0.08339259028434753,7.176399230957031e-05,-0.08350837230682373,-1.0317968130111694,-1.7403228282928467,0.7400379180908203,0.5152481198310852,0.03,1.2557605504989624,-0.0745241567492485,0.3433055579662323,0.04027403146028519,-0.02311098575592041,0.08259974420070648,0.9955005049705505,0,0,0,0,0,0,0,0,0,0,0,0,0,0
4.493180513381958,0.0,-3.5822391510009766e-05,0.08339259028434753,7.176399230957031e-05,-0.08350837230682373,-1.0317968130111694,-1.7403228282928467,0.7400379180908203,0.5152481198310852,0.03,1.2557605504989624,-0.0745241567492485,0.3433055579662323,0.04027403146028519,-0.02311098575592041,0.08259974420070648,0.9955005049705505,0,0,0,0,0,0,0,0,0,0,0,0,0,0
4.49445915222168,0.0,-3.5822391510009766e-05,0.08339259028434753,7.176399230957031e-05,-0.08350837230682373,-1.0317968130111694,-1.7403228282928467,0.7400379180908203,0.5152481198310852,0.03,1.2557605504989624,-0.0745241567492485,0.3433055579662323,0.04027403146028519,-0.02311098575592041,0.08259974420070648,0.9955005049705505,0,0,0,0,0,0,0,0,0,0,0,0,0,0
4.495555639266968,0.0,-3.5822391510009766e-05,0.08339259028434753,7.176399230957031e-05,-0.08350837230682373,-1.0317968130111694,-1.7403228282928467,0.7400379180908203,0.5152481198310852,0.03,1.2557605504989624,-0.0745241567492485,0.3433055579662323,0.04027403146028519,-0.02311098575592041,0.08259974420070648,0.9955005049705505,0,0,0,0,0,0,0,0,0,0,0,0,0,0
4.496822834014893,0.0,-3.5822391510009766e-05,0.08339259028434753,7.176399230957031e-05,-0.08350837230682373,-1.0317968130111694,-1.7403228282928467,0.7400379180908203,0.5152481198310852,0.03,1.2557605504989624,-0.0745241567492485,0.3433055579662323,0.04027403146028519,-0.02311098575592041,0.08259974420070648,0.9955005049705505,0,0,0,0,0,0,0,0,0,0,0,0,0,0
4.497959136962891,0.0,-3.5822391510009766e-05,0.08339259028434753,7.176399230957031e-05,-0.08350837230682373,-1.0317968130111694,-1.7403228282928467,0.7400379180908203,0.5152481198310852,0.03,1.2557605504989624,-0.0745241567492485,0.3433055579662323,0.04027403146028519,-0.02311098575592041,0.08259974420070648,0.9955005049705505,0,0,0,0,0,0,0,0,0,0,0,0,0,0
4.499048233032227,0.0,-3.5822391510009766e-05,0.08339259028434753,7.176399230957031e-05,-0.08350837230682373,-1.0317968130111694,-1.7403228282928467,0.7400379180908203,0.5152481198310852,0.03,1.2557605504989624,-0.0745241567492485,0.3433055579662323,0.04027403146028519,-0.02311098575592041,0.08259974420070648,0.9955005049705505,0,0,0,0,0,0,0,0,0,0,0,0,0,0
4.50188946723938,0.0,-3.5822391510009766e-05,0.08339259028434753,7.176399230957031e-05,-0.08350837230682373,-1.0317968130111694,-1.7403228282928467,0.7400379180908203,0.5152481198310852,0.03,1.2557605504989624,-0.0745241567492485,0.3433055579662323,0.04027403146028519,-0.02311098575592041,0.08259974420070648,0.9955005049705505,0,0,0,0,0,0,0,0,0,0,0,0,0,0
4.5049474239349365,0.0,-3.5822391510009766e-05,0.08339259028434753,7.176399230957031e-05,-0.08350837230682373,-1.0317968130111694,-1.7403228282928467,0.7400379180908203,0.5152481198310852,0.03,1.2557605504989624,-0.0745241567492485,0.3433055579662323,0.04027403146028519,-0.02311098575592041,0.08259974420070648,0.9955005049705505,0,0,0,0,0,0,0,0,0,0,0,0,0,0
4.5061750411987305,0.0,-3.5822391510009766e-05,0.08339259028434753,7.176399230957031e-05,-0.08350837230682373,-1.0317968130111694,-1.7403228282928467,0.7400379180908203,0.5152481198310852,0.03,1.2557605504989624,-0.0745241567492485,0.3433055579662323,0.04027403146028519,-0.02311098575592041,0.08259974420070648,0.9955005049705505,0,0,0,0,0,0,0,0,0,0,0,0,0,0
4.507481575012207,0.0,-3.5822391510009766e-05,0.08339259028434753,7.176399230957031e-05,-0.08350837230682373,-1.0317968130111694,-1.7403228282928467,0.7400379180908203,0.5152481198310852,0.03,1.255746841430664,-0.07461632788181305,0.3432232439517975,0.04039054363965988,-0.023046867921948433,0.08405657857656479,0.9953752756118774,0,0,0,0,0,0,0,0,0,0,0,0,0,0
4.508775472640991,0.0,-3.5822391510009766e-05,0.08339259028434753,7.176399230957031e-05,-0.08350837230682373,-1.0317968130111694,-1.7403228282928467,0.7400379180908203,0.5152481198310852,0.03,1.255746841430664,-0.07461632788181305,0.3432232439517975,0.04039054363965988,-0.023046867921948433,0.08405657857656479,0.9953752756118774,0,0,0,0,0,0,0,0,0,0,0,0,0,0
4.5101401805877686,0.0,-3.5822391510009766e-05,0.08339259028434753,7.176399230957031e-05,-0.08350837230682373,-1.0317968130111694,-1.7403228282928467,0.7400379180908203,0.5152481198310852,0.03,1.255746841430664,-0.07461632788181305,0.3432232439517975,0.04039054363965988,-0.023046867921948433,0.08405657857656479,0.9953752756118774,0,0,0,0,0,0,0,0,0,0,0,0,0,0
4.511798620223999,0.0,-3.5822391510009766e-05,0.08339259028434753,7.176399230957031e-05,-0.08350837230682373,-1.0317968130111694,-1.7403228282928467,0.7400379180908203,0.5152481198310852,0.03,1.255746841430664,-0.07461632788181305,0.3432232439517975,0.04039054363965988,-0.023046867921948433,0.08405657857656479,0.9953752756118774,0,0,0,0,0,0,0,0,0,0,0,0,0,0
4.5131189823150635,0.0,-3.5822391510009766e-05,0.08339259028434753,7.176399230957031e-05,-0.08350837230682373,-1.0317968130111694,-1.7403228282928467,0.7400379180908203,0.5152481198310852,0.03,1.255746841430664,-0.07461632788181305,0.3432232439517975,0.04039054363965988,-0.023046867921948433,0.08405657857656479,0.9953752756118774,0,0,0,0,0,0,0,0,0,0,0,0,0,0
4.5155651569366455,0.0,-3.5822391510009766e-05,0.08339259028434753,7.176399230957031e-05,-0.08350837230682373,-1.0317968130111694,-1.7403228282928467,0.7400379180908203,0.5152481198310852,0.03,1.255746841430664,-0.07461632788181305,0.3432232439517975,0.04039054363965988,-0.023046867921948433,0.08405657857656479,0.9953752756118774,0,0,0,0,0,0,0,0,0,0,0,0,0,0
4.517221212387085,0.0,-3.463029861450195e-05,0.08339256048202515,7.802248001098633e-05,-0.08351254463195801,-1.0359100103378296,-1.7401577234268188,0.7271929979324341,0.5045323967933655,0.03,1.255746841430664,-0.07461632788181305,0.3432232439517975,0.04039054363965988,-0.023046867921948433,0.08405657857656479,0.9953752756118774,0,0,0,0,0,0,0,0,0,0,0,0,0,0
4.518330335617065,0.0,-1.1742115020751953e-05,0.08339259028434753,7.402896881103516e-05,-0.08350807428359985,-1.003414273262024,-1.7347506284713745,0.7222146987915039,0.49430206418037415,0.03,1.255746841430664,-0.07461632788181305,0.3432232439517975,0.04039054363965988,-0.023046867921948433,0.08405657857656479,0.9953752756118774,0,0,0,0,0,0,0,0,0,0,0,0,0,0
4.519949674606323,0.0,-1.7583370208740234e-05,0.08339187502861023,7.337331771850586e-05,-0.08350813388824463,-1.0120595693588257,-1.7317979335784912,0.7268838882446289,0.4928751289844513,0.03,1.255746841430664,-0.07461632788181305,0.3432232439517975,0.04039054363965988,-0.023046867921948433,0.08405657857656479,0.9953752756118774,0,0,0,0,0,0,0,0,0,0,0,0,0,0
4.521047830581665,0.0,-1.2159347534179688e-05,0.08339264988899231,6.812810897827148e-05,-0.08351290225982666,-0.9803886413574219,-1.7331398725509644,0.721305787563324,0.4895344078540802,0.03,1.255746841430664,-0.07461632788181305,0.3432232439517975,0.04039054363965988,-0.023046867921948433,0.08405657857656479,0.9953752756118774,0,0,0,0,0,0,0,0,0,0,0,0,0,0
4.522213459014893,0.0,-1.2159347534179688e-05,0.08339264988899231,6.812810897827148e-05,-0.08351290225982666,-0.9803886413574219,-1.7331398725509644,0.721305787563324,0.4895344078540802,0.03,1.255746841430664,-0.07461632788181305,0.3432232439517975,0.04039054363965988,-0.023046867921948433,0.08405657857656479,0.9953752756118774,0,0,0,0,0,0,0,0,0,0,0,0,0,0
4.523707151412964,0.0,-1.2159347534179688e-05,0.08339264988899231,6.812810897827148e-05,-0.08351290225982666,-0.9803886413574219,-1.7331398725509644,0.721305787563324,0.4895344078540802,0.03,1.255746841430664,-0.07461632788181305,0.3432232439517975,0.04039054363965988,-0.023046867921948433,0.08405657857656479,0.9953752756118774,0,0,0,0,0,0,0,0,0,0,0,0,0,0
4.525034189224243,0.0,-4.172325134277344e-07,0.08339259028434753,7.784366607666016e-05,-0.08352011442184448,-0.970760703086853,-1.7332826852798462,0.7189720869064331,0.49170413613319397,0.03,1.255746841430664,-0.07461632788181305,0.3432232439517975,0.04039054363965988,-0.023046867921948433,0.08405657857656479,0.9953752756118774,0,0,0,0,0,0,0,0,0,0,0,0,0,0
4.526695966720581,0.0,-4.172325134277344e-07,0.08339259028434753,7.784366607666016e-05,-0.08352011442184448,-0.970760703086853,-1.7332826852798462,0.7189720869064331,0.49170413613319397,0.03,1.2557529211044312,-0.07454536855220795,0.3432508409023285,0.04029254987835884,-0.02304590865969658,0.08299639821052551,0.995468258857727,0,0,0,0,0,0,0,0,0,0,0,0,0,0
4.528940439224243,0.0,-7.68899917602539e-06,0.08339259028434753,7.784366607666016e-05,-0.08350950479507446,-0.9627981185913086,-1.733241319656372,0.7198328375816345,0.46565091609954834,0.03,1.2557529211044312,-0.07454536855220795,0.3432508409023285,0.04029254987835884,-0.02304590865969658,0.08299639821052551,0.995468258857727,0,0,0,0,0,0,0,0,0,0,0,0,0,0
4.531936168670654,0.0,-7.68899917602539e-06,0.08339259028434753,7.784366607666016e-05,-0.08350950479507446,-0.9627981185913086,-1.733241319656372,0.7198328375816345,0.46565091609954834,0.03,1.2557648420333862,-0.07452235370874405,0.3432956039905548,0.040387943387031555,-0.023098839446902275,0.08317331224679947,0.9954484105110168,0,0,0,0,0,0,0,0,0,0,0,0,0,0
4.533520221710205,0.0,-3.039836883544922e-06,0.08339403569698334,7.766485214233398e-05,-0.0835079550743103,-0.9862855672836304,-1.7337567806243896,0.721127986907959,0.49022260308265686,0.03,1.2557514905929565,-0.07458009570837021,0.3432193398475647,0.04029538854956627,-0.02301379293203354,0.08380943536758423,0.9954007267951965,0,0,0,0,0,0,0,0,0,0,0,0,0,0
4.534929037094116,0.0,-1.5139579772949219e-05,0.08339256048202515,7.784366607666016e-05,-0.08350825309753418,-1.001233696937561,-1.7326905727386475,0.7186069488525391,0.4858155846595764,0.03,1.2557514905929565,-0.07458009570837021,0.3432193398475647,0.04029538854956627,-0.02301379293203354,0.08380943536758423,0.9954007267951965,0,0,0,0,0,0,0,0,0,0,0,0,0,0
4.536332368850708,0.0,-1.5139579772949219e-05,0.08339256048202515,7.784366607666016e-05,-0.08350825309753418,-1.001233696937561,-1.7326905727386475,0.7186069488525391,0.4858155846595764,0.03,1.2557514905929565,-0.07458009570837021,0.3432193398475647,0.04029538854956627,-0.02301379293203354,0.08380943536758423,0.9954007267951965,0,0,0,0,0,0,0,0,0,0,0,0,0,0
4.538901329040527,0.0,-1.5139579772949219e-05,0.08339256048202515,7.784366607666016e-05,-0.08350825309753418,-1.001233696937561,-1.7326905727386475,0.7186069488525391,0.4858155846595764,0.03,1.2557514905929565,-0.07458009570837021,0.3432193398475647,0.04029538854956627,-0.02301379293203354,0.08380943536758423,0.9954007267951965,0,0,0,0,0,0,0,0,0,0,0,0,0,0
4.540651082992554,0.0,-1.5139579772949219e-05,0.08339256048202515,7.784366607666016e-05,-0.08350825309753418,-1.001233696937561,-1.7326905727386475,0.7186069488525391,0.4858155846595764,0.03,1.2557514905929565,-0.07458009570837021,0.3432193398475647,0.04029538854956627,-0.02301379293203354,0.08380943536758423,0.9954007267951965,0,0,0,0,0,0,0,0,0,0,0,0,0,0
4.542060852050781,0.0,-1.5139579772949219e-05,0.08339256048202515,7.784366607666016e-05,-0.08350825309753418,-1.001233696937561,-1.7326905727386475,0.7186069488525391,0.4858155846595764,0.03,1.2557514905929565,-0.07458009570837021,0.3432193398475647,0.04029538854956627,-0.02301379293203354,0.08380943536758423,0.9954007267951965,0,0,0,0,0,0,0,0,0,0,0,0,0,0
4.54314112663269,0.0,-1.5139579772949219e-05,0.08339256048202515,7.784366607666016e-05,-0.08350825309753418,-1.001233696937561,-1.7326905727386475,0.7186069488525391,0.4858155846595764,0.03,1.2557454109191895,-0.07461029291152954,0.34321364760398865,0.040282461792230606,-0.02305475063621998,0.08267239481210709,0.9954954385757446,0,0,0,0,0,0,0,0,0,0,0,0,0,0
4.544252634048462,0.0,-1.5139579772949219e-05,0.08339256048202515,7.784366607666016e-05,-0.08350825309753418,-1.001233696937561,-1.7326905727386475,0.7186069488525391,0.4858155846595764,0.03,1.2557542324066162,-0.07453027367591858,0.34332144260406494,0.04015687480568886,-0.023041652515530586,0.08115463703870773,0.9956257343292236,0,0,0,0,0,0,0,0,0,0,0,0,0,0
4.5454490184783936,0.0,-1.5139579772949219e-05,0.08339256048202515,7.784366607666016e-05,-0.08350825309753418,-1.001233696937561,-1.7326905727386475,0.7186069488525391,0.4858155846595764,0.03,1.2557542324066162,-0.07453027367591858,0.34332144260406494,0.04015687480568886,-0.023041652515530586,0.08115463703870773,0.9956257343292236,0,0,0,0,0,0,0,0,0,0,0,0,0,0
4.546983480453491,0.0,-1.5139579772949219e-05,0.08339256048202515,7.784366607666016e-05,-0.08350825309753418,-1.001233696937561,-1.7326905727386475,0.7186069488525391,0.4858155846595764,0.03,1.2557542324066162,-0.07453027367591858,0.34332144260406494,0.04015687480568886,-0.023041652515530586,0.08115463703870773,0.9956257343292236,0,0,0,0,0,0,0,0,0,0,0,0,0,0
4.55205774307251,0.0,-1.5139579772949219e-05,0.08339256048202515,7.784366607666016e-05,-0.08350825309753418,-1.001233696937561,-1.7326905727386475,0.7186069488525391,0.4858155846595764,0.03,1.2557542324066162,-0.07453027367591858,0.34332144260406494,0.04015687480568886,-0.023041652515530586,0.08115463703870773,0.9956257343292236,0,0,0,0,0,0,0,0,0,0,0,0,0,0
4.553583145141602,0.0,-1.5139579772949219e-05,0.08339256048202515,7.784366607666016e-05,-0.08350825309753418,-1.001233696937561,-1.7326905727386475,0.7186069488525391,0.4858155846595764,0.03,1.2557542324066162,-0.07453027367591858,0.34332144260406494,0.04015687480568886,-0.023041652515530586,0.08115463703870773,0.9956257343292236,0,0,0,0,0,0,0,0,0,0,0,0,0,0
4.558096170425415,0.0,-1.5139579772949219e-05,0.08339256048202515,7.784366607666016e-05,-0.08350825309753418,-1.001233696937561,-1.7326905727386475,0.7186069488525391,0.4858155846595764,0.03,1.2557542324066162,-0.07453027367591858,0.34332144260406494,0.04015687480568886,-0.023041652515530586,0.08115463703870773,0.9956257343292236,0,0,0,0,0,0,0,0,0,0,0,0,0,0
4.559800386428833,0.0,-1.5139579772949219e-05,0.08339256048202515,7.784366607666016e-05,-0.08350825309753418,-1.001233696937561,-1.7326905727386475,0.7186069488525391,0.4858155846595764,0.03,1.2557480335235596,-0.07452775537967682,0.3433181643486023,0.04015294462442398,-0.023084523156285286,0.08091457188129425,0.9956443309783936,0,0,0,0,0,0,0,0,0,0,0,0,0,0
4.560911417007446,0.0,-1.5139579772949219e-05,0.08339256048202515,7.784366607666016e-05,-0.08350825309753418,-1.001233696937561,-1.7326905727386475,0.7186069488525391,0.4858155846595764,0.03,1.2557480335235596,-0.07452775537967682,0.3433181643486023,0.04015294462442398,-0.023084523156285286,0.08091457188129425,0.9956443309783936,0,0,0,0,0,0,0,0,0,0,0,0,0,0
4.563932418823242,0.0,-1.5139579772949219e-05,0.08339256048202515,7.784366607666016e-05,-0.08350825309753418,-1.001233696937561,-1.7326905727386475,0.7186069488525391,0.4858155846595764,0.03,1.255753517150879,-0.07456476986408234,0.3432411253452301,0.040150027722120285,-0.02299979142844677,0.08150126785039902,0.995598554611206,0,0,0,0,0,0,0,0,0,0,0,0,0,0
4.5650715827941895,0.0,-1.5139579772949219e-05,0.08339256048202515,7.784366607666016e-05,-0.08350825309753418,-1.001233696937561,-1.7326905727386475,0.7186069488525391,0.4858155846595764,0.03,1.255755066871643,-0.07459325343370438,0.34317103028297424,0.04022699221968651,-0.022991526871919632,0.08276671171188354,0.9954913258552551,0,0,0,0,0,0,0,0,0,0,0,0,0,0
4.566205739974976,0.0,-1.5139579772949219e-05,0.08339256048202515,7.784366607666016e-05,-0.08350825309753418,-1.001233696937561,-1.7326905727386475,0.7186069488525391,0.4858155846595764,0.03,1.255755066871643,-0.07459325343370438,0.34317103028297424,0.04022699221968651,-0.022991526871919632,0.08276671171188354,0.9954913258552551,0,0,0,0,0,0,0,0,0,0,0,0,0,0
4.567308664321899,0.0,-1.5139579772949219e-05,0.08339256048202515,7.784366607666016e-05,-0.08350825309753418,-1.001233696937561,-1.7326905727386475,0.7186069488525391,0.4858155846595764,0.03,1.255755066871643,-0.07459325343370438,0.34317103028297424,0.04022699221968651,-0.022991526871919632,0.08276671171188354,0.9954913258552551,0,0,0,0,0,0,0,0,0,0,0,0,0,0
4.568843126296997,0.0,-1.5139579772949219e-05,0.08339256048202515,7.784366607666016e-05,-0.08350825309753418,-1.001233696937561,-1.7326905727386475,0.7186069488525391,0.4858155846595764,0.03,1.255755066871643,-0.07459325343370438,0.34317103028297424,0.04022699221968651,-0.022991526871919632,0.08276671171188354,0.9954913258552551,0,0,0,0,0,0,0,0,0,0,0,0,0,0
4.570072174072266,0.0,-1.5139579772949219e-05,0.08339256048202515,7.784366607666016e-05,-0.08350825309753418,-1.001233696937561,-1.7326905727386475,0.7186069488525391,0.4858155846595764,0.03,1.255755066871643,-0.07459325343370438,0.34317103028297424,0.04022699221968651,-0.022991526871919632,0.08276671171188354,0.9954913258552551,0,0,0,0,0,0,0,0,0,0,0,0,0,0
4.571275234222412,0.0,-1.5139579772949219e-05,0.08339256048202515,7.784366607666016e-05,-0.08350825309753418,-1.001233696937561,-1.7326905727386475,0.7186069488525391,0.4858155846595764,0.03,1.255755066871643,-0.07459325343370438,0.34317103028297424,0.04022699221968651,-0.022991526871919632,0.08276671171188354,0.9954913258552551,0,0,0,0,0,0,0,0,0,0,0,0,0,0
4.5723700523376465,0.0,-1.5139579772949219e-05,0.08339256048202515,7.784366607666016e-05,-0.08350825309753418,-1.001233696937561,-1.7326905727386475,0.7186069488525391,0.4858155846595764,0.03,1.255755066871643,-0.07459325343370438,0.34317103028297424,0.04022699221968651,-0.022991526871919632,0.08276671171188354,0.9954913258552551,0,0,0,0,0,0,0,0,0,0,0,0,0,0
4.57344913482666,0.0,-1.5139579772949219e-05,0.08339256048202515,7.784366607666016e-05,-0.08350825309753418,-1.001233696937561,-1.7326905727386475,0.7186069488525391,0.4858155846595764,0.03,1.255755066871643,-0.07459325343370438,0.34317103028297424,0.04022699221968651,-0.022991526871919632,0.08276671171188354,0.9954913258552551,0,0,0,0,0,0,0,0,0,0,0,0,0,0
4.574709892272949,0.0,-1.5139579772949219e-05,0.08339256048202515,7.784366607666016e-05,-0.08350825309753418,-1.001233696937561,-1.7326905727386475,0.7186069488525391,0.4858155846595764,0.03,1.255755066871643,-0.07459325343370438,0.34317103028297424,0.04022699221968651,-0.022991526871919632,0.08276671171188354,0.9954913258552551,0,0,0,0,0,0,0,0,0,0,0,0,0,0
4.575778007507324,0.0,-1.5139579772949219e-05,0.08339256048202515,7.784366607666016e-05,-0.08350825309753418,-1.001233696937561,-1.7326905727386475,0.7186069488525391,0.4858155846595764,0.03,1.255755066871643,-0.07459325343370438,0.34317103028297424,0.04022699221968651,-0.022991526871919632,0.08276671171188354,0.9954913258552551,0,0,0,0,0,0,0,0,0,0,0,0,0,0
4.57720422744751,0.0,-1.5139579772949219e-05,0.08339256048202515,7.784366607666016e-05,-0.08350825309753418,-1.001233696937561,-1.7326905727386475,0.7186069488525391,0.4858155846595764,0.03,1.255755066871643,-0.07459325343370438,0.34317103028297424,0.04022699221968651,-0.022991526871919632,0.08276671171188354,0.9954913258552551,0,0,0,0,0,0,0,0,0,0,0,0,0,0
4.578479528427124,0.0,-1.5139579772949219e-05,0.08339256048202515,7.784366607666016e-05,-0.08350825309753418,-1.001233696937561,-1.7326905727386475,0.7186069488525391,0.4858155846595764,0.03,1.255755066871643,-0.07459325343370438,0.34317103028297424,0.04022699221968651,-0.022991526871919632,0.08276671171188354,0.9954913258552551,0,0,0,0,0,0,0,0,0,0,0,0,0,0
4.579571008682251,0.0,-1.5139579772949219e-05,0.08339256048202515,7.784366607666016e-05,-0.08350825309753418,-1.001233696937561,-1.7326905727386475,0.7186069488525391,0.4858155846595764,0.03,1.255755066871643,-0.07459325343370438,0.34317103028297424,0.04022699221968651,-0.022991526871919632,0.08276671171188354,0.9954913258552551,0,0,0,0,0,0,0,0,0,0,0,0,0,0
4.581106901168823,0.0,-1.5139579772949219e-05,0.08339256048202515,7.784366607666016e-05,-0.08350825309753418,-1.001233696937561,-1.7326905727386475,0.7186069488525391,0.4858155846595764,0.03,1.255755066871643,-0.07459325343370438,0.34317103028297424,0.04022699221968651,-0.022991526871919632,0.08276671171188354,0.9954913258552551,0,0,0,0,0,0,0,0,0,0,0,0,0,0
4.582967519760132,0.0,-1.5139579772949219e-05,0.08339256048202515,7.784366607666016e-05,-0.08350825309753418,-1.001233696937561,-1.7326905727386475,0.7186069488525391,0.4858155846595764,0.03,1.255755066871643,-0.07459325343370438,0.34317103028297424,0.04022699221968651,-0.022991526871919632,0.08276671171188354,0.9954913258552551,0,0,0,0,0,0,0,0,0,0,0,0,0,0
4.5850560665130615,0.0,-1.5139579772949219e-05,0.08339256048202515,7.784366607666016e-05,-0.08350825309753418,-1.001233696937561,-1.7326905727386475,0.7186069488525391,0.4858155846595764,0.03,1.255755066871643,-0.07459325343370438,0.34317103028297424,0.04022699221968651,-0.022991526871919632,0.08276671171188354,0.9954913258552551,0,0,0,0,0,0,0,0,0,0,0,0,0,0
4.586135387420654,0.0,-1.5139579772949219e-05,0.08339256048202515,7.784366607666016e-05,-0.08350825309753418,-1.001233696937561,-1.7326905727386475,0.7186069488525391,0.4858155846595764,0.03,1.255755066871643,-0.07459325343370438,0.34317103028297424,0.04022699221968651,-0.022991526871919632,0.08276671171188354,0.9954913258552551,0,0,0,0,0,0,0,0,0,0,0,0,0,0
4.587523698806763,0.0,-1.5139579772949219e-05,0.08339256048202515,7.784366607666016e-05,-0.08350825309753418,-1.001233696937561,-1.7326905727386475,0.7186069488525391,0.4858155846595764,0.03,1.255755066871643,-0.07459325343370438,0.34317103028297424,0.04022699221968651,-0.022991526871919632,0.08276671171188354,0.9954913258552551,0,0,0,0,0,0,0,0,0,0,0,0,0,0
4.5890209674835205,0.0,-1.5139579772949219e-05,0.08339256048202515,7.784366607666016e-05,-0.08350825309753418,-1.001233696937561,-1.7326905727386475,0.7186069488525391,0.4858155846595764,0.03,1.255755066871643,-0.07459325343370438,0.34317103028297424,0.04022699221968651,-0.022991526871919632,0.08276671171188354,0.9954913258552551,0,0,0,0,0,0,0,0,0,0,0,0,0,0
4.590112924575806,0.0,-1.5139579772949219e-05,0.08339256048202515,7.784366607666016e-05,-0.08350825309753418,-1.001233696937561,-1.7326905727386475,0.7186069488525391,0.4858155846595764,0.03,1.255755066871643,-0.07459325343370438,0.34317103028297424,0.04022699221968651,-0.022991526871919632,0.08276671171188354,0.9954913258552551,0,0,0,0,0,0,0,0,0,0,0,0,0,0
4.591692209243774,0.0,-1.5139579772949219e-05,0.08339256048202515,7.784366607666016e-05,-0.08350825309753418,-1.001233696937561,-1.7326905727386475,0.7186069488525391,0.4858155846595764,0.03,1.255755066871643,-0.07459325343370438,0.34317103028297424,0.04022699221968651,-0.022991526871919632,0.08276671171188354,0.9954913258552551,0,0,0,0,0,0,0,0,0,0,0,0,0,0
4.592963457107544,0.0,-1.5139579772949219e-05,0.08339256048202515,7.784366607666016e-05,-0.08350825309753418,-1.001233696937561,-1.7326905727386475,0.7186069488525391,0.4858155846595764,0.03,1.2557554244995117,-0.07459401339292526,0.34320518374443054,0.04026041924953461,-0.023039590567350388,0.08276203274726868,0.9954891800880432,0,0,0,0,0,0,0,0,0,0,0,0,0,0
4.5943145751953125,0.0,-1.5139579772949219e-05,0.08339256048202515,7.784366607666016e-05,-0.08350825309753418,-1.001233696937561,-1.7326905727386475,0.7186069488525391,0.4858155846595764,0.03,1.2557528018951416,-0.07453889399766922,0.34330713748931885,0.04017791524529457,-0.023069113492965698,0.08181123435497284,0.9955704808235168,0,0,0,0,0,0,0,0,0,0,0,0,0,0
4.595826864242554,0.0,-1.5139579772949219e-05,0.08339256048202515,7.784366607666016e-05,-0.08350825309753418,-1.001233696937561,-1.7326905727386475,0.7186069488525391,0.4858155846595764,0.03,1.2557528018951416,-0.07453889399766922,0.34330713748931885,0.04017791524529457,-0.023069113492965698,0.08181123435497284,0.9955704808235168,0,0,0,0,0,0,0,0,0,0,0,0,0,0
4.596947908401489,0.0,-1.5139579772949219e-05,0.08339256048202515,7.784366607666016e-05,-0.08350825309753418,-1.001233696937561,-1.7326905727386475,0.7186069488525391,0.4858155846595764,0.03,1.2557528018951416,-0.07453889399766922,0.34330713748931885,0.04017791524529457,-0.023069113492965698,0.08181123435497284,0.9955704808235168,0,0,0,0,0,0,0,0,0,0,0,0,0,0
4.598157644271851,0.0,-1.5139579772949219e-05,0.08339256048202515,7.784366607666016e-05,-0.08350825309753418,-1.001233696937561,-1.7326905727386475,0.7186069488525391,0.4858155846595764,0.03,1.2557528018951416,-0.07453889399766922,0.34330713748931885,0.04017791524529457,-0.023069113492965698,0.08181123435497284,0.9955704808235168,0,0,0,0,0,0,0,0,0,0,0,0,0,0
4.6005778312683105,0.0,-4.649162292480469e-06,0.08339256048202515,7.855892181396484e-05,-0.08350807428359985,-0.9888075590133667,-1.7304059267044067,0.7121264338493347,0.48067742586135864,0.03,1.2557528018951416,-0.07453889399766922,0.34330713748931885,0.04017791524529457,-0.023069113492965698,0.08181123435497284,0.9955704808235168,0,0,0,0,0,0,0,0,0,0,0,0,0,0
4.60167121887207,0.0,1.6689300537109375e-06,0.08339256048202515,7.635354995727539e-05,-0.08350807428359985,-0.9741222858428955,-1.7297849655151367,0.7155585885047913,0.479989230632782,0.03,1.2557528018951416,-0.07453889399766922,0.34330713748931885,0.04017791524529457,-0.023069113492965698,0.08181123435497284,0.9955704808235168,0,0,0,0,0,0,0,0,0,0,0,0,0,0
4.602753400802612,0.0,3.039836883544922e-06,0.08339227735996246,7.784366607666016e-05,-0.08350777626037598,-0.9750260710716248,-1.7316023111343384,0.7158926129341125,0.4768841564655304,0.03,1.2557528018951416,-0.07453889399766922,0.34330713748931885,0.04017791524529457,-0.023069113492965698,0.08181123435497284,0.9955704808235168,0,0,0,0,0,0,0,0,0,0,0,0,0,0
4.603973627090454,0.0,1.9073486328125e-06,0.0833946019411087,7.784366607666016e-05,-0.08350825309753418,-0.9740196466445923,-1.726857304573059,0.7130731344223022,0.470784455537796,0.03,1.2557528018951416,-0.07453889399766922,0.34330713748931885,0.04017791524529457,-0.023069113492965698,0.08181123435497284,0.9955704808235168,0,0,0,0,0,0,0,0,0,0,0,0,0,0
4.605476140975952,0.0,1.9073486328125e-06,0.0833946019411087,7.784366607666016e-05,-0.08350825309753418,-0.9740196466445923,-1.726857304573059,0.7130731344223022,0.470784455537796,0.03,1.2557528018951416,-0.07453889399766922,0.34330713748931885,0.04017791524529457,-0.023069113492965698,0.08181123435497284,0.9955704808235168,0,0,0,0,0,0,0,0,0,0,0,0,0,0
4.606586456298828,0.0,1.9073486328125e-06,0.0833946019411087,7.784366607666016e-05,-0.08350825309753418,-0.9740196466445923,-1.726857304573059,0.7130731344223022,0.470784455537796,0.03,1.2557528018951416,-0.07453889399766922,0.34330713748931885,0.04017791524529457,-0.023069113492965698,0.08181123435497284,0.9955704808235168,0,0,0,0,0,0,0,0,0,0,0,0,0,0
4.608874797821045,0.0,1.9073486328125e-06,0.0833946019411087,7.784366607666016e-05,-0.08350825309753418,-0.9740196466445923,-1.726857304573059,0.7130731344223022,0.470784455537796,0.03,1.2557528018951416,-0.07453889399766922,0.34330713748931885,0.04017791524529457,-0.023069113492965698,0.08181123435497284,0.9955704808235168,0,0,0,0,0,0,0,0,0,0,0,0,0,0
4.612274646759033,0.0,2.9206275939941406e-06,0.08339259028434753,7.861852645874023e-05,-0.08350825309753418,-0.9749222993850708,-1.726041316986084,0.7011984586715698,0.4669792354106903,0.03,1.2557528018951416,-0.07453889399766922,0.34330713748931885,0.04017791524529457,-0.023069113492965698,0.08181123435497284,0.9955704808235168,0,0,0,0,0,0,0,0,0,0,0,0,0,0
4.614944219589233,0.0,2.5033950805664062e-06,0.08339247107505798,7.814168930053711e-05,-0.08350825309753418,-0.977560818195343,-1.7257457971572876,0.708300769329071,0.4652154743671417,0.03,1.2557528018951416,-0.07453889399766922,0.34330713748931885,0.04017791524529457,-0.023069113492965698,0.08181123435497284,0.9955704808235168,0,0,0,0,0,0,0,0,0,0,0,0,0,0
4.616239547729492,0.0,2.5033950805664062e-06,0.08339247107505798,7.814168930053711e-05,-0.08350825309753418,-0.977560818195343,-1.7257457971572876,0.708300769329071,0.4652154743671417,0.03,1.2557528018951416,-0.07453889399766922,0.34330713748931885,0.04017791524529457,-0.023069113492965698,0.08181123435497284,0.9955704808235168,0,0,0,0,0,0,0,0,0,0,0,0,0,0
4.617675304412842,0.0,2.9206275939941406e-06,0.08339256048202515,6.783008575439453e-05,-0.08350825309753418,-0.9753226637840271,-1.7249912023544312,0.7306684851646423,0.46399128437042236,0.03,1.2557523250579834,-0.07451509684324265,0.3433457612991333,0.04008506238460541,-0.02305973879992962,0.08111034333705902,0.9956318140029907,0,0,0,0,0,0,0,0,0,0,0,0,0,0
4.621279001235962,0.0,2.9206275939941406e-06,0.08339256048202515,6.282329559326172e-05,-0.08350825309753418,-0.97481369972229,-1.724494457244873,0.7301663756370544,0.4627646207809448,0.03,1.2557499408721924,-0.07456415891647339,0.3432775139808655,0.040125031024217606,-0.023042114451527596,0.08123958110809326,0.99562007188797,0,0,0,0,0,0,0,0,0,0,0,0,0,0
4.622889518737793,0.0,2.9206275939941406e-06,0.08339256048202515,6.282329559326172e-05,-0.08350825309753418,-0.97481369972229,-1.724494457244873,0.7301663756370544,0.4627646207809448,0.03,1.2557499408721924,-0.07456415891647339,0.3432775139808655,0.040125031024217606,-0.023042114451527596,0.08123958110809326,0.99562007188797,0,0,0,0,0,0,0,0,0,0,0,0,0,0
4.624001741409302,0.0,2.9206275939941406e-06,0.08339256048202515,6.282329559326172e-05,-0.08350825309753418,-0.97481369972229,-1.724494457244873,0.7301663756370544,0.4627646207809448,0.03,1.2557499408721924,-0.07456415891647339,0.3432775139808655,0.040125031024217606,-0.023042114451527596,0.08123958110809326,0.99562007188797,0,0,0,0,0,0,0,0,0,0,0,0,0,0
4.62512993812561,0.0,2.9206275939941406e-06,0.08339256048202515,6.282329559326172e-05,-0.08350825309753418,-0.97481369972229,-1.724494457244873,0.7301663756370544,0.4627646207809448,0.03,1.2557499408721924,-0.07456415891647339,0.3432775139808655,0.040125031024217606,-0.023042114451527596,0.08123958110809326,0.99562007188797,0,0,0,0,0,0,0,0,0,0,0,0,0,0
4.626933574676514,0.0,2.9206275939941406e-06,0.08339256048202515,6.282329559326172e-05,-0.08350825309753418,-0.97481369972229,-1.724494457244873,0.7301663756370544,0.4627646207809448,0.03,1.2557499408721924,-0.07456415891647339,0.3432775139808655,0.040125031024217606,-0.023042114451527596,0.08123958110809326,0.99562007188797,0,0,0,0,0,0,0,0,0,0,0,0,0,0
4.6287841796875,0.0,2.9206275939941406e-06,0.08339256048202515,6.747245788574219e-05,-0.08350825309753418,-0.9752657413482666,-1.723813772201538,0.7132742404937744,0.4605937600135803,0.03,1.2557499408721924,-0.07456415891647339,0.3432775139808655,0.040125031024217606,-0.023042114451527596,0.08123958110809326,0.99562007188797,0,0,0,0,0,0,0,0,0,0,0,0,0,0
4.630469083786011,0.0,5.0067901611328125e-06,0.08339241147041321,7.385015487670898e-05,-0.08350837230682373,-0.9741863012313843,-1.72600257396698,0.7007148861885071,0.45493075251579285,0.03,1.255771517753601,-0.074538454413414,0.343274861574173,0.04014376550912857,-0.023030651733279228,0.08193103224039078,0.9955629110336304,0,0,0,0,0,0,0,0,0,0,0,0,0,0
4.634032487869263,0.0,5.0067901611328125e-06,0.08339241147041321,7.385015487670898e-05,-0.08350837230682373,-0.9741863012313843,-1.72600257396698,0.7007148861885071,0.45493075251579285,0.03,1.255771517753601,-0.074538454413414,0.343274861574173,0.04014376550912857,-0.023030651733279228,0.08193103224039078,0.9955629110336304,0,0,0,0,0,0,0,0,0,0,0,0,0,0
4.635497570037842,0.0,5.0067901611328125e-06,0.08339241147041321,7.385015487670898e-05,-0.08350837230682373,-0.9741863012313843,-1.72600257396698,0.7007148861885071,0.45493075251579285,0.03,1.255771517753601,-0.074538454413414,0.343274861574173,0.04014376550912857,-0.023030651733279228,0.08193103224039078,0.9955629110336304,0,0,0,0,0,0,0,0,0,0,0,0,0,0
4.637121677398682,0.0,5.0067901611328125e-06,0.08339241147041321,7.385015487670898e-05,-0.08350837230682373,-0.9741863012313843,-1.72600257396698,0.7007148861885071,0.45493075251579285,0.03,1.255771517753601,-0.074538454413414,0.343274861574173,0.04014376550912857,-0.023030651733279228,0.08193103224039078,0.9955629110336304,0,0,0,0,0,0,0,0,0,0,0,0,0,0
4.640635251998901,0.0,5.0067901611328125e-06,0.08339241147041321,7.385015487670898e-05,-0.08350837230682373,-0.9741863012313843,-1.72600257396698,0.7007148861885071,0.45493075251579285,0.03,1.255771517753601,-0.074538454413414,0.343274861574173,0.04014376550912857,-0.023030651733279228,0.08193103224039078,0.9955629110336304,0,0,0,0,0,0,0,0,0,0,0,0,0,0
4.642060995101929,0.0,5.0067901611328125e-06,0.08339241147041321,7.385015487670898e-05,-0.08350837230682373,-0.9741863012313843,-1.72600257396698,0.7007148861885071,0.45493075251579285,0.03,1.255771517753601,-0.074538454413414,0.343274861574173,0.04014376550912857,-0.023030651733279228,0.08193103224039078,0.9955629110336304,0,0,0,0,0,0,0,0,0,0,0,0,0,0
4.643467903137207,0.0,5.0067901611328125e-06,0.08339241147041321,7.385015487670898e-05,-0.08350837230682373,-0.9741863012313843,-1.72600257396698,0.7007148861885071,0.45493075251579285,0.03,1.255771517753601,-0.074538454413414,0.343274861574173,0.04014376550912857,-0.023030651733279228,0.08193103224039078,0.9955629110336304,0,0,0,0,0,0,0,0,0,0,0,0,0,0
4.645272254943848,0.0,5.0067901611328125e-06,0.08339241147041321,7.385015487670898e-05,-0.08350837230682373,-0.9741863012313843,-1.72600257396698,0.7007148861885071,0.45493075251579285,0.03,1.255771517753601,-0.074538454413414,0.343274861574173,0.04014376550912857,-0.023030651733279228,0.08193103224039078,0.9955629110336304,0,0,0,0,0,0,0,0,0,0,0,0,0,0
4.646737575531006,0.0,5.0067901611328125e-06,0.08339241147041321,7.385015487670898e-05,-0.08350837230682373,-0.9741863012313843,-1.72600257396698,0.7007148861885071,0.45493075251579285,0.03,1.255771517753601,-0.074538454413414,0.343274861574173,0.04014376550912857,-0.023030651733279228,0.08193103224039078,0.9955629110336304,0,0,0,0,0,0,0,0,0,0,0,0,0,0
4.647928714752197,0.0,5.0067901611328125e-06,0.08339241147041321,7.385015487670898e-05,-0.08350837230682373,-0.9741863012313843,-1.72600257396698,0.7007148861885071,0.45493075251579285,0.03,1.255771517753601,-0.074538454413414,0.343274861574173,0.04014376550912857,-0.023030651733279228,0.08193103224039078,0.9955629110336304,0,0,0,0,0,0,0,0,0,0,0,0,0,0
4.649065732955933,0.0,5.0067901611328125e-06,0.08339241147041321,7.385015487670898e-05,-0.08350837230682373,-0.9741863012313843,-1.72600257396698,0.7007148861885071,0.45493075251579285,0.03,1.255771517753601,-0.074538454413414,0.343274861574173,0.04014376550912857,-0.023030651733279228,0.08193103224039078,0.9955629110336304,0,0,0,0,0,0,0,0,0,0,0,0,0,0
4.650327444076538,0.0,5.0067901611328125e-06,0.08339241147041321,7.385015487670898e-05,-0.08350837230682373,-0.9741863012313843,-1.72600257396698,0.7007148861885071,0.45493075251579285,0.03,1.255771517753601,-0.074538454413414,0.343274861574173,0.04014376550912857,-0.023030651733279228,0.08193103224039078,0.9955629110336304,0,0,0,0,0,0,0,0,0,0,0,0,0,0
4.651432991027832,0.0,5.0067901611328125e-06,0.08339241147041321,7.385015487670898e-05,-0.08350837230682373,-0.9741863012313843,-1.72600257396698,0.7007148861885071,0.45493075251579285,0.03,1.255771517753601,-0.074538454413414,0.343274861574173,0.04014376550912857,-0.023030651733279228,0.08193103224039078,0.9955629110336304,0,0,0,0,0,0,0,0,0,0,0,0,0,0
4.652526617050171,0.0,5.0067901611328125e-06,0.08339241147041321,7.385015487670898e-05,-0.08350837230682373,-0.9741863012313843,-1.72600257396698,0.7007148861885071,0.45493075251579285,0.03,1.255771517753601,-0.074538454413414,0.343274861574173,0.04014376550912857,-0.023030651733279228,0.08193103224039078,0.9955629110336304,0,0,0,0,0,0,0,0,0,0,0,0,0,0
4.6536431312561035,0.0,5.0067901611328125e-06,0.08339241147041321,7.385015487670898e-05,-0.08350837230682373,-0.9741863012313843,-1.72600257396698,0.7007148861885071,0.45493075251579285,0.03,1.255771517753601,-0.074538454413414,0.343274861574173,0.04014376550912857,-0.023030651733279228,0.08193103224039078,0.9955629110336304,0,0,0,0,0,0,0,0,0,0,0,0,0,0
4.654921054840088,0.0,5.0067901611328125e-06,0.08339241147041321,7.385015487670898e-05,-0.08350837230682373,-0.9741863012313843,-1.72600257396698,0.7007148861885071,0.45493075251579285,0.03,1.255771517753601,-0.074538454413414,0.343274861574173,0.04014376550912857,-0.023030651733279228,0.08193103224039078,0.9955629110336304,0,0,0,0,0,0,0,0,0,0,0,0,0,0
4.656009674072266,0.0,5.0067901611328125e-06,0.08339241147041321,7.385015487670898e-05,-0.08350837230682373,-0.9741863012313843,-1.72600257396698,0.7007148861885071,0.45493075251579285,0.03,1.255771517753601,-0.074538454413414,0.343274861574173,0.04014376550912857,-0.023030651733279228,0.08193103224039078,0.9955629110336304,0,0,0,0,0,0,0,0,0,0,0,0,0,0
4.657073020935059,0.0,5.0067901611328125e-06,0.08339241147041321,7.385015487670898e-05,-0.08350837230682373,-0.9741863012313843,-1.72600257396698,0.7007148861885071,0.45493075251579285,0.03,1.255771517753601,-0.074538454413414,0.343274861574173,0.04014376550912857,-0.023030651733279228,0.08193103224039078,0.9955629110336304,0,0,0,0,0,0,0,0,0,0,0,0,0,0
4.658186435699463,0.0,5.0067901611328125e-06,0.08339241147041321,7.385015487670898e-05,-0.08350837230682373,-0.9741863012313843,-1.72600257396698,0.7007148861885071,0.45493075251579285,0.03,1.255771517753601,-0.074538454413414,0.343274861574173,0.04014376550912857,-0.023030651733279228,0.08193103224039078,0.9955629110336304,0,0,0,0,0,0,0,0,0,0,0,0,0,0
4.6593170166015625,0.0,5.0067901611328125e-06,0.08339241147041321,7.385015487670898e-05,-0.08350837230682373,-0.9741863012313843,-1.72600257396698,0.7007148861885071,0.45493075251579285,0.03,1.255771517753601,-0.074538454413414,0.343274861574173,0.04014376550912857,-0.023030651733279228,0.08193103224039078,0.9955629110336304,0,0,0,0,0,0,0,0,0,0,0,0,0,0
4.66062331199646,0.0,5.0067901611328125e-06,0.08339241147041321,7.385015487670898e-05,-0.08350837230682373,-0.9741863012313843,-1.72600257396698,0.7007148861885071,0.45493075251579285,0.03,1.255771517753601,-0.074538454413414,0.343274861574173,0.04014376550912857,-0.023030651733279228,0.08193103224039078,0.9955629110336304,0,0,0,0,0,0,0,0,0,0,0,0,0,0
4.662076473236084,0.0,5.0067901611328125e-06,0.08339241147041321,7.385015487670898e-05,-0.08350837230682373,-0.9741863012313843,-1.72600257396698,0.7007148861885071,0.45493075251579285,0.03,1.255771517753601,-0.074538454413414,0.343274861574173,0.04014376550912857,-0.023030651733279228,0.08193103224039078,0.9955629110336304,0,0,0,0,0,0,0,0,0,0,0,0,0,0
4.6632232666015625,0.0,5.0067901611328125e-06,0.08339241147041321,7.385015487670898e-05,-0.08350837230682373,-0.9741863012313843,-1.72600257396698,0.7007148861885071,0.45493075251579285,0.03,1.255771517753601,-0.074538454413414,0.343274861574173,0.04014376550912857,-0.023030651733279228,0.08193103224039078,0.9955629110336304,0,0,0,0,0,0,0,0,0,0,0,0,0,0
4.664290904998779,0.0,5.0067901611328125e-06,0.08339241147041321,7.385015487670898e-05,-0.08350837230682373,-0.9741863012313843,-1.72600257396698,0.7007148861885071,0.45493075251579285,0.03,1.255771517753601,-0.074538454413414,0.343274861574173,0.04014376550912857,-0.023030651733279228,0.08193103224039078,0.9955629110336304,0,0,0,0,0,0,0,0,0,0,0,0,0,0
4.6653876304626465,0.0,3.039836883544922e-06,0.08339259028434753,7.176399230957031e-05,-0.08350837230682373,-0.9743843674659729,-1.721474289894104,0.7084454894065857,0.45291098952293396,0.03,1.2557668685913086,-0.07450147718191147,0.3433323800563812,0.040188979357481,-0.02310722880065441,0.08244442194700241,0.995516836643219,0,0,0,0,0,0,0,0,0,0,0,0,0,0
4.667321443557739,0.0,3.039836883544922e-06,0.08339227735996246,7.12275505065918e-05,-0.08350837230682373,-0.9753533601760864,-1.7235314846038818,0.7215429544448853,0.45252230763435364,0.03,1.2557668685913086,-0.07450147718191147,0.3433323800563812,0.040188979357481,-0.02310722880065441,0.08244442194700241,0.995516836643219,0,0,0,0,0,0,0,0,0,0,0,0,0,0
4.668659687042236,0.0,3.039836883544922e-06,0.08339227735996246,7.12275505065918e-05,-0.08350837230682373,-0.9753533601760864,-1.7235314846038818,0.7215429544448853,0.45252230763435364,0.03,1.2557668685913086,-0.07450147718191147,0.3433323800563812,0.040188979357481,-0.02310722880065441,0.08244442194700241,0.995516836643219,0,0,0,0,0,0,0,0,0,0,0,0,0,0
4.669877767562866,0.0,3.039836883544922e-06,0.08339227735996246,7.12275505065918e-05,-0.08350837230682373,-0.9753533601760864,-1.7235314846038818,0.7215429544448853,0.45252230763435364,0.03,1.2557668685913086,-0.07450147718191147,0.3433323800563812,0.040188979357481,-0.02310722880065441,0.08244442194700241,0.995516836643219,0,0,0,0,0,0,0,0,0,0,0,0,0,0
4.671262502670288,0.0,3.039836883544922e-06,0.08339227735996246,7.12275505065918e-05,-0.08350837230682373,-0.9753533601760864,-1.7235314846038818,0.7215429544448853,0.45252230763435364,0.03,1.2557668685913086,-0.07450147718191147,0.3433323800563812,0.040188979357481,-0.02310722880065441,0.08244442194700241,0.995516836643219,0,0,0,0,0,0,0,0,0,0,0,0,0,0
4.673190355300903,0.0,3.039836883544922e-06,0.08339227735996246,7.12275505065918e-05,-0.08350837230682373,-0.9753533601760864,-1.7235314846038818,0.7215429544448853,0.45252230763435364,0.03,1.2557668685913086,-0.07450147718191147,0.3433323800563812,0.040188979357481,-0.02310722880065441,0.08244442194700241,0.995516836643219,0,0,0,0,0,0,0,0,0,0,0,0,0,0
4.6742823123931885,0.0,3.039836883544922e-06,0.08339227735996246,7.12275505065918e-05,-0.08350837230682373,-0.9753533601760864,-1.7235314846038818,0.7215429544448853,0.45252230763435364,0.03,1.2557668685913086,-0.07450147718191147,0.3433323800563812,0.040188979357481,-0.02310722880065441,0.08244442194700241,0.995516836643219,0,0,0,0,0,0,0,0,0,0,0,0,0,0
4.675817489624023,0.0,3.039836883544922e-06,0.08339227735996246,7.12275505065918e-05,-0.08350837230682373,-0.9753533601760864,-1.7235314846038818,0.7215429544448853,0.45252230763435364,0.03,1.2557668685913086,-0.07450147718191147,0.3433323800563812,0.040188979357481,-0.02310722880065441,0.08244442194700241,0.995516836643219,0,0,0,0,0,0,0,0,0,0,0,0,0,0
4.677223443984985,0.0,3.039836883544922e-06,0.08339227735996246,7.12275505065918e-05,-0.08350837230682373,-0.9753533601760864,-1.7235314846038818,0.7215429544448853,0.45252230763435364,0.03,1.2557668685913086,-0.07450147718191147,0.3433323800563812,0.040188979357481,-0.02310722880065441,0.08244442194700241,0.995516836643219,0,0,0,0,0,0,0,0,0,0,0,0,0,0
4.678432941436768,0.0,3.039836883544922e-06,0.08339227735996246,7.12275505065918e-05,-0.08350837230682373,-0.9753533601760864,-1.7235314846038818,0.7215429544448853,0.45252230763435364,0.03,1.2557668685913086,-0.07450147718191147,0.3433323800563812,0.040188979357481,-0.02310722880065441,0.08244442194700241,0.995516836643219,0,0,0,0,0,0,0,0,0,0,0,0,0,0
4.679663896560669,0.0,3.039836883544922e-06,0.08339227735996246,7.12275505065918e-05,-0.08350837230682373,-0.9753533601760864,-1.7235314846038818,0.7215429544448853,0.45252230763435364,0.03,1.2557668685913086,-0.07450147718191147,0.3433323800563812,0.040188979357481,-0.02310722880065441,0.08244442194700241,0.995516836643219,0,0,0,0,0,0,0,0,0,0,0,0,0,0
4.680753946304321,0.0,2.9206275939941406e-06,0.08339251577854156,7.599592208862305e-05,-0.08350825309753418,-0.9750909209251404,-1.7210904359817505,0.695319414138794,0.45216405391693115,0.03,1.2557668685913086,-0.07450147718191147,0.3433323800563812,0.040188979357481,-0.02310722880065441,0.08244442194700241,0.995516836643219,0,0,0,0,0,0,0,0,0,0,0,0,0,0
4.682017803192139,0.0,3.039836883544922e-06,0.08339259028434753,7.802248001098633e-05,-0.08350837230682373,-0.9750415086746216,-1.7196903228759766,0.6988065838813782,0.448628306388855,0.03,1.255751609802246,-0.07463253289461136,0.3431902229785919,0.04015786945819855,-0.023041490465402603,0.082163967192173,0.9955428242683411,0,0,0,0,0,0,0,0,0,0,0,0,0,0
4.683420181274414,0.0,3.039836883544922e-06,0.08339259028434753,7.802248001098633e-05,-0.08350837230682373,-0.9750415086746216,-1.7196903228759766,0.6988065838813782,0.448628306388855,0.03,1.255751609802246,-0.07463253289461136,0.3431902229785919,0.04015786945819855,-0.023041490465402603,0.082163967192173,0.9955428242683411,0,0,0,0,0,0,0,0,0,0,0,0,0,0
4.684647560119629,0.0,3.039836883544922e-06,0.08339259028434753,7.802248001098633e-05,-0.08350837230682373,-0.9750415086746216,-1.7196903228759766,0.6988065838813782,0.448628306388855,0.03,1.255751609802246,-0.07463253289461136,0.3431902229785919,0.04015786945819855,-0.023041490465402603,0.082163967192173,0.9955428242683411,0,0,0,0,0,0,0,0,0,0,0,0,0,0
4.685740232467651,0.0,3.039836883544922e-06,0.08339259028434753,7.802248001098633e-05,-0.08350837230682373,-0.9750415086746216,-1.7196903228759766,0.6988065838813782,0.448628306388855,0.03,1.255751609802246,-0.07463253289461136,0.3431902229785919,0.04015786945819855,-0.023041490465402603,0.082163967192173,0.9955428242683411,0,0,0,0,0,0,0,0,0,0,0,0,0,0
4.687252998352051,0.0,3.039836883544922e-06,0.08339259028434753,7.802248001098633e-05,-0.08350837230682373,-0.9750415086746216,-1.7196903228759766,0.6988065838813782,0.448628306388855,0.03,1.255751609802246,-0.07463253289461136,0.3431902229785919,0.04015786945819855,-0.023041490465402603,0.082163967192173,0.9955428242683411,0,0,0,0,0,0,0,0,0,0,0,0,0,0
4.6890788078308105,0.0,3.039836883544922e-06,0.08339259028434753,7.802248001098633e-05,-0.08350837230682373,-0.9750415086746216,-1.7196903228759766,0.6988065838813782,0.448628306388855,0.03,1.255751609802246,-0.07463253289461136,0.3431902229785919,0.04015786945819855,-0.023041490465402603,0.082163967192173,0.9955428242683411,0,0,0,0,0,0,0,0,0,0,0,0,0,0
4.6904778480529785,0.0,3.039836883544922e-06,0.08339259028434753,7.802248001098633e-05,-0.08350837230682373,-0.9750415086746216,-1.7196903228759766,0.6988065838813782,0.448628306388855,0.03,1.255751609802246,-0.07463253289461136,0.3431902229785919,0.04015786945819855,-0.023041490465402603,0.082163967192173,0.9955428242683411,0,0,0,0,0,0,0,0,0,0,0,0,0,0
4.692089796066284,0.0,3.039836883544922e-06,0.08339259028434753,7.802248001098633e-05,-0.08350837230682373,-0.9750415086746216,-1.7196903228759766,0.6988065838813782,0.448628306388855,0.03,1.255751609802246,-0.07463253289461136,0.3431902229785919,0.04015786945819855,-0.023041490465402603,0.082163967192173,0.9955428242683411,0,0,0,0,0,0,0,0,0,0,0,0,0,0
4.693450689315796,0.0,3.039836883544922e-06,0.08339259028434753,7.802248001098633e-05,-0.08350837230682373,-0.9750415086746216,-1.7196903228759766,0.6988065838813782,0.448628306388855,0.03,1.255751609802246,-0.07463253289461136,0.3431902229785919,0.04015786945819855,-0.023041490465402603,0.082163967192173,0.9955428242683411,0,0,0,0,0,0,0,0,0,0,0,0,0,0
4.694650650024414,0.0,3.039836883544922e-06,0.08339259028434753,7.802248001098633e-05,-0.08350837230682373,-0.9750415086746216,-1.7196903228759766,0.6988065838813782,0.448628306388855,0.03,1.255751609802246,-0.07463253289461136,0.3431902229785919,0.04015786945819855,-0.023041490465402603,0.082163967192173,0.9955428242683411,0,0,0,0,0,0,0,0,0,0,0,0,0,0
4.696670055389404,0.0,3.039836883544922e-06,0.08339259028434753,7.802248001098633e-05,-0.08350837230682373,-0.9750415086746216,-1.7196903228759766,0.6988065838813782,0.448628306388855,0.03,1.255751609802246,-0.07463253289461136,0.3431902229785919,0.04015786945819855,-0.023041490465402603,0.082163967192173,0.9955428242683411,0,0,0,0,0,0,0,0,0,0,0,0,0,0
4.699230670928955,0.0,3.039836883544922e-06,0.08339256048202515,7.2479248046875e-05,-0.08350789546966553,-0.9740166068077087,-1.7178372144699097,0.6962085366249084,0.4463236331939697,0.03,1.255751609802246,-0.07463253289461136,0.3431902229785919,0.04015786945819855,-0.023041490465402603,0.082163967192173,0.9955428242683411,0,0,0,0,0,0,0,0,0,0,0,0,0,0
4.7003748416900635,0.0,2.9206275939941406e-06,0.08339256048202515,7.766485214233398e-05,-0.08350825309753418,-0.9746272563934326,-1.7170319557189941,0.6935875415802002,0.44066208600997925,0.03,1.2557634115219116,-0.07457508146762848,0.34326839447021484,0.04014207422733307,-0.02305564656853676,0.08241938054561615,0.9955220222473145,0,0,0,0,0,0,0,0,0,0,0,0,0,0
4.701575994491577,0.0,2.9206275939941406e-06,0.08339256048202515,7.766485214233398e-05,-0.08350825309753418,-0.9746272563934326,-1.7170319557189941,0.6935875415802002,0.44066208600997925,0.03,1.2557634115219116,-0.07457508146762848,0.34326839447021484,0.04014207422733307,-0.02305564656853676,0.08241938054561615,0.9955220222473145,0,0,0,0,0,0,0,0,0,0,0,0,0,0
4.703056812286377,0.0,2.9206275939941406e-06,0.08339256048202515,7.766485214233398e-05,-0.08350825309753418,-0.9746272563934326,-1.7170319557189941,0.6935875415802002,0.44066208600997925,0.03,1.2557634115219116,-0.07457508146762848,0.34326839447021484,0.04014207422733307,-0.02305564656853676,0.08241938054561615,0.9955220222473145,0,0,0,0,0,0,0,0,0,0,0,0,0,0
4.7049241065979,0.0,2.9206275939941406e-06,0.08339256048202515,7.766485214233398e-05,-0.08350825309753418,-0.9746272563934326,-1.7170319557189941,0.6935875415802002,0.44066208600997925,0.03,1.2557634115219116,-0.07457508146762848,0.34326839447021484,0.04014207422733307,-0.02305564656853676,0.08241938054561615,0.9955220222473145,0,0,0,0,0,0,0,0,0,0,0,0,0,0
4.705986976623535,0.0,2.682209014892578e-06,0.08339247107505798,7.784366607666016e-05,-0.08350825309753418,-0.9768252968788147,-1.7166589498519897,0.694275438785553,0.4372638463973999,0.03,1.2557575702667236,-0.07460319250822067,0.34319499135017395,0.04024782404303551,-0.02298184111714363,0.08288981765508652,0.9954804182052612,0,0,0,0,0,0,0,0,0,0,0,0,0,0
4.707596302032471,0.0,2.682209014892578e-06,0.08339247107505798,7.784366607666016e-05,-0.08350825309753418,-0.9768252968788147,-1.7166589498519897,0.694275438785553,0.4372638463973999,0.03,1.2557575702667236,-0.07460319250822067,0.34319499135017395,0.04024782404303551,-0.02298184111714363,0.08288981765508652,0.9954804182052612,0,0,0,0,0,0,0,0,0,0,0,0,0,0
4.7096335887908936,0.0,2.682209014892578e-06,0.08339247107505798,7.784366607666016e-05,-0.08350825309753418,-0.9768252968788147,-1.7166589498519897,0.694275438785553,0.4372638463973999,0.03,1.2557575702667236,-0.07460319250822067,0.34319499135017395,0.04024782404303551,-0.02298184111714363,0.08288981765508652,0.9954804182052612,0,0,0,0,0,0,0,0,0,0,0,0,0,0
4.711008787155151,0.0,2.682209014892578e-06,0.08339247107505798,7.784366607666016e-05,-0.08350825309753418,-0.9768252968788147,-1.7166589498519897,0.694275438785553,0.4372638463973999,0.03,1.2557575702667236,-0.07460319250822067,0.34319499135017395,0.04024782404303551,-0.02298184111714363,0.08288981765508652,0.9954804182052612,0,0,0,0,0,0,0,0,0,0,0,0,0,0
4.712585210800171,0.0,2.682209014892578e-06,0.08339247107505798,7.784366607666016e-05,-0.08350825309753418,-0.9768252968788147,-1.7166589498519897,0.694275438785553,0.4372638463973999,0.03,1.2557575702667236,-0.07460319250822067,0.34319499135017395,0.04024782404303551,-0.02298184111714363,0.08288981765508652,0.9954804182052612,0,0,0,0,0,0,0,0,0,0,0,0,0,0
4.714374303817749,0.0,2.682209014892578e-06,0.08339247107505798,7.784366607666016e-05,-0.08350825309753418,-0.9768252968788147,-1.7166589498519897,0.694275438785553,0.4372638463973999,0.03,1.2557575702667236,-0.07460319250822067,0.34319499135017395,0.04024782404303551,-0.02298184111714363,0.08288981765508652,0.9954804182052612,0,0,0,0,0,0,0,0,0,0,0,0,0,0
4.7159857749938965,0.0,2.682209014892578e-06,0.08339247107505798,7.784366607666016e-05,-0.08350825309753418,-0.9768252968788147,-1.7166589498519897,0.694275438785553,0.4372638463973999,0.03,1.2557575702667236,-0.07460319250822067,0.34319499135017395,0.04024782404303551,-0.02298184111714363,0.08288981765508652,0.9954804182052612,0,0,0,0,0,0,0,0,0,0,0,0,0,0
4.71730899810791,0.0,2.682209014892578e-06,0.08339247107505798,7.784366607666016e-05,-0.08350825309753418,-0.9768252968788147,-1.7166589498519897,0.694275438785553,0.4372638463973999,0.03,1.2557575702667236,-0.07460319250822067,0.34319499135017395,0.04024782404303551,-0.02298184111714363,0.08288981765508652,0.9954804182052612,0,0,0,0,0,0,0,0,0,0,0,0,0,0
4.718656539916992,0.0,2.682209014892578e-06,0.08339247107505798,7.784366607666016e-05,-0.08350825309753418,-0.9768252968788147,-1.7166589498519897,0.694275438785553,0.4372638463973999,0.03,1.2557575702667236,-0.07460319250822067,0.34319499135017395,0.04024782404303551,-0.02298184111714363,0.08288981765508652,0.9954804182052612,0,0,0,0,0,0,0,0,0,0,0,0,0,0
4.71973729133606,0.0,2.682209014892578e-06,0.08339247107505798,7.784366607666016e-05,-0.08350825309753418,-0.9768252968788147,-1.7166589498519897,0.694275438785553,0.4372638463973999,0.03,1.2557575702667236,-0.07460319250822067,0.34319499135017395,0.04024782404303551,-0.02298184111714363,0.08288981765508652,0.9954804182052612,0,0,0,0,0,0,0,0,0,0,0,0,0,0
4.721479177474976,0.0,2.682209014892578e-06,0.08339247107505798,7.784366607666016e-05,-0.08350825309753418,-0.9768252968788147,-1.7166589498519897,0.694275438785553,0.4372638463973999,0.03,1.2557575702667236,-0.07460319250822067,0.34319499135017395,0.04024782404303551,-0.02298184111714363,0.08288981765508652,0.9954804182052612,0,0,0,0,0,0,0,0,0,0,0,0,0,0
4.722581148147583,0.0,2.682209014892578e-06,0.08339247107505798,7.784366607666016e-05,-0.08350825309753418,-0.9768252968788147,-1.7166589498519897,0.694275438785553,0.4372638463973999,0.03,1.2557575702667236,-0.07460319250822067,0.34319499135017395,0.04024782404303551,-0.02298184111714363,0.08288981765508652,0.9954804182052612,0,0,0,0,0,0,0,0,0,0,0,0,0,0
4.7237229347229,0.0,2.682209014892578e-06,0.08339247107505798,7.784366607666016e-05,-0.08350825309753418,-0.9768252968788147,-1.7166589498519897,0.694275438785553,0.4372638463973999,0.03,1.2557575702667236,-0.07460319250822067,0.34319499135017395,0.04024782404303551,-0.02298184111714363,0.08288981765508652,0.9954804182052612,0,0,0,0,0,0,0,0,0,0,0,0,0,0
4.725045919418335,0.0,2.682209014892578e-06,0.08339247107505798,7.784366607666016e-05,-0.08350825309753418,-0.9768252968788147,-1.7166589498519897,0.694275438785553,0.4372638463973999,0.03,1.2557575702667236,-0.07460319250822067,0.34319499135017395,0.04024782404303551,-0.02298184111714363,0.08288981765508652,0.9954804182052612,0,0,0,0,0,0,0,0,0,0,0,0,0,0
4.726205587387085,0.0,2.682209014892578e-06,0.08339247107505798,7.784366607666016e-05,-0.08350825309753418,-0.9768252968788147,-1.7166589498519897,0.694275438785553,0.4372638463973999,0.03,1.2557575702667236,-0.07460319250822067,0.34319499135017395,0.04024782404303551,-0.02298184111714363,0.08288981765508652,0.9954804182052612,0,0,0,0,0,0,0,0,0,0,0,0,0,0
4.727759122848511,0.0,2.682209014892578e-06,0.08339247107505798,7.784366607666016e-05,-0.08350825309753418,-0.9768252968788147,-1.7166589498519897,0.694275438785553,0.4372638463973999,0.03,1.2557575702667236,-0.07460319250822067,0.34319499135017395,0.04024782404303551,-0.02298184111714363,0.08288981765508652,0.9954804182052612,0,0,0,0,0,0,0,0,0,0,0,0,0,0
4.728835105895996,0.0,2.682209014892578e-06,0.08339247107505798,7.784366607666016e-05,-0.08350825309753418,-0.9768252968788147,-1.7166589498519897,0.694275438785553,0.4372638463973999,0.03,1.2557575702667236,-0.07460319250822067,0.34319499135017395,0.04024782404303551,-0.02298184111714363,0.08288981765508652,0.9954804182052612,0,0,0,0,0,0,0,0,0,0,0,0,0,0
4.729932069778442,0.0,2.682209014892578e-06,0.08339247107505798,7.784366607666016e-05,-0.08350825309753418,-0.9768252968788147,-1.7166589498519897,0.694275438785553,0.4372638463973999,0.03,1.2557575702667236,-0.07460319250822067,0.34319499135017395,0.04024782404303551,-0.02298184111714363,0.08288981765508652,0.9954804182052612,0,0,0,0,0,0,0,0,0,0,0,0,0,0
4.731189250946045,0.0,2.682209014892578e-06,0.08339247107505798,7.784366607666016e-05,-0.08350825309753418,-0.9768252968788147,-1.7166589498519897,0.694275438785553,0.4372638463973999,0.03,1.2557575702667236,-0.07460319250822067,0.34319499135017395,0.04024782404303551,-0.02298184111714363,0.08288981765508652,0.9954804182052612,0,0,0,0,0,0,0,0,0,0,0,0,0,0
4.732287406921387,0.0,2.682209014892578e-06,0.08339247107505798,7.784366607666016e-05,-0.08350825309753418,-0.9768252968788147,-1.7166589498519897,0.694275438785553,0.4372638463973999,0.03,1.2557575702667236,-0.07460319250822067,0.34319499135017395,0.04024782404303551,-0.02298184111714363,0.08288981765508652,0.9954804182052612,0,0,0,0,0,0,0,0,0,0,0,0,0,0
4.733363628387451,0.0,2.682209014892578e-06,0.08339247107505798,7.784366607666016e-05,-0.08350825309753418,-0.9768252968788147,-1.7166589498519897,0.694275438785553,0.4372638463973999,0.03,1.2557575702667236,-0.07460319250822067,0.34319499135017395,0.04024782404303551,-0.02298184111714363,0.08288981765508652,0.9954804182052612,0,0,0,0,0,0,0,0,0,0,0,0,0,0
4.735081911087036,0.0,2.9206275939941406e-06,0.08339256048202515,6.258487701416016e-05,-0.08352041244506836,-0.9746084213256836,-1.7153594493865967,0.7327468991279602,0.40990734100341797,0.03,1.2557575702667236,-0.07460319250822067,0.34319499135017395,0.04024782404303551,-0.02298184111714363,0.08288981765508652,0.9954804182052612,0,0,0,0,0,0,0,0,0,0,0,0,0,0
4.736415386199951,0.0,2.205371856689453e-06,0.08339256048202515,5.048513412475586e-05,-0.08350807428359985,-0.9796326160430908,-1.7148627042770386,0.7014715671539307,0.4359329342842102,0.03,1.2557607889175415,-0.074576236307621,0.3432568311691284,0.04025902599096298,-0.023080071434378624,0.08309836685657501,0.9954603314399719,0,0,0,0,0,0,0,0,0,0,0,0,0,0
4.737624645233154,0.0,2.205371856689453e-06,0.08339256048202515,5.048513412475586e-05,-0.08350807428359985,-0.9796326160430908,-1.7148627042770386,0.7014715671539307,0.4359329342842102,0.03,1.2557607889175415,-0.074576236307621,0.3432568311691284,0.04025902599096298,-0.023080071434378624,0.08309836685657501,0.9954603314399719,0,0,0,0,0,0,0,0,0,0,0,0,0,0
4.739106893539429,0.0,2.205371856689453e-06,0.08339256048202515,5.048513412475586e-05,-0.08350807428359985,-0.9796326160430908,-1.7148627042770386,0.7014715671539307,0.4359329342842102,0.03,1.2557607889175415,-0.074576236307621,0.3432568311691284,0.04025902599096298,-0.023080071434378624,0.08309836685657501,0.9954603314399719,0,0,0,0,0,0,0,0,0,0,0,0,0,0
4.740422487258911,0.0,2.205371856689453e-06,0.08339256048202515,5.048513412475586e-05,-0.08350807428359985,-0.9796326160430908,-1.7148627042770386,0.7014715671539307,0.4359329342842102,0.03,1.2557607889175415,-0.074576236307621,0.3432568311691284,0.04025902599096298,-0.023080071434378624,0.08309836685657501,0.9954603314399719,0,0,0,0,0,0,0,0,0,0,0,0,0,0
4.741992712020874,0.0,2.205371856689453e-06,0.08339256048202515,5.048513412475586e-05,-0.08350807428359985,-0.9796326160430908,-1.7148627042770386,0.7014715671539307,0.4359329342842102,0.03,1.2557607889175415,-0.074576236307621,0.3432568311691284,0.04025902599096298,-0.023080071434378624,0.08309836685657501,0.9954603314399719,0,0,0,0,0,0,0,0,0,0,0,0,0,0
4.743134498596191,0.0,2.205371856689453e-06,0.08339256048202515,5.048513412475586e-05,-0.08350807428359985,-0.9796326160430908,-1.7148627042770386,0.7014715671539307,0.4359329342842102,0.03,1.2557607889175415,-0.074576236307621,0.3432568311691284,0.04025902599096298,-0.023080071434378624,0.08309836685657501,0.9954603314399719,0,0,0,0,0,0,0,0,0,0,0,0,0,0
4.744431018829346,0.0,2.205371856689453e-06,0.08339256048202515,5.048513412475586e-05,-0.08350807428359985,-0.9796326160430908,-1.7148627042770386,0.7014715671539307,0.4359329342842102,0.03,1.2557607889175415,-0.074576236307621,0.3432568311691284,0.04025902599096298,-0.023080071434378624,0.08309836685657501,0.9954603314399719,0,0,0,0,0,0,0,0,0,0,0,0,0,0
4.745493173599243,0.0,2.8014183044433594e-06,0.08339259028434753,6.556510925292969e-05,-0.08350825309753418,-0.9750586748123169,-1.7145740985870361,0.7040313482284546,0.43369677662849426,0.03,1.2557607889175415,-0.074576236307621,0.3432568311691284,0.04025902599096298,-0.023080071434378624,0.08309836685657501,0.9954603314399719,0,0,0,0,0,0,0,0,0,0,0,0,0,0
4.747257709503174,0.0,2.8014183044433594e-06,0.08339259028434753,6.556510925292969e-05,-0.08350825309753418,-0.9750586748123169,-1.7145740985870361,0.7040313482284546,0.43369677662849426,0.03,1.2557607889175415,-0.074576236307621,0.3432568311691284,0.04025902599096298,-0.023080071434378624,0.08309836685657501,0.9954603314399719,0,0,0,0,0,0,0,0,0,0,0,0,0,0
4.74836540222168,0.0,2.8014183044433594e-06,0.08339259028434753,6.556510925292969e-05,-0.08350825309753418,-0.9750586748123169,-1.7145740985870361,0.7040313482284546,0.43369677662849426,0.03,1.2557607889175415,-0.074576236307621,0.3432568311691284,0.04025902599096298,-0.023080071434378624,0.08309836685657501,0.9954603314399719,0,0,0,0,0,0,0,0,0,0,0,0,0,0
4.749584674835205,0.0,2.8014183044433594e-06,0.08339259028434753,6.556510925292969e-05,-0.08350825309753418,-0.9750586748123169,-1.7145740985870361,0.7040313482284546,0.43369677662849426,0.03,1.2557607889175415,-0.074576236307621,0.3432568311691284,0.04025902599096298,-0.023080071434378624,0.08309836685657501,0.9954603314399719,0,0,0,0,0,0,0,0,0,0,0,0,0,0
4.750701189041138,0.0,2.8014183044433594e-06,0.08339259028434753,6.556510925292969e-05,-0.08350825309753418,-0.9750586748123169,-1.7145740985870361,0.7040313482284546,0.43369677662849426,0.03,1.2557607889175415,-0.074576236307621,0.3432568311691284,0.04025902599096298,-0.023080071434378624,0.08309836685657501,0.9954603314399719,0,0,0,0,0,0,0,0,0,0,0,0,0,0
4.753925800323486,0.0,2.8014183044433594e-06,0.08339259028434753,6.556510925292969e-05,-0.08350825309753418,-0.9750586748123169,-1.7145740985870361,0.7040313482284546,0.43369677662849426,0.03,1.2557607889175415,-0.074576236307621,0.3432568311691284,0.04025902599096298,-0.023080071434378624,0.08309836685657501,0.9954603314399719,0,0,0,0,0,0,0,0,0,0,0,0,0,0
4.7550647258758545,0.0,2.086162567138672e-05,0.08339256048202515,6.890296936035156e-05,-0.08350825309753418,-0.9388685822486877,-1.7132439613342285,0.7235819697380066,0.42907360196113586,0.03,1.2557587623596191,-0.07457061111927032,0.34329161047935486,0.04014051705598831,-0.023055287078022957,0.08312614262104034,0.9954633116722107,0,0,0,0,0,0,0,0,0,0,0,0,0,0
4.7564377784729,0.0,2.562999725341797e-06,0.08340473473072052,6.097555160522461e-05,-0.08350837230682373,-0.977159321308136,-1.6866589784622192,0.7235226035118103,0.42759063839912415,0.03,1.2557545900344849,-0.07462170720100403,0.34323784708976746,0.04003201425075531,-0.023019060492515564,0.08117861300706863,0.9956293106079102,0,0,0,0,0,0,0,0,0,0,0,0,0,0
4.757503509521484,0.0,2.562999725341797e-06,0.08340473473072052,6.097555160522461e-05,-0.08350837230682373,-0.977159321308136,-1.6866589784622192,0.7235226035118103,0.42759063839912415,0.03,1.2557545900344849,-0.07462170720100403,0.34323784708976746,0.04003201425075531,-0.023019060492515564,0.08117861300706863,0.9956293106079102,0,0,0,0,0,0,0,0,0,0,0,0,0,0
4.758699417114258,0.0,2.562999725341797e-06,0.08340473473072052,6.097555160522461e-05,-0.08350837230682373,-0.977159321308136,-1.6866589784622192,0.7235226035118103,0.42759063839912415,0.03,1.2557545900344849,-0.07462170720100403,0.34323784708976746,0.04003201425075531,-0.023019060492515564,0.08117861300706863,0.9956293106079102,0,0,0,0,0,0,0,0,0,0,0,0,0,0
4.759928464889526,0.0,2.562999725341797e-06,0.08340473473072052,6.097555160522461e-05,-0.08350837230682373,-0.977159321308136,-1.6866589784622192,0.7235226035118103,0.42759063839912415,0.03,1.2557545900344849,-0.07462170720100403,0.34323784708976746,0.04003201425075531,-0.023019060492515564,0.08117861300706863,0.9956293106079102,0,0,0,0,0,0,0,0,0,0,0,0,0,0
4.7614312171936035,0.0,2.562999725341797e-06,0.08340473473072052,6.097555160522461e-05,-0.08350837230682373,-0.977159321308136,-1.6866589784622192,0.7235226035118103,0.42759063839912415,0.03,1.2557545900344849,-0.07462170720100403,0.34323784708976746,0.04003201425075531,-0.023019060492515564,0.08117861300706863,0.9956293106079102,0,0,0,0,0,0,0,0,0,0,0,0,0,0
4.762562990188599,0.0,2.562999725341797e-06,0.08340473473072052,6.097555160522461e-05,-0.08350837230682373,-0.977159321308136,-1.6866589784622192,0.7235226035118103,0.42759063839912415,0.03,1.2557545900344849,-0.07462170720100403,0.34323784708976746,0.04003201425075531,-0.023019060492515564,0.08117861300706863,0.9956293106079102,0,0,0,0,0,0,0,0,0,0,0,0,0,0
4.764377117156982,0.0,2.562999725341797e-06,0.08340473473072052,6.097555160522461e-05,-0.08350837230682373,-0.977159321308136,-1.6866589784622192,0.7235226035118103,0.42759063839912415,0.03,1.2557545900344849,-0.07462170720100403,0.34323784708976746,0.04003201425075531,-0.023019060492515564,0.08117861300706863,0.9956293106079102,0,0,0,0,0,0,0,0,0,0,0,0,0,0
4.765907049179077,0.0,2.562999725341797e-06,0.08340473473072052,6.097555160522461e-05,-0.08350837230682373,-0.977159321308136,-1.6866589784622192,0.7235226035118103,0.42759063839912415,0.03,1.2557545900344849,-0.07462170720100403,0.34323784708976746,0.04003201425075531,-0.023019060492515564,0.08117861300706863,0.9956293106079102,0,0,0,0,0,0,0,0,0,0,0,0,0,0
4.767146110534668,0.0,2.682209014892578e-06,0.08339406549930573,7.647275924682617e-05,-0.08350837230682373,-0.975859522819519,-1.7128610610961914,0.6891105771064758,0.42751404643058777,0.03,1.2557545900344849,-0.07462170720100403,0.34323784708976746,0.04003201425075531,-0.023019060492515564,0.08117861300706863,0.9956293106079102,0,0,0,0,0,0,0,0,0,0,0,0,0,0
4.769300222396851,0.0,1.2874603271484375e-05,0.08339256048202515,7.039308547973633e-05,-0.08350837230682373,-0.9607132077217102,-1.7115554809570312,0.6995478272438049,0.42408570647239685,0.03,1.2557601928710938,-0.07459064573049545,0.3432292938232422,0.03998081013560295,-0.023034673184156418,0.08133457601070404,0.9956182241439819,0,0,0,0,0,0,0,0,0,0,0,0,0,0
4.770549297332764,0.0,1.2874603271484375e-05,0.08339256048202515,7.039308547973633e-05,-0.08350837230682373,-0.9607132077217102,-1.7115554809570312,0.6995478272438049,0.42408570647239685,0.03,1.2557601928710938,-0.07459064573049545,0.3432292938232422,0.03998081013560295,-0.023034673184156418,0.08133457601070404,0.9956182241439819,0,0,0,0,0,0,0,0,0,0,0,0,0,0
4.771741151809692,0.0,1.2874603271484375e-05,0.08339256048202515,7.039308547973633e-05,-0.08350837230682373,-0.9607132077217102,-1.7115554809570312,0.6995478272438049,0.42408570647239685,0.03,1.2557601928710938,-0.07459064573049545,0.3432292938232422,0.03998081013560295,-0.023034673184156418,0.08133457601070404,0.9956182241439819,0,0,0,0,0,0,0,0,0,0,0,0,0,0
4.772853136062622,0.0,1.2874603271484375e-05,0.08339256048202515,7.039308547973633e-05,-0.08350837230682373,-0.9607132077217102,-1.7115554809570312,0.6995478272438049,0.42408570647239685,0.03,1.2557601928710938,-0.07459064573049545,0.3432292938232422,0.03998081013560295,-0.023034673184156418,0.08133457601070404,0.9956182241439819,0,0,0,0,0,0,0,0,0,0,0,0,0,0
4.7740638256073,0.0,1.2874603271484375e-05,0.08339256048202515,7.039308547973633e-05,-0.08350837230682373,-0.9607132077217102,-1.7115554809570312,0.6995478272438049,0.42408570647239685,0.03,1.2557601928710938,-0.07459064573049545,0.3432292938232422,0.03998081013560295,-0.023034673184156418,0.08133457601070404,0.9956182241439819,0,0,0,0,0,0,0,0,0,0,0,0,0,0
4.775369882583618,0.0,1.2874603271484375e-05,0.08339256048202515,7.039308547973633e-05,-0.08350837230682373,-0.9607132077217102,-1.7115554809570312,0.6995478272438049,0.42408570647239685,0.03,1.2557601928710938,-0.07459064573049545,0.3432292938232422,0.03998081013560295,-0.023034673184156418,0.08133457601070404,0.9956182241439819,0,0,0,0,0,0,0,0,0,0,0,0,0,0
4.77652645111084,0.0,1.5676021575927734e-05,0.08339256048202515,5.072355270385742e-05,-0.08350837230682373,-0.9530336260795593,-1.711182951927185,0.7045226097106934,0.42385122179985046,0.03,1.2557601928710938,-0.07459064573049545,0.3432292938232422,0.03998081013560295,-0.023034673184156418,0.08133457601070404,0.9956182241439819,0,0,0,0,0,0,0,0,0,0,0,0,0,0
4.777667284011841,0.0,1.5676021575927734e-05,0.08339256048202515,5.072355270385742e-05,-0.08350837230682373,-0.9530336260795593,-1.711182951927185,0.7045226097106934,0.42385122179985046,0.03,1.2557601928710938,-0.07459064573049545,0.3432292938232422,0.03998081013560295,-0.023034673184156418,0.08133457601070404,0.9956182241439819,0,0,0,0,0,0,0,0,0,0,0,0,0,0
4.779039621353149,0.0,1.5676021575927734e-05,0.08339256048202515,5.072355270385742e-05,-0.08350837230682373,-0.9530336260795593,-1.711182951927185,0.7045226097106934,0.42385122179985046,0.03,1.2557601928710938,-0.07459064573049545,0.3432292938232422,0.03998081013560295,-0.023034673184156418,0.08133457601070404,0.9956182241439819,0,0,0,0,0,0,0,0,0,0,0,0,0,0
4.780388355255127,0.0,1.4603137969970703e-05,0.08339259028434753,3.123283386230469e-05,-0.08350837230682373,-0.9515373706817627,-1.7109874486923218,0.7559041976928711,0.42361921072006226,0.03,1.2557601928710938,-0.07459064573049545,0.3432292938232422,0.03998081013560295,-0.023034673184156418,0.08133457601070404,0.9956182241439819,0,0,0,0,0,0,0,0,0,0,0,0,0,0
4.781552314758301,0.0,1.1324882507324219e-05,0.08339227735996246,2.0325183868408203e-05,-0.08350837230682373,-0.96732497215271,-1.7121269702911377,0.7787225842475891,0.419958233833313,0.03,1.2557601928710938,-0.07459064573049545,0.3432292938232422,0.03998081013560295,-0.023034673184156418,0.08133457601070404,0.9956182241439819,0,0,0,0,0,0,0,0,0,0,0,0,0,0
4.782694101333618,0.0,1.1324882507324219e-05,0.08339227735996246,2.0325183868408203e-05,-0.08350837230682373,-0.96732497215271,-1.7121269702911377,0.7787225842475891,0.419958233833313,0.03,1.2557601928710938,-0.07459064573049545,0.3432292938232422,0.03998081013560295,-0.023034673184156418,0.08133457601070404,0.9956182241439819,0,0,0,0,0,0,0,0,0,0,0,0,0,0
4.783917665481567,0.0,1.1324882507324219e-05,0.08339227735996246,2.0325183868408203e-05,-0.08350837230682373,-0.96732497215271,-1.7121269702911377,0.7787225842475891,0.419958233833313,0.03,1.2557601928710938,-0.07459064573049545,0.3432292938232422,0.03998081013560295,-0.023034673184156418,0.08133457601070404,0.9956182241439819,0,0,0,0,0,0,0,0,0,0,0,0,0,0
4.7849977016448975,0.0,1.1324882507324219e-05,0.08339227735996246,2.0325183868408203e-05,-0.08350837230682373,-0.96732497215271,-1.7121269702911377,0.7787225842475891,0.419958233833313,0.03,1.2557601928710938,-0.07459064573049545,0.3432292938232422,0.03998081013560295,-0.023034673184156418,0.08133457601070404,0.9956182241439819,0,0,0,0,0,0,0,0,0,0,0,0,0,0
4.789012432098389,0.0,1.1324882507324219e-05,0.08339227735996246,2.0325183868408203e-05,-0.08350837230682373,-0.96732497215271,-1.7121269702911377,0.7787225842475891,0.419958233833313,0.03,1.2557601928710938,-0.07459064573049545,0.3432292938232422,0.03998081013560295,-0.023034673184156418,0.08133457601070404,0.9956182241439819,0,0,0,0,0,0,0,0,0,0,0,0,0,0
4.790188550949097,0.0,1.1324882507324219e-05,0.08339227735996246,2.0325183868408203e-05,-0.08350837230682373,-0.96732497215271,-1.7121269702911377,0.7787225842475891,0.419958233833313,0.03,1.2557601928710938,-0.07459064573049545,0.3432292938232422,0.03998081013560295,-0.023034673184156418,0.08133457601070404,0.9956182241439819,0,0,0,0,0,0,0,0,0,0,0,0,0,0
4.791560888290405,0.0,1.1324882507324219e-05,0.08339227735996246,2.0325183868408203e-05,-0.08350837230682373,-0.96732497215271,-1.7121269702911377,0.7787225842475891,0.419958233833313,0.03,1.2557601928710938,-0.07459064573049545,0.3432292938232422,0.03998081013560295,-0.023034673184156418,0.08133457601070404,0.9956182241439819,0,0,0,0,0,0,0,0,0,0,0,0,0,0
4.792703151702881,0.0,1.1324882507324219e-05,0.08339227735996246,2.0325183868408203e-05,-0.08350837230682373,-0.96732497215271,-1.7121269702911377,0.7787225842475891,0.419958233833313,0.03,1.2557601928710938,-0.07459064573049545,0.3432292938232422,0.03998081013560295,-0.023034673184156418,0.08133457601070404,0.9956182241439819,0,0,0,0,0,0,0,0,0,0,0,0,0,0
4.793912887573242,0.0,1.1324882507324219e-05,0.08339227735996246,2.0325183868408203e-05,-0.08350837230682373,-0.96732497215271,-1.7121269702911377,0.7787225842475891,0.419958233833313,0.03,1.2557601928710938,-0.07459064573049545,0.3432292938232422,0.03998081013560295,-0.023034673184156418,0.08133457601070404,0.9956182241439819,0,0,0,0,0,0,0,0,0,0,0,0,0,0
4.795090198516846,0.0,1.1324882507324219e-05,0.08339227735996246,2.0325183868408203e-05,-0.08350837230682373,-0.96732497215271,-1.7121269702911377,0.7787225842475891,0.419958233833313,0.03,1.2557601928710938,-0.07459064573049545,0.3432292938232422,0.03998081013560295,-0.023034673184156418,0.08133457601070404,0.9956182241439819,0,0,0,0,0,0,0,0,0,0,0,0,0,0
4.797842264175415,0.0,9.000301361083984e-06,0.08339256048202515,5.1140785217285156e-05,-0.08350837230682373,-0.9798726439476013,-1.709855318069458,0.7151989340782166,0.41964778304100037,0.03,1.255764365196228,-0.07455550879240036,0.3432934582233429,0.03994724154472351,-0.023050229996442795,0.07967054843902588,0.995753824710846,0,0,0,0,0,0,0,0,0,0,0,0,0,0
4.799042701721191,0.0,5.960464477539062e-07,0.0833953469991684,2.6226043701171875e-05,-0.08350825309753418,-0.9893961548805237,-1.7072925567626953,0.7637120485305786,0.4192895293235779,0.03,1.2557570934295654,-0.07461334019899368,0.3432167172431946,0.04005924239754677,-0.023011764511466026,0.08135361224412918,0.9956140518188477,0,0,0,0,0,0,0,0,0,0,0,0,0,0
4.800183296203613,0.0,5.960464477539062e-07,0.0833953469991684,2.6226043701171875e-05,-0.08350825309753418,-0.9893961548805237,-1.7072925567626953,0.7637120485305786,0.4192895293235779,0.03,1.2557570934295654,-0.07461334019899368,0.3432167172431946,0.04005924239754677,-0.023011764511466026,0.08135361224412918,0.9956140518188477,0,0,0,0,0,0,0,0,0,0,0,0,0,0
4.801717519760132,0.0,5.960464477539062e-07,0.0833953469991684,2.6226043701171875e-05,-0.08350825309753418,-0.9893961548805237,-1.7072925567626953,0.7637120485305786,0.4192895293235779,0.03,1.2557570934295654,-0.07461334019899368,0.3432167172431946,0.04005924239754677,-0.023011764511466026,0.08135361224412918,0.9956140518188477,0,0,0,0,0,0,0,0,0,0,0,0,0,0
4.803699016571045,0.0,5.960464477539062e-07,0.0833953469991684,2.6226043701171875e-05,-0.08350825309753418,-0.9893961548805237,-1.7072925567626953,0.7637120485305786,0.4192895293235779,0.03,1.2557570934295654,-0.07461334019899368,0.3432167172431946,0.04005924239754677,-0.023011764511466026,0.08135361224412918,0.9956140518188477,0,0,0,0,0,0,0,0,0,0,0,0,0,0
4.80510950088501,0.0,2.3245811462402344e-06,0.08339256048202515,4.309415817260742e-05,-0.08350837230682373,-0.9786491394042969,-1.7088605165481567,0.7245742082595825,0.41642996668815613,0.03,1.2557570934295654,-0.07461334019899368,0.3432167172431946,0.04005924239754677,-0.023011764511466026,0.08135361224412918,0.9956140518188477,0,0,0,0,0,0,0,0,0,0,0,0,0,0
4.806175231933594,0.0,2.0384788513183594e-05,0.08339259028434753,3.5822391510009766e-05,-0.08350855112075806,-0.9411436319351196,-1.7079715728759766,0.7316209673881531,0.41253671050071716,0.03,1.255765438079834,-0.07462110370397568,0.34324321150779724,0.03997211903333664,-0.02299911342561245,0.08092998713254929,0.9956523776054382,0,0,0,0,0,0,0,0,0,0,0,0,0,0
4.80731987953186,0.0,2.0384788513183594e-05,0.08339259028434753,3.5822391510009766e-05,-0.08350855112075806,-0.9411436319351196,-1.7079715728759766,0.7316209673881531,0.41253671050071716,0.03,1.255765438079834,-0.07462110370397568,0.34324321150779724,0.03997211903333664,-0.02299911342561245,0.08092998713254929,0.9956523776054382,0,0,0,0,0,0,0,0,0,0,0,0,0,0
4.8087379932403564,0.0,2.0384788513183594e-05,0.08339259028434753,3.5822391510009766e-05,-0.08350855112075806,-0.9411436319351196,-1.7079715728759766,0.7316209673881531,0.41253671050071716,0.03,1.255765438079834,-0.07462110370397568,0.34324321150779724,0.03997211903333664,-0.02299911342561245,0.08092998713254929,0.9956523776054382,0,0,0,0,0,0,0,0,0,0,0,0,0,0
4.810039520263672,0.0,2.0384788513183594e-05,0.08339259028434753,3.5822391510009766e-05,-0.08350855112075806,-0.9411436319351196,-1.7079715728759766,0.7316209673881531,0.41253671050071716,0.03,1.255765438079834,-0.07462110370397568,0.34324321150779724,0.03997211903333664,-0.02299911342561245,0.08092998713254929,0.9956523776054382,0,0,0,0,0,0,0,0,0,0,0,0,0,0
4.811130523681641,0.0,2.0384788513183594e-05,0.08339259028434753,3.5822391510009766e-05,-0.08350855112075806,-0.9411436319351196,-1.7079715728759766,0.7316209673881531,0.41253671050071716,0.03,1.255765438079834,-0.07462110370397568,0.34324321150779724,0.03997211903333664,-0.02299911342561245,0.08092998713254929,0.9956523776054382,0,0,0,0,0,0,0,0,0,0,0,0,0,0
4.812383413314819,0.0,2.0384788513183594e-05,0.08339259028434753,3.5822391510009766e-05,-0.08350855112075806,-0.9411436319351196,-1.7079715728759766,0.7316209673881531,0.41253671050071716,0.03,1.255765438079834,-0.07462110370397568,0.34324321150779724,0.03997211903333664,-0.02299911342561245,0.08092998713254929,0.9956523776054382,0,0,0,0,0,0,0,0,0,0,0,0,0,0
4.813478708267212,0.0,2.0384788513183594e-05,0.08339259028434753,3.5822391510009766e-05,-0.08350855112075806,-0.9411436319351196,-1.7079715728759766,0.7316209673881531,0.41253671050071716,0.03,1.255765438079834,-0.07462110370397568,0.34324321150779724,0.03997211903333664,-0.02299911342561245,0.08092998713254929,0.9956523776054382,0,0,0,0,0,0,0,0,0,0,0,0,0,0
4.814551591873169,0.0,2.0384788513183594e-05,0.08339259028434753,3.5822391510009766e-05,-0.08350855112075806,-0.9411436319351196,-1.7079715728759766,0.7316209673881531,0.41253671050071716,0.03,1.255765438079834,-0.07462110370397568,0.34324321150779724,0.03997211903333664,-0.02299911342561245,0.08092998713254929,0.9956523776054382,0,0,0,0,0,0,0,0,0,0,0,0,0,0
4.815770387649536,0.0,2.0384788513183594e-05,0.08339259028434753,3.5822391510009766e-05,-0.08350855112075806,-0.9411436319351196,-1.7079715728759766,0.7316209673881531,0.41253671050071716,0.03,1.255765438079834,-0.07462110370397568,0.34324321150779724,0.03997211903333664,-0.02299911342561245,0.08092998713254929,0.9956523776054382,0,0,0,0,0,0,0,0,0,0,0,0,0,0
4.816848516464233,0.0,2.0384788513183594e-05,0.08339259028434753,3.5822391510009766e-05,-0.08350855112075806,-0.9411436319351196,-1.7079715728759766,0.7316209673881531,0.41253671050071716,0.03,1.255765438079834,-0.07462110370397568,0.34324321150779724,0.03997211903333664,-0.02299911342561245,0.08092998713254929,0.9956523776054382,0,0,0,0,0,0,0,0,0,0,0,0,0,0
4.818008661270142,0.0,2.0384788513183594e-05,0.08339259028434753,3.5822391510009766e-05,-0.08350855112075806,-0.9411436319351196,-1.7079715728759766,0.7316209673881531,0.41253671050071716,0.03,1.255765438079834,-0.07462110370397568,0.34324321150779724,0.03997211903333664,-0.02299911342561245,0.08092998713254929,0.9956523776054382,0,0,0,0,0,0,0,0,0,0,0,0,0,0
4.819185733795166,0.0,2.0384788513183594e-05,0.08339259028434753,3.5822391510009766e-05,-0.08350855112075806,-0.9411436319351196,-1.7079715728759766,0.7316209673881531,0.41253671050071716,0.03,1.255765438079834,-0.07462110370397568,0.34324321150779724,0.03997211903333664,-0.02299911342561245,0.08092998713254929,0.9956523776054382,0,0,0,0,0,0,0,0,0,0,0,0,0,0
4.820264577865601,0.0,2.0384788513183594e-05,0.08339259028434753,3.5822391510009766e-05,-0.08350855112075806,-0.9411436319351196,-1.7079715728759766,0.7316209673881531,0.41253671050071716,0.03,1.255765438079834,-0.07462110370397568,0.34324321150779724,0.03997211903333664,-0.02299911342561245,0.08092998713254929,0.9956523776054382,0,0,0,0,0,0,0,0,0,0,0,0,0,0
4.821467161178589,0.0,1.4901161193847656e-06,0.08339256048202515,3.24249267578125e-05,-0.08350837230682373,-0.9860235452651978,-1.7078068256378174,0.7264581918716431,0.41315388679504395,0.03,1.255765438079834,-0.07462110370397568,0.34324321150779724,0.03997211903333664,-0.02299911342561245,0.08092998713254929,0.9956523776054382,0,0,0,0,0,0,0,0,0,0,0,0,0,0
4.822657108306885,0.0,1.1861324310302734e-05,0.08339524269104004,5.6684017181396484e-05,-0.08350837230682373,-0.9642797708511353,-1.7048712968826294,0.6907260417938232,0.4112621545791626,0.03,1.2557697296142578,-0.07455328106880188,0.34332385659217834,0.03998579457402229,-0.023071570321917534,0.0820387750864029,0.9955594539642334,0,0,0,0,0,0,0,0,0,0,0,0,0,0
4.823729753494263,0.0,1.1861324310302734e-05,0.08339524269104004,5.6684017181396484e-05,-0.08350837230682373,-0.9642797708511353,-1.7048712968826294,0.6907260417938232,0.4112621545791626,0.03,1.2557697296142578,-0.07455328106880188,0.34332385659217834,0.03998579457402229,-0.023071570321917534,0.0820387750864029,0.9955594539642334,0,0,0,0,0,0,0,0,0,0,0,0,0,0
4.825049638748169,0.0,1.1861324310302734e-05,0.08339524269104004,5.6684017181396484e-05,-0.08350837230682373,-0.9642797708511353,-1.7048712968826294,0.6907260417938232,0.4112621545791626,0.03,1.2557697296142578,-0.07455328106880188,0.34332385659217834,0.03998579457402229,-0.023071570321917534,0.0820387750864029,0.9955594539642334,0,0,0,0,0,0,0,0,0,0,0,0,0,0
4.826467990875244,0.0,1.1861324310302734e-05,0.08339524269104004,5.6684017181396484e-05,-0.08350837230682373,-0.9642797708511353,-1.7048712968826294,0.6907260417938232,0.4112621545791626,0.03,1.2557697296142578,-0.07455328106880188,0.34332385659217834,0.03998579457402229,-0.023071570321917534,0.0820387750864029,0.9955594539642334,0,0,0,0,0,0,0,0,0,0,0,0,0,0
4.827586650848389,0.0,1.1861324310302734e-05,0.08339524269104004,5.6684017181396484e-05,-0.08350837230682373,-0.9642797708511353,-1.7048712968826294,0.6907260417938232,0.4112621545791626,0.03,1.2557697296142578,-0.07455328106880188,0.34332385659217834,0.03998579457402229,-0.023071570321917534,0.0820387750864029,0.9955594539642334,0,0,0,0,0,0,0,0,0,0,0,0,0,0
4.8288469314575195,0.0,1.1861324310302734e-05,0.08339524269104004,5.6684017181396484e-05,-0.08350837230682373,-0.9642797708511353,-1.7048712968826294,0.6907260417938232,0.4112621545791626,0.03,1.2557697296142578,-0.07455328106880188,0.34332385659217834,0.03998579457402229,-0.023071570321917534,0.0820387750864029,0.9955594539642334,0,0,0,0,0,0,0,0,0,0,0,0,0,0
4.830248832702637,0.0,1.1861324310302734e-05,0.08339524269104004,5.6684017181396484e-05,-0.08350837230682373,-0.9642797708511353,-1.7048712968826294,0.6907260417938232,0.4112621545791626,0.03,1.2557697296142578,-0.07455328106880188,0.34332385659217834,0.03998579457402229,-0.023071570321917534,0.0820387750864029,0.9955594539642334,0,0,0,0,0,0,0,0,0,0,0,0,0,0
4.832449913024902,0.0,1.1861324310302734e-05,0.08339524269104004,5.6684017181396484e-05,-0.08350837230682373,-0.9642797708511353,-1.7048712968826294,0.6907260417938232,0.4112621545791626,0.03,1.2557697296142578,-0.07455328106880188,0.34332385659217834,0.03998579457402229,-0.023071570321917534,0.0820387750864029,0.9955594539642334,0,0,0,0,0,0,0,0,0,0,0,0,0,0
4.833733558654785,0.0,2.3245811462402344e-06,0.08339256048202515,3.600120544433594e-05,-0.08350825309753418,-0.9777597188949585,-1.7055565118789673,0.7233020067214966,0.40766751766204834,0.03,1.2557748556137085,-0.07458776235580444,0.34321078658103943,0.03998560458421707,-0.023032888770103455,0.0816294476389885,0.9955939650535583,0,0,0,0,0,0,0,0,0,0,0,0,0,0
4.835007905960083,0.0,2.3245811462402344e-06,0.08339256048202515,3.600120544433594e-05,-0.08350825309753418,-0.9777597188949585,-1.7055565118789673,0.7233020067214966,0.40766751766204834,0.03,1.2557748556137085,-0.07458776235580444,0.34321078658103943,0.03998560458421707,-0.023032888770103455,0.0816294476389885,0.9955939650535583,0,0,0,0,0,0,0,0,0,0,0,0,0,0
4.836359024047852,0.0,2.3245811462402344e-06,0.08339256048202515,3.600120544433594e-05,-0.08350825309753418,-0.9777597188949585,-1.7055565118789673,0.7233020067214966,0.40766751766204834,0.03,1.2557748556137085,-0.07458776235580444,0.34321078658103943,0.03998560458421707,-0.023032888770103455,0.0816294476389885,0.9955939650535583,0,0,0,0,0,0,0,0,0,0,0,0,0,0
4.837563753128052,0.0,2.3245811462402344e-06,0.08339256048202515,3.600120544433594e-05,-0.08350825309753418,-0.9777597188949585,-1.7055565118789673,0.7233020067214966,0.40766751766204834,0.03,1.2557748556137085,-0.07458776235580444,0.34321078658103943,0.03998560458421707,-0.023032888770103455,0.0816294476389885,0.9955939650535583,0,0,0,0,0,0,0,0,0,0,0,0,0,0
4.838679075241089,0.0,2.3245811462402344e-06,0.08339256048202515,3.600120544433594e-05,-0.08350825309753418,-0.9777597188949585,-1.7055565118789673,0.7233020067214966,0.40766751766204834,0.03,1.2557748556137085,-0.07458776235580444,0.34321078658103943,0.03998560458421707,-0.023032888770103455,0.0816294476389885,0.9955939650535583,0,0,0,0,0,0,0,0,0,0,0,0,0,0
4.840137243270874,0.0,2.3245811462402344e-06,0.08339256048202515,3.600120544433594e-05,-0.08350825309753418,-0.9777597188949585,-1.7055565118789673,0.7233020067214966,0.40766751766204834,0.03,1.2557748556137085,-0.07458776235580444,0.34321078658103943,0.03998560458421707,-0.023032888770103455,0.0816294476389885,0.9955939650535583,0,0,0,0,0,0,0,0,0,0,0,0,0,0
4.841975927352905,0.0,9.5367431640625e-06,0.08339227735996246,3.8743019104003906e-05,-0.08350855112075806,-0.9649789333343506,-1.7061070203781128,0.7431580424308777,0.40206554532051086,0.03,1.2557780742645264,-0.07458359003067017,0.343199223279953,0.04019725322723389,-0.023102449253201485,0.08245664089918137,0.9955156445503235,0,0,0,0,0,0,0,0,0,0,0,0,0,0
4.843150854110718,0.0,9.5367431640625e-06,0.08339227735996246,3.8743019104003906e-05,-0.08350855112075806,-0.9649789333343506,-1.7061070203781128,0.7431580424308777,0.40206554532051086,0.03,1.2557780742645264,-0.07458359003067017,0.343199223279953,0.04019725322723389,-0.023102449253201485,0.08245664089918137,0.9955156445503235,0,0,0,0,0,0,0,0,0,0,0,0,0,0
4.84423828125,0.0,9.5367431640625e-06,0.08339227735996246,3.8743019104003906e-05,-0.08350855112075806,-0.9649789333343506,-1.7061070203781128,0.7431580424308777,0.40206554532051086,0.03,1.2557780742645264,-0.07458359003067017,0.343199223279953,0.04019725322723389,-0.023102449253201485,0.08245664089918137,0.9955156445503235,0,0,0,0,0,0,0,0,0,0,0,0,0,0
4.845318555831909,0.0,9.5367431640625e-06,0.08339227735996246,3.8743019104003906e-05,-0.08350855112075806,-0.9649789333343506,-1.7061070203781128,0.7431580424308777,0.40206554532051086,0.03,1.2557780742645264,-0.07458359003067017,0.343199223279953,0.04019725322723389,-0.023102449253201485,0.08245664089918137,0.9955156445503235,0,0,0,0,0,0,0,0,0,0,0,0,0,0
4.846727609634399,0.0,9.5367431640625e-06,0.08339227735996246,3.8743019104003906e-05,-0.08350855112075806,-0.9649789333343506,-1.7061070203781128,0.7431580424308777,0.40206554532051086,0.03,1.2557780742645264,-0.07458359003067017,0.343199223279953,0.04019725322723389,-0.023102449253201485,0.08245664089918137,0.9955156445503235,0,0,0,0,0,0,0,0,0,0,0,0,0,0
4.847897529602051,0.0,9.5367431640625e-06,0.08339227735996246,3.8743019104003906e-05,-0.08350855112075806,-0.9649789333343506,-1.7061070203781128,0.7431580424308777,0.40206554532051086,0.03,1.2557780742645264,-0.07458359003067017,0.343199223279953,0.04019725322723389,-0.023102449253201485,0.08245664089918137,0.9955156445503235,0,0,0,0,0,0,0,0,0,0,0,0,0,0
4.84943699836731,0.0,9.5367431640625e-06,0.08339227735996246,3.8743019104003906e-05,-0.08350855112075806,-0.9649789333343506,-1.7061070203781128,0.7431580424308777,0.40206554532051086,0.03,1.2557780742645264,-0.07458359003067017,0.343199223279953,0.04019725322723389,-0.023102449253201485,0.08245664089918137,0.9955156445503235,0,0,0,0,0,0,0,0,0,0,0,0,0,0
4.851214647293091,0.0,9.5367431640625e-06,0.08339227735996246,3.8743019104003906e-05,-0.08350855112075806,-0.9649789333343506,-1.7061070203781128,0.7431580424308777,0.40206554532051086,0.03,1.2557780742645264,-0.07458359003067017,0.343199223279953,0.04019725322723389,-0.023102449253201485,0.08245664089918137,0.9955156445503235,0,0,0,0,0,0,0,0,0,0,0,0,0,0
4.852520227432251,0.0,9.5367431640625e-06,0.08339227735996246,3.8743019104003906e-05,-0.08350855112075806,-0.9649789333343506,-1.7061070203781128,0.7431580424308777,0.40206554532051086,0.03,1.2557780742645264,-0.07458359003067017,0.343199223279953,0.04019725322723389,-0.023102449253201485,0.08245664089918137,0.9955156445503235,0,0,0,0,0,0,0,0,0,0,0,0,0,0
4.853700399398804,0.0,9.5367431640625e-06,0.08339227735996246,3.8743019104003906e-05,-0.08350855112075806,-0.9649789333343506,-1.7061070203781128,0.7431580424308777,0.40206554532051086,0.03,1.2557780742645264,-0.07458359003067017,0.343199223279953,0.04019725322723389,-0.023102449253201485,0.08245664089918137,0.9955156445503235,0,0,0,0,0,0,0,0,0,0,0,0,0,0
4.855294227600098,0.0,9.5367431640625e-06,0.08339227735996246,3.8743019104003906e-05,-0.08350855112075806,-0.9649789333343506,-1.7061070203781128,0.7431580424308777,0.40206554532051086,0.03,1.2557780742645264,-0.07458359003067017,0.343199223279953,0.04019725322723389,-0.023102449253201485,0.08245664089918137,0.9955156445503235,0,0,0,0,0,0,0,0,0,0,0,0,0,0
4.85650372505188,0.0,9.5367431640625e-06,0.08339227735996246,3.8743019104003906e-05,-0.08350855112075806,-0.9649789333343506,-1.7061070203781128,0.7431580424308777,0.40206554532051086,0.03,1.2557780742645264,-0.07458359003067017,0.343199223279953,0.04019725322723389,-0.023102449253201485,0.08245664089918137,0.9955156445503235,0,0,0,0,0,0,0,0,0,0,0,0,0,0
4.857677459716797,0.0,9.5367431640625e-06,0.08339227735996246,3.8743019104003906e-05,-0.08350855112075806,-0.9649789333343506,-1.7061070203781128,0.7431580424308777,0.40206554532051086,0.03,1.2557780742645264,-0.07458359003067017,0.343199223279953,0.04019725322723389,-0.023102449253201485,0.08245664089918137,0.9955156445503235,0,0,0,0,0,0,0,0,0,0,0,0,0,0
4.859175205230713,0.0,9.5367431640625e-06,0.08339227735996246,3.8743019104003906e-05,-0.08350855112075806,-0.9649789333343506,-1.7061070203781128,0.7431580424308777,0.40206554532051086,0.03,1.2557780742645264,-0.07458359003067017,0.343199223279953,0.04019725322723389,-0.023102449253201485,0.08245664089918137,0.9955156445503235,0,0,0,0,0,0,0,0,0,0,0,0,0,0
4.860280275344849,0.0,9.5367431640625e-06,0.08339227735996246,3.8743019104003906e-05,-0.08350855112075806,-0.9649789333343506,-1.7061070203781128,0.7431580424308777,0.40206554532051086,0.03,1.2557780742645264,-0.07458359003067017,0.343199223279953,0.04019725322723389,-0.023102449253201485,0.08245664089918137,0.9955156445503235,0,0,0,0,0,0,0,0,0,0,0,0,0,0
4.8616578578948975,0.0,9.5367431640625e-06,0.08339227735996246,3.8743019104003906e-05,-0.08350855112075806,-0.9649789333343506,-1.7061070203781128,0.7431580424308777,0.40206554532051086,0.03,1.2557780742645264,-0.07458359003067017,0.343199223279953,0.04019725322723389,-0.023102449253201485,0.08245664089918137,0.9955156445503235,0,0,0,0,0,0,0,0,0,0,0,0,0,0
4.862869024276733,0.0,9.5367431640625e-06,0.08339227735996246,3.8743019104003906e-05,-0.08350855112075806,-0.9649789333343506,-1.7061070203781128,0.7431580424308777,0.40206554532051086,0.03,1.2557780742645264,-0.07458359003067017,0.343199223279953,0.04019725322723389,-0.023102449253201485,0.08245664089918137,0.9955156445503235,0,0,0,0,0,0,0,0,0,0,0,0,0,0
4.864051818847656,0.0,9.5367431640625e-06,0.08339227735996246,3.8743019104003906e-05,-0.08350855112075806,-0.9649789333343506,-1.7061070203781128,0.7431580424308777,0.40206554532051086,0.03,1.2557780742645264,-0.07458359003067017,0.343199223279953,0.04019725322723389,-0.023102449253201485,0.08245664089918137,0.9955156445503235,0,0,0,0,0,0,0,0,0,0,0,0,0,0
4.865709066390991,0.0,9.5367431640625e-06,0.08339227735996246,3.8743019104003906e-05,-0.08350855112075806,-0.9649789333343506,-1.7061070203781128,0.7431580424308777,0.40206554532051086,0.03,1.2557780742645264,-0.07458359003067017,0.343199223279953,0.04019725322723389,-0.023102449253201485,0.08245664089918137,0.9955156445503235,0,0,0,0,0,0,0,0,0,0,0,0,0,0
4.867499351501465,0.0,9.5367431640625e-06,0.08339227735996246,3.8743019104003906e-05,-0.08350855112075806,-0.9649789333343506,-1.7061070203781128,0.7431580424308777,0.40206554532051086,0.03,1.2557780742645264,-0.07458359003067017,0.343199223279953,0.04019725322723389,-0.023102449253201485,0.08245664089918137,0.9955156445503235,0,0,0,0,0,0,0,0,0,0,0,0,0,0
4.869377851486206,0.0,9.5367431640625e-06,0.08339227735996246,3.8743019104003906e-05,-0.08350855112075806,-0.9649789333343506,-1.7061070203781128,0.7431580424308777,0.40206554532051086,0.03,1.2557780742645264,-0.07458359003067017,0.343199223279953,0.04019725322723389,-0.023102449253201485,0.08245664089918137,0.9955156445503235,0,0,0,0,0,0,0,0,0,0,0,0,0,0
4.870644569396973,0.0,9.5367431640625e-06,0.08339227735996246,3.8743019104003906e-05,-0.08350855112075806,-0.9649789333343506,-1.7061070203781128,0.7431580424308777,0.40206554532051086,0.03,1.2557780742645264,-0.07458359003067017,0.343199223279953,0.04019725322723389,-0.023102449253201485,0.08245664089918137,0.9955156445503235,0,0,0,0,0,0,0,0,0,0,0,0,0,0
4.872317314147949,0.0,9.5367431640625e-06,0.08339227735996246,3.8743019104003906e-05,-0.08350855112075806,-0.9649789333343506,-1.7061070203781128,0.7431580424308777,0.40206554532051086,0.03,1.2557780742645264,-0.07458359003067017,0.343199223279953,0.04019725322723389,-0.023102449253201485,0.08245664089918137,0.9955156445503235,0,0,0,0,0,0,0,0,0,0,0,0,0,0
4.873547792434692,0.0,9.5367431640625e-06,0.08339227735996246,3.8743019104003906e-05,-0.08350855112075806,-0.9649789333343506,-1.7061070203781128,0.7431580424308777,0.40206554532051086,0.03,1.2557780742645264,-0.07458359003067017,0.343199223279953,0.04019725322723389,-0.023102449253201485,0.08245664089918137,0.9955156445503235,0,0,0,0,0,0,0,0,0,0,0,0,0,0
4.874622821807861,0.0,9.5367431640625e-06,0.08339227735996246,3.8743019104003906e-05,-0.08350855112075806,-0.9649789333343506,-1.7061070203781128,0.7431580424308777,0.40206554532051086,0.03,1.2557780742645264,-0.07458359003067017,0.343199223279953,0.04019725322723389,-0.023102449253201485,0.08245664089918137,0.9955156445503235,0,0,0,0,0,0,0,0,0,0,0,0,0,0
4.876091241836548,0.0,9.5367431640625e-06,0.08339227735996246,3.8743019104003906e-05,-0.08350855112075806,-0.9649789333343506,-1.7061070203781128,0.7431580424308777,0.40206554532051086,0.03,1.2557780742645264,-0.07458359003067017,0.343199223279953,0.04019725322723389,-0.023102449253201485,0.08245664089918137,0.9955156445503235,0,0,0,0,0,0,0,0,0,0,0,0,0,0
4.877526044845581,0.0,9.5367431640625e-06,0.08339227735996246,3.8743019104003906e-05,-0.08350855112075806,-0.9649789333343506,-1.7061070203781128,0.7431580424308777,0.40206554532051086,0.03,1.2557780742645264,-0.07458359003067017,0.343199223279953,0.04019725322723389,-0.023102449253201485,0.08245664089918137,0.9955156445503235,0,0,0,0,0,0,0,0,0,0,0,0,0,0
4.8789167404174805,0.0,9.5367431640625e-06,0.08339227735996246,3.8743019104003906e-05,-0.08350855112075806,-0.9649789333343506,-1.7061070203781128,0.7431580424308777,0.40206554532051086,0.03,1.2557780742645264,-0.07458359003067017,0.343199223279953,0.04019725322723389,-0.023102449253201485,0.08245664089918137,0.9955156445503235,0,0,0,0,0,0,0,0,0,0,0,0,0,0
4.880012035369873,0.0,9.5367431640625e-06,0.08339227735996246,3.8743019104003906e-05,-0.08350855112075806,-0.9649789333343506,-1.7061070203781128,0.7431580424308777,0.40206554532051086,0.03,1.2557780742645264,-0.07458359003067017,0.343199223279953,0.04019725322723389,-0.023102449253201485,0.08245664089918137,0.9955156445503235,0,0,0,0,0,0,0,0,0,0,0,0,0,0
4.8811256885528564,0.0,9.5367431640625e-06,0.08339227735996246,3.8743019104003906e-05,-0.08350855112075806,-0.9649789333343506,-1.7061070203781128,0.7431580424308777,0.40206554532051086,0.03,1.2557780742645264,-0.07458359003067017,0.343199223279953,0.04019725322723389,-0.023102449253201485,0.08245664089918137,0.9955156445503235,0,0,0,0,0,0,0,0,0,0,0,0,0,0
4.883446455001831,0.0,9.5367431640625e-06,0.08339227735996246,3.8743019104003906e-05,-0.08350855112075806,-0.9649789333343506,-1.7061070203781128,0.7431580424308777,0.40206554532051086,0.03,1.2557780742645264,-0.07458359003067017,0.343199223279953,0.04019725322723389,-0.023102449253201485,0.08245664089918137,0.9955156445503235,0,0,0,0,0,0,0,0,0,0,0,0,0,0
4.884660243988037,0.0,1.0013580322265625e-05,0.08339256048202515,4.845857620239258e-05,-0.08350837230682373,-0.9633986353874207,-1.701366662979126,0.6887366771697998,0.39552998542785645,0.03,1.2557722330093384,-0.07462064921855927,0.3432007133960724,0.04004181548953056,-0.023020124062895775,0.08248677849769592,0.9955213069915771,0,0,0,0,0,0,0,0,0,0,0,0,0,0
4.885995864868164,0.0,1.0013580322265625e-05,0.08339256048202515,4.845857620239258e-05,-0.08350837230682373,-0.9633986353874207,-1.701366662979126,0.6887366771697998,0.39552998542785645,0.03,1.2557722330093384,-0.07462064921855927,0.3432007133960724,0.04004181548953056,-0.023020124062895775,0.08248677849769592,0.9955213069915771,0,0,0,0,0,0,0,0,0,0,0,0,0,0
4.8871049880981445,0.0,1.0013580322265625e-05,0.08339256048202515,4.845857620239258e-05,-0.08350837230682373,-0.9633986353874207,-1.701366662979126,0.6887366771697998,0.39552998542785645,0.03,1.2557722330093384,-0.07462064921855927,0.3432007133960724,0.04004181548953056,-0.023020124062895775,0.08248677849769592,0.9955213069915771,0,0,0,0,0,0,0,0,0,0,0,0,0,0
4.8882176876068115,0.0,1.0013580322265625e-05,0.08339256048202515,4.845857620239258e-05,-0.08350837230682373,-0.9633986353874207,-1.701366662979126,0.6887366771697998,0.39552998542785645,0.03,1.2557722330093384,-0.07462064921855927,0.3432007133960724,0.04004181548953056,-0.023020124062895775,0.08248677849769592,0.9955213069915771,0,0,0,0,0,0,0,0,0,0,0,0,0,0
4.889310121536255,0.0,1.0013580322265625e-05,0.08339256048202515,4.845857620239258e-05,-0.08350837230682373,-0.9633986353874207,-1.701366662979126,0.6887366771697998,0.39552998542785645,0.03,1.2557722330093384,-0.07462064921855927,0.3432007133960724,0.04004181548953056,-0.023020124062895775,0.08248677849769592,0.9955213069915771,0,0,0,0,0,0,0,0,0,0,0,0,0,0
4.89038348197937,0.0,1.0013580322265625e-05,0.08339256048202515,4.845857620239258e-05,-0.08350837230682373,-0.9633986353874207,-1.701366662979126,0.6887366771697998,0.39552998542785645,0.03,1.2557722330093384,-0.07462064921855927,0.3432007133960724,0.04004181548953056,-0.023020124062895775,0.08248677849769592,0.9955213069915771,0,0,0,0,0,0,0,0,0,0,0,0,0,0
4.891565799713135,0.0,1.0013580322265625e-05,0.08339256048202515,4.845857620239258e-05,-0.08350837230682373,-0.9633986353874207,-1.701366662979126,0.6887366771697998,0.39552998542785645,0.03,1.2557722330093384,-0.07462064921855927,0.3432007133960724,0.04004181548953056,-0.023020124062895775,0.08248677849769592,0.9955213069915771,0,0,0,0,0,0,0,0,0,0,0,0,0,0
4.892698049545288,0.0,1.0013580322265625e-05,0.08339256048202515,4.845857620239258e-05,-0.08350837230682373,-0.9633986353874207,-1.701366662979126,0.6887366771697998,0.39552998542785645,0.03,1.2557722330093384,-0.07462064921855927,0.3432007133960724,0.04004181548953056,-0.023020124062895775,0.08248677849769592,0.9955213069915771,0,0,0,0,0,0,0,0,0,0,0,0,0,0
4.893917798995972,0.0,1.0013580322265625e-05,0.08339256048202515,4.845857620239258e-05,-0.08350837230682373,-0.9633986353874207,-1.701366662979126,0.6887366771697998,0.39552998542785645,0.03,1.2557722330093384,-0.07462064921855927,0.3432007133960724,0.04004181548953056,-0.023020124062895775,0.08248677849769592,0.9955213069915771,0,0,0,0,0,0,0,0,0,0,0,0,0,0
4.895130395889282,0.0,1.537799835205078e-05,0.08339256048202515,4.017353057861328e-05,-0.08350825309753418,-0.9514659643173218,-1.701242446899414,0.7098575234413147,0.3949176073074341,0.03,1.2557722330093384,-0.07462064921855927,0.3432007133960724,0.04004181548953056,-0.023020124062895775,0.08248677849769592,0.9955213069915771,0,0,0,0,0,0,0,0,0,0,0,0,0,0
4.896259069442749,0.0,1.537799835205078e-05,0.08339256048202515,4.017353057861328e-05,-0.08350825309753418,-0.9514659643173218,-1.701242446899414,0.7098575234413147,0.3949176073074341,0.03,1.2557722330093384,-0.07462064921855927,0.3432007133960724,0.04004181548953056,-0.023020124062895775,0.08248677849769592,0.9955213069915771,0,0,0,0,0,0,0,0,0,0,0,0,0,0
4.897786378860474,0.0,1.537799835205078e-05,0.08339256048202515,4.017353057861328e-05,-0.08350825309753418,-0.9514659643173218,-1.701242446899414,0.7098575234413147,0.3949176073074341,0.03,1.2557722330093384,-0.07462064921855927,0.3432007133960724,0.04004181548953056,-0.023020124062895775,0.08248677849769592,0.9955213069915771,0,0,0,0,0,0,0,0,0,0,0,0,0,0
4.899886608123779,0.0,1.537799835205078e-05,0.08339256048202515,4.017353057861328e-05,-0.08350825309753418,-0.9514659643173218,-1.701242446899414,0.7098575234413147,0.3949176073074341,0.03,1.2557722330093384,-0.07462064921855927,0.3432007133960724,0.04004181548953056,-0.023020124062895775,0.08248677849769592,0.9955213069915771,0,0,0,0,0,0,0,0,0,0,0,0,0,0
4.901159286499023,0.0,1.4126300811767578e-05,0.08339256048202515,4.2378902435302734e-05,-0.08350837230682373,-0.9552195072174072,-1.7003121376037598,0.6980037689208984,0.39193451404571533,0.03,1.2557870149612427,-0.07453300058841705,0.3432556986808777,0.040011826902627945,-0.023030197247862816,0.08183638751506805,0.995576024055481,0,0,0,0,0,0,0,0,0,0,0,0,0,0
4.902576684951782,0.0,1.4126300811767578e-05,0.08339256048202515,4.2378902435302734e-05,-0.08350837230682373,-0.9552195072174072,-1.7003121376037598,0.6980037689208984,0.39193451404571533,0.03,1.2557870149612427,-0.07453300058841705,0.3432556986808777,0.040011826902627945,-0.023030197247862816,0.08183638751506805,0.995576024055481,0,0,0,0,0,0,0,0,0,0,0,0,0,0
4.903790473937988,0.0,1.4126300811767578e-05,0.08339256048202515,4.2378902435302734e-05,-0.08350837230682373,-0.9552195072174072,-1.7003121376037598,0.6980037689208984,0.39193451404571533,0.03,1.2557870149612427,-0.07453300058841705,0.3432556986808777,0.040011826902627945,-0.023030197247862816,0.08183638751506805,0.995576024055481,0,0,0,0,0,0,0,0,0,0,0,0,0,0
4.904860258102417,0.0,1.4126300811767578e-05,0.08339256048202515,4.2378902435302734e-05,-0.08350837230682373,-0.9552195072174072,-1.7003121376037598,0.6980037689208984,0.39193451404571533,0.03,1.2557870149612427,-0.07453300058841705,0.3432556986808777,0.040011826902627945,-0.023030197247862816,0.08183638751506805,0.995576024055481,0,0,0,0,0,0,0,0,0,0,0,0,0,0
4.9067158699035645,0.0,1.4126300811767578e-05,0.08339256048202515,4.2378902435302734e-05,-0.08350837230682373,-0.9552195072174072,-1.7003121376037598,0.6980037689208984,0.39193451404571533,0.03,1.2557870149612427,-0.07453300058841705,0.3432556986808777,0.040011826902627945,-0.023030197247862816,0.08183638751506805,0.995576024055481,0,0,0,0,0,0,0,0,0,0,0,0,0,0
4.908141136169434,0.0,1.4126300811767578e-05,0.08339256048202515,4.2378902435302734e-05,-0.08350837230682373,-0.9552195072174072,-1.7003121376037598,0.6980037689208984,0.39193451404571533,0.03,1.2557870149612427,-0.07453300058841705,0.3432556986808777,0.040011826902627945,-0.023030197247862816,0.08183638751506805,0.995576024055481,0,0,0,0,0,0,0,0,0,0,0,0,0,0
4.909222841262817,0.0,1.4126300811767578e-05,0.08339256048202515,4.2378902435302734e-05,-0.08350837230682373,-0.9552195072174072,-1.7003121376037598,0.6980037689208984,0.39193451404571533,0.03,1.2557870149612427,-0.07453300058841705,0.3432556986808777,0.040011826902627945,-0.023030197247862816,0.08183638751506805,0.995576024055481,0,0,0,0,0,0,0,0,0,0,0,0,0,0
4.910321235656738,0.0,1.4126300811767578e-05,0.08339256048202515,4.2378902435302734e-05,-0.08350837230682373,-0.9552195072174072,-1.7003121376037598,0.6980037689208984,0.39193451404571533,0.03,1.2557870149612427,-0.07453300058841705,0.3432556986808777,0.040011826902627945,-0.023030197247862816,0.08183638751506805,0.995576024055481,0,0,0,0,0,0,0,0,0,0,0,0,0,0
4.911810398101807,0.0,1.4126300811767578e-05,0.08339256048202515,4.2378902435302734e-05,-0.08350837230682373,-0.9552195072174072,-1.7003121376037598,0.6980037689208984,0.39193451404571533,0.03,1.2557870149612427,-0.07453300058841705,0.3432556986808777,0.040011826902627945,-0.023030197247862816,0.08183638751506805,0.995576024055481,0,0,0,0,0,0,0,0,0,0,0,0,0,0
4.913254737854004,0.0,1.4126300811767578e-05,0.08339256048202515,4.2378902435302734e-05,-0.08350837230682373,-0.9552195072174072,-1.7003121376037598,0.6980037689208984,0.39193451404571533,0.03,1.2557870149612427,-0.07453300058841705,0.3432556986808777,0.040011826902627945,-0.023030197247862816,0.08183638751506805,0.995576024055481,0,0,0,0,0,0,0,0,0,0,0,0,0,0
4.914562225341797,0.0,1.4126300811767578e-05,0.08339256048202515,4.2378902435302734e-05,-0.08350837230682373,-0.9552195072174072,-1.7003121376037598,0.6980037689208984,0.39193451404571533,0.03,1.2557870149612427,-0.07453300058841705,0.3432556986808777,0.040011826902627945,-0.023030197247862816,0.08183638751506805,0.995576024055481,0,0,0,0,0,0,0,0,0,0,0,0,0,0
4.915677785873413,0.0,1.4126300811767578e-05,0.08339256048202515,4.2378902435302734e-05,-0.08350837230682373,-0.9552195072174072,-1.7003121376037598,0.6980037689208984,0.39193451404571533,0.03,1.2557870149612427,-0.07453300058841705,0.3432556986808777,0.040011826902627945,-0.023030197247862816,0.08183638751506805,0.995576024055481,0,0,0,0,0,0,0,0,0,0,0,0,0,0
4.917039632797241,0.0,1.4126300811767578e-05,0.08339256048202515,4.2378902435302734e-05,-0.08350837230682373,-0.9552195072174072,-1.7003121376037598,0.6980037689208984,0.39193451404571533,0.03,1.2557870149612427,-0.07453300058841705,0.3432556986808777,0.040011826902627945,-0.023030197247862816,0.08183638751506805,0.995576024055481,0,0,0,0,0,0,0,0,0,0,0,0,0,0
4.918536901473999,0.0,1.4126300811767578e-05,0.08339256048202515,4.2378902435302734e-05,-0.08350837230682373,-0.9552195072174072,-1.7003121376037598,0.6980037689208984,0.39193451404571533,0.03,1.2557870149612427,-0.07453300058841705,0.3432556986808777,0.040011826902627945,-0.023030197247862816,0.08183638751506805,0.995576024055481,0,0,0,0,0,0,0,0,0,0,0,0,0,0
4.9227306842803955,0.0,1.1265277862548828e-05,0.08338987827301025,2.8014183044433594e-05,-0.08350837230682373,-0.9640973210334778,-1.7021785974502563,0.7319028377532959,0.3918578326702118,0.03,1.2557870149612427,-0.07453300058841705,0.3432556986808777,0.040011826902627945,-0.023030197247862816,0.08183638751506805,0.995576024055481,0,0,0,0,0,0,0,0,0,0,0,0,0,0
4.923923492431641,0.0,1.5616416931152344e-05,0.08339256048202515,2.7120113372802734e-05,-0.08350855112075806,-0.955764651298523,-1.702400803565979,0.7412234544754028,0.3887730538845062,0.03,1.2557870149612427,-0.07453300058841705,0.3432556986808777,0.040011826902627945,-0.023030197247862816,0.08183638751506805,0.995576024055481,0,0,0,0,0,0,0,0,0,0,0,0,0,0
4.925216913223267,0.0,3.2782554626464844e-06,0.08339251577854156,2.574920654296875e-05,-0.08350753784179688,-0.9780585765838623,-1.6996612548828125,0.7381315231323242,0.38460931181907654,0.03,1.2557921409606934,-0.07454168051481247,0.3432646691799164,0.040144529193639755,-0.023109041154384613,0.08253256231546402,0.9955112934112549,0,0,0,0,0,0,0,0,0,0,0,0,0,0
4.926333665847778,0.0,3.2782554626464844e-06,0.08339251577854156,2.574920654296875e-05,-0.08350753784179688,-0.9780585765838623,-1.6996612548828125,0.7381315231323242,0.38460931181907654,0.03,1.2557921409606934,-0.07454168051481247,0.3432646691799164,0.040144529193639755,-0.023109041154384613,0.08253256231546402,0.9955112934112549,0,0,0,0,0,0,0,0,0,0,0,0,0,0
4.927579402923584,0.0,3.2782554626464844e-06,0.08339251577854156,2.574920654296875e-05,-0.08350753784179688,-0.9780585765838623,-1.6996612548828125,0.7381315231323242,0.38460931181907654,0.03,1.2557921409606934,-0.07454168051481247,0.3432646691799164,0.040144529193639755,-0.023109041154384613,0.08253256231546402,0.9955112934112549,0,0,0,0,0,0,0,0,0,0,0,0,0,0
4.929932594299316,0.0,3.2782554626464844e-06,0.08339251577854156,2.574920654296875e-05,-0.08350753784179688,-0.9780585765838623,-1.6996612548828125,0.7381315231323242,0.38460931181907654,0.03,1.2557921409606934,-0.07454168051481247,0.3432646691799164,0.040144529193639755,-0.023109041154384613,0.08253256231546402,0.9955112934112549,0,0,0,0,0,0,0,0,0,0,0,0,0,0
4.931056976318359,0.0,3.2782554626464844e-06,0.08339251577854156,2.574920654296875e-05,-0.08350753784179688,-0.9780585765838623,-1.6996612548828125,0.7381315231323242,0.38460931181907654,0.03,1.2557921409606934,-0.07454168051481247,0.3432646691799164,0.040144529193639755,-0.023109041154384613,0.08253256231546402,0.9955112934112549,0,0,0,0,0,0,0,0,0,0,0,0,0,0
4.932198762893677,0.0,3.2782554626464844e-06,0.08339251577854156,2.574920654296875e-05,-0.08350753784179688,-0.9780585765838623,-1.6996612548828125,0.7381315231323242,0.38460931181907654,0.03,1.2557921409606934,-0.07454168051481247,0.3432646691799164,0.040144529193639755,-0.023109041154384613,0.08253256231546402,0.9955112934112549,0,0,0,0,0,0,0,0,0,0,0,0,0,0
4.933475971221924,0.0,3.2782554626464844e-06,0.08339251577854156,2.574920654296875e-05,-0.08350753784179688,-0.9780585765838623,-1.6996612548828125,0.7381315231323242,0.38460931181907654,0.03,1.2557921409606934,-0.07454168051481247,0.3432646691799164,0.040144529193639755,-0.023109041154384613,0.08253256231546402,0.9955112934112549,0,0,0,0,0,0,0,0,0,0,0,0,0,0
4.935689926147461,0.0,3.2782554626464844e-06,0.08339251577854156,2.574920654296875e-05,-0.08350753784179688,-0.9780585765838623,-1.6996612548828125,0.7381315231323242,0.38460931181907654,0.03,1.2557921409606934,-0.07454168051481247,0.3432646691799164,0.040144529193639755,-0.023109041154384613,0.08253256231546402,0.9955112934112549,0,0,0,0,0,0,0,0,0,0,0,0,0,0
4.936757802963257,0.0,3.2782554626464844e-06,0.08339251577854156,2.574920654296875e-05,-0.08350753784179688,-0.9780585765838623,-1.6996612548828125,0.7381315231323242,0.38460931181907654,0.03,1.2557921409606934,-0.07454168051481247,0.3432646691799164,0.040144529193639755,-0.023109041154384613,0.08253256231546402,0.9955112934112549,0,0,0,0,0,0,0,0,0,0,0,0,0,0
4.937835931777954,0.0,3.2782554626464844e-06,0.08339251577854156,2.574920654296875e-05,-0.08350753784179688,-0.9780585765838623,-1.6996612548828125,0.7381315231323242,0.38460931181907654,0.03,1.2557921409606934,-0.07454168051481247,0.3432646691799164,0.040144529193639755,-0.023109041154384613,0.08253256231546402,0.9955112934112549,0,0,0,0,0,0,0,0,0,0,0,0,0,0
4.9404120445251465,0.0,3.2782554626464844e-06,0.08339251577854156,2.574920654296875e-05,-0.08350753784179688,-0.9780585765838623,-1.6996612548828125,0.7381315231323242,0.38460931181907654,0.03,1.2557921409606934,-0.07454168051481247,0.3432646691799164,0.040144529193639755,-0.023109041154384613,0.08253256231546402,0.9955112934112549,0,0,0,0,0,0,0,0,0,0,0,0,0,0
4.941510438919067,0.0,3.2782554626464844e-06,0.08339251577854156,2.574920654296875e-05,-0.08350753784179688,-0.9780585765838623,-1.6996612548828125,0.7381315231323242,0.38460931181907654,0.03,1.2557921409606934,-0.07454168051481247,0.3432646691799164,0.040144529193639755,-0.023109041154384613,0.08253256231546402,0.9955112934112549,0,0,0,0,0,0,0,0,0,0,0,0,0,0
4.942935943603516,0.0,3.2782554626464844e-06,0.08339251577854156,2.574920654296875e-05,-0.08350753784179688,-0.9780585765838623,-1.6996612548828125,0.7381315231323242,0.38460931181907654,0.03,1.2557921409606934,-0.07454168051481247,0.3432646691799164,0.040144529193639755,-0.023109041154384613,0.08253256231546402,0.9955112934112549,0,0,0,0,0,0,0,0,0,0,0,0,0,0
4.944212913513184,0.0,3.2782554626464844e-06,0.08339251577854156,2.574920654296875e-05,-0.08350753784179688,-0.9780585765838623,-1.6996612548828125,0.7381315231323242,0.38460931181907654,0.03,1.2557921409606934,-0.07454168051481247,0.3432646691799164,0.040144529193639755,-0.023109041154384613,0.08253256231546402,0.9955112934112549,0,0,0,0,0,0,0,0,0,0,0,0,0,0
4.946184158325195,0.0,3.2782554626464844e-06,0.08339251577854156,2.574920654296875e-05,-0.08350753784179688,-0.9780585765838623,-1.6996612548828125,0.7381315231323242,0.38460931181907654,0.03,1.2557921409606934,-0.07454168051481247,0.3432646691799164,0.040144529193639755,-0.023109041154384613,0.08253256231546402,0.9955112934112549,0,0,0,0,0,0,0,0,0,0,0,0,0,0
4.947317123413086,0.0,3.2782554626464844e-06,0.08339251577854156,2.574920654296875e-05,-0.08350753784179688,-0.9780585765838623,-1.6996612548828125,0.7381315231323242,0.38460931181907654,0.03,1.2557921409606934,-0.07454168051481247,0.3432646691799164,0.040144529193639755,-0.023109041154384613,0.08253256231546402,0.9955112934112549,0,0,0,0,0,0,0,0,0,0,0,0,0,0
4.948558807373047,0.0,3.2782554626464844e-06,0.08339251577854156,2.574920654296875e-05,-0.08350753784179688,-0.9780585765838623,-1.6996612548828125,0.7381315231323242,0.38460931181907654,0.03,1.2557921409606934,-0.07454168051481247,0.3432646691799164,0.040144529193639755,-0.023109041154384613,0.08253256231546402,0.9955112934112549,0,0,0,0,0,0,0,0,0,0,0,0,0,0
4.95081901550293,0.0,3.2782554626464844e-06,0.08339251577854156,2.574920654296875e-05,-0.08350753784179688,-0.9780585765838623,-1.6996612548828125,0.7381315231323242,0.38460931181907654,0.03,1.2557921409606934,-0.07454168051481247,0.3432646691799164,0.040144529193639755,-0.023109041154384613,0.08253256231546402,0.9955112934112549,0,0,0,0,0,0,0,0,0,0,0,0,0,0
4.951919078826904,0.0,3.2782554626464844e-06,0.08339251577854156,2.574920654296875e-05,-0.08350753784179688,-0.9780585765838623,-1.6996612548828125,0.7381315231323242,0.38460931181907654,0.03,1.2557921409606934,-0.07454168051481247,0.3432646691799164,0.040144529193639755,-0.023109041154384613,0.08253256231546402,0.9955112934112549,0,0,0,0,0,0,0,0,0,0,0,0,0,0
4.953395843505859,0.0,3.2782554626464844e-06,0.08339251577854156,2.574920654296875e-05,-0.08350753784179688,-0.9780585765838623,-1.6996612548828125,0.7381315231323242,0.38460931181907654,0.03,1.2557921409606934,-0.07454168051481247,0.3432646691799164,0.040144529193639755,-0.023109041154384613,0.08253256231546402,0.9955112934112549,0,0,0,0,0,0,0,0,0,0,0,0,0,0
4.954498052597046,0.0,3.2782554626464844e-06,0.08339251577854156,2.574920654296875e-05,-0.08350753784179688,-0.9780585765838623,-1.6996612548828125,0.7381315231323242,0.38460931181907654,0.03,1.2557921409606934,-0.07454168051481247,0.3432646691799164,0.040144529193639755,-0.023109041154384613,0.08253256231546402,0.9955112934112549,0,0,0,0,0,0,0,0,0,0,0,0,0,0
4.95670223236084,0.0,3.2782554626464844e-06,0.08339251577854156,2.574920654296875e-05,-0.08350753784179688,-0.9780585765838623,-1.6996612548828125,0.7381315231323242,0.38460931181907654,0.03,1.2557921409606934,-0.07454168051481247,0.3432646691799164,0.040144529193639755,-0.023109041154384613,0.08253256231546402,0.9955112934112549,0,0,0,0,0,0,0,0,0,0,0,0,0,0
4.958053827285767,0.0,3.2782554626464844e-06,0.08339251577854156,2.574920654296875e-05,-0.08350753784179688,-0.9780585765838623,-1.6996612548828125,0.7381315231323242,0.38460931181907654,0.03,1.2557921409606934,-0.07454168051481247,0.3432646691799164,0.040144529193639755,-0.023109041154384613,0.08253256231546402,0.9955112934112549,0,0,0,0,0,0,0,0,0,0,0,0,0,0
4.959155082702637,0.0,3.2782554626464844e-06,0.08339251577854156,2.574920654296875e-05,-0.08350753784179688,-0.9780585765838623,-1.6996612548828125,0.7381315231323242,0.38460931181907654,0.03,1.2557921409606934,-0.07454168051481247,0.3432646691799164,0.040144529193639755,-0.023109041154384613,0.08253256231546402,0.9955112934112549,0,0,0,0,0,0,0,0,0,0,0,0,0,0
4.960232734680176,0.0,3.2782554626464844e-06,0.08339251577854156,2.574920654296875e-05,-0.08350753784179688,-0.9780585765838623,-1.6996612548828125,0.7381315231323242,0.38460931181907654,0.03,1.2557921409606934,-0.07454168051481247,0.3432646691799164,0.040144529193639755,-0.023109041154384613,0.08253256231546402,0.9955112934112549,0,0,0,0,0,0,0,0,0,0,0,0,0,0
4.961432218551636,0.0,3.2782554626464844e-06,0.08339251577854156,2.574920654296875e-05,-0.08350753784179688,-0.9780585765838623,-1.6996612548828125,0.7381315231323242,0.38460931181907654,0.03,1.2557921409606934,-0.07454168051481247,0.3432646691799164,0.040144529193639755,-0.023109041154384613,0.08253256231546402,0.9955112934112549,0,0,0,0,0,0,0,0,0,0,0,0,0,0
4.963821172714233,0.0,1.7464160919189453e-05,0.08339208364486694,1.4901161193847656e-05,-0.0835038423538208,-0.9432545900344849,-1.7014390230178833,0.7549756765365601,0.3910476565361023,0.03,1.2557708024978638,-0.07460260391235352,0.3432250916957855,0.0398738831281662,-0.023002594709396362,0.0810246467590332,0.9956485629081726,0,0,0,0,0,0,0,0,0,0,0,0,0,0
4.964912176132202,0.0,1.7464160919189453e-05,0.08339208364486694,1.4901161193847656e-05,-0.0835038423538208,-0.9432545900344849,-1.7014390230178833,0.7549756765365601,0.3910476565361023,0.03,1.2557708024978638,-0.07460260391235352,0.3432250916957855,0.0398738831281662,-0.023002594709396362,0.0810246467590332,0.9956485629081726,0,0,0,0,0,0,0,0,0,0,0,0,0,0
4.966028928756714,0.0,1.7464160919189453e-05,0.08339208364486694,1.4901161193847656e-05,-0.0835038423538208,-0.9432545900344849,-1.7014390230178833,0.7549756765365601,0.3910476565361023,0.03,1.2557708024978638,-0.07460260391235352,0.3432250916957855,0.0398738831281662,-0.023002594709396362,0.0810246467590332,0.9956485629081726,0,0,0,0,0,0,0,0,0,0,0,0,0,0
4.967153549194336,0.0,1.7464160919189453e-05,0.08339208364486694,1.4901161193847656e-05,-0.0835038423538208,-0.9432545900344849,-1.7014390230178833,0.7549756765365601,0.3910476565361023,0.03,1.2557708024978638,-0.07460260391235352,0.3432250916957855,0.0398738831281662,-0.023002594709396362,0.0810246467590332,0.9956485629081726,0,0,0,0,0,0,0,0,0,0,0,0,0,0
4.968221664428711,0.0,1.7464160919189453e-05,0.08339208364486694,1.4901161193847656e-05,-0.0835038423538208,-0.9432545900344849,-1.7014390230178833,0.7549756765365601,0.3910476565361023,0.03,1.2557708024978638,-0.07460260391235352,0.3432250916957855,0.0398738831281662,-0.023002594709396362,0.0810246467590332,0.9956485629081726,0,0,0,0,0,0,0,0,0,0,0,0,0,0
4.969304800033569,0.0,1.7464160919189453e-05,0.08339208364486694,1.4901161193847656e-05,-0.0835038423538208,-0.9432545900344849,-1.7014390230178833,0.7549756765365601,0.3910476565361023,0.03,1.2557708024978638,-0.07460260391235352,0.3432250916957855,0.0398738831281662,-0.023002594709396362,0.0810246467590332,0.9956485629081726,0,0,0,0,0,0,0,0,0,0,0,0,0,0
4.975121021270752,0.0,1.7464160919189453e-05,0.08339208364486694,1.4901161193847656e-05,-0.0835038423538208,-0.9432545900344849,-1.7014390230178833,0.7549756765365601,0.3910476565361023,0.03,1.2557708024978638,-0.07460260391235352,0.3432250916957855,0.0398738831281662,-0.023002594709396362,0.0810246467590332,0.9956485629081726,0,0,0,0,0,0,0,0,0,0,0,0,0,0
4.976663827896118,0.0,2.4437904357910156e-06,0.08339259028434753,3.0517578125e-05,-0.0835006833076477,-0.9772768616676331,-1.6962172985076904,0.731740415096283,0.3945731818675995,0.03,1.2557679414749146,-0.07455939054489136,0.3432804048061371,0.039955127984285355,-0.023038603365421295,0.08056727051734924,0.9956815242767334,0,0,0,0,0,0,0,0,0,0,0,0,0,0
4.9777796268463135,0.0,2.4437904357910156e-06,0.08339259028434753,3.0517578125e-05,-0.0835006833076477,-0.9772768616676331,-1.6962172985076904,0.731740415096283,0.3945731818675995,0.03,1.2557679414749146,-0.07455939054489136,0.3432804048061371,0.039955127984285355,-0.023038603365421295,0.08056727051734924,0.9956815242767334,0,0,0,0,0,0,0,0,0,0,0,0,0,0
4.978981971740723,0.0,2.4437904357910156e-06,0.08339259028434753,3.0517578125e-05,-0.0835006833076477,-0.9772768616676331,-1.6962172985076904,0.731740415096283,0.3945731818675995,0.03,1.2557679414749146,-0.07455939054489136,0.3432804048061371,0.039955127984285355,-0.023038603365421295,0.08056727051734924,0.9956815242767334,0,0,0,0,0,0,0,0,0,0,0,0,0,0
4.981621980667114,0.0,2.4437904357910156e-06,0.08339259028434753,3.0517578125e-05,-0.0835006833076477,-0.9772768616676331,-1.6962172985076904,0.731740415096283,0.3945731818675995,0.03,1.2557679414749146,-0.07455939054489136,0.3432804048061371,0.039955127984285355,-0.023038603365421295,0.08056727051734924,0.9956815242767334,0,0,0,0,0,0,0,0,0,0,0,0,0,0
4.982942819595337,0.0,1.8477439880371094e-05,0.08339259028434753,2.4318695068359375e-05,-0.08350098133087158,-0.9571706652641296,-1.6945844888687134,0.7358231544494629,0.37652167677879333,0.03,1.255763292312622,-0.07462034374475479,0.34317225217819214,0.040142301470041275,-0.023007100448012352,0.08200590312480927,0.9955573678016663,0,0,0,0,0,0,0,0,0,0,0,0,0,0
4.9842448234558105,0.0,5.1081180572509766e-05,0.08339224755764008,3.451108932495117e-05,-0.08350861072540283,-0.9028224945068359,-1.6970314979553223,0.7263359427452087,0.36776217818260193,0.03,1.255763292312622,-0.07462034374475479,0.34317225217819214,0.040142301470041275,-0.023007100448012352,0.08200590312480927,0.9955573678016663,0,0,0,0,0,0,0,0,0,0,0,0,0,0
4.985478401184082,0.0,3.9637088775634766e-05,0.08339251577854156,1.5020370483398438e-05,-0.08348721265792847,-0.9281948208808899,-1.6941176652908325,0.7542617321014404,0.4119657874107361,0.03,1.255763292312622,-0.07462034374475479,0.34317225217819214,0.040142301470041275,-0.023007100448012352,0.08200590312480927,0.9955573678016663,0,0,0,0,0,0,0,0,0,0,0,0,0,0
4.986774206161499,0.0,5.310773849487305e-05,0.08339256048202515,2.9146671295166016e-05,-0.08350914716720581,-0.9618573784828186,-1.6937808990478516,0.7182763814926147,0.3651021718978882,0.03,1.2557693719863892,-0.07452043145895004,0.3433253765106201,0.039983924478292465,-0.023069661110639572,0.08153992146253586,0.9956004619598389,0,0,0,0,0,0,0,0,0,0,0,0,0,0
4.987915992736816,0.0,5.310773849487305e-05,0.08339256048202515,2.9146671295166016e-05,-0.08350914716720581,-0.9618573784828186,-1.6937808990478516,0.7182763814926147,0.3651021718978882,0.03,1.2557660341262817,-0.07455738633871078,0.3432771563529968,0.040056176483631134,-0.023045239970088005,0.08182906359434128,0.9955744743347168,0,0,0,0,0,0,0,0,0,0,0,0,0,0
4.989413738250732,0.0,5.310773849487305e-05,0.08339256048202515,2.9146671295166016e-05,-0.08350914716720581,-0.9618573784828186,-1.6937808990478516,0.7182763814926147,0.3651021718978882,0.03,1.2557660341262817,-0.07455738633871078,0.3432771563529968,0.040056176483631134,-0.023045239970088005,0.08182906359434128,0.9955744743347168,0,0,0,0,0,0,0,0,0,0,0,0,0,0
4.990539073944092,0.0,5.310773849487305e-05,0.08339256048202515,2.9146671295166016e-05,-0.08350914716720581,-0.9618573784828186,-1.6937808990478516,0.7182763814926147,0.3651021718978882,0.03,1.2557660341262817,-0.07455738633871078,0.3432771563529968,0.040056176483631134,-0.023045239970088005,0.08182906359434128,0.9955744743347168,0,0,0,0,0,0,0,0,0,0,0,0,0,0
4.9918577671051025,0.0,5.310773849487305e-05,0.08339256048202515,2.9146671295166016e-05,-0.08350914716720581,-0.9618573784828186,-1.6937808990478516,0.7182763814926147,0.3651021718978882,0.03,1.2557628154754639,-0.07461974024772644,0.34318017959594727,0.04013661667704582,-0.02304762415587902,0.08251096308231354,0.9955149292945862,0,0,0,0,0,0,0,0,0,0,0,0,0,0
4.993134021759033,0.0,5.310773849487305e-05,0.08339256048202515,2.9146671295166016e-05,-0.08350914716720581,-0.9618573784828186,-1.6937808990478516,0.7182763814926147,0.3651021718978882,0.03,1.2557628154754639,-0.07461974024772644,0.34318017959594727,0.04013661667704582,-0.02304762415587902,0.08251096308231354,0.9955149292945862,0,0,0,0,0,0,0,0,0,0,0,0,0,0
4.994250774383545,0.0,5.310773849487305e-05,0.08339256048202515,2.9146671295166016e-05,-0.08350914716720581,-0.9618573784828186,-1.6937808990478516,0.7182763814926147,0.3651021718978882,0.03,1.2557628154754639,-0.07461974024772644,0.34318017959594727,0.04013661667704582,-0.02304762415587902,0.08251096308231354,0.9955149292945862,0,0,0,0,0,0,0,0,0,0,0,0,0,0
4.995678424835205,0.0,5.310773849487305e-05,0.08339256048202515,2.9146671295166016e-05,-0.08350914716720581,-0.9618573784828186,-1.6937808990478516,0.7182763814926147,0.3651021718978882,0.03,1.2557628154754639,-0.07461974024772644,0.34318017959594727,0.04013661667704582,-0.02304762415587902,0.08251096308231354,0.9955149292945862,0,0,0,0,0,0,0,0,0,0,0,0,0,0
4.997439384460449,0.0,5.310773849487305e-05,0.08339256048202515,2.9146671295166016e-05,-0.08350914716720581,-0.9618573784828186,-1.6937808990478516,0.7182763814926147,0.3651021718978882,0.03,1.2557628154754639,-0.07461974024772644,0.34318017959594727,0.04013661667704582,-0.02304762415587902,0.08251096308231354,0.9955149292945862,0,0,0,0,0,0,0,0,0,0,0,0,0,0
4.999319076538086,0.0,5.310773849487305e-05,0.08339256048202515,2.9146671295166016e-05,-0.08350914716720581,-0.9618573784828186,-1.6937808990478516,0.7182763814926147,0.3651021718978882,0.03,1.2557628154754639,-0.07461974024772644,0.34318017959594727,0.04013661667704582,-0.02304762415587902,0.08251096308231354,0.9955149292945862,0,0,0,0,0,0,0,0,0,0,0,0,0,0
5.000707149505615,0.0,5.310773849487305e-05,0.08339256048202515,2.9146671295166016e-05,-0.08350914716720581,-0.9618573784828186,-1.6937808990478516,0.7182763814926147,0.3651021718978882,0.03,1.2557628154754639,-0.07461974024772644,0.34318017959594727,0.04013661667704582,-0.02304762415587902,0.08251096308231354,0.9955149292945862,0,0,0,0,0,0,0,0,0,0,0,0,0,0
5.001925230026245,0.0,5.310773849487305e-05,0.08339256048202515,2.9146671295166016e-05,-0.08350914716720581,-0.9618573784828186,-1.6937808990478516,0.7182763814926147,0.3651021718978882,0.03,1.2557628154754639,-0.07461974024772644,0.34318017959594727,0.04013661667704582,-0.02304762415587902,0.08251096308231354,0.9955149292945862,0,0,0,0,0,0,0,0,0,0,0,0,0,0
5.003002643585205,0.0,5.310773849487305e-05,0.08339256048202515,2.9146671295166016e-05,-0.08350914716720581,-0.9618573784828186,-1.6937808990478516,0.7182763814926147,0.3651021718978882,0.03,1.2557628154754639,-0.07461974024772644,0.34318017959594727,0.04013661667704582,-0.02304762415587902,0.08251096308231354,0.9955149292945862,0,0,0,0,0,0,0,0,0,0,0,0,0,0
5.004162311553955,0.0,5.310773849487305e-05,0.08339256048202515,2.9146671295166016e-05,-0.08350914716720581,-0.9618573784828186,-1.6937808990478516,0.7182763814926147,0.3651021718978882,0.03,1.2557597160339355,-0.07463356852531433,0.34316733479499817,0.040191613137722015,-0.023013519123196602,0.08257850259542465,0.9955078363418579,0,0,0,0,0,0,0,0,0,0,0,0,0,0
5.005274534225464,0.0,5.310773849487305e-05,0.08339256048202515,2.9146671295166016e-05,-0.08350914716720581,-0.9618573784828186,-1.6937808990478516,0.7182763814926147,0.3651021718978882,0.03,1.2557597160339355,-0.07463356852531433,0.34316733479499817,0.040191613137722015,-0.023013519123196602,0.08257850259542465,0.9955078363418579,0,0,0,0,0,0,0,0,0,0,0,0,0,0
5.0069708824157715,0.0,5.310773849487305e-05,0.08339256048202515,2.9146671295166016e-05,-0.08350914716720581,-0.9618573784828186,-1.6937808990478516,0.7182763814926147,0.3651021718978882,0.03,1.2557597160339355,-0.07463356852531433,0.34316733479499817,0.040191613137722015,-0.023013519123196602,0.08257850259542465,0.9955078363418579,0,0,0,0,0,0,0,0,0,0,0,0,0,0
5.008572101593018,0.0,5.310773849487305e-05,0.08339256048202515,2.9146671295166016e-05,-0.08350914716720581,-0.9618573784828186,-1.6937808990478516,0.7182763814926147,0.3651021718978882,0.03,1.2557597160339355,-0.07463356852531433,0.34316733479499817,0.040191613137722015,-0.023013519123196602,0.08257850259542465,0.9955078363418579,0,0,0,0,0,0,0,0,0,0,0,0,0,0
5.009678363800049,0.0,5.310773849487305e-05,0.08339256048202515,2.9146671295166016e-05,-0.08350914716720581,-0.9618573784828186,-1.6937808990478516,0.7182763814926147,0.3651021718978882,0.03,1.2557597160339355,-0.07463356852531433,0.34316733479499817,0.040191613137722015,-0.023013519123196602,0.08257850259542465,0.9955078363418579,0,0,0,0,0,0,0,0,0,0,0,0,0,0
5.010859966278076,0.0,5.310773849487305e-05,0.08339256048202515,2.9146671295166016e-05,-0.08350914716720581,-0.9618573784828186,-1.6937808990478516,0.7182763814926147,0.3651021718978882,0.03,1.2557597160339355,-0.07463356852531433,0.34316733479499817,0.040191613137722015,-0.023013519123196602,0.08257850259542465,0.9955078363418579,0,0,0,0,0,0,0,0,0,0,0,0,0,0
5.0123820304870605,0.0,5.310773849487305e-05,0.08339256048202515,2.9146671295166016e-05,-0.08350914716720581,-0.9618573784828186,-1.6937808990478516,0.7182763814926147,0.3651021718978882,0.03,1.2557597160339355,-0.07463356852531433,0.34316733479499817,0.040191613137722015,-0.023013519123196602,0.08257850259542465,0.9955078363418579,0,0,0,0,0,0,0,0,0,0,0,0,0,0
5.0134875774383545,0.0,5.310773849487305e-05,0.08339256048202515,2.9146671295166016e-05,-0.08350914716720581,-0.9618573784828186,-1.6937808990478516,0.7182763814926147,0.3651021718978882,0.03,1.2557597160339355,-0.07463356852531433,0.34316733479499817,0.040191613137722015,-0.023013519123196602,0.08257850259542465,0.9955078363418579,0,0,0,0,0,0,0,0,0,0,0,0,0,0
5.014667987823486,0.0,5.310773849487305e-05,0.08339256048202515,2.9146671295166016e-05,-0.08350914716720581,-0.9618573784828186,-1.6937808990478516,0.7182763814926147,0.3651021718978882,0.03,1.2557621002197266,-0.07456593215465546,0.3432460129261017,0.040098946541547775,-0.023017993196845055,0.08209774643182755,0.9955512285232544,0,0,0,0,0,0,0,0,0,0,0,0,0,0
5.015746593475342,0.0,5.310773849487305e-05,0.08339256048202515,2.9146671295166016e-05,-0.08350914716720581,-0.9618573784828186,-1.6937808990478516,0.7182763814926147,0.3651021718978882,0.03,1.255760908126831,-0.07452743500471115,0.34331947565078735,0.04015086218714714,-0.023091532289981842,0.08228636533021927,0.9955319166183472,0,0,0,0,0,0,0,0,0,0,0,0,0,0
5.016876697540283,0.0,5.310773849487305e-05,0.08339256048202515,2.9146671295166016e-05,-0.08350914716720581,-0.9618573784828186,-1.6937808990478516,0.7182763814926147,0.3651021718978882,0.03,1.255760908126831,-0.07452743500471115,0.34331947565078735,0.04015086218714714,-0.023091532289981842,0.08228636533021927,0.9955319166183472,0,0,0,0,0,0,0,0,0,0,0,0,0,0
5.018644332885742,0.0,5.310773849487305e-05,0.08339256048202515,2.9146671295166016e-05,-0.08350914716720581,-0.9618573784828186,-1.6937808990478516,0.7182763814926147,0.3651021718978882,0.03,1.255760908126831,-0.07452743500471115,0.34331947565078735,0.04015086218714714,-0.023091532289981842,0.08228636533021927,0.9955319166183472,0,0,0,0,0,0,0,0,0,0,0,0,0,0
5.019871234893799,0.0,5.310773849487305e-05,0.08339256048202515,2.9146671295166016e-05,-0.08350914716720581,-0.9618573784828186,-1.6937808990478516,0.7182763814926147,0.3651021718978882,0.03,1.2557651996612549,-0.07454679161310196,0.3432862460613251,0.04003855958580971,-0.02305978536605835,0.081525057554245,0.9955997467041016,0,0,0,0,0,0,0,0,0,0,0,0,0,0
5.021143436431885,0.0,5.310773849487305e-05,0.08339256048202515,2.9146671295166016e-05,-0.08350914716720581,-0.9618573784828186,-1.6937808990478516,0.7182763814926147,0.3651021718978882,0.03,1.2557651996612549,-0.07454679161310196,0.3432862460613251,0.04003855958580971,-0.02305978536605835,0.081525057554245,0.9955997467041016,0,0,0,0,0,0,0,0,0,0,0,0,0,0
5.022761344909668,0.0,5.310773849487305e-05,0.08339256048202515,2.9146671295166016e-05,-0.08350914716720581,-0.9618573784828186,-1.6937808990478516,0.7182763814926147,0.3651021718978882,0.03,1.2557651996612549,-0.07454679161310196,0.3432862460613251,0.04003855958580971,-0.02305978536605835,0.081525057554245,0.9955997467041016,0,0,0,0,0,0,0,0,0,0,0,0,0,0
5.024463415145874,0.0,5.310773849487305e-05,0.08339256048202515,2.9146671295166016e-05,-0.08350914716720581,-0.9618573784828186,-1.6937808990478516,0.7182763814926147,0.3651021718978882,0.03,1.2557651996612549,-0.07454679161310196,0.3432862460613251,0.04003855958580971,-0.02305978536605835,0.081525057554245,0.9955997467041016,0,0,0,0,0,0,0,0,0,0,0,0,0,0
5.025787353515625,0.0,5.310773849487305e-05,0.08339256048202515,2.9146671295166016e-05,-0.08350914716720581,-0.9618573784828186,-1.6937808990478516,0.7182763814926147,0.3651021718978882,0.03,1.2557615041732788,-0.07461058348417282,0.3431890904903412,0.04003073275089264,-0.02299562655389309,0.08172426372766495,0.9955852031707764,0,0,0,0,0,0,0,0,0,0,0,0,0,0
5.027101993560791,0.0,5.310773849487305e-05,0.08339256048202515,2.9146671295166016e-05,-0.08350914716720581,-0.9618573784828186,-1.6937808990478516,0.7182763814926147,0.3651021718978882,0.03,1.2557615041732788,-0.07461058348417282,0.3431890904903412,0.04003073275089264,-0.02299562655389309,0.08172426372766495,0.9955852031707764,0,0,0,0,0,0,0,0,0,0,0,0,0,0
5.028316497802734,0.0,5.310773849487305e-05,0.08339256048202515,2.9146671295166016e-05,-0.08350914716720581,-0.9618573784828186,-1.6937808990478516,0.7182763814926147,0.3651021718978882,0.03,1.2557615041732788,-0.07461058348417282,0.3431890904903412,0.04003073275089264,-0.02299562655389309,0.08172426372766495,0.9955852031707764,0,0,0,0,0,0,0,0,0,0,0,0,0,0
5.029602766036987,0.0,5.310773849487305e-05,0.08339256048202515,2.9146671295166016e-05,-0.08350914716720581,-0.9618573784828186,-1.6937808990478516,0.7182763814926147,0.3651021718978882,0.03,1.2557615041732788,-0.07461058348417282,0.3431890904903412,0.04003073275089264,-0.02299562655389309,0.08172426372766495,0.9955852031707764,0,0,0,0,0,0,0,0,0,0,0,0,0,0
5.032223701477051,0.0,5.310773849487305e-05,0.08339256048202515,2.9146671295166016e-05,-0.08350914716720581,-0.9618573784828186,-1.6937808990478516,0.7182763814926147,0.3651021718978882,0.03,1.2557615041732788,-0.07461058348417282,0.3431890904903412,0.04003073275089264,-0.02299562655389309,0.08172426372766495,0.9955852031707764,0,0,0,0,0,0,0,0,0,0,0,0,0,0
5.033283948898315,0.0,5.239248275756836e-05,0.08339259028434753,3.445148468017578e-05,-0.0834854245185852,-0.881996750831604,-1.6913564205169678,0.7092865705490112,0.4046453833580017,0.03,1.2557615041732788,-0.07461058348417282,0.3431890904903412,0.04003073275089264,-0.02299562655389309,0.08172426372766495,0.9955852031707764,0,0,0,0,0,0,0,0,0,0,0,0,0,0
5.034373044967651,0.0,5.239248275756836e-05,0.08339259028434753,3.445148468017578e-05,-0.0834854245185852,-0.881996750831604,-1.6913564205169678,0.7092865705490112,0.4046453833580017,0.03,1.2557615041732788,-0.07461058348417282,0.3431890904903412,0.04003073275089264,-0.02299562655389309,0.08172426372766495,0.9955852031707764,0,0,0,0,0,0,0,0,0,0,0,0,0,0
5.035540819168091,0.0,5.239248275756836e-05,0.08339259028434753,3.445148468017578e-05,-0.0834854245185852,-0.881996750831604,-1.6913564205169678,0.7092865705490112,0.4046453833580017,0.03,1.2557615041732788,-0.07461058348417282,0.3431890904903412,0.04003073275089264,-0.02299562655389309,0.08172426372766495,0.9955852031707764,0,0,0,0,0,0,0,0,0,0,0,0,0,0
5.037075042724609,0.0,7.450580596923828e-06,0.08339230716228485,3.7789344787597656e-05,-0.08350944519042969,-0.9576367139816284,-1.6915279626846313,0.717705488204956,0.3537049889564514,0.03,1.2557615041732788,-0.07461058348417282,0.3431890904903412,0.04003073275089264,-0.02299562655389309,0.08172426372766495,0.9955852031707764,0,0,0,0,0,0,0,0,0,0,0,0,0,0
5.038226366043091,0.0,7.450580596923828e-06,0.08339230716228485,3.7789344787597656e-05,-0.08350944519042969,-0.9576367139816284,-1.6915279626846313,0.717705488204956,0.3537049889564514,0.03,1.2557615041732788,-0.07461058348417282,0.3431890904903412,0.04003073275089264,-0.02299562655389309,0.08172426372766495,0.9955852031707764,0,0,0,0,0,0,0,0,0,0,0,0,0,0
5.039354562759399,0.0,7.450580596923828e-06,0.08339230716228485,3.7789344787597656e-05,-0.08350944519042969,-0.9576367139816284,-1.6915279626846313,0.717705488204956,0.3537049889564514,0.03,1.2557615041732788,-0.07461058348417282,0.3431890904903412,0.04003073275089264,-0.02299562655389309,0.08172426372766495,0.9955852031707764,0,0,0,0,0,0,0,0,0,0,0,0,0,0
5.040856122970581,0.0,1.424551010131836e-05,0.08339256048202515,1.4603137969970703e-05,-0.08350938558578491,-0.9598822593688965,-1.689383625984192,0.752330482006073,0.3555006980895996,0.03,1.2557615041732788,-0.07461058348417282,0.3431890904903412,0.04003073275089264,-0.02299562655389309,0.08172426372766495,0.9955852031707764,0,0,0,0,0,0,0,0,0,0,0,0,0,0
5.042357683181763,0.0,1.424551010131836e-05,0.08339256048202515,1.4603137969970703e-05,-0.08350938558578491,-0.9598822593688965,-1.689383625984192,0.752330482006073,0.3555006980895996,0.03,1.2557615041732788,-0.07461058348417282,0.3431890904903412,0.04003073275089264,-0.02299562655389309,0.08172426372766495,0.9955852031707764,0,0,0,0,0,0,0,0,0,0,0,0,0,0
5.043452739715576,0.0,1.424551010131836e-05,0.08339256048202515,1.4603137969970703e-05,-0.08350938558578491,-0.9598822593688965,-1.689383625984192,0.752330482006073,0.3555006980895996,0.03,1.2557615041732788,-0.07461058348417282,0.3431890904903412,0.04003073275089264,-0.02299562655389309,0.08172426372766495,0.9955852031707764,0,0,0,0,0,0,0,0,0,0,0,0,0,0
5.046104431152344,1.0,2.4080276489257812e-05,0.08339236676692963,6.633996963500977e-05,-0.08347558975219727,-0.9803463220596313,-0.5968146920204163,0.6839185953140259,-0.6881440281867981,0.03,1.2558046579360962,-0.07460807263851166,0.34323909878730774,0.03991112858057022,-0.023076362907886505,0.08151933550834656,0.9956049919128418,0,0,0,0,0,0,0,0,0,0,0,0,0,0
5.047335863113403,1.0,2.4080276489257812e-05,0.08339236676692963,6.633996963500977e-05,-0.08347558975219727,-0.9803463220596313,-0.5968146920204163,0.6839185953140259,-0.6881440281867981,0.03,1.2558046579360962,-0.07460807263851166,0.34323909878730774,0.03991112858057022,-0.023076362907886505,0.08151933550834656,0.9956049919128418,0,0,0,0,0,0,0,0,0,0,0,0,0,0
5.048430442810059,1.0,2.4080276489257812e-05,0.08339236676692963,6.633996963500977e-05,-0.08347558975219727,-0.9803463220596313,-0.5968146920204163,0.6839185953140259,-0.6881440281867981,0.03,1.2558046579360962,-0.07460807263851166,0.34323909878730774,0.03991112858057022,-0.023076362907886505,0.08151933550834656,0.9956049919128418,0,0,0,0,0,0,0,0,0,0,0,0,0,0
5.049650430679321,1.0,2.4080276489257812e-05,0.08339236676692963,6.633996963500977e-05,-0.08347558975219727,-0.9803463220596313,-0.5968146920204163,0.6839185953140259,-0.6881440281867981,0.03,1.2558046579360962,-0.07460807263851166,0.34323909878730774,0.03991112858057022,-0.023076362907886505,0.08151933550834656,0.9956049919128418,0,0,0,0,0,0,0,0,0,0,0,0,0,0
5.050772666931152,1.0,2.4080276489257812e-05,0.08339236676692963,6.633996963500977e-05,-0.08347558975219727,-0.9803463220596313,-0.5968146920204163,0.6839185953140259,-0.6881440281867981,0.03,1.2558046579360962,-0.07460807263851166,0.34323909878730774,0.03991112858057022,-0.023076362907886505,0.08151933550834656,0.9956049919128418,0,0,0,0,0,0,0,0,0,0,0,0,0,0
5.052103519439697,1.0,2.4080276489257812e-05,0.08339236676692963,6.633996963500977e-05,-0.08347558975219727,-0.9803463220596313,-0.5968146920204163,0.6839185953140259,-0.6881440281867981,0.03,1.2558046579360962,-0.07460807263851166,0.34323909878730774,0.03991112858057022,-0.023076362907886505,0.08151933550834656,0.9956049919128418,0,0,0,0,0,0,0,0,0,0,0,0,0,0
5.053231239318848,1.0,2.4080276489257812e-05,0.08339236676692963,6.633996963500977e-05,-0.08347558975219727,-0.9803463220596313,-0.5968146920204163,0.6839185953140259,-0.6881440281867981,0.03,1.2558046579360962,-0.07460807263851166,0.34323909878730774,0.03991112858057022,-0.023076362907886505,0.08151933550834656,0.9956049919128418,0,0,0,0,0,0,0,0,0,0,0,0,0,0
5.0544562339782715,1.0,2.4080276489257812e-05,0.08339236676692963,6.633996963500977e-05,-0.08347558975219727,-0.9803463220596313,-0.5968146920204163,0.6839185953140259,-0.6881440281867981,0.03,1.2558046579360962,-0.07460807263851166,0.34323909878730774,0.03991112858057022,-0.023076362907886505,0.08151933550834656,0.9956049919128418,0,0,0,0,0,0,0,0,0,0,0,0,0,0
5.055676460266113,1.0,2.4080276489257812e-05,0.08339236676692963,6.633996963500977e-05,-0.08347558975219727,-0.9803463220596313,-0.5968146920204163,0.6839185953140259,-0.6881440281867981,0.03,1.2558046579360962,-0.07460807263851166,0.34323909878730774,0.03991112858057022,-0.023076362907886505,0.08151933550834656,0.9956049919128418,0,0,0,0,0,0,0,0,0,0,0,0,0,0
5.05769681930542,1.0,2.4080276489257812e-05,0.08339236676692963,6.633996963500977e-05,-0.08347558975219727,-0.9803463220596313,-0.5968146920204163,0.6839185953140259,-0.6881440281867981,0.03,1.2558046579360962,-0.07460807263851166,0.34323909878730774,0.03991112858057022,-0.023076362907886505,0.08151933550834656,0.9956049919128418,0,0,0,0,0,0,0,0,0,0,0,0,0,0
5.058884143829346,1.0,2.4080276489257812e-05,0.08339236676692963,6.633996963500977e-05,-0.08347558975219727,-0.9803463220596313,-0.5968146920204163,0.6839185953140259,-0.6881440281867981,0.03,1.2558046579360962,-0.07460807263851166,0.34323909878730774,0.03991112858057022,-0.023076362907886505,0.08151933550834656,0.9956049919128418,0,0,0,0,0,0,0,0,0,0,0,0,0,0
5.060370683670044,1.0,2.4080276489257812e-05,0.08339236676692963,6.633996963500977e-05,-0.08347558975219727,-0.9803463220596313,-0.5968146920204163,0.6839185953140259,-0.6881440281867981,0.03,1.2558046579360962,-0.07460807263851166,0.34323909878730774,0.03991112858057022,-0.023076362907886505,0.08151933550834656,0.9956049919128418,0,0,0,0,0,0,0,0,0,0,0,0,0,0
5.061594009399414,1.0,2.4080276489257812e-05,0.08339236676692963,6.633996963500977e-05,-0.08347558975219727,-0.9803463220596313,-0.5968146920204163,0.6839185953140259,-0.6881440281867981,0.03,1.2558046579360962,-0.07460807263851166,0.34323909878730774,0.03991112858057022,-0.023076362907886505,0.08151933550834656,0.9956049919128418,0,0,0,0,0,0,0,0,0,0,0,0,0,0
5.063226938247681,1.0,2.4080276489257812e-05,0.08339236676692963,6.633996963500977e-05,-0.08347558975219727,-0.9803463220596313,-0.5968146920204163,0.6839185953140259,-0.6881440281867981,0.03,1.2558046579360962,-0.07460807263851166,0.34323909878730774,0.03991112858057022,-0.023076362907886505,0.08151933550834656,0.9956049919128418,0,0,0,0,0,0,0,0,0,0,0,0,0,0
5.064561367034912,1.0,2.4080276489257812e-05,0.08339236676692963,6.633996963500977e-05,-0.08347558975219727,-0.9803463220596313,-0.5968146920204163,0.6839185953140259,-0.6881440281867981,0.03,1.2558046579360962,-0.07460807263851166,0.34323909878730774,0.03991112858057022,-0.023076362907886505,0.08151933550834656,0.9956049919128418,0,0,0,0,0,0,0,0,0,0,0,0,0,0
5.065864562988281,1.0,2.4080276489257812e-05,0.08339236676692963,6.633996963500977e-05,-0.08347558975219727,-0.9803463220596313,-0.5968146920204163,0.6839185953140259,-0.6881440281867981,0.03,1.2558046579360962,-0.07460807263851166,0.34323909878730774,0.03991112858057022,-0.023076362907886505,0.08151933550834656,0.9956049919128418,0,0,0,0,0,0,0,0,0,0,0,0,0,0
5.0670435428619385,1.0,2.4080276489257812e-05,0.08339236676692963,6.633996963500977e-05,-0.08347558975219727,-0.9803463220596313,-0.5968146920204163,0.6839185953140259,-0.6881440281867981,0.03,1.2558046579360962,-0.07460807263851166,0.34323909878730774,0.03991112858057022,-0.023076362907886505,0.08151933550834656,0.9956049919128418,0,0,0,0,0,0,0,0,0,0,0,0,0,0
5.06831431388855,1.0,2.4080276489257812e-05,0.08339236676692963,6.633996963500977e-05,-0.08347558975219727,-0.9803463220596313,-0.5968146920204163,0.6839185953140259,-0.6881440281867981,0.03,1.2558046579360962,-0.07460807263851166,0.34323909878730774,0.03991112858057022,-0.023076362907886505,0.08151933550834656,0.9956049919128418,0,0,0,0,0,0,0,0,0,0,0,0,0,0
5.069453716278076,1.0,2.4080276489257812e-05,0.08339236676692963,6.633996963500977e-05,-0.08347558975219727,-0.9803463220596313,-0.5968146920204163,0.6839185953140259,-0.6881440281867981,0.03,1.2558046579360962,-0.07460807263851166,0.34323909878730774,0.03991112858057022,-0.023076362907886505,0.08151933550834656,0.9956049919128418,0,0,0,0,0,0,0,0,0,0,0,0,0,0
5.0705885887146,1.0,2.4080276489257812e-05,0.08339236676692963,6.633996963500977e-05,-0.08347558975219727,-0.9803463220596313,-0.5968146920204163,0.6839185953140259,-0.6881440281867981,0.03,1.2558046579360962,-0.07460807263851166,0.34323909878730774,0.03991112858057022,-0.023076362907886505,0.08151933550834656,0.9956049919128418,0,0,0,0,0,0,0,0,0,0,0,0,0,0
5.0718488693237305,1.0,2.4080276489257812e-05,0.08339236676692963,6.633996963500977e-05,-0.08347558975219727,-0.9803463220596313,-0.5968146920204163,0.6839185953140259,-0.6881440281867981,0.03,1.2558046579360962,-0.07460807263851166,0.34323909878730774,0.03991112858057022,-0.023076362907886505,0.08151933550834656,0.9956049919128418,0,0,0,0,0,0,0,0,0,0,0,0,0,0
5.072997093200684,1.0,2.4080276489257812e-05,0.08339236676692963,6.633996963500977e-05,-0.08347558975219727,-0.9803463220596313,-0.5968146920204163,0.6839185953140259,-0.6881440281867981,0.03,1.2558046579360962,-0.07460807263851166,0.34323909878730774,0.03991112858057022,-0.023076362907886505,0.08151933550834656,0.9956049919128418,0,0,0,0,0,0,0,0,0,0,0,0,0,0
5.074392795562744,1.0,2.4080276489257812e-05,0.08339236676692963,6.633996963500977e-05,-0.08347558975219727,-0.9803463220596313,-0.5968146920204163,0.6839185953140259,-0.6881440281867981,0.03,1.2558046579360962,-0.07460807263851166,0.34323909878730774,0.03991112858057022,-0.023076362907886505,0.08151933550834656,0.9956049919128418,0,0,0,0,0,0,0,0,0,0,0,0,0,0
5.076056003570557,1.0,2.4080276489257812e-05,0.08339236676692963,6.633996963500977e-05,-0.08347558975219727,-0.9803463220596313,-0.5968146920204163,0.6839185953140259,-0.6881440281867981,0.03,1.2558046579360962,-0.07460807263851166,0.34323909878730774,0.03991112858057022,-0.023076362907886505,0.08151933550834656,0.9956049919128418,0,0,0,0,0,0,0,0,0,0,0,0,0,0
5.0779829025268555,1.0,2.4080276489257812e-05,0.08339236676692963,6.633996963500977e-05,-0.08347558975219727,-0.9803463220596313,-0.5968146920204163,0.6839185953140259,-0.6881440281867981,0.03,1.2558046579360962,-0.07460807263851166,0.34323909878730774,0.03991112858057022,-0.023076362907886505,0.08151933550834656,0.9956049919128418,0,0,0,0,0,0,0,0,0,0,0,0,0,0
5.07921290397644,1.0,2.4080276489257812e-05,0.08339236676692963,6.633996963500977e-05,-0.08347558975219727,-0.9803463220596313,-0.5968146920204163,0.6839185953140259,-0.6881440281867981,0.03,1.2558046579360962,-0.07460807263851166,0.34323909878730774,0.03991112858057022,-0.023076362907886505,0.08151933550834656,0.9956049919128418,0,0,0,0,0,0,0,0,0,0,0,0,0,0
5.080745697021484,1.0,2.4080276489257812e-05,0.08339236676692963,6.633996963500977e-05,-0.08347558975219727,-0.9803463220596313,-0.5968146920204163,0.6839185953140259,-0.6881440281867981,0.03,1.2558046579360962,-0.07460807263851166,0.34323909878730774,0.03991112858057022,-0.023076362907886505,0.08151933550834656,0.9956049919128418,0,0,0,0,0,0,0,0,0,0,0,0,0,0
5.082003355026245,1.0,2.4080276489257812e-05,0.08339236676692963,6.633996963500977e-05,-0.08347558975219727,-0.9803463220596313,-0.5968146920204163,0.6839185953140259,-0.6881440281867981,0.03,1.2558046579360962,-0.07460807263851166,0.34323909878730774,0.03991112858057022,-0.023076362907886505,0.08151933550834656,0.9956049919128418,0,0,0,0,0,0,0,0,0,0,0,0,0,0
5.083121299743652,1.0,2.4080276489257812e-05,0.08339236676692963,6.633996963500977e-05,-0.08347558975219727,-0.9803463220596313,-0.5968146920204163,0.6839185953140259,-0.6881440281867981,0.03,1.2558046579360962,-0.07460807263851166,0.34323909878730774,0.03991112858057022,-0.023076362907886505,0.08151933550834656,0.9956049919128418,0,0,0,0,0,0,0,0,0,0,0,0,0,0
5.084402084350586,1.0,2.4080276489257812e-05,0.08339236676692963,6.633996963500977e-05,-0.08347558975219727,-0.9803463220596313,-0.5968146920204163,0.6839185953140259,-0.6881440281867981,0.03,1.2558046579360962,-0.07460807263851166,0.34323909878730774,0.03991112858057022,-0.023076362907886505,0.08151933550834656,0.9956049919128418,0,0,0,0,0,0,0,0,0,0,0,0,0,0
5.085841417312622,1.0,2.4080276489257812e-05,0.08339236676692963,6.633996963500977e-05,-0.08347558975219727,-0.9803463220596313,-0.5968146920204163,0.6839185953140259,-0.6881440281867981,0.03,1.2558046579360962,-0.07460807263851166,0.34323909878730774,0.03991112858057022,-0.023076362907886505,0.08151933550834656,0.9956049919128418,0,0,0,0,0,0,0,0,0,0,0,0,0,0
5.0869975090026855,1.0,2.4080276489257812e-05,0.08339236676692963,6.633996963500977e-05,-0.08347558975219727,-0.9803463220596313,-0.5968146920204163,0.6839185953140259,-0.6881440281867981,0.03,1.2558046579360962,-0.07460807263851166,0.34323909878730774,0.03991112858057022,-0.023076362907886505,0.08151933550834656,0.9956049919128418,0,0,0,0,0,0,0,0,0,0,0,0,0,0
5.088110446929932,1.0,2.4080276489257812e-05,0.08339236676692963,6.633996963500977e-05,-0.08347558975219727,-0.9803463220596313,-0.5968146920204163,0.6839185953140259,-0.6881440281867981,0.03,1.2558046579360962,-0.07460807263851166,0.34323909878730774,0.03991112858057022,-0.023076362907886505,0.08151933550834656,0.9956049919128418,0,0,0,0,0,0,0,0,0,0,0,0,0,0
5.090149164199829,1.0,2.4080276489257812e-05,0.08339236676692963,6.633996963500977e-05,-0.08347558975219727,-0.9803463220596313,-0.5968146920204163,0.6839185953140259,-0.6881440281867981,0.03,1.2558046579360962,-0.07460807263851166,0.34323909878730774,0.03991112858057022,-0.023076362907886505,0.08151933550834656,0.9956049919128418,0,0,0,0,0,0,0,0,0,0,0,0,0,0
5.091270208358765,1.0,2.4080276489257812e-05,0.08339236676692963,6.633996963500977e-05,-0.08347558975219727,-0.9803463220596313,-0.5968146920204163,0.6839185953140259,-0.6881440281867981,0.03,1.2558046579360962,-0.07460807263851166,0.34323909878730774,0.03991112858057022,-0.023076362907886505,0.08151933550834656,0.9956049919128418,0,0,0,0,0,0,0,0,0,0,0,0,0,0
5.092393636703491,1.0,2.4080276489257812e-05,0.08339236676692963,6.633996963500977e-05,-0.08347558975219727,-0.9803463220596313,-0.5968146920204163,0.6839185953140259,-0.6881440281867981,0.03,1.2558046579360962,-0.07460807263851166,0.34323909878730774,0.03991112858057022,-0.023076362907886505,0.08151933550834656,0.9956049919128418,0,0,0,0,0,0,0,0,0,0,0,0,0,0
5.093612432479858,1.0,2.4080276489257812e-05,0.08339236676692963,6.633996963500977e-05,-0.08347558975219727,-0.9803463220596313,-0.5968146920204163,0.6839185953140259,-0.6881440281867981,0.03,1.2558046579360962,-0.07460807263851166,0.34323909878730774,0.03991112858057022,-0.023076362907886505,0.08151933550834656,0.9956049919128418,0,0,0,0,0,0,0,0,0,0,0,0,0,0
5.095192193984985,1.0,2.4080276489257812e-05,0.08339236676692963,6.633996963500977e-05,-0.08347558975219727,-0.9803463220596313,-0.5968146920204163,0.6839185953140259,-0.6881440281867981,0.03,1.2558046579360962,-0.07460807263851166,0.34323909878730774,0.03991112858057022,-0.023076362907886505,0.08151933550834656,0.9956049919128418,0,0,0,0,0,0,0,0,0,0,0,0,0,0
5.096967458724976,1.0,2.4080276489257812e-05,0.08339236676692963,6.633996963500977e-05,-0.08347558975219727,-0.9803463220596313,-0.5968146920204163,0.6839185953140259,-0.6881440281867981,0.03,1.2558046579360962,-0.07460807263851166,0.34323909878730774,0.03991112858057022,-0.023076362907886505,0.08151933550834656,0.9956049919128418,0,0,0,0,0,0,0,0,0,0,0,0,0,0
5.098889589309692,1.0,2.4080276489257812e-05,0.08339236676692963,6.633996963500977e-05,-0.08347558975219727,-0.9803463220596313,-0.5968146920204163,0.6839185953140259,-0.6881440281867981,0.03,1.2558046579360962,-0.07460807263851166,0.34323909878730774,0.03991112858057022,-0.023076362907886505,0.08151933550834656,0.9956049919128418,0,0,0,0,0,0,0,0,0,0,0,0,0,0
5.1003804206848145,1.0,2.4080276489257812e-05,0.08339236676692963,6.633996963500977e-05,-0.08347558975219727,-0.9803463220596313,-0.5968146920204163,0.6839185953140259,-0.6881440281867981,0.03,1.2558046579360962,-0.07460807263851166,0.34323909878730774,0.03991112858057022,-0.023076362907886505,0.08151933550834656,0.9956049919128418,0,0,0,0,0,0,0,0,0,0,0,0,0,0
5.101984739303589,1.0,2.4080276489257812e-05,0.08339236676692963,6.633996963500977e-05,-0.08347558975219727,-0.9803463220596313,-0.5968146920204163,0.6839185953140259,-0.6881440281867981,0.03,1.2558046579360962,-0.07460807263851166,0.34323909878730774,0.03991112858057022,-0.023076362907886505,0.08151933550834656,0.9956049919128418,0,0,0,0,0,0,0,0,0,0,0,0,0,0
5.103434085845947,1.0,2.4080276489257812e-05,0.08339236676692963,6.633996963500977e-05,-0.08347558975219727,-0.9803463220596313,-0.5968146920204163,0.6839185953140259,-0.6881440281867981,0.03,1.2558046579360962,-0.07460807263851166,0.34323909878730774,0.03991112858057022,-0.023076362907886505,0.08151933550834656,0.9956049919128418,0,0,0,0,0,0,0,0,0,0,0,0,0,0
5.104649543762207,1.0,2.4080276489257812e-05,0.08339236676692963,6.633996963500977e-05,-0.08347558975219727,-0.9803463220596313,-0.5968146920204163,0.6839185953140259,-0.6881440281867981,0.03,1.2558046579360962,-0.07460807263851166,0.34323909878730774,0.03991112858057022,-0.023076362907886505,0.08151933550834656,0.9956049919128418,0,0,0,0,0,0,0,0,0,0,0,0,0,0
5.106118679046631,1.0,2.4080276489257812e-05,0.08339236676692963,6.633996963500977e-05,-0.08347558975219727,-0.9803463220596313,-0.5968146920204163,0.6839185953140259,-0.6881440281867981,0.03,1.2558046579360962,-0.07460807263851166,0.34323909878730774,0.03991112858057022,-0.023076362907886505,0.08151933550834656,0.9956049919128418,0,0,0,0,0,0,0,0,0,0,0,0,0,0
5.1072118282318115,1.0,2.4080276489257812e-05,0.08339236676692963,6.633996963500977e-05,-0.08347558975219727,-0.9803463220596313,-0.5968146920204163,0.6839185953140259,-0.6881440281867981,0.03,1.2558046579360962,-0.07460807263851166,0.34323909878730774,0.03991112858057022,-0.023076362907886505,0.08151933550834656,0.9956049919128418,0,0,0,0,0,0,0,0,0,0,0,0,0,0
5.108336687088013,1.0,2.4080276489257812e-05,0.08339236676692963,6.633996963500977e-05,-0.08347558975219727,-0.9803463220596313,-0.5968146920204163,0.6839185953140259,-0.6881440281867981,0.03,1.2558046579360962,-0.07460807263851166,0.34323909878730774,0.03991112858057022,-0.023076362907886505,0.08151933550834656,0.9956049919128418,0,0,0,0,0,0,0,0,0,0,0,0,0,0
5.109459638595581,1.0,2.4080276489257812e-05,0.08339236676692963,6.633996963500977e-05,-0.08347558975219727,-0.9803463220596313,-0.5968146920204163,0.6839185953140259,-0.6881440281867981,0.03,1.2558046579360962,-0.07460807263851166,0.34323909878730774,0.03991112858057022,-0.023076362907886505,0.08151933550834656,0.9956049919128418,0,0,0,0,0,0,0,0,0,0,0,0,0,0
5.110570430755615,1.0,2.4080276489257812e-05,0.08339236676692963,6.633996963500977e-05,-0.08347558975219727,-0.9803463220596313,-0.5968146920204163,0.6839185953140259,-0.6881440281867981,0.03,1.2558046579360962,-0.07460807263851166,0.34323909878730774,0.03991112858057022,-0.023076362907886505,0.08151933550834656,0.9956049919128418,0,0,0,0,0,0,0,0,0,0,0,0,0,0
5.1121625900268555,1.0,2.4080276489257812e-05,0.08339236676692963,6.633996963500977e-05,-0.08347558975219727,-0.9803463220596313,-0.5968146920204163,0.6839185953140259,-0.6881440281867981,0.03,1.2558046579360962,-0.07460807263851166,0.34323909878730774,0.03991112858057022,-0.023076362907886505,0.08151933550834656,0.9956049919128418,0,0,0,0,0,0,0,0,0,0,0,0,0,0
5.113468885421753,1.0,2.4080276489257812e-05,0.08339236676692963,6.633996963500977e-05,-0.08347558975219727,-0.9803463220596313,-0.5968146920204163,0.6839185953140259,-0.6881440281867981,0.03,1.2558046579360962,-0.07460807263851166,0.34323909878730774,0.03991112858057022,-0.023076362907886505,0.08151933550834656,0.9956049919128418,0,0,0,0,0,0,0,0,0,0,0,0,0,0
5.114564657211304,1.0,2.4080276489257812e-05,0.08339236676692963,6.633996963500977e-05,-0.08347558975219727,-0.9803463220596313,-0.5968146920204163,0.6839185953140259,-0.6881440281867981,0.03,1.2558046579360962,-0.07460807263851166,0.34323909878730774,0.03991112858057022,-0.023076362907886505,0.08151933550834656,0.9956049919128418,0,0,0,0,0,0,0,0,0,0,0,0,0,0
5.115638732910156,1.0,2.4080276489257812e-05,0.08339236676692963,6.633996963500977e-05,-0.08347558975219727,-0.9803463220596313,-0.5968146920204163,0.6839185953140259,-0.6881440281867981,0.03,1.2558046579360962,-0.07460807263851166,0.34323909878730774,0.03991112858057022,-0.023076362907886505,0.08151933550834656,0.9956049919128418,0,0,0,0,0,0,0,0,0,0,0,0,0,0
5.116725206375122,1.0,2.4080276489257812e-05,0.08339236676692963,6.633996963500977e-05,-0.08347558975219727,-0.9803463220596313,-0.5968146920204163,0.6839185953140259,-0.6881440281867981,0.03,1.2558046579360962,-0.07460807263851166,0.34323909878730774,0.03991112858057022,-0.023076362907886505,0.08151933550834656,0.9956049919128418,0,0,0,0,0,0,0,0,0,0,0,0,0,0
5.117867946624756,1.0,2.4080276489257812e-05,0.08339236676692963,6.633996963500977e-05,-0.08347558975219727,-0.9803463220596313,-0.5968146920204163,0.6839185953140259,-0.6881440281867981,0.03,1.2558046579360962,-0.07460807263851166,0.34323909878730774,0.03991112858057022,-0.023076362907886505,0.08151933550834656,0.9956049919128418,0,0,0,0,0,0,0,0,0,0,0,0,0,0
5.118925094604492,1.0,2.4080276489257812e-05,0.08339236676692963,6.633996963500977e-05,-0.08347558975219727,-0.9803463220596313,-0.5968146920204163,0.6839185953140259,-0.6881440281867981,0.03,1.2558046579360962,-0.07460807263851166,0.34323909878730774,0.03991112858057022,-0.023076362907886505,0.08151933550834656,0.9956049919128418,0,0,0,0,0,0,0,0,0,0,0,0,0,0
5.120177984237671,1.0,2.4080276489257812e-05,0.08339236676692963,6.633996963500977e-05,-0.08347558975219727,-0.9803463220596313,-0.5968146920204163,0.6839185953140259,-0.6881440281867981,0.03,1.2558046579360962,-0.07460807263851166,0.34323909878730774,0.03991112858057022,-0.023076362907886505,0.08151933550834656,0.9956049919128418,0,0,0,0,0,0,0,0,0,0,0,0,0,0
5.12140965461731,1.0,2.4080276489257812e-05,0.08339236676692963,6.633996963500977e-05,-0.08347558975219727,-0.9803463220596313,-0.5968146920204163,0.6839185953140259,-0.6881440281867981,0.03,1.2558046579360962,-0.07460807263851166,0.34323909878730774,0.03991112858057022,-0.023076362907886505,0.08151933550834656,0.9956049919128418,0,0,0,0,0,0,0,0,0,0,0,0,0,0
5.122485637664795,1.0,2.4080276489257812e-05,0.08339236676692963,6.633996963500977e-05,-0.08347558975219727,-0.9803463220596313,-0.5968146920204163,0.6839185953140259,-0.6881440281867981,0.03,1.2558046579360962,-0.07460807263851166,0.34323909878730774,0.03991112858057022,-0.023076362907886505,0.08151933550834656,0.9956049919128418,0,0,0,0,0,0,0,0,0,0,0,0,0,0
5.123635530471802,1.0,2.4080276489257812e-05,0.08339236676692963,6.633996963500977e-05,-0.08347558975219727,-0.9803463220596313,-0.5968146920204163,0.6839185953140259,-0.6881440281867981,0.03,1.2558046579360962,-0.07460807263851166,0.34323909878730774,0.03991112858057022,-0.023076362907886505,0.08151933550834656,0.9956049919128418,0,0,0,0,0,0,0,0,0,0,0,0,0,0
5.124820947647095,1.0,2.4080276489257812e-05,0.08339236676692963,6.633996963500977e-05,-0.08347558975219727,-0.9803463220596313,-0.5968146920204163,0.6839185953140259,-0.6881440281867981,0.03,1.2558046579360962,-0.07460807263851166,0.34323909878730774,0.03991112858057022,-0.023076362907886505,0.08151933550834656,0.9956049919128418,0,0,0,0,0,0,0,0,0,0,0,0,0,0
5.126270532608032,1.0,2.4080276489257812e-05,0.08339236676692963,6.633996963500977e-05,-0.08347558975219727,-0.9803463220596313,-0.5968146920204163,0.6839185953140259,-0.6881440281867981,0.03,1.2558046579360962,-0.07460807263851166,0.34323909878730774,0.03991112858057022,-0.023076362907886505,0.08151933550834656,0.9956049919128418,0,0,0,0,0,0,0,0,0,0,0,0,0,0
5.127615928649902,1.0,2.4080276489257812e-05,0.08339236676692963,6.633996963500977e-05,-0.08347558975219727,-0.9803463220596313,-0.5968146920204163,0.6839185953140259,-0.6881440281867981,0.03,1.2558046579360962,-0.07460807263851166,0.34323909878730774,0.03991112858057022,-0.023076362907886505,0.08151933550834656,0.9956049919128418,0,0,0,0,0,0,0,0,0,0,0,0,0,0
5.129144668579102,1.0,2.4080276489257812e-05,0.08339236676692963,6.633996963500977e-05,-0.08347558975219727,-0.9803463220596313,-0.5968146920204163,0.6839185953140259,-0.6881440281867981,0.03,1.2558046579360962,-0.07460807263851166,0.34323909878730774,0.03991112858057022,-0.023076362907886505,0.08151933550834656,0.9956049919128418,0,0,0,0,0,0,0,0,0,0,0,0,0,0
5.130323886871338,1.0,2.4080276489257812e-05,0.08339236676692963,6.633996963500977e-05,-0.08347558975219727,-0.9803463220596313,-0.5968146920204163,0.6839185953140259,-0.6881440281867981,0.03,1.2558046579360962,-0.07460807263851166,0.34323909878730774,0.03991112858057022,-0.023076362907886505,0.08151933550834656,0.9956049919128418,0,0,0,0,0,0,0,0,0,0,0,0,0,0
5.131506443023682,1.0,2.4080276489257812e-05,0.08339236676692963,6.633996963500977e-05,-0.08347558975219727,-0.9803463220596313,-0.5968146920204163,0.6839185953140259,-0.6881440281867981,0.03,1.2558046579360962,-0.07460807263851166,0.34323909878730774,0.03991112858057022,-0.023076362907886505,0.08151933550834656,0.9956049919128418,0,0,0,0,0,0,0,0,0,0,0,0,0,0
5.1328959465026855,1.0,2.4080276489257812e-05,0.08339236676692963,6.633996963500977e-05,-0.08347558975219727,-0.9803463220596313,-0.5968146920204163,0.6839185953140259,-0.6881440281867981,0.03,1.2558046579360962,-0.07460807263851166,0.34323909878730774,0.03991112858057022,-0.023076362907886505,0.08151933550834656,0.9956049919128418,0,0,0,0,0,0,0,0,0,0,0,0,0,0
5.134584188461304,1.0,2.4080276489257812e-05,0.08339236676692963,6.633996963500977e-05,-0.08347558975219727,-0.9803463220596313,-0.5968146920204163,0.6839185953140259,-0.6881440281867981,0.03,1.2558046579360962,-0.07460807263851166,0.34323909878730774,0.03991112858057022,-0.023076362907886505,0.08151933550834656,0.9956049919128418,0,0,0,0,0,0,0,0,0,0,0,0,0,0
5.1356775760650635,1.0,2.4080276489257812e-05,0.08339236676692963,6.633996963500977e-05,-0.08347558975219727,-0.9803463220596313,-0.5968146920204163,0.6839185953140259,-0.6881440281867981,0.03,1.2558046579360962,-0.07460807263851166,0.34323909878730774,0.03991112858057022,-0.023076362907886505,0.08151933550834656,0.9956049919128418,0,0,0,0,0,0,0,0,0,0,0,0,0,0
5.136847972869873,1.0,2.4080276489257812e-05,0.08339236676692963,6.633996963500977e-05,-0.08347558975219727,-0.9803463220596313,-0.5968146920204163,0.6839185953140259,-0.6881440281867981,0.03,1.2558046579360962,-0.07460807263851166,0.34323909878730774,0.03991112858057022,-0.023076362907886505,0.08151933550834656,0.9956049919128418,0,0,0,0,0,0,0,0,0,0,0,0,0,0
5.137949705123901,1.0,2.4080276489257812e-05,0.08339236676692963,6.633996963500977e-05,-0.08347558975219727,-0.9803463220596313,-0.5968146920204163,0.6839185953140259,-0.6881440281867981,0.03,1.2558046579360962,-0.07460807263851166,0.34323909878730774,0.03991112858057022,-0.023076362907886505,0.08151933550834656,0.9956049919128418,0,0,0,0,0,0,0,0,0,0,0,0,0,0
5.139051198959351,1.0,2.4080276489257812e-05,0.08339236676692963,6.633996963500977e-05,-0.08347558975219727,-0.9803463220596313,-0.5968146920204163,0.6839185953140259,-0.6881440281867981,0.03,1.2558046579360962,-0.07460807263851166,0.34323909878730774,0.03991112858057022,-0.023076362907886505,0.08151933550834656,0.9956049919128418,0,0,0,0,0,0,0,0,0,0,0,0,0,0
5.1401472091674805,1.0,2.4080276489257812e-05,0.08339236676692963,6.633996963500977e-05,-0.08347558975219727,-0.9803463220596313,-0.5968146920204163,0.6839185953140259,-0.6881440281867981,0.03,1.2558046579360962,-0.07460807263851166,0.34323909878730774,0.03991112858057022,-0.023076362907886505,0.08151933550834656,0.9956049919128418,0,0,0,0,0,0,0,0,0,0,0,0,0,0
5.141350030899048,1.0,2.4080276489257812e-05,0.08339236676692963,6.633996963500977e-05,-0.08347558975219727,-0.9803463220596313,-0.5968146920204163,0.6839185953140259,-0.6881440281867981,0.03,1.2558046579360962,-0.07460807263851166,0.34323909878730774,0.03991112858057022,-0.023076362907886505,0.08151933550834656,0.9956049919128418,0,0,0,0,0,0,0,0,0,0,0,0,0,0
5.1424736976623535,1.0,2.4080276489257812e-05,0.08339236676692963,6.633996963500977e-05,-0.08347558975219727,-0.9803463220596313,-0.5968146920204163,0.6839185953140259,-0.6881440281867981,0.03,1.2558046579360962,-0.07460807263851166,0.34323909878730774,0.03991112858057022,-0.023076362907886505,0.08151933550834656,0.9956049919128418,0,0,0,0,0,0,0,0,0,0,0,0,0,0
5.143808603286743,1.0,2.4080276489257812e-05,0.08339236676692963,6.633996963500977e-05,-0.08347558975219727,-0.9803463220596313,-0.5968146920204163,0.6839185953140259,-0.6881440281867981,0.03,1.2558046579360962,-0.07460807263851166,0.34323909878730774,0.03991112858057022,-0.023076362907886505,0.08151933550834656,0.9956049919128418,0,0,0,0,0,0,0,0,0,0,0,0,0,0
5.144888639450073,1.0,2.4080276489257812e-05,0.08339236676692963,6.633996963500977e-05,-0.08347558975219727,-0.9803463220596313,-0.5968146920204163,0.6839185953140259,-0.6881440281867981,0.03,1.2558046579360962,-0.07460807263851166,0.34323909878730774,0.03991112858057022,-0.023076362907886505,0.08151933550834656,0.9956049919128418,0,0,0,0,0,0,0,0,0,0,0,0,0,0
5.14685845375061,1.0,2.4080276489257812e-05,0.08339236676692963,6.633996963500977e-05,-0.08347558975219727,-0.9803463220596313,-0.5968146920204163,0.6839185953140259,-0.6881440281867981,0.03,1.2558046579360962,-0.07460807263851166,0.34323909878730774,0.03991112858057022,-0.023076362907886505,0.08151933550834656,0.9956049919128418,0,0,0,0,0,0,0,0,0,0,0,0,0,0
5.148313999176025,1.0,2.4080276489257812e-05,0.08339236676692963,6.633996963500977e-05,-0.08347558975219727,-0.9803463220596313,-0.5968146920204163,0.6839185953140259,-0.6881440281867981,0.03,1.2558046579360962,-0.07460807263851166,0.34323909878730774,0.03991112858057022,-0.023076362907886505,0.08151933550834656,0.9956049919128418,0,0,0,0,0,0,0,0,0,0,0,0,0,0
5.149567604064941,1.0,2.4080276489257812e-05,0.08339236676692963,6.633996963500977e-05,-0.08347558975219727,-0.9803463220596313,-0.5968146920204163,0.6839185953140259,-0.6881440281867981,0.03,1.2558046579360962,-0.07460807263851166,0.34323909878730774,0.03991112858057022,-0.023076362907886505,0.08151933550834656,0.9956049919128418,0,0,0,0,0,0,0,0,0,0,0,0,0,0
5.1508166790008545,1.0,2.4080276489257812e-05,0.08339236676692963,6.633996963500977e-05,-0.08347558975219727,-0.9803463220596313,-0.5968146920204163,0.6839185953140259,-0.6881440281867981,0.03,1.2559142112731934,-0.0745668038725853,0.3431796729564667,0.03959176689386368,-0.02242858149111271,0.08047877252101898,0.9957171082496643,0,0,0,0,0,0,0,0,0,0,0,0,0,0
5.15219259262085,1.0,2.4080276489257812e-05,0.08339236676692963,6.633996963500977e-05,-0.08347558975219727,-0.9803463220596313,-0.5968146920204163,0.6839185953140259,-0.6881440281867981,0.03,1.2559142112731934,-0.0745668038725853,0.3431796729564667,0.03959176689386368,-0.02242858149111271,0.08047877252101898,0.9957171082496643,0,0,0,0,0,0,0,0,0,0,0,0,0,0
5.153345108032227,1.0,2.4080276489257812e-05,0.08339236676692963,6.633996963500977e-05,-0.08347558975219727,-0.9803463220596313,-0.5968146920204163,0.6839185953140259,-0.6881440281867981,0.03,1.2559142112731934,-0.0745668038725853,0.3431796729564667,0.03959176689386368,-0.02242858149111271,0.08047877252101898,0.9957171082496643,0,0,0,0,0,0,0,0,0,0,0,0,0,0
5.155229091644287,1.0,2.4080276489257812e-05,0.08339236676692963,6.633996963500977e-05,-0.08347558975219727,-0.9803463220596313,-0.5968146920204163,0.6839185953140259,-0.6881440281867981,0.03,1.2559142112731934,-0.0745668038725853,0.3431796729564667,0.03959176689386368,-0.02242858149111271,0.08047877252101898,0.9957171082496643,0,0,0,0,0,0,0,0,0,0,0,0,0,0
5.1563637256622314,1.0,2.4080276489257812e-05,0.08339236676692963,6.633996963500977e-05,-0.08347558975219727,-0.9803463220596313,-0.5968146920204163,0.6839185953140259,-0.6881440281867981,0.03,1.2559142112731934,-0.0745668038725853,0.3431796729564667,0.03959176689386368,-0.02242858149111271,0.08047877252101898,0.9957171082496643,0,0,0,0,0,0,0,0,0,0,0,0,0,0
5.157651901245117,1.0,2.4080276489257812e-05,0.08339236676692963,6.633996963500977e-05,-0.08347558975219727,-0.9803463220596313,-0.5968146920204163,0.6839185953140259,-0.6881440281867981,0.03,1.2559142112731934,-0.0745668038725853,0.3431796729564667,0.03959176689386368,-0.02242858149111271,0.08047877252101898,0.9957171082496643,0,0,0,0,0,0,0,0,0,0,0,0,0,0
5.159536600112915,1.0,2.4080276489257812e-05,0.08339236676692963,6.633996963500977e-05,-0.08347558975219727,-0.9803463220596313,-0.5968146920204163,0.6839185953140259,-0.6881440281867981,0.03,1.2559142112731934,-0.0745668038725853,0.3431796729564667,0.03959176689386368,-0.02242858149111271,0.08047877252101898,0.9957171082496643,0,0,0,0,0,0,0,0,0,0,0,0,0,0
5.161147594451904,1.0,2.4080276489257812e-05,0.08339236676692963,6.633996963500977e-05,-0.08347558975219727,-0.9803463220596313,-0.5968146920204163,0.6839185953140259,-0.6881440281867981,0.03,1.2559142112731934,-0.0745668038725853,0.3431796729564667,0.03959176689386368,-0.02242858149111271,0.08047877252101898,0.9957171082496643,0,0,0,0,0,0,0,0,0,0,0,0,0,0
5.1622154712677,1.0,2.4080276489257812e-05,0.08339236676692963,6.633996963500977e-05,-0.08347558975219727,-0.9803463220596313,-0.5968146920204163,0.6839185953140259,-0.6881440281867981,0.03,1.2559142112731934,-0.0745668038725853,0.3431796729564667,0.03959176689386368,-0.02242858149111271,0.08047877252101898,0.9957171082496643,0,0,0,0,0,0,0,0,0,0,0,0,0,0
5.164763450622559,1.0,2.4080276489257812e-05,0.08339236676692963,6.633996963500977e-05,-0.08347558975219727,-0.9803463220596313,-0.5968146920204163,0.6839185953140259,-0.6881440281867981,0.03,1.2559142112731934,-0.0745668038725853,0.3431796729564667,0.03959176689386368,-0.02242858149111271,0.08047877252101898,0.9957171082496643,0,0,0,0,0,0,0,0,0,0,0,0,0,0
5.165973901748657,1.0,2.4080276489257812e-05,0.08339236676692963,6.633996963500977e-05,-0.08347558975219727,-0.9803463220596313,-0.5968146920204163,0.6839185953140259,-0.6881440281867981,0.03,1.2559142112731934,-0.0745668038725853,0.3431796729564667,0.03959176689386368,-0.02242858149111271,0.08047877252101898,0.9957171082496643,0,0,0,0,0,0,0,0,0,0,0,0,0,0
5.167160987854004,1.0,2.4080276489257812e-05,0.08339236676692963,6.633996963500977e-05,-0.08347558975219727,-0.9803463220596313,-0.5968146920204163,0.6839185953140259,-0.6881440281867981,0.03,1.2559142112731934,-0.0745668038725853,0.3431796729564667,0.03959176689386368,-0.02242858149111271,0.08047877252101898,0.9957171082496643,0,0,0,0,0,0,0,0,0,0,0,0,0,0
5.168739557266235,1.0,2.4080276489257812e-05,0.08339236676692963,6.633996963500977e-05,-0.08347558975219727,-0.9803463220596313,-0.5968146920204163,0.6839185953140259,-0.6881440281867981,0.03,1.2559142112731934,-0.0745668038725853,0.3431796729564667,0.03959176689386368,-0.02242858149111271,0.08047877252101898,0.9957171082496643,0,0,0,0,0,0,0,0,0,0,0,0,0,0
5.170127868652344,1.0,2.4080276489257812e-05,0.08339236676692963,6.633996963500977e-05,-0.08347558975219727,-0.9803463220596313,-0.5968146920204163,0.6839185953140259,-0.6881440281867981,0.03,1.2559142112731934,-0.0745668038725853,0.3431796729564667,0.03959176689386368,-0.02242858149111271,0.08047877252101898,0.9957171082496643,0,0,0,0,0,0,0,0,0,0,0,0,0,0
5.171498775482178,1.0,4.965066909790039e-05,0.08236822485923767,1.3589859008789062e-05,-0.08219712972640991,-0.9237629771232605,2.2163491249084473,0.7525427937507629,-3.2492518424987793,0.03,1.2559142112731934,-0.0745668038725853,0.3431796729564667,0.03959176689386368,-0.02242858149111271,0.08047877252101898,0.9957171082496643,0,0,0,0,0,0,0,0,0,0,0,0,0,0
5.173001289367676,1.0,4.965066909790039e-05,0.08236822485923767,1.3589859008789062e-05,-0.08219712972640991,-0.9237629771232605,2.2163491249084473,0.7525427937507629,-3.2492518424987793,0.03,1.2559142112731934,-0.0745668038725853,0.3431796729564667,0.03959176689386368,-0.02242858149111271,0.08047877252101898,0.9957171082496643,0,0,0,0,0,0,0,0,0,0,0,0,0,0
5.174397706985474,1.0,4.965066909790039e-05,0.08236822485923767,1.3589859008789062e-05,-0.08219712972640991,-0.9237629771232605,2.2163491249084473,0.7525427937507629,-3.2492518424987793,0.03,1.2559142112731934,-0.0745668038725853,0.3431796729564667,0.03959176689386368,-0.02242858149111271,0.08047877252101898,0.9957171082496643,0,0,0,0,0,0,0,0,0,0,0,0,0,0
5.1757493019104,1.0,4.965066909790039e-05,0.08236822485923767,1.3589859008789062e-05,-0.08219712972640991,-0.9237629771232605,2.2163491249084473,0.7525427937507629,-3.2492518424987793,0.03,1.2559142112731934,-0.0745668038725853,0.3431796729564667,0.03959176689386368,-0.02242858149111271,0.08047877252101898,0.9957171082496643,0,0,0,0,0,0,0,0,0,0,0,0,0,0
5.177581310272217,1.0,4.965066909790039e-05,0.08236822485923767,1.3589859008789062e-05,-0.08219712972640991,-0.9237629771232605,2.2163491249084473,0.7525427937507629,-3.2492518424987793,0.03,1.2559142112731934,-0.0745668038725853,0.3431796729564667,0.03959176689386368,-0.02242858149111271,0.08047877252101898,0.9957171082496643,0,0,0,0,0,0,0,0,0,0,0,0,0,0
5.179611444473267,1.0,4.965066909790039e-05,0.08236822485923767,1.3589859008789062e-05,-0.08219712972640991,-0.9237629771232605,2.2163491249084473,0.7525427937507629,-3.2492518424987793,0.03,1.2559142112731934,-0.0745668038725853,0.3431796729564667,0.03959176689386368,-0.02242858149111271,0.08047877252101898,0.9957171082496643,0,0,0,0,0,0,0,0,0,0,0,0,0,0
5.1807029247283936,1.0,4.965066909790039e-05,0.08236822485923767,1.3589859008789062e-05,-0.08219712972640991,-0.9237629771232605,2.2163491249084473,0.7525427937507629,-3.2492518424987793,0.03,1.2559142112731934,-0.0745668038725853,0.3431796729564667,0.03959176689386368,-0.02242858149111271,0.08047877252101898,0.9957171082496643,0,0,0,0,0,0,0,0,0,0,0,0,0,0
5.181872606277466,1.0,4.965066909790039e-05,0.08236822485923767,1.3589859008789062e-05,-0.08219712972640991,-0.9237629771232605,2.2163491249084473,0.7525427937507629,-3.2492518424987793,0.03,1.2559142112731934,-0.0745668038725853,0.3431796729564667,0.03959176689386368,-0.02242858149111271,0.08047877252101898,0.9957171082496643,0,0,0,0,0,0,0,0,0,0,0,0,0,0
5.183311462402344,1.0,0.00131988525390625,0.06936073303222656,-7.992982864379883e-05,-0.06472164392471313,0.26626285910606384,2.828482151031494,0.7744252681732178,-0.31841200590133667,0.03,1.255872368812561,-0.07460328936576843,0.3429989516735077,0.0397920198738575,-0.021497495472431183,0.08139050006866455,0.9956556558609009,0,0,0,0,0,0,0,0,0,0,0,0,0,0
5.1849822998046875,1.0,0.00131988525390625,0.06936073303222656,-7.992982864379883e-05,-0.06472164392471313,0.26626285910606384,2.828482151031494,0.7744252681732178,-0.31841200590133667,0.03,1.255872368812561,-0.07460328936576843,0.3429989516735077,0.0397920198738575,-0.021497495472431183,0.08139050006866455,0.9956556558609009,0,0,0,0,0,0,0,0,0,0,0,0,0,0
5.1865620613098145,1.0,0.001408219337463379,0.06338301301002502,1.8775463104248047e-05,-0.058547139167785645,0.2588341236114502,2.102269411087036,0.6623551845550537,1.0876022577285767,0.03,1.255509614944458,-0.07437368482351303,0.34214484691619873,0.042723726481199265,-0.016168691217899323,0.11290952563285828,0.9925546646118164,0,0,0,0,0,0,0,0,0,0,0,0,0,0
5.188133716583252,1.0,0.0014715790748596191,0.04380182921886444,7.212162017822266e-06,-0.040610551834106445,0.3783601224422455,3.7405686378479004,0.7465988397598267,-1.6387068033218384,0.03,1.255509614944458,-0.07437368482351303,0.34214484691619873,0.042723726481199265,-0.016168691217899323,0.11290952563285828,0.9925546646118164,0,0,0,0,0,0,0,0,0,0,0,0,0,0
5.18937349319458,1.0,0.0014715790748596191,0.04380182921886444,7.212162017822266e-06,-0.040610551834106445,0.3783601224422455,3.7405686378479004,0.7465988397598267,-1.6387068033218384,0.03,1.255509614944458,-0.07437368482351303,0.34214484691619873,0.042723726481199265,-0.016168691217899323,0.11290952563285828,0.9925546646118164,0,0,0,0,0,0,0,0,0,0,0,0,0,0
5.19050931930542,1.0,0.0014715790748596191,0.04380182921886444,7.212162017822266e-06,-0.040610551834106445,0.3783601224422455,3.7405686378479004,0.7465988397598267,-1.6387068033218384,0.03,1.255509614944458,-0.07437368482351303,0.34214484691619873,0.042723726481199265,-0.016168691217899323,0.11290952563285828,0.9925546646118164,0,0,0,0,0,0,0,0,0,0,0,0,0,0
5.191865921020508,1.0,0.0014715790748596191,0.04380182921886444,7.212162017822266e-06,-0.040610551834106445,0.3783601224422455,3.7405686378479004,0.7465988397598267,-1.6387068033218384,0.03,1.255509614944458,-0.07437368482351303,0.34214484691619873,0.042723726481199265,-0.016168691217899323,0.11290952563285828,0.9925546646118164,0,0,0,0,0,0,0,0,0,0,0,0,0,0
5.192947626113892,1.0,0.0014715790748596191,0.04380182921886444,7.212162017822266e-06,-0.040610551834106445,0.3783601224422455,3.7405686378479004,0.7465988397598267,-1.6387068033218384,0.03,1.255509614944458,-0.07437368482351303,0.34214484691619873,0.042723726481199265,-0.016168691217899323,0.11290952563285828,0.9925546646118164,0,0,0,0,0,0,0,0,0,0,0,0,0,0
5.194030284881592,1.0,0.0014715790748596191,0.04380182921886444,7.212162017822266e-06,-0.040610551834106445,0.3783601224422455,3.7405686378479004,0.7465988397598267,-1.6387068033218384,0.03,1.255509614944458,-0.07437368482351303,0.34214484691619873,0.042723726481199265,-0.016168691217899323,0.11290952563285828,0.9925546646118164,0,0,0,0,0,0,0,0,0,0,0,0,0,0
5.195444107055664,1.0,0.0014715790748596191,0.04380182921886444,7.212162017822266e-06,-0.040610551834106445,0.3783601224422455,3.7405686378479004,0.7465988397598267,-1.6387068033218384,0.03,1.255509614944458,-0.07437368482351303,0.34214484691619873,0.042723726481199265,-0.016168691217899323,0.11290952563285828,0.9925546646118164,0,0,0,0,0,0,0,0,0,0,0,0,0,0
5.196817874908447,1.0,0.0014715790748596191,0.04380182921886444,7.212162017822266e-06,-0.040610551834106445,0.3783601224422455,3.7405686378479004,0.7465988397598267,-1.6387068033218384,0.03,1.255509614944458,-0.07437368482351303,0.34214484691619873,0.042723726481199265,-0.016168691217899323,0.11290952563285828,0.9925546646118164,0,0,0,0,0,0,0,0,0,0,0,0,0,0
5.198139667510986,1.0,0.0014715790748596191,0.04380182921886444,7.212162017822266e-06,-0.040610551834106445,0.3783601224422455,3.7405686378479004,0.7465988397598267,-1.6387068033218384,0.03,1.255509614944458,-0.07437368482351303,0.34214484691619873,0.042723726481199265,-0.016168691217899323,0.11290952563285828,0.9925546646118164,0,0,0,0,0,0,0,0,0,0,0,0,0,0
5.199346303939819,1.0,0.0014684796333312988,0.04237605631351471,-5.030632019042969e-05,-0.03917717933654785,0.3599838316440582,3.6264047622680664,0.8268299102783203,-1.8334699869155884,0.03,1.255509614944458,-0.07437368482351303,0.34214484691619873,0.042723726481199265,-0.016168691217899323,0.11290952563285828,0.9925546646118164,0,0,0,0,0,0,0,0,0,0,0,0,0,0
5.204033613204956,1.0,0.001283884048461914,0.019769951701164246,2.8431415557861328e-05,-0.01601231098175049,0.26834654808044434,2.836014747619629,0.7291159629821777,-0.6943933367729187,0.03,1.2557400465011597,-0.07439505308866501,0.3416208326816559,0.042310912162065506,-0.01351636927574873,0.11598804593086243,0.9922569990158081,0,0,0,0,0,0,0,0,0,0,0,0,0,0
5.2059242725372314,1.0,0.001283884048461914,0.019769951701164246,2.8431415557861328e-05,-0.01601231098175049,0.26834654808044434,2.836014747619629,0.7291159629821777,-0.6943933367729187,0.03,1.2559047937393188,-0.07476797699928284,0.3413621187210083,0.041180506348609924,-0.011223888024687767,0.07576797157526016,0.9962115287780762,0,0,0,0,0,0,0,0,0,0,0,0,0,0
5.2073845863342285,1.0,0.001285254955291748,0.01668626070022583,1.5020370483398438e-05,-0.01317286491394043,0.2864173650741577,3.4383163452148438,0.7603941559791565,-1.3310317993164062,0.03,1.255963921546936,-0.07460050284862518,0.3407665491104126,0.04097326099872589,-0.007882907055318356,0.08062679320573807,0.9958707094192505,0,0,0,0,0,0,0,0,0,0,0,0,0,0
5.208797454833984,1.0,0.0012580156326293945,0.013884708285331726,1.710653305053711e-05,-0.010627031326293945,0.2792734205722809,2.7509615421295166,0.7273731827735901,-0.5470362901687622,0.03,1.2558737993240356,-0.07436846941709518,0.3404392898082733,0.04042953625321388,-0.006093933712691069,0.07146347314119339,0.9966049790382385,0,0,0,0,0,0,0,0,0,0,0,0,0,0
5.209949254989624,1.0,0.0012211799621582031,0.012019127607345581,1.043081283569336e-05,-0.008746445178985596,0.22734643518924713,2.878854274749756,0.7369188070297241,-0.820259153842926,0.03,1.2558737993240356,-0.07436846941709518,0.3404392898082733,0.04042953625321388,-0.006093933712691069,0.07146347314119339,0.9966049790382385,0,0,0,0,0,0,0,0,0,0,0,0,0,0
5.211049318313599,1.0,0.0012211799621582031,0.012019127607345581,1.043081283569336e-05,-0.008746445178985596,0.22734643518924713,2.878854274749756,0.7369188070297241,-0.820259153842926,0.03,1.2558737993240356,-0.07436846941709518,0.3404392898082733,0.04042953625321388,-0.006093933712691069,0.07146347314119339,0.9966049790382385,0,0,0,0,0,0,0,0,0,0,0,0,0,0
5.212153196334839,1.0,0.0012211799621582031,0.012019127607345581,1.043081283569336e-05,-0.008746445178985596,0.22734643518924713,2.878854274749756,0.7369188070297241,-0.820259153842926,0.03,1.2558737993240356,-0.07436846941709518,0.3404392898082733,0.04042953625321388,-0.006093933712691069,0.07146347314119339,0.9966049790382385,0,0,0,0,0,0,0,0,0,0,0,0,0,0
5.213842868804932,1.0,0.0012229084968566895,0.010848760604858398,-2.8312206268310547e-05,-0.007489204406738281,0.24246123433113098,3.744135856628418,0.8109282851219177,-0.7607454657554626,0.03,1.255899429321289,-0.07452630996704102,0.34009918570518494,0.04219285026192665,-0.005259716883301735,0.08439180999994278,0.995525062084198,0,0,0,0,0,0,0,0,0,0,0,0,0,0
5.214966297149658,1.0,0.001223444938659668,0.009435832500457764,-9.5367431640625e-06,-0.006106555461883545,0.24619686603546143,3.155863046646118,0.7030559182167053,-1.041684865951538,0.03,1.255899429321289,-0.07452630996704102,0.34009918570518494,0.04219285026192665,-0.005259716883301735,0.08439180999994278,0.995525062084198,0,0,0,0,0,0,0,0,0,0,0,0,0,0
5.2161455154418945,1.0,0.001223444938659668,0.009435832500457764,-9.5367431640625e-06,-0.006106555461883545,0.24619686603546143,3.155863046646118,0.7030559182167053,-1.041684865951538,0.03,1.255899429321289,-0.07452630996704102,0.34009918570518494,0.04219285026192665,-0.005259716883301735,0.08439180999994278,0.995525062084198,0,0,0,0,0,0,0,0,0,0,0,0,0,0
5.217440605163574,1.0,0.001223444938659668,0.009435832500457764,-9.5367431640625e-06,-0.006106555461883545,0.24619686603546143,3.155863046646118,0.7030559182167053,-1.041684865951538,0.03,1.255899429321289,-0.07452630996704102,0.34009918570518494,0.04219285026192665,-0.005259716883301735,0.08439180999994278,0.995525062084198,0,0,0,0,0,0,0,0,0,0,0,0,0,0
5.218534469604492,1.0,0.001223444938659668,0.009435832500457764,-9.5367431640625e-06,-0.006106555461883545,0.24619686603546143,3.155863046646118,0.7030559182167053,-1.041684865951538,0.03,1.255899429321289,-0.07452630996704102,0.34009918570518494,0.04219285026192665,-0.005259716883301735,0.08439180999994278,0.995525062084198,0,0,0,0,0,0,0,0,0,0,0,0,0,0
5.219869375228882,1.0,0.001223444938659668,0.009435832500457764,-9.5367431640625e-06,-0.006106555461883545,0.24619686603546143,3.155863046646118,0.7030559182167053,-1.041684865951538,0.03,1.255899429321289,-0.07452630996704102,0.34009918570518494,0.04219285026192665,-0.005259716883301735,0.08439180999994278,0.995525062084198,0,0,0,0,0,0,0,0,0,0,0,0,0,0
5.221173048019409,1.0,0.001223444938659668,0.009435832500457764,-9.5367431640625e-06,-0.006106555461883545,0.24619686603546143,3.155863046646118,0.7030559182167053,-1.041684865951538,0.03,1.255899429321289,-0.07452630996704102,0.34009918570518494,0.04219285026192665,-0.005259716883301735,0.08439180999994278,0.995525062084198,0,0,0,0,0,0,0,0,0,0,0,0,0,0
5.222348690032959,1.0,0.001223444938659668,0.009435832500457764,-9.5367431640625e-06,-0.006106555461883545,0.24619686603546143,3.155863046646118,0.7030559182167053,-1.041684865951538,0.03,1.255899429321289,-0.07452630996704102,0.34009918570518494,0.04219285026192665,-0.005259716883301735,0.08439180999994278,0.995525062084198,0,0,0,0,0,0,0,0,0,0,0,0,0,0
5.223815202713013,1.0,0.001223444938659668,0.009435832500457764,-9.5367431640625e-06,-0.006106555461883545,0.24619686603546143,3.155863046646118,0.7030559182167053,-1.041684865951538,0.03,1.255899429321289,-0.07452630996704102,0.34009918570518494,0.04219285026192665,-0.005259716883301735,0.08439180999994278,0.995525062084198,0,0,0,0,0,0,0,0,0,0,0,0,0,0
5.225051403045654,1.0,0.001223444938659668,0.009435832500457764,-9.5367431640625e-06,-0.006106555461883545,0.24619686603546143,3.155863046646118,0.7030559182167053,-1.041684865951538,0.03,1.255899429321289,-0.07452630996704102,0.34009918570518494,0.04219285026192665,-0.005259716883301735,0.08439180999994278,0.995525062084198,0,0,0,0,0,0,0,0,0,0,0,0,0,0
5.227760314941406,1.0,0.001223444938659668,0.009435832500457764,-9.5367431640625e-06,-0.006106555461883545,0.24619686603546143,3.155863046646118,0.7030559182167053,-1.041684865951538,0.03,1.255899429321289,-0.07452630996704102,0.34009918570518494,0.04219285026192665,-0.005259716883301735,0.08439180999994278,0.995525062084198,0,0,0,0,0,0,0,0,0,0,0,0,0,0
5.230910062789917,1.0,0.0011566877365112305,0.0027874931693077087,-3.504753112792969e-05,0.000775456428527832,0.14409199357032776,3.2163162231445312,0.7653833031654358,-0.8817199468612671,0.03,1.2559093236923218,-0.07428614050149918,0.3395368456840515,0.042162660509347916,-0.00294708670116961,0.08951327204704285,0.9950884580612183,0,0,0,0,0,0,0,0,0,0,0,0,0,0
5.2323079109191895,1.0,0.0010988712310791016,-0.0024704337120056152,1.52587890625e-05,0.005986809730529785,0.14529438316822052,3.0883429050445557,0.7179665565490723,-0.8452691435813904,0.03,1.2559480667114258,-0.0742758959531784,0.33944058418273926,0.041763950139284134,-0.001788355060853064,0.08024312555789948,0.995898425579071,0,0,0,0,0,0,0,0,0,0,0,0,0,0
5.23358416557312,1.0,0.0010988712310791016,-0.0024704337120056152,1.52587890625e-05,0.005986809730529785,0.14529438316822052,3.0883429050445557,0.7179665565490723,-0.8452691435813904,0.03,1.2559480667114258,-0.0742758959531784,0.33944058418273926,0.041763950139284134,-0.001788355060853064,0.08024312555789948,0.995898425579071,0,0,0,0,0,0,0,0,0,0,0,0,0,0
5.234767198562622,1.0,0.0010988712310791016,-0.0024704337120056152,1.52587890625e-05,0.005986809730529785,0.14529438316822052,3.0883429050445557,0.7179665565490723,-0.8452691435813904,0.03,1.2559480667114258,-0.0742758959531784,0.33944058418273926,0.041763950139284134,-0.001788355060853064,0.08024312555789948,0.995898425579071,0,0,0,0,0,0,0,0,0,0,0,0,0,0
5.236199378967285,1.0,0.0010988712310791016,-0.0024704337120056152,1.52587890625e-05,0.005986809730529785,0.14529438316822052,3.0883429050445557,0.7179665565490723,-0.8452691435813904,0.03,1.2559480667114258,-0.0742758959531784,0.33944058418273926,0.041763950139284134,-0.001788355060853064,0.08024312555789948,0.995898425579071,0,0,0,0,0,0,0,0,0,0,0,0,0,0
5.237529754638672,1.0,0.0010988712310791016,-0.0024704337120056152,1.52587890625e-05,0.005986809730529785,0.14529438316822052,3.0883429050445557,0.7179665565490723,-0.8452691435813904,0.03,1.2559480667114258,-0.0742758959531784,0.33944058418273926,0.041763950139284134,-0.001788355060853064,0.08024312555789948,0.995898425579071,0,0,0,0,0,0,0,0,0,0,0,0,0,0
5.238855361938477,1.0,0.0010988712310791016,-0.0024704337120056152,1.52587890625e-05,0.005986809730529785,0.14529438316822052,3.0883429050445557,0.7179665565490723,-0.8452691435813904,0.03,1.2559480667114258,-0.0742758959531784,0.33944058418273926,0.041763950139284134,-0.001788355060853064,0.08024312555789948,0.995898425579071,0,0,0,0,0,0,0,0,0,0,0,0,0,0
5.239964962005615,1.0,0.0010988712310791016,-0.0024704337120056152,1.52587890625e-05,0.005986809730529785,0.14529438316822052,3.0883429050445557,0.7179665565490723,-0.8452691435813904,0.03,1.2559480667114258,-0.0742758959531784,0.33944058418273926,0.041763950139284134,-0.001788355060853064,0.08024312555789948,0.995898425579071,0,0,0,0,0,0,0,0,0,0,0,0,0,0
5.241103649139404,1.0,0.0010988712310791016,-0.0024704337120056152,1.52587890625e-05,0.005986809730529785,0.14529438316822052,3.0883429050445557,0.7179665565490723,-0.8452691435813904,0.03,1.2559480667114258,-0.0742758959531784,0.33944058418273926,0.041763950139284134,-0.001788355060853064,0.08024312555789948,0.995898425579071,0,0,0,0,0,0,0,0,0,0,0,0,0,0
5.242844104766846,1.0,0.0010988712310791016,-0.0024704337120056152,1.52587890625e-05,0.005986809730529785,0.14529438316822052,3.0883429050445557,0.7179665565490723,-0.8452691435813904,0.03,1.2559480667114258,-0.0742758959531784,0.33944058418273926,0.041763950139284134,-0.001788355060853064,0.08024312555789948,0.995898425579071,0,0,0,0,0,0,0,0,0,0,0,0,0,0
5.243924617767334,1.0,0.0010988712310791016,-0.0024704337120056152,1.52587890625e-05,0.005986809730529785,0.14529438316822052,3.0883429050445557,0.7179665565490723,-0.8452691435813904,0.03,1.2559480667114258,-0.0742758959531784,0.33944058418273926,0.041763950139284134,-0.001788355060853064,0.08024312555789948,0.995898425579071,0,0,0,0,0,0,0,0,0,0,0,0,0,0
5.244998931884766,1.0,0.001103520393371582,-0.0038790032267570496,1.6391277313232422e-05,0.007479965686798096,0.17468847334384918,3.213850498199463,0.7676251530647278,-0.7223053574562073,0.03,1.2559480667114258,-0.0742758959531784,0.33944058418273926,0.041763950139284134,-0.001788355060853064,0.08024312555789948,0.995898425579071,0,0,0,0,0,0,0,0,0,0,0,0,0,0
5.247971296310425,1.0,0.0007421374320983887,-0.03472360223531723,1.901388168334961e-05,0.037970542907714844,-0.0745086744427681,3.6030325889587402,0.7154720425605774,-1.200875163078308,0.03,1.2559070587158203,-0.07431405037641525,0.3393614888191223,0.03898436576128006,-0.00021285403636284173,0.0581488162279129,0.9975464344024658,0,0,0,0,0,0,0,0,0,0,0,0,0,0
5.249546051025391,1.0,0.0007421374320983887,-0.03472360223531723,1.901388168334961e-05,0.037970542907714844,-0.0745086744427681,3.6030325889587402,0.7154720425605774,-1.200875163078308,0.03,1.2559070587158203,-0.07431405037641525,0.3393614888191223,0.03898436576128006,-0.00021285403636284173,0.0581488162279129,0.9975464344024658,0,0,0,0,0,0,0,0,0,0,0,0,0,0
5.250834941864014,1.0,0.0007421374320983887,-0.03472360223531723,1.901388168334961e-05,0.037970542907714844,-0.0745086744427681,3.6030325889587402,0.7154720425605774,-1.200875163078308,0.03,1.2559070587158203,-0.07431405037641525,0.3393614888191223,0.03898436576128006,-0.00021285403636284173,0.0581488162279129,0.9975464344024658,0,0,0,0,0,0,0,0,0,0,0,0,0,0
5.252454042434692,1.0,0.0007421374320983887,-0.03472360223531723,1.901388168334961e-05,0.037970542907714844,-0.0745086744427681,3.6030325889587402,0.7154720425605774,-1.200875163078308,0.03,1.2559070587158203,-0.07431405037641525,0.3393614888191223,0.03898436576128006,-0.00021285403636284173,0.0581488162279129,0.9975464344024658,0,0,0,0,0,0,0,0,0,0,0,0,0,0
5.253561496734619,1.0,0.0007421374320983887,-0.03472360223531723,1.901388168334961e-05,0.037970542907714844,-0.0745086744427681,3.6030325889587402,0.7154720425605774,-1.200875163078308,0.03,1.2559070587158203,-0.07431405037641525,0.3393614888191223,0.03898436576128006,-0.00021285403636284173,0.0581488162279129,0.9975464344024658,0,0,0,0,0,0,0,0,0,0,0,0,0,0
5.255255460739136,1.0,0.0007421374320983887,-0.03472360223531723,1.901388168334961e-05,0.037970542907714844,-0.0745086744427681,3.6030325889587402,0.7154720425605774,-1.200875163078308,0.03,1.2559070587158203,-0.07431405037641525,0.3393614888191223,0.03898436576128006,-0.00021285403636284173,0.0581488162279129,0.9975464344024658,0,0,0,0,0,0,0,0,0,0,0,0,0,0
5.256727695465088,1.0,0.0007421374320983887,-0.03472360223531723,1.901388168334961e-05,0.037970542907714844,-0.0745086744427681,3.6030325889587402,0.7154720425605774,-1.200875163078308,0.03,1.2559070587158203,-0.07431405037641525,0.3393614888191223,0.03898436576128006,-0.00021285403636284173,0.0581488162279129,0.9975464344024658,0,0,0,0,0,0,0,0,0,0,0,0,0,0
5.259688138961792,1.0,0.0007421374320983887,-0.03472360223531723,1.901388168334961e-05,0.037970542907714844,-0.0745086744427681,3.6030325889587402,0.7154720425605774,-1.200875163078308,0.03,1.2559070587158203,-0.07431405037641525,0.3393614888191223,0.03898436576128006,-0.00021285403636284173,0.0581488162279129,0.9975464344024658,0,0,0,0,0,0,0,0,0,0,0,0,0,0
5.260893821716309,1.0,0.0007421374320983887,-0.03472360223531723,1.901388168334961e-05,0.037970542907714844,-0.0745086744427681,3.6030325889587402,0.7154720425605774,-1.200875163078308,0.03,1.2559070587158203,-0.07431405037641525,0.3393614888191223,0.03898436576128006,-0.00021285403636284173,0.0581488162279129,0.9975464344024658,0,0,0,0,0,0,0,0,0,0,0,0,0,0
5.262086868286133,1.0,0.0007421374320983887,-0.03472360223531723,1.901388168334961e-05,0.037970542907714844,-0.0745086744427681,3.6030325889587402,0.7154720425605774,-1.200875163078308,0.03,1.2559070587158203,-0.07431405037641525,0.3393614888191223,0.03898436576128006,-0.00021285403636284173,0.0581488162279129,0.9975464344024658,0,0,0,0,0,0,0,0,0,0,0,0,0,0
5.263193130493164,1.0,0.0007421374320983887,-0.03472360223531723,1.901388168334961e-05,0.037970542907714844,-0.0745086744427681,3.6030325889587402,0.7154720425605774,-1.200875163078308,0.03,1.2559070587158203,-0.07431405037641525,0.3393614888191223,0.03898436576128006,-0.00021285403636284173,0.0581488162279129,0.9975464344024658,0,0,0,0,0,0,0,0,0,0,0,0,0,0
5.264621257781982,1.0,0.0007421374320983887,-0.03472360223531723,1.901388168334961e-05,0.037970542907714844,-0.0745086744427681,3.6030325889587402,0.7154720425605774,-1.200875163078308,0.03,1.2559070587158203,-0.07431405037641525,0.3393614888191223,0.03898436576128006,-0.00021285403636284173,0.0581488162279129,0.9975464344024658,0,0,0,0,0,0,0,0,0,0,0,0,0,0
5.265855312347412,1.0,0.0007421374320983887,-0.03472360223531723,1.901388168334961e-05,0.037970542907714844,-0.0745086744427681,3.6030325889587402,0.7154720425605774,-1.200875163078308,0.03,1.2559070587158203,-0.07431405037641525,0.3393614888191223,0.03898436576128006,-0.00021285403636284173,0.0581488162279129,0.9975464344024658,0,0,0,0,0,0,0,0,0,0,0,0,0,0
5.267030715942383,1.0,0.0007421374320983887,-0.03472360223531723,1.901388168334961e-05,0.037970542907714844,-0.0745086744427681,3.6030325889587402,0.7154720425605774,-1.200875163078308,0.03,1.2559070587158203,-0.07431405037641525,0.3393614888191223,0.03898436576128006,-0.00021285403636284173,0.0581488162279129,0.9975464344024658,0,0,0,0,0,0,0,0,0,0,0,0,0,0
5.268125534057617,1.0,0.0007421374320983887,-0.03472360223531723,1.901388168334961e-05,0.037970542907714844,-0.0745086744427681,3.6030325889587402,0.7154720425605774,-1.200875163078308,0.03,1.2559070587158203,-0.07431405037641525,0.3393614888191223,0.03898436576128006,-0.00021285403636284173,0.0581488162279129,0.9975464344024658,0,0,0,0,0,0,0,0,0,0,0,0,0,0
5.269253730773926,1.0,0.0007192492485046387,-0.0367598831653595,1.7821788787841797e-05,0.039858996868133545,-0.07751932740211487,3.2980377674102783,0.7248207926750183,-1.12173330783844,0.03,1.2558516263961792,-0.07438107579946518,0.3386097550392151,0.03737633302807808,0.0027175561990588903,0.06059158220887184,0.9974589347839355,0,0,0,0,0,0,0,0,0,0,0,0,0,0
5.270335912704468,1.0,0.0007192492485046387,-0.0367598831653595,1.7821788787841797e-05,0.039858996868133545,-0.07751932740211487,3.2980377674102783,0.7248207926750183,-1.12173330783844,0.03,1.2558249235153198,-0.07441972941160202,0.3384626805782318,0.03744317591190338,0.0032444128300994635,0.06108635291457176,0.9974247217178345,0,0,0,0,0,0,0,0,0,0,0,0,0,0
5.271451950073242,1.0,0.0007192492485046387,-0.0367598831653595,1.7821788787841797e-05,0.039858996868133545,-0.07751932740211487,3.2980377674102783,0.7248207926750183,-1.12173330783844,0.03,1.2558249235153198,-0.07441972941160202,0.3384626805782318,0.03744317591190338,0.0032444128300994635,0.06108635291457176,0.9974247217178345,0,0,0,0,0,0,0,0,0,0,0,0,0,0
5.272578716278076,1.0,0.0007192492485046387,-0.0367598831653595,1.7821788787841797e-05,0.039858996868133545,-0.07751932740211487,3.2980377674102783,0.7248207926750183,-1.12173330783844,0.03,1.2558249235153198,-0.07441972941160202,0.3384626805782318,0.03744317591190338,0.0032444128300994635,0.06108635291457176,0.9974247217178345,0,0,0,0,0,0,0,0,0,0,0,0,0,0
5.273808479309082,1.0,0.0007192492485046387,-0.0367598831653595,1.7821788787841797e-05,0.039858996868133545,-0.07751932740211487,3.2980377674102783,0.7248207926750183,-1.12173330783844,0.03,1.2558249235153198,-0.07441972941160202,0.3384626805782318,0.03744317591190338,0.0032444128300994635,0.06108635291457176,0.9974247217178345,0,0,0,0,0,0,0,0,0,0,0,0,0,0
5.27502179145813,1.0,0.0007192492485046387,-0.0367598831653595,1.7821788787841797e-05,0.039858996868133545,-0.07751932740211487,3.2980377674102783,0.7248207926750183,-1.12173330783844,0.03,1.2558249235153198,-0.07441972941160202,0.3384626805782318,0.03744317591190338,0.0032444128300994635,0.06108635291457176,0.9974247217178345,0,0,0,0,0,0,0,0,0,0,0,0,0,0
5.276334285736084,1.0,0.0007192492485046387,-0.0367598831653595,1.7821788787841797e-05,0.039858996868133545,-0.07751932740211487,3.2980377674102783,0.7248207926750183,-1.12173330783844,0.03,1.2558249235153198,-0.07441972941160202,0.3384626805782318,0.03744317591190338,0.0032444128300994635,0.06108635291457176,0.9974247217178345,0,0,0,0,0,0,0,0,0,0,0,0,0,0
5.2775022983551025,1.0,0.0007192492485046387,-0.0367598831653595,1.7821788787841797e-05,0.039858996868133545,-0.07751932740211487,3.2980377674102783,0.7248207926750183,-1.12173330783844,0.03,1.2558249235153198,-0.07441972941160202,0.3384626805782318,0.03744317591190338,0.0032444128300994635,0.06108635291457176,0.9974247217178345,0,0,0,0,0,0,0,0,0,0,0,0,0,0
5.280457258224487,1.0,0.0007192492485046387,-0.0367598831653595,1.7821788787841797e-05,0.039858996868133545,-0.07751932740211487,3.2980377674102783,0.7248207926750183,-1.12173330783844,0.03,1.2558249235153198,-0.07441972941160202,0.3384626805782318,0.03744317591190338,0.0032444128300994635,0.06108635291457176,0.9974247217178345,0,0,0,0,0,0,0,0,0,0,0,0,0,0
5.28276515007019,1.0,0.0007192492485046387,-0.0367598831653595,1.7821788787841797e-05,0.039858996868133545,-0.07751932740211487,3.2980377674102783,0.7248207926750183,-1.12173330783844,0.03,1.2558249235153198,-0.07441972941160202,0.3384626805782318,0.03744317591190338,0.0032444128300994635,0.06108635291457176,0.9974247217178345,0,0,0,0,0,0,0,0,0,0,0,0,0,0
5.284250259399414,1.0,0.0007192492485046387,-0.0367598831653595,1.7821788787841797e-05,0.039858996868133545,-0.07751932740211487,3.2980377674102783,0.7248207926750183,-1.12173330783844,0.03,1.2558103799819946,-0.07446545362472534,0.33831852674484253,0.037313062697649,0.003732017008587718,0.061062607914209366,0.9974293112754822,0,0,0,0,0,0,0,0,0,0,0,0,0,0
5.285531520843506,1.0,0.0007192492485046387,-0.0367598831653595,1.7821788787841797e-05,0.039858996868133545,-0.07751932740211487,3.2980377674102783,0.7248207926750183,-1.12173330783844,0.03,1.2558118104934692,-0.07432832568883896,0.3381059169769287,0.036323048174381256,0.004991228226572275,0.05573571100831032,0.9977721571922302,0,0,0,0,0,0,0,0,0,0,0,0,0,0
5.286766290664673,1.0,0.0007192492485046387,-0.0367598831653595,1.7821788787841797e-05,0.039858996868133545,-0.07751932740211487,3.2980377674102783,0.7248207926750183,-1.12173330783844,0.03,1.2558118104934692,-0.07432832568883896,0.3381059169769287,0.036323048174381256,0.004991228226572275,0.05573571100831032,0.9977721571922302,0,0,0,0,0,0,0,0,0,0,0,0,0,0
5.288000822067261,1.0,0.0007192492485046387,-0.0367598831653595,1.7821788787841797e-05,0.039858996868133545,-0.07751932740211487,3.2980377674102783,0.7248207926750183,-1.12173330783844,0.03,1.2558118104934692,-0.07432832568883896,0.3381059169769287,0.036323048174381256,0.004991228226572275,0.05573571100831032,0.9977721571922302,0,0,0,0,0,0,0,0,0,0,0,0,0,0
5.290006160736084,1.0,0.0007192492485046387,-0.0367598831653595,1.7821788787841797e-05,0.039858996868133545,-0.07751932740211487,3.2980377674102783,0.7248207926750183,-1.12173330783844,0.03,1.2558118104934692,-0.07432832568883896,0.3381059169769287,0.036323048174381256,0.004991228226572275,0.05573571100831032,0.9977721571922302,0,0,0,0,0,0,0,0,0,0,0,0,0,0
5.291236162185669,1.0,0.0007192492485046387,-0.0367598831653595,1.7821788787841797e-05,0.039858996868133545,-0.07751932740211487,3.2980377674102783,0.7248207926750183,-1.12173330783844,0.03,1.2558118104934692,-0.07432832568883896,0.3381059169769287,0.036323048174381256,0.004991228226572275,0.05573571100831032,0.9977721571922302,0,0,0,0,0,0,0,0,0,0,0,0,0,0
5.292357444763184,1.0,0.0007192492485046387,-0.0367598831653595,1.7821788787841797e-05,0.039858996868133545,-0.07751932740211487,3.2980377674102783,0.7248207926750183,-1.12173330783844,0.03,1.2558118104934692,-0.07432832568883896,0.3381059169769287,0.036323048174381256,0.004991228226572275,0.05573571100831032,0.9977721571922302,0,0,0,0,0,0,0,0,0,0,0,0,0,0
5.293668985366821,1.0,0.0007192492485046387,-0.0367598831653595,1.7821788787841797e-05,0.039858996868133545,-0.07751932740211487,3.2980377674102783,0.7248207926750183,-1.12173330783844,0.03,1.2558118104934692,-0.07432832568883896,0.3381059169769287,0.036323048174381256,0.004991228226572275,0.05573571100831032,0.9977721571922302,0,0,0,0,0,0,0,0,0,0,0,0,0,0
5.294724464416504,1.0,0.0007192492485046387,-0.0367598831653595,1.7821788787841797e-05,0.039858996868133545,-0.07751932740211487,3.2980377674102783,0.7248207926750183,-1.12173330783844,0.03,1.2558118104934692,-0.07432832568883896,0.3381059169769287,0.036323048174381256,0.004991228226572275,0.05573571100831032,0.9977721571922302,0,0,0,0,0,0,0,0,0,0,0,0,0,0
5.29584002494812,1.0,0.0007192492485046387,-0.0367598831653595,1.7821788787841797e-05,0.039858996868133545,-0.07751932740211487,3.2980377674102783,0.7248207926750183,-1.12173330783844,0.03,1.2558118104934692,-0.07432832568883896,0.3381059169769287,0.036323048174381256,0.004991228226572275,0.05573571100831032,0.9977721571922302,0,0,0,0,0,0,0,0,0,0,0,0,0,0
5.296992540359497,1.0,0.0007192492485046387,-0.0367598831653595,1.7821788787841797e-05,0.039858996868133545,-0.07751932740211487,3.2980377674102783,0.7248207926750183,-1.12173330783844,0.03,1.2558118104934692,-0.07432832568883896,0.3381059169769287,0.036323048174381256,0.004991228226572275,0.05573571100831032,0.9977721571922302,0,0,0,0,0,0,0,0,0,0,0,0,0,0
5.298105478286743,1.0,0.0007192492485046387,-0.0367598831653595,1.7821788787841797e-05,0.039858996868133545,-0.07751932740211487,3.2980377674102783,0.7248207926750183,-1.12173330783844,0.03,1.2558118104934692,-0.07432832568883896,0.3381059169769287,0.036323048174381256,0.004991228226572275,0.05573571100831032,0.9977721571922302,0,0,0,0,0,0,0,0,0,0,0,0,0,0
5.299365043640137,1.0,0.0007192492485046387,-0.0367598831653595,1.7821788787841797e-05,0.039858996868133545,-0.07751932740211487,3.2980377674102783,0.7248207926750183,-1.12173330783844,0.03,1.2558118104934692,-0.07432832568883896,0.3381059169769287,0.036323048174381256,0.004991228226572275,0.05573571100831032,0.9977721571922302,0,0,0,0,0,0,0,0,0,0,0,0,0,0
5.300582408905029,1.0,0.0007192492485046387,-0.0367598831653595,1.7821788787841797e-05,0.039858996868133545,-0.07751932740211487,3.2980377674102783,0.7248207926750183,-1.12173330783844,0.03,1.2558118104934692,-0.07432832568883896,0.3381059169769287,0.036323048174381256,0.004991228226572275,0.05573571100831032,0.9977721571922302,0,0,0,0,0,0,0,0,0,0,0,0,0,0
5.301900148391724,1.0,0.0007192492485046387,-0.0367598831653595,1.7821788787841797e-05,0.039858996868133545,-0.07751932740211487,3.2980377674102783,0.7248207926750183,-1.12173330783844,0.03,1.2558118104934692,-0.07432832568883896,0.3381059169769287,0.036323048174381256,0.004991228226572275,0.05573571100831032,0.9977721571922302,0,0,0,0,0,0,0,0,0,0,0,0,0,0
5.303462982177734,1.0,0.0007192492485046387,-0.0367598831653595,1.7821788787841797e-05,0.039858996868133545,-0.07751932740211487,3.2980377674102783,0.7248207926750183,-1.12173330783844,0.03,1.2558118104934692,-0.07432832568883896,0.3381059169769287,0.036323048174381256,0.004991228226572275,0.05573571100831032,0.9977721571922302,0,0,0,0,0,0,0,0,0,0,0,0,0,0
5.304654598236084,1.0,0.0007192492485046387,-0.0367598831653595,1.7821788787841797e-05,0.039858996868133545,-0.07751932740211487,3.2980377674102783,0.7248207926750183,-1.12173330783844,0.03,1.2558118104934692,-0.07432832568883896,0.3381059169769287,0.036323048174381256,0.004991228226572275,0.05573571100831032,0.9977721571922302,0,0,0,0,0,0,0,0,0,0,0,0,0,0
5.3058061599731445,1.0,0.0007192492485046387,-0.0367598831653595,1.7821788787841797e-05,0.039858996868133545,-0.07751932740211487,3.2980377674102783,0.7248207926750183,-1.12173330783844,0.03,1.2558118104934692,-0.07432832568883896,0.3381059169769287,0.036323048174381256,0.004991228226572275,0.05573571100831032,0.9977721571922302,0,0,0,0,0,0,0,0,0,0,0,0,0,0
5.306969165802002,1.0,0.0007192492485046387,-0.0367598831653595,1.7821788787841797e-05,0.039858996868133545,-0.07751932740211487,3.2980377674102783,0.7248207926750183,-1.12173330783844,0.03,1.2558118104934692,-0.07432832568883896,0.3381059169769287,0.036323048174381256,0.004991228226572275,0.05573571100831032,0.9977721571922302,0,0,0,0,0,0,0,0,0,0,0,0,0,0
5.308107614517212,1.0,0.0007192492485046387,-0.0367598831653595,1.7821788787841797e-05,0.039858996868133545,-0.07751932740211487,3.2980377674102783,0.7248207926750183,-1.12173330783844,0.03,1.2558118104934692,-0.07432832568883896,0.3381059169769287,0.036323048174381256,0.004991228226572275,0.05573571100831032,0.9977721571922302,0,0,0,0,0,0,0,0,0,0,0,0,0,0
5.309455156326294,1.0,0.0007192492485046387,-0.0367598831653595,1.7821788787841797e-05,0.039858996868133545,-0.07751932740211487,3.2980377674102783,0.7248207926750183,-1.12173330783844,0.03,1.2558118104934692,-0.07432832568883896,0.3381059169769287,0.036323048174381256,0.004991228226572275,0.05573571100831032,0.9977721571922302,0,0,0,0,0,0,0,0,0,0,0,0,0,0
5.310672283172607,1.0,0.0007192492485046387,-0.0367598831653595,1.7821788787841797e-05,0.039858996868133545,-0.07751932740211487,3.2980377674102783,0.7248207926750183,-1.12173330783844,0.03,1.2558118104934692,-0.07432832568883896,0.3381059169769287,0.036323048174381256,0.004991228226572275,0.05573571100831032,0.9977721571922302,0,0,0,0,0,0,0,0,0,0,0,0,0,0
5.312036037445068,1.0,0.0007192492485046387,-0.0367598831653595,1.7821788787841797e-05,0.039858996868133545,-0.07751932740211487,3.2980377674102783,0.7248207926750183,-1.12173330783844,0.03,1.2558118104934692,-0.07432832568883896,0.3381059169769287,0.036323048174381256,0.004991228226572275,0.05573571100831032,0.9977721571922302,0,0,0,0,0,0,0,0,0,0,0,0,0,0
5.313204526901245,1.0,0.0007192492485046387,-0.0367598831653595,1.7821788787841797e-05,0.039858996868133545,-0.07751932740211487,3.2980377674102783,0.7248207926750183,-1.12173330783844,0.03,1.2558118104934692,-0.07432832568883896,0.3381059169769287,0.036323048174381256,0.004991228226572275,0.05573571100831032,0.9977721571922302,0,0,0,0,0,0,0,0,0,0,0,0,0,0
5.3143651485443115,1.0,0.0007192492485046387,-0.0367598831653595,1.7821788787841797e-05,0.039858996868133545,-0.07751932740211487,3.2980377674102783,0.7248207926750183,-1.12173330783844,0.03,1.2558118104934692,-0.07432832568883896,0.3381059169769287,0.036323048174381256,0.004991228226572275,0.05573571100831032,0.9977721571922302,0,0,0,0,0,0,0,0,0,0,0,0,0,0
5.315902471542358,1.0,0.0007192492485046387,-0.0367598831653595,1.7821788787841797e-05,0.039858996868133545,-0.07751932740211487,3.2980377674102783,0.7248207926750183,-1.12173330783844,0.03,1.2558118104934692,-0.07432832568883896,0.3381059169769287,0.036323048174381256,0.004991228226572275,0.05573571100831032,0.9977721571922302,0,0,0,0,0,0,0,0,0,0,0,0,0,0
5.317014932632446,1.0,0.0007192492485046387,-0.0367598831653595,1.7821788787841797e-05,0.039858996868133545,-0.07751932740211487,3.2980377674102783,0.7248207926750183,-1.12173330783844,0.03,1.2558034658432007,-0.07445210218429565,0.3378313481807709,0.03749138116836548,0.006024747155606747,0.05351448431611061,0.9978448152542114,0,0,0,0,0,0,0,0,0,0,0,0,0,0
5.318500757217407,1.0,0.0007192492485046387,-0.0367598831653595,1.7821788787841797e-05,0.039858996868133545,-0.07751932740211487,3.2980377674102783,0.7248207926750183,-1.12173330783844,0.03,1.2558034658432007,-0.07445210218429565,0.3378313481807709,0.03749138116836548,0.006024747155606747,0.05351448431611061,0.9978448152542114,0,0,0,0,0,0,0,0,0,0,0,0,0,0
5.321613788604736,1.0,0.0007192492485046387,-0.0367598831653595,1.7821788787841797e-05,0.039858996868133545,-0.07751932740211487,3.2980377674102783,0.7248207926750183,-1.12173330783844,0.03,1.2558034658432007,-0.07445210218429565,0.3378313481807709,0.03749138116836548,0.006024747155606747,0.05351448431611061,0.9978448152542114,0,0,0,0,0,0,0,0,0,0,0,0,0,0
5.323054075241089,1.0,0.0007192492485046387,-0.0367598831653595,1.7821788787841797e-05,0.039858996868133545,-0.07751932740211487,3.2980377674102783,0.7248207926750183,-1.12173330783844,0.03,1.2558034658432007,-0.07445210218429565,0.3378313481807709,0.03749138116836548,0.006024747155606747,0.05351448431611061,0.9978448152542114,0,0,0,0,0,0,0,0,0,0,0,0,0,0
5.32468318939209,1.0,0.0007192492485046387,-0.0367598831653595,1.7821788787841797e-05,0.039858996868133545,-0.07751932740211487,3.2980377674102783,0.7248207926750183,-1.12173330783844,0.03,1.2558034658432007,-0.07445210218429565,0.3378313481807709,0.03749138116836548,0.006024747155606747,0.05351448431611061,0.9978448152542114,0,0,0,0,0,0,0,0,0,0,0,0,0,0
5.326376914978027,1.0,0.0007232427597045898,-0.03953029215335846,-2.6404857635498047e-05,0.04278451204299927,-0.06684171408414841,2.605740547180176,0.7878895401954651,-0.07693812251091003,0.03,1.2558034658432007,-0.07445210218429565,0.3378313481807709,0.03749138116836548,0.006024747155606747,0.05351448431611061,0.9978448152542114,0,0,0,0,0,0,0,0,0,0,0,0,0,0
5.3277058601379395,2.0,0.0003554224967956543,-0.07954412698745728,-0.00012135505676269531,0.08233198523521423,-1.368942141532898,1.7306580543518066,-0.2778915464878082,0.6235923171043396,0.03,1.25584077835083,-0.07443014532327652,0.3377169966697693,0.038679540157318115,0.006593846715986729,0.07115865498781204,0.9966930747032166,0,0,0,0,0,0,0,0,0,0,0,0,0,0
5.328964471817017,2.0,0.0003554224967956543,-0.07954412698745728,-0.00012135505676269531,0.08233198523521423,-1.368942141532898,1.7306580543518066,-0.2778915464878082,0.6235923171043396,0.03,1.25584077835083,-0.07443014532327652,0.3377169966697693,0.038679540157318115,0.006593846715986729,0.07115865498781204,0.9966930747032166,0,0,0,0,0,0,0,0,0,0,0,0,0,0
5.330226898193359,2.0,0.0003554224967956543,-0.07954412698745728,-0.00012135505676269531,0.08233198523521423,-1.368942141532898,1.7306580543518066,-0.2778915464878082,0.6235923171043396,0.03,1.25584077835083,-0.07443014532327652,0.3377169966697693,0.038679540157318115,0.006593846715986729,0.07115865498781204,0.9966930747032166,0,0,0,0,0,0,0,0,0,0,0,0,0,0
5.331348180770874,2.0,0.0003554224967956543,-0.07954412698745728,-0.00012135505676269531,0.08233198523521423,-1.368942141532898,1.7306580543518066,-0.2778915464878082,0.6235923171043396,0.03,1.25584077835083,-0.07443014532327652,0.3377169966697693,0.038679540157318115,0.006593846715986729,0.07115865498781204,0.9966930747032166,0,0,0,0,0,0,0,0,0,0,0,0,0,0
5.332504034042358,2.0,0.0003554224967956543,-0.07954412698745728,-0.00012135505676269531,0.08233198523521423,-1.368942141532898,1.7306580543518066,-0.2778915464878082,0.6235923171043396,0.03,1.25584077835083,-0.07443014532327652,0.3377169966697693,0.038679540157318115,0.006593846715986729,0.07115865498781204,0.9966930747032166,0,0,0,0,0,0,0,0,0,0,0,0,0,0
5.333716630935669,2.0,0.0003554224967956543,-0.07954412698745728,-0.00012135505676269531,0.08233198523521423,-1.368942141532898,1.7306580543518066,-0.2778915464878082,0.6235923171043396,0.03,1.25584077835083,-0.07443014532327652,0.3377169966697693,0.038679540157318115,0.006593846715986729,0.07115865498781204,0.9966930747032166,0,0,0,0,0,0,0,0,0,0,0,0,0,0
5.335101127624512,2.0,0.0003554224967956543,-0.07954412698745728,-0.00012135505676269531,0.08233198523521423,-1.368942141532898,1.7306580543518066,-0.2778915464878082,0.6235923171043396,0.03,1.25584077835083,-0.07443014532327652,0.3377169966697693,0.038679540157318115,0.006593846715986729,0.07115865498781204,0.9966930747032166,0,0,0,0,0,0,0,0,0,0,0,0,0,0
5.338467359542847,2.0,0.0009920597076416016,-0.08133073151111603,-0.0007507801055908203,0.0843365341424942,-2.086430549621582,0.8467748761177063,-0.6274204850196838,1.6979440450668335,0.03,1.2558579444885254,-0.07446614652872086,0.33768749237060547,0.03864608332514763,0.006863563321530819,0.07260975986719131,0.9965878129005432,0,0,0,0,0,0,0,0,0,0,0,0,0,0
5.33976149559021,2.0,0.0009920597076416016,-0.08133073151111603,-0.0007507801055908203,0.0843365341424942,-2.086430549621582,0.8467748761177063,-0.6274204850196838,1.6979440450668335,0.03,1.2558579444885254,-0.07446614652872086,0.33768749237060547,0.03864608332514763,0.006863563321530819,0.07260975986719131,0.9965878129005432,0,0,0,0,0,0,0,0,0,0,0,0,0,0
5.3409013748168945,2.0,0.0009920597076416016,-0.08133073151111603,-0.0007507801055908203,0.0843365341424942,-2.086430549621582,0.8467748761177063,-0.6274204850196838,1.6979440450668335,0.03,1.2558579444885254,-0.07446614652872086,0.33768749237060547,0.03864608332514763,0.006863563321530819,0.07260975986719131,0.9965878129005432,0,0,0,0,0,0,0,0,0,0,0,0,0,0
5.341998338699341,2.0,0.0009920597076416016,-0.08133073151111603,-0.0007507801055908203,0.0843365341424942,-2.086430549621582,0.8467748761177063,-0.6274204850196838,1.6979440450668335,0.03,1.2558579444885254,-0.07446614652872086,0.33768749237060547,0.03864608332514763,0.006863563321530819,0.07260975986719131,0.9965878129005432,0,0,0,0,0,0,0,0,0,0,0,0,0,0
5.343245267868042,2.0,0.0009920597076416016,-0.08133073151111603,-0.0007507801055908203,0.0843365341424942,-2.086430549621582,0.8467748761177063,-0.6274204850196838,1.6979440450668335,0.03,1.2558579444885254,-0.07446614652872086,0.33768749237060547,0.03864608332514763,0.006863563321530819,0.07260975986719131,0.9965878129005432,0,0,0,0,0,0,0,0,0,0,0,0,0,0
5.344324111938477,2.0,0.0009920597076416016,-0.08133073151111603,-0.0007507801055908203,0.0843365341424942,-2.086430549621582,0.8467748761177063,-0.6274204850196838,1.6979440450668335,0.03,1.2558579444885254,-0.07446614652872086,0.33768749237060547,0.03864608332514763,0.006863563321530819,0.07260975986719131,0.9965878129005432,0,0,0,0,0,0,0,0,0,0,0,0,0,0
5.3455681800842285,2.0,0.001743614673614502,-0.08205579221248627,-0.0013712644577026367,0.0848749577999115,-1.9990144968032837,0.3339943587779999,-0.8626964688301086,1.9334067106246948,0.03,1.2558579444885254,-0.07446614652872086,0.33768749237060547,0.03864608332514763,0.006863563321530819,0.07260975986719131,0.9965878129005432,0,0,0,0,0,0,0,0,0,0,0,0,0,0
5.346687316894531,2.0,0.001743614673614502,-0.08205579221248627,-0.0013712644577026367,0.0848749577999115,-1.9990144968032837,0.3339943587779999,-0.8626964688301086,1.9334067106246948,0.03,1.2558579444885254,-0.07446614652872086,0.33768749237060547,0.03864608332514763,0.006863563321530819,0.07260975986719131,0.9965878129005432,0,0,0,0,0,0,0,0,0,0,0,0,0,0
5.3477818965911865,2.0,0.001743614673614502,-0.08205579221248627,-0.0013712644577026367,0.0848749577999115,-1.9990144968032837,0.3339943587779999,-0.8626964688301086,1.9334067106246948,0.03,1.2558579444885254,-0.07446614652872086,0.33768749237060547,0.03864608332514763,0.006863563321530819,0.07260975986719131,0.9965878129005432,0,0,0,0,0,0,0,0,0,0,0,0,0,0
5.348860740661621,2.0,0.001743614673614502,-0.08205579221248627,-0.0013712644577026367,0.0848749577999115,-1.9990144968032837,0.3339943587779999,-0.8626964688301086,1.9334067106246948,0.03,1.2558579444885254,-0.07446614652872086,0.33768749237060547,0.03864608332514763,0.006863563321530819,0.07260975986719131,0.9965878129005432,0,0,0,0,0,0,0,0,0,0,0,0,0,0
5.349925994873047,2.0,0.001743614673614502,-0.08205579221248627,-0.0013712644577026367,0.0848749577999115,-1.9990144968032837,0.3339943587779999,-0.8626964688301086,1.9334067106246948,0.03,1.2558579444885254,-0.07446614652872086,0.33768749237060547,0.03864608332514763,0.006863563321530819,0.07260975986719131,0.9965878129005432,0,0,0,0,0,0,0,0,0,0,0,0,0,0
5.35102915763855,2.0,0.001743614673614502,-0.08205579221248627,-0.0013712644577026367,0.0848749577999115,-1.9990144968032837,0.3339943587779999,-0.8626964688301086,1.9334067106246948,0.03,1.2558579444885254,-0.07446614652872086,0.33768749237060547,0.03864608332514763,0.006863563321530819,0.07260975986719131,0.9965878129005432,0,0,0,0,0,0,0,0,0,0,0,0,0,0
5.352279186248779,2.0,0.001743614673614502,-0.08205579221248627,-0.0013712644577026367,0.0848749577999115,-1.9990144968032837,0.3339943587779999,-0.8626964688301086,1.9334067106246948,0.03,1.2558579444885254,-0.07446614652872086,0.33768749237060547,0.03864608332514763,0.006863563321530819,0.07260975986719131,0.9965878129005432,0,0,0,0,0,0,0,0,0,0,0,0,0,0
5.353360414505005,2.0,0.001743614673614502,-0.08205579221248627,-0.0013712644577026367,0.0848749577999115,-1.9990144968032837,0.3339943587779999,-0.8626964688301086,1.9334067106246948,0.03,1.2558579444885254,-0.07446614652872086,0.33768749237060547,0.03864608332514763,0.006863563321530819,0.07260975986719131,0.9965878129005432,0,0,0,0,0,0,0,0,0,0,0,0,0,0
5.355117321014404,2.0,0.006066679954528809,-0.08237619698047638,-0.006891489028930664,0.08385172486305237,-2.2377021312713623,0.7804972529411316,0.07763884216547012,0.14961637556552887,0.03,1.2559540271759033,-0.07452137023210526,0.3376777172088623,0.03882460668683052,0.007170496508479118,0.07358627766370773,0.9965071082115173,0,0,0,0,0,0,0,0,0,0,0,0,0,0
5.356696367263794,2.0,0.006066679954528809,-0.08237619698047638,-0.006891489028930664,0.08385172486305237,-2.2377021312713623,0.7804972529411316,0.07763884216547012,0.14961637556552887,0.03,1.255980134010315,-0.07468210160732269,0.3370515704154968,0.03410398215055466,0.006625983398407698,0.06481229513883591,0.9972925782203674,0,0,0,0,0,0,0,0,0,0,0,0,0,0
5.3587424755096436,2.0,0.006066679954528809,-0.08237619698047638,-0.006891489028930664,0.08385172486305237,-2.2377021312713623,0.7804972529411316,0.07763884216547012,0.14961637556552887,0.03,1.255980134010315,-0.07468210160732269,0.3370515704154968,0.03410398215055466,0.006625983398407698,0.06481229513883591,0.9972925782203674,0,0,0,0,0,0,0,0,0,0,0,0,0,0
5.359949588775635,2.0,0.006066679954528809,-0.08237619698047638,-0.006891489028930664,0.08385172486305237,-2.2377021312713623,0.7804972529411316,0.07763884216547012,0.14961637556552887,0.03,1.255980134010315,-0.07468210160732269,0.3370515704154968,0.03410398215055466,0.006625983398407698,0.06481229513883591,0.9972925782203674,0,0,0,0,0,0,0,0,0,0,0,0,0,0
5.361095428466797,2.0,0.006066679954528809,-0.08237619698047638,-0.006891489028930664,0.08385172486305237,-2.2377021312713623,0.7804972529411316,0.07763884216547012,0.14961637556552887,0.03,1.255980134010315,-0.07468210160732269,0.3370515704154968,0.03410398215055466,0.006625983398407698,0.06481229513883591,0.9972925782203674,0,0,0,0,0,0,0,0,0,0,0,0,0,0
5.362575054168701,2.0,0.006066679954528809,-0.08237619698047638,-0.006891489028930664,0.08385172486305237,-2.2377021312713623,0.7804972529411316,0.07763884216547012,0.14961637556552887,0.03,1.255980134010315,-0.07468210160732269,0.3370515704154968,0.03410398215055466,0.006625983398407698,0.06481229513883591,0.9972925782203674,0,0,0,0,0,0,0,0,0,0,0,0,0,0
5.363739967346191,2.0,0.006066679954528809,-0.08237619698047638,-0.006891489028930664,0.08385172486305237,-2.2377021312713623,0.7804972529411316,0.07763884216547012,0.14961637556552887,0.03,1.255980134010315,-0.07468210160732269,0.3370515704154968,0.03410398215055466,0.006625983398407698,0.06481229513883591,0.9972925782203674,0,0,0,0,0,0,0,0,0,0,0,0,0,0
5.3651652336120605,2.0,0.006066679954528809,-0.08237619698047638,-0.006891489028930664,0.08385172486305237,-2.2377021312713623,0.7804972529411316,0.07763884216547012,0.14961637556552887,0.03,1.255980134010315,-0.07468210160732269,0.3370515704154968,0.03410398215055466,0.006625983398407698,0.06481229513883591,0.9972925782203674,0,0,0,0,0,0,0,0,0,0,0,0,0,0
5.3671183586120605,2.0,0.006066679954528809,-0.08237619698047638,-0.006891489028930664,0.08385172486305237,-2.2377021312713623,0.7804972529411316,0.07763884216547012,0.14961637556552887,0.03,1.255980134010315,-0.07468210160732269,0.3370515704154968,0.03410398215055466,0.006625983398407698,0.06481229513883591,0.9972925782203674,0,0,0,0,0,0,0,0,0,0,0,0,0,0
5.36821722984314,2.0,0.006066679954528809,-0.08237619698047638,-0.006891489028930664,0.08385172486305237,-2.2377021312713623,0.7804972529411316,0.07763884216547012,0.14961637556552887,0.03,1.255980134010315,-0.07468210160732269,0.3370515704154968,0.03410398215055466,0.006625983398407698,0.06481229513883591,0.9972925782203674,0,0,0,0,0,0,0,0,0,0,0,0,0,0
5.369457960128784,2.0,0.006066679954528809,-0.08237619698047638,-0.006891489028930664,0.08385172486305237,-2.2377021312713623,0.7804972529411316,0.07763884216547012,0.14961637556552887,0.03,1.255980134010315,-0.07468210160732269,0.3370515704154968,0.03410398215055466,0.006625983398407698,0.06481229513883591,0.9972925782203674,0,0,0,0,0,0,0,0,0,0,0,0,0,0
5.370842933654785,2.0,0.006066679954528809,-0.08237619698047638,-0.006891489028930664,0.08385172486305237,-2.2377021312713623,0.7804972529411316,0.07763884216547012,0.14961637556552887,0.03,1.255980134010315,-0.07468210160732269,0.3370515704154968,0.03410398215055466,0.006625983398407698,0.06481229513883591,0.9972925782203674,0,0,0,0,0,0,0,0,0,0,0,0,0,0
5.3720293045043945,2.0,0.006066679954528809,-0.08237619698047638,-0.006891489028930664,0.08385172486305237,-2.2377021312713623,0.7804972529411316,0.07763884216547012,0.14961637556552887,0.03,1.255980134010315,-0.07468210160732269,0.3370515704154968,0.03410398215055466,0.006625983398407698,0.06481229513883591,0.9972925782203674,0,0,0,0,0,0,0,0,0,0,0,0,0,0
5.373181343078613,2.0,0.006066679954528809,-0.08237619698047638,-0.006891489028930664,0.08385172486305237,-2.2377021312713623,0.7804972529411316,0.07763884216547012,0.14961637556552887,0.03,1.255980134010315,-0.07468210160732269,0.3370515704154968,0.03410398215055466,0.006625983398407698,0.06481229513883591,0.9972925782203674,0,0,0,0,0,0,0,0,0,0,0,0,0,0
5.374375820159912,2.0,0.006066679954528809,-0.08237619698047638,-0.006891489028930664,0.08385172486305237,-2.2377021312713623,0.7804972529411316,0.07763884216547012,0.14961637556552887,0.03,1.255980134010315,-0.07468210160732269,0.3370515704154968,0.03410398215055466,0.006625983398407698,0.06481229513883591,0.9972925782203674,0,0,0,0,0,0,0,0,0,0,0,0,0,0
5.375493764877319,2.0,0.006066679954528809,-0.08237619698047638,-0.006891489028930664,0.08385172486305237,-2.2377021312713623,0.7804972529411316,0.07763884216547012,0.14961637556552887,0.03,1.255980134010315,-0.07468210160732269,0.3370515704154968,0.03410398215055466,0.006625983398407698,0.06481229513883591,0.9972925782203674,0,0,0,0,0,0,0,0,0,0,0,0,0,0
5.376818895339966,2.0,0.006066679954528809,-0.08237619698047638,-0.006891489028930664,0.08385172486305237,-2.2377021312713623,0.7804972529411316,0.07763884216547012,0.14961637556552887,0.03,1.255980134010315,-0.07468210160732269,0.3370515704154968,0.03410398215055466,0.006625983398407698,0.06481229513883591,0.9972925782203674,0,0,0,0,0,0,0,0,0,0,0,0,0,0
5.378565549850464,2.0,0.006066679954528809,-0.08237619698047638,-0.006891489028930664,0.08385172486305237,-2.2377021312713623,0.7804972529411316,0.07763884216547012,0.14961637556552887,0.03,1.255980134010315,-0.07468210160732269,0.3370515704154968,0.03410398215055466,0.006625983398407698,0.06481229513883591,0.9972925782203674,0,0,0,0,0,0,0,0,0,0,0,0,0,0
5.3798277378082275,2.0,0.006066679954528809,-0.08237619698047638,-0.006891489028930664,0.08385172486305237,-2.2377021312713623,0.7804972529411316,0.07763884216547012,0.14961637556552887,0.03,1.255980134010315,-0.07468210160732269,0.3370515704154968,0.03410398215055466,0.006625983398407698,0.06481229513883591,0.9972925782203674,0,0,0,0,0,0,0,0,0,0,0,0,0,0
5.381690502166748,2.0,0.006066679954528809,-0.08237619698047638,-0.006891489028930664,0.08385172486305237,-2.2377021312713623,0.7804972529411316,0.07763884216547012,0.14961637556552887,0.03,1.255980134010315,-0.07468210160732269,0.3370515704154968,0.03410398215055466,0.006625983398407698,0.06481229513883591,0.9972925782203674,0,0,0,0,0,0,0,0,0,0,0,0,0,0
5.38290810585022,2.0,0.006066679954528809,-0.08237619698047638,-0.006891489028930664,0.08385172486305237,-2.2377021312713623,0.7804972529411316,0.07763884216547012,0.14961637556552887,0.03,1.255980134010315,-0.07468210160732269,0.3370515704154968,0.03410398215055466,0.006625983398407698,0.06481229513883591,0.9972925782203674,0,0,0,0,0,0,0,0,0,0,0,0,0,0
5.384235858917236,2.0,0.006066679954528809,-0.08237619698047638,-0.006891489028930664,0.08385172486305237,-2.2377021312713623,0.7804972529411316,0.07763884216547012,0.14961637556552887,0.03,1.255980134010315,-0.07468210160732269,0.3370515704154968,0.03410398215055466,0.006625983398407698,0.06481229513883591,0.9972925782203674,0,0,0,0,0,0,0,0,0,0,0,0,0,0
5.385635614395142,2.0,0.006066679954528809,-0.08237619698047638,-0.006891489028930664,0.08385172486305237,-2.2377021312713623,0.7804972529411316,0.07763884216547012,0.14961637556552887,0.03,1.255980134010315,-0.07468210160732269,0.3370515704154968,0.03410398215055466,0.006625983398407698,0.06481229513883591,0.9972925782203674,0,0,0,0,0,0,0,0,0,0,0,0,0,0
5.387194395065308,2.0,0.006066679954528809,-0.08237619698047638,-0.006891489028930664,0.08385172486305237,-2.2377021312713623,0.7804972529411316,0.07763884216547012,0.14961637556552887,0.03,1.255980134010315,-0.07468210160732269,0.3370515704154968,0.03410398215055466,0.006625983398407698,0.06481229513883591,0.9972925782203674,0,0,0,0,0,0,0,0,0,0,0,0,0,0
5.388465881347656,2.0,0.006066679954528809,-0.08237619698047638,-0.006891489028930664,0.08385172486305237,-2.2377021312713623,0.7804972529411316,0.07763884216547012,0.14961637556552887,0.03,1.255980134010315,-0.07468210160732269,0.3370515704154968,0.03410398215055466,0.006625983398407698,0.06481229513883591,0.9972925782203674,0,0,0,0,0,0,0,0,0,0,0,0,0,0
5.389657497406006,2.0,0.006066679954528809,-0.08237619698047638,-0.006891489028930664,0.08385172486305237,-2.2377021312713623,0.7804972529411316,0.07763884216547012,0.14961637556552887,0.03,1.255980134010315,-0.07468210160732269,0.3370515704154968,0.03410398215055466,0.006625983398407698,0.06481229513883591,0.9972925782203674,0,0,0,0,0,0,0,0,0,0,0,0,0,0
5.390825271606445,2.0,0.006066679954528809,-0.08237619698047638,-0.006891489028930664,0.08385172486305237,-2.2377021312713623,0.7804972529411316,0.07763884216547012,0.14961637556552887,0.03,1.255980134010315,-0.07468210160732269,0.3370515704154968,0.03410398215055466,0.006625983398407698,0.06481229513883591,0.9972925782203674,0,0,0,0,0,0,0,0,0,0,0,0,0,0
5.392624616622925,2.0,0.006066679954528809,-0.08237619698047638,-0.006891489028930664,0.08385172486305237,-2.2377021312713623,0.7804972529411316,0.07763884216547012,0.14961637556552887,0.03,1.255980134010315,-0.07468210160732269,0.3370515704154968,0.03410398215055466,0.006625983398407698,0.06481229513883591,0.9972925782203674,0,0,0,0,0,0,0,0,0,0,0,0,0,0
5.394292831420898,2.0,0.006066679954528809,-0.08237619698047638,-0.006891489028930664,0.08385172486305237,-2.2377021312713623,0.7804972529411316,0.07763884216547012,0.14961637556552887,0.03,1.255980134010315,-0.07468210160732269,0.3370515704154968,0.03410398215055466,0.006625983398407698,0.06481229513883591,0.9972925782203674,0,0,0,0,0,0,0,0,0,0,0,0,0,0
5.395352363586426,2.0,0.006066679954528809,-0.08237619698047638,-0.006891489028930664,0.08385172486305237,-2.2377021312713623,0.7804972529411316,0.07763884216547012,0.14961637556552887,0.03,1.255980134010315,-0.07468210160732269,0.3370515704154968,0.03410398215055466,0.006625983398407698,0.06481229513883591,0.9972925782203674,0,0,0,0,0,0,0,0,0,0,0,0,0,0
5.3979644775390625,2.0,0.006066679954528809,-0.08237619698047638,-0.006891489028930664,0.08385172486305237,-2.2377021312713623,0.7804972529411316,0.07763884216547012,0.14961637556552887,0.03,1.255980134010315,-0.07468210160732269,0.3370515704154968,0.03410398215055466,0.006625983398407698,0.06481229513883591,0.9972925782203674,0,0,0,0,0,0,0,0,0,0,0,0,0,0
5.399066925048828,2.0,0.006066679954528809,-0.08237619698047638,-0.006891489028930664,0.08385172486305237,-2.2377021312713623,0.7804972529411316,0.07763884216547012,0.14961637556552887,0.03,1.255980134010315,-0.07468210160732269,0.3370515704154968,0.03410398215055466,0.006625983398407698,0.06481229513883591,0.9972925782203674,0,0,0,0,0,0,0,0,0,0,0,0,0,0
5.400625228881836,2.0,0.006066679954528809,-0.08237619698047638,-0.006891489028930664,0.08385172486305237,-2.2377021312713623,0.7804972529411316,0.07763884216547012,0.14961637556552887,0.03,1.255980134010315,-0.07468210160732269,0.3370515704154968,0.03410398215055466,0.006625983398407698,0.06481229513883591,0.9972925782203674,0,0,0,0,0,0,0,0,0,0,0,0,0,0
5.401947736740112,2.0,0.006066679954528809,-0.08237619698047638,-0.006891489028930664,0.08385172486305237,-2.2377021312713623,0.7804972529411316,0.07763884216547012,0.14961637556552887,0.03,1.255980134010315,-0.07468210160732269,0.3370515704154968,0.03410398215055466,0.006625983398407698,0.06481229513883591,0.9972925782203674,0,0,0,0,0,0,0,0,0,0,0,0,0,0
5.403274059295654,2.0,0.006066679954528809,-0.08237619698047638,-0.006891489028930664,0.08385172486305237,-2.2377021312713623,0.7804972529411316,0.07763884216547012,0.14961637556552887,0.03,1.255980134010315,-0.07468210160732269,0.3370515704154968,0.03410398215055466,0.006625983398407698,0.06481229513883591,0.9972925782203674,0,0,0,0,0,0,0,0,0,0,0,0,0,0
5.404933214187622,2.0,0.006066679954528809,-0.08237619698047638,-0.006891489028930664,0.08385172486305237,-2.2377021312713623,0.7804972529411316,0.07763884216547012,0.14961637556552887,0.03,1.255980134010315,-0.07468210160732269,0.3370515704154968,0.03410398215055466,0.006625983398407698,0.06481229513883591,0.9972925782203674,0,0,0,0,0,0,0,0,0,0,0,0,0,0
5.406134366989136,2.0,0.006066679954528809,-0.08237619698047638,-0.006891489028930664,0.08385172486305237,-2.2377021312713623,0.7804972529411316,0.07763884216547012,0.14961637556552887,0.03,1.255980134010315,-0.07468210160732269,0.3370515704154968,0.03410398215055466,0.006625983398407698,0.06481229513883591,0.9972925782203674,0,0,0,0,0,0,0,0,0,0,0,0,0,0
5.407241582870483,2.0,0.006066679954528809,-0.08237619698047638,-0.006891489028930664,0.08385172486305237,-2.2377021312713623,0.7804972529411316,0.07763884216547012,0.14961637556552887,0.03,1.255980134010315,-0.07468210160732269,0.3370515704154968,0.03410398215055466,0.006625983398407698,0.06481229513883591,0.9972925782203674,0,0,0,0,0,0,0,0,0,0,0,0,0,0
5.4096596240997314,2.0,0.006066679954528809,-0.08237619698047638,-0.006891489028930664,0.08385172486305237,-2.2377021312713623,0.7804972529411316,0.07763884216547012,0.14961637556552887,0.03,1.255980134010315,-0.07468210160732269,0.3370515704154968,0.03410398215055466,0.006625983398407698,0.06481229513883591,0.9972925782203674,0,0,0,0,0,0,0,0,0,0,0,0,0,0
5.410772085189819,2.0,0.006066679954528809,-0.08237619698047638,-0.006891489028930664,0.08385172486305237,-2.2377021312713623,0.7804972529411316,0.07763884216547012,0.14961637556552887,0.03,1.255980134010315,-0.07468210160732269,0.3370515704154968,0.03410398215055466,0.006625983398407698,0.06481229513883591,0.9972925782203674,0,0,0,0,0,0,0,0,0,0,0,0,0,0
5.412163496017456,2.0,0.006066679954528809,-0.08237619698047638,-0.006891489028930664,0.08385172486305237,-2.2377021312713623,0.7804972529411316,0.07763884216547012,0.14961637556552887,0.03,1.255980134010315,-0.07468210160732269,0.3370515704154968,0.03410398215055466,0.006625983398407698,0.06481229513883591,0.9972925782203674,0,0,0,0,0,0,0,0,0,0,0,0,0,0
5.413330316543579,2.0,0.006066679954528809,-0.08237619698047638,-0.006891489028930664,0.08385172486305237,-2.2377021312713623,0.7804972529411316,0.07763884216547012,0.14961637556552887,0.03,1.255980134010315,-0.07468210160732269,0.3370515704154968,0.03410398215055466,0.006625983398407698,0.06481229513883591,0.9972925782203674,0,0,0,0,0,0,0,0,0,0,0,0,0,0
5.41455340385437,2.0,0.006066679954528809,-0.08237619698047638,-0.006891489028930664,0.08385172486305237,-2.2377021312713623,0.7804972529411316,0.07763884216547012,0.14961637556552887,0.03,1.255980134010315,-0.07468210160732269,0.3370515704154968,0.03410398215055466,0.006625983398407698,0.06481229513883591,0.9972925782203674,0,0,0,0,0,0,0,0,0,0,0,0,0,0
5.415984869003296,2.0,0.006066679954528809,-0.08237619698047638,-0.006891489028930664,0.08385172486305237,-2.2377021312713623,0.7804972529411316,0.07763884216547012,0.14961637556552887,0.03,1.255980134010315,-0.07468210160732269,0.3370515704154968,0.03410398215055466,0.006625983398407698,0.06481229513883591,0.9972925782203674,0,0,0,0,0,0,0,0,0,0,0,0,0,0
5.417067527770996,2.0,0.006066679954528809,-0.08237619698047638,-0.006891489028930664,0.08385172486305237,-2.2377021312713623,0.7804972529411316,0.07763884216547012,0.14961637556552887,0.03,1.2560112476348877,-0.07463239878416061,0.33637887239456177,0.03016294725239277,0.006980294827371836,0.06222043186426163,0.9975821375846863,0,0,0,0,0,0,0,0,0,0,0,0,0,0
5.418232679367065,2.0,0.006066679954528809,-0.08237619698047638,-0.006891489028930664,0.08385172486305237,-2.2377021312713623,0.7804972529411316,0.07763884216547012,0.14961637556552887,0.03,1.2561017274856567,-0.07498607039451599,0.33515575528144836,0.024687111377716064,0.008178601041436195,0.04805489256978035,0.9985061287879944,0,0,0,0,0,0,0,0,0,0,0,0,0,0
5.419317007064819,2.0,0.006066679954528809,-0.08237619698047638,-0.006891489028930664,0.08385172486305237,-2.2377021312713623,0.7804972529411316,0.07763884216547012,0.14961637556552887,0.03,1.2561017274856567,-0.07498607039451599,0.33515575528144836,0.024687111377716064,0.008178601041436195,0.04805489256978035,0.9985061287879944,0,0,0,0,0,0,0,0,0,0,0,0,0,0
5.420386075973511,2.0,0.006066679954528809,-0.08237619698047638,-0.006891489028930664,0.08385172486305237,-2.2377021312713623,0.7804972529411316,0.07763884216547012,0.14961637556552887,0.03,1.2561017274856567,-0.07498607039451599,0.33515575528144836,0.024687111377716064,0.008178601041436195,0.04805489256978035,0.9985061287879944,0,0,0,0,0,0,0,0,0,0,0,0,0,0
5.421645402908325,2.0,0.006066679954528809,-0.08237619698047638,-0.006891489028930664,0.08385172486305237,-2.2377021312713623,0.7804972529411316,0.07763884216547012,0.14961637556552887,0.03,1.2561017274856567,-0.07498607039451599,0.33515575528144836,0.024687111377716064,0.008178601041436195,0.04805489256978035,0.9985061287879944,0,0,0,0,0,0,0,0,0,0,0,0,0,0
5.422765016555786,2.0,0.006066679954528809,-0.08237619698047638,-0.006891489028930664,0.08385172486305237,-2.2377021312713623,0.7804972529411316,0.07763884216547012,0.14961637556552887,0.03,1.256222128868103,-0.07510922104120255,0.3349052965641022,0.02401324361562729,0.0088548818603158,0.04272074997425079,0.9987592101097107,0,0,0,0,0,0,0,0,0,0,0,0,0,0
5.4238409996032715,2.0,0.006066679954528809,-0.08237619698047638,-0.006891489028930664,0.08385172486305237,-2.2377021312713623,0.7804972529411316,0.07763884216547012,0.14961637556552887,0.03,1.256222128868103,-0.07510922104120255,0.3349052965641022,0.02401324361562729,0.0088548818603158,0.04272074997425079,0.9987592101097107,0,0,0,0,0,0,0,0,0,0,0,0,0,0
5.425061225891113,2.0,0.006066679954528809,-0.08237619698047638,-0.006891489028930664,0.08385172486305237,-2.2377021312713623,0.7804972529411316,0.07763884216547012,0.14961637556552887,0.03,1.256222128868103,-0.07510922104120255,0.3349052965641022,0.02401324361562729,0.0088548818603158,0.04272074997425079,0.9987592101097107,0,0,0,0,0,0,0,0,0,0,0,0,0,0
5.426147699356079,2.0,0.006066679954528809,-0.08237619698047638,-0.006891489028930664,0.08385172486305237,-2.2377021312713623,0.7804972529411316,0.07763884216547012,0.14961637556552887,0.03,1.256222128868103,-0.07510922104120255,0.3349052965641022,0.02401324361562729,0.0088548818603158,0.04272074997425079,0.9987592101097107,0,0,0,0,0,0,0,0,0,0,0,0,0,0
5.427208423614502,2.0,0.006066679954528809,-0.08237619698047638,-0.006891489028930664,0.08385172486305237,-2.2377021312713623,0.7804972529411316,0.07763884216547012,0.14961637556552887,0.03,1.256222128868103,-0.07510922104120255,0.3349052965641022,0.02401324361562729,0.0088548818603158,0.04272074997425079,0.9987592101097107,0,0,0,0,0,0,0,0,0,0,0,0,0,0
5.428974628448486,2.0,0.006066679954528809,-0.08237619698047638,-0.006891489028930664,0.08385172486305237,-2.2377021312713623,0.7804972529411316,0.07763884216547012,0.14961637556552887,0.03,1.256222128868103,-0.07510922104120255,0.3349052965641022,0.02401324361562729,0.0088548818603158,0.04272074997425079,0.9987592101097107,0,0,0,0,0,0,0,0,0,0,0,0,0,0
5.430903196334839,2.0,0.006066679954528809,-0.08237619698047638,-0.006891489028930664,0.08385172486305237,-2.2377021312713623,0.7804972529411316,0.07763884216547012,0.14961637556552887,0.03,1.256222128868103,-0.07510922104120255,0.3349052965641022,0.02401324361562729,0.0088548818603158,0.04272074997425079,0.9987592101097107,0,0,0,0,0,0,0,0,0,0,0,0,0,0
5.432098388671875,2.0,0.006066679954528809,-0.08237619698047638,-0.006891489028930664,0.08385172486305237,-2.2377021312713623,0.7804972529411316,0.07763884216547012,0.14961637556552887,0.03,1.2563613653182983,-0.0750996395945549,0.33455890417099,0.02135588973760605,0.009081333875656128,0.039985641837120056,0.998930811882019,0,0,0,0,0,0,0,0,0,0,0,0,0,0
5.433361768722534,2.0,0.006066679954528809,-0.08237619698047638,-0.006891489028930664,0.08385172486305237,-2.2377021312713623,0.7804972529411316,0.07763884216547012,0.14961637556552887,0.03,1.2563613653182983,-0.0750996395945549,0.33455890417099,0.02135588973760605,0.009081333875656128,0.039985641837120056,0.998930811882019,0,0,0,0,0,0,0,0,0,0,0,0,0,0
5.434698104858398,2.0,0.006066679954528809,-0.08237619698047638,-0.006891489028930664,0.08385172486305237,-2.2377021312713623,0.7804972529411316,0.07763884216547012,0.14961637556552887,0.03,1.2563613653182983,-0.0750996395945549,0.33455890417099,0.02135588973760605,0.009081333875656128,0.039985641837120056,0.998930811882019,0,0,0,0,0,0,0,0,0,0,0,0,0,0
5.436054706573486,2.0,0.006066679954528809,-0.08237619698047638,-0.006891489028930664,0.08385172486305237,-2.2377021312713623,0.7804972529411316,0.07763884216547012,0.14961637556552887,0.03,1.2563613653182983,-0.0750996395945549,0.33455890417099,0.02135588973760605,0.009081333875656128,0.039985641837120056,0.998930811882019,0,0,0,0,0,0,0,0,0,0,0,0,0,0
5.437759876251221,2.0,0.006066679954528809,-0.08237619698047638,-0.006891489028930664,0.08385172486305237,-2.2377021312713623,0.7804972529411316,0.07763884216547012,0.14961637556552887,0.03,1.2563613653182983,-0.0750996395945549,0.33455890417099,0.02135588973760605,0.009081333875656128,0.039985641837120056,0.998930811882019,0,0,0,0,0,0,0,0,0,0,0,0,0,0
5.438818693161011,2.0,0.01087278127670288,-0.08219194412231445,-0.012863576412200928,0.08274169266223907,-2.8869476318359375,0.9914122819900513,0.20123495161533356,-0.3173840641975403,0.03,1.2563613653182983,-0.0750996395945549,0.33455890417099,0.02135588973760605,0.009081333875656128,0.039985641837120056,0.998930811882019,0,0,0,0,0,0,0,0,0,0,0,0,0,0
5.440155267715454,2.0,0.023105621337890625,-0.08222655951976776,-0.024602293968200684,0.0828099399805069,-3.798234462738037,0.9806148409843445,-1.2762700319290161,-0.34225600957870483,0.03,1.2563613653182983,-0.0750996395945549,0.33455890417099,0.02135588973760605,0.009081333875656128,0.039985641837120056,0.998930811882019,0,0,0,0,0,0,0,0,0,0,0,0,0,0
5.441294193267822,2.0,0.023105621337890625,-0.08222655951976776,-0.024602293968200684,0.0828099399805069,-3.798234462738037,0.9806148409843445,-1.2762700319290161,-0.34225600957870483,0.03,1.2563613653182983,-0.0750996395945549,0.33455890417099,0.02135588973760605,0.009081333875656128,0.039985641837120056,0.998930811882019,0,0,0,0,0,0,0,0,0,0,0,0,0,0
5.442481279373169,2.0,0.023105621337890625,-0.08222655951976776,-0.024602293968200684,0.0828099399805069,-3.798234462738037,0.9806148409843445,-1.2762700319290161,-0.34225600957870483,0.03,1.2563613653182983,-0.0750996395945549,0.33455890417099,0.02135588973760605,0.009081333875656128,0.039985641837120056,0.998930811882019,0,0,0,0,0,0,0,0,0,0,0,0,0,0
5.443633079528809,2.0,0.023105621337890625,-0.08222655951976776,-0.024602293968200684,0.0828099399805069,-3.798234462738037,0.9806148409843445,-1.2762700319290161,-0.34225600957870483,0.03,1.2563613653182983,-0.0750996395945549,0.33455890417099,0.02135588973760605,0.009081333875656128,0.039985641837120056,0.998930811882019,0,0,0,0,0,0,0,0,0,0,0,0,0,0
5.445032596588135,2.0,0.023105621337890625,-0.08222655951976776,-0.024602293968200684,0.0828099399805069,-3.798234462738037,0.9806148409843445,-1.2762700319290161,-0.34225600957870483,0.03,1.2563613653182983,-0.0750996395945549,0.33455890417099,0.02135588973760605,0.009081333875656128,0.039985641837120056,0.998930811882019,0,0,0,0,0,0,0,0,0,0,0,0,0,0
5.4460930824279785,2.0,0.023105621337890625,-0.08222655951976776,-0.024602293968200684,0.0828099399805069,-3.798234462738037,0.9806148409843445,-1.2762700319290161,-0.34225600957870483,0.03,1.2563613653182983,-0.0750996395945549,0.33455890417099,0.02135588973760605,0.009081333875656128,0.039985641837120056,0.998930811882019,0,0,0,0,0,0,0,0,0,0,0,0,0,0
5.447369575500488,2.0,0.023105621337890625,-0.08222655951976776,-0.024602293968200684,0.0828099399805069,-3.798234462738037,0.9806148409843445,-1.2762700319290161,-0.34225600957870483,0.03,1.2563613653182983,-0.0750996395945549,0.33455890417099,0.02135588973760605,0.009081333875656128,0.039985641837120056,0.998930811882019,0,0,0,0,0,0,0,0,0,0,0,0,0,0
5.448399305343628,2.0,0.023105621337890625,-0.08222655951976776,-0.024602293968200684,0.0828099399805069,-3.798234462738037,0.9806148409843445,-1.2762700319290161,-0.34225600957870483,0.03,1.2563613653182983,-0.0750996395945549,0.33455890417099,0.02135588973760605,0.009081333875656128,0.039985641837120056,0.998930811882019,0,0,0,0,0,0,0,0,0,0,0,0,0,0
5.449530363082886,2.0,0.023105621337890625,-0.08222655951976776,-0.024602293968200684,0.0828099399805069,-3.798234462738037,0.9806148409843445,-1.2762700319290161,-0.34225600957870483,0.03,1.2563613653182983,-0.0750996395945549,0.33455890417099,0.02135588973760605,0.009081333875656128,0.039985641837120056,0.998930811882019,0,0,0,0,0,0,0,0,0,0,0,0,0,0
5.450881719589233,2.0,0.023105621337890625,-0.08222655951976776,-0.024602293968200684,0.0828099399805069,-3.798234462738037,0.9806148409843445,-1.2762700319290161,-0.34225600957870483,0.03,1.2563613653182983,-0.0750996395945549,0.33455890417099,0.02135588973760605,0.009081333875656128,0.039985641837120056,0.998930811882019,0,0,0,0,0,0,0,0,0,0,0,0,0,0
5.452646732330322,2.0,0.030461609363555908,-0.08219578862190247,-0.03153032064437866,0.08275122940540314,-3.9860355854034424,1.0599538087844849,-1.4987502098083496,-0.426309734582901,0.03,1.256481647491455,-0.07518357038497925,0.33439216017723083,0.019265182316303253,0.00956708937883377,0.040052901953458786,0.9989659786224365,0,0,0,0,0,0,0,0,0,0,0,0,0,0
5.454195499420166,2.0,0.0338667631149292,-0.08219558000564575,-0.0345463752746582,0.08275087177753448,-4.35190486907959,1.0837128162384033,-1.9790847301483154,-0.4397435188293457,0.03,1.2566092014312744,-0.07526895403862,0.3343007564544678,0.018926318734884262,0.009824679233133793,0.041496071964502335,0.9989111423492432,0,0,0,0,0,0,0,0,0,0,0,0,0,0
5.455640077590942,2.0,0.0338667631149292,-0.08219558000564575,-0.0345463752746582,0.08275087177753448,-4.35190486907959,1.0837128162384033,-1.9790847301483154,-0.4397435188293457,0.03,1.2566092014312744,-0.07526895403862,0.3343007564544678,0.018926318734884262,0.009824679233133793,0.041496071964502335,0.9989111423492432,0,0,0,0,0,0,0,0,0,0,0,0,0,0
5.456740379333496,2.0,0.0338667631149292,-0.08219558000564575,-0.0345463752746582,0.08275087177753448,-4.35190486907959,1.0837128162384033,-1.9790847301483154,-0.4397435188293457,0.03,1.2566092014312744,-0.07526895403862,0.3343007564544678,0.018926318734884262,0.009824679233133793,0.041496071964502335,0.9989111423492432,0,0,0,0,0,0,0,0,0,0,0,0,0,0
5.459039926528931,2.0,0.0338667631149292,-0.08219558000564575,-0.0345463752746582,0.08275087177753448,-4.35190486907959,1.0837128162384033,-1.9790847301483154,-0.4397435188293457,0.03,1.2566092014312744,-0.07526895403862,0.3343007564544678,0.018926318734884262,0.009824679233133793,0.041496071964502335,0.9989111423492432,0,0,0,0,0,0,0,0,0,0,0,0,0,0
5.460582971572876,2.0,0.0338667631149292,-0.08219558000564575,-0.0345463752746582,0.08275087177753448,-4.35190486907959,1.0837128162384033,-1.9790847301483154,-0.4397435188293457,0.03,1.2566092014312744,-0.07526895403862,0.3343007564544678,0.018926318734884262,0.009824679233133793,0.041496071964502335,0.9989111423492432,0,0,0,0,0,0,0,0,0,0,0,0,0,0
5.461856365203857,2.0,0.0338667631149292,-0.08219558000564575,-0.0345463752746582,0.08275087177753448,-4.35190486907959,1.0837128162384033,-1.9790847301483154,-0.4397435188293457,0.03,1.2566092014312744,-0.07526895403862,0.3343007564544678,0.018926318734884262,0.009824679233133793,0.041496071964502335,0.9989111423492432,0,0,0,0,0,0,0,0,0,0,0,0,0,0
5.4632322788238525,2.0,0.0338667631149292,-0.08219558000564575,-0.0345463752746582,0.08275087177753448,-4.35190486907959,1.0837128162384033,-1.9790847301483154,-0.4397435188293457,0.03,1.2566092014312744,-0.07526895403862,0.3343007564544678,0.018926318734884262,0.009824679233133793,0.041496071964502335,0.9989111423492432,0,0,0,0,0,0,0,0,0,0,0,0,0,0
5.46467399597168,2.0,0.0338667631149292,-0.08219558000564575,-0.0345463752746582,0.08275087177753448,-4.35190486907959,1.0837128162384033,-1.9790847301483154,-0.4397435188293457,0.03,1.2566092014312744,-0.07526895403862,0.3343007564544678,0.018926318734884262,0.009824679233133793,0.041496071964502335,0.9989111423492432,0,0,0,0,0,0,0,0,0,0,0,0,0,0
5.465925216674805,2.0,0.0338667631149292,-0.08219558000564575,-0.0345463752746582,0.08275087177753448,-4.35190486907959,1.0837128162384033,-1.9790847301483154,-0.4397435188293457,0.03,1.2566092014312744,-0.07526895403862,0.3343007564544678,0.018926318734884262,0.009824679233133793,0.041496071964502335,0.9989111423492432,0,0,0,0,0,0,0,0,0,0,0,0,0,0
5.467031240463257,2.0,0.0338667631149292,-0.08219558000564575,-0.0345463752746582,0.08275087177753448,-4.35190486907959,1.0837128162384033,-1.9790847301483154,-0.4397435188293457,0.03,1.2566092014312744,-0.07526895403862,0.3343007564544678,0.018926318734884262,0.009824679233133793,0.041496071964502335,0.9989111423492432,0,0,0,0,0,0,0,0,0,0,0,0,0,0
5.468182563781738,2.0,0.0338667631149292,-0.08219558000564575,-0.0345463752746582,0.08275087177753448,-4.35190486907959,1.0837128162384033,-1.9790847301483154,-0.4397435188293457,0.03,1.2566092014312744,-0.07526895403862,0.3343007564544678,0.018926318734884262,0.009824679233133793,0.041496071964502335,0.9989111423492432,0,0,0,0,0,0,0,0,0,0,0,0,0,0
5.470159530639648,2.0,0.0338667631149292,-0.08219558000564575,-0.0345463752746582,0.08275087177753448,-4.35190486907959,1.0837128162384033,-1.9790847301483154,-0.4397435188293457,0.03,1.2566092014312744,-0.07526895403862,0.3343007564544678,0.018926318734884262,0.009824679233133793,0.041496071964502335,0.9989111423492432,0,0,0,0,0,0,0,0,0,0,0,0,0,0
5.4714953899383545,2.0,0.03440248966217041,-0.08219559490680695,-0.03525102138519287,0.0827513039112091,-4.340452671051025,1.0847357511520386,-2.0947721004486084,-0.43868157267570496,0.03,1.2566092014312744,-0.07526895403862,0.3343007564544678,0.018926318734884262,0.009824679233133793,0.041496071964502335,0.9989111423492432,0,0,0,0,0,0,0,0,0,0,0,0,0,0
5.472736358642578,2.0,0.03778648376464844,-0.082172691822052,-0.03814274072647095,0.08270256221294403,-4.515139579772949,1.1385148763656616,-2.649818181991577,-0.5240888595581055,0.03,1.2566092014312744,-0.07526895403862,0.3343007564544678,0.018926318734884262,0.009824679233133793,0.041496071964502335,0.9989111423492432,0,0,0,0,0,0,0,0,0,0,0,0,0,0
5.473812580108643,2.0,0.03778648376464844,-0.082172691822052,-0.03814274072647095,0.08270256221294403,-4.515139579772949,1.1385148763656616,-2.649818181991577,-0.5240888595581055,0.03,1.2566092014312744,-0.07526895403862,0.3343007564544678,0.018926318734884262,0.009824679233133793,0.041496071964502335,0.9989111423492432,0,0,0,0,0,0,0,0,0,0,0,0,0,0
5.4766480922698975,2.0,0.03778648376464844,-0.082172691822052,-0.03814274072647095,0.08270256221294403,-4.515139579772949,1.1385148763656616,-2.649818181991577,-0.5240888595581055,0.03,1.2566092014312744,-0.07526895403862,0.3343007564544678,0.018926318734884262,0.009824679233133793,0.041496071964502335,0.9989111423492432,0,0,0,0,0,0,0,0,0,0,0,0,0,0
5.477762937545776,2.0,0.03778648376464844,-0.082172691822052,-0.03814274072647095,0.08270256221294403,-4.515139579772949,1.1385148763656616,-2.649818181991577,-0.5240888595581055,0.03,1.2566092014312744,-0.07526895403862,0.3343007564544678,0.018926318734884262,0.009824679233133793,0.041496071964502335,0.9989111423492432,0,0,0,0,0,0,0,0,0,0,0,0,0,0
5.479241609573364,2.0,0.03778648376464844,-0.082172691822052,-0.03814274072647095,0.08270256221294403,-4.515139579772949,1.1385148763656616,-2.649818181991577,-0.5240888595581055,0.03,1.2566092014312744,-0.07526895403862,0.3343007564544678,0.018926318734884262,0.009824679233133793,0.041496071964502335,0.9989111423492432,0,0,0,0,0,0,0,0,0,0,0,0,0,0
5.480597734451294,2.0,0.03778648376464844,-0.082172691822052,-0.03814274072647095,0.08270256221294403,-4.515139579772949,1.1385148763656616,-2.649818181991577,-0.5240888595581055,0.03,1.2566092014312744,-0.07526895403862,0.3343007564544678,0.018926318734884262,0.009824679233133793,0.041496071964502335,0.9989111423492432,0,0,0,0,0,0,0,0,0,0,0,0,0,0
5.4821131229400635,2.0,0.03778648376464844,-0.082172691822052,-0.03814274072647095,0.08270256221294403,-4.515139579772949,1.1385148763656616,-2.649818181991577,-0.5240888595581055,0.03,1.2566092014312744,-0.07526895403862,0.3343007564544678,0.018926318734884262,0.009824679233133793,0.041496071964502335,0.9989111423492432,0,0,0,0,0,0,0,0,0,0,0,0,0,0
5.483898878097534,2.0,0.03778648376464844,-0.082172691822052,-0.03814274072647095,0.08270256221294403,-4.515139579772949,1.1385148763656616,-2.649818181991577,-0.5240888595581055,0.03,1.2566092014312744,-0.07526895403862,0.3343007564544678,0.018926318734884262,0.009824679233133793,0.041496071964502335,0.9989111423492432,0,0,0,0,0,0,0,0,0,0,0,0,0,0
5.485206842422485,2.0,0.03778648376464844,-0.082172691822052,-0.03814274072647095,0.08270256221294403,-4.515139579772949,1.1385148763656616,-2.649818181991577,-0.5240888595581055,0.03,1.2566686868667603,-0.0752682164311409,0.33428558707237244,0.018652115017175674,0.009910219348967075,0.0394367016851902,0.9989988207817078,0,0,0,0,0,0,0,0,0,0,0,0,0,0
5.4865357875823975,2.0,0.03778648376464844,-0.082172691822052,-0.03814274072647095,0.08270256221294403,-4.515139579772949,1.1385148763656616,-2.649818181991577,-0.5240888595581055,0.03,1.2567651271820068,-0.07549543678760529,0.33425530791282654,0.02348957024514675,0.010061969049274921,0.07960821688175201,0.9964986443519592,0,0,0,0,0,0,0,0,0,0,0,0,0,0
5.4876368045806885,2.0,0.03778648376464844,-0.082172691822052,-0.03814274072647095,0.08270256221294403,-4.515139579772949,1.1385148763656616,-2.649818181991577,-0.5240888595581055,0.03,1.2567651271820068,-0.07549543678760529,0.33425530791282654,0.02348957024514675,0.010061969049274921,0.07960821688175201,0.9964986443519592,0,0,0,0,0,0,0,0,0,0,0,0,0,0
5.488991022109985,2.0,0.03778648376464844,-0.082172691822052,-0.03814274072647095,0.08270256221294403,-4.515139579772949,1.1385148763656616,-2.649818181991577,-0.5240888595581055,0.03,1.2567651271820068,-0.07549543678760529,0.33425530791282654,0.02348957024514675,0.010061969049274921,0.07960821688175201,0.9964986443519592,0,0,0,0,0,0,0,0,0,0,0,0,0,0
5.490070581436157,2.0,0.03778648376464844,-0.082172691822052,-0.03814274072647095,0.08270256221294403,-4.515139579772949,1.1385148763656616,-2.649818181991577,-0.5240888595581055,0.03,1.2567651271820068,-0.07549543678760529,0.33425530791282654,0.02348957024514675,0.010061969049274921,0.07960821688175201,0.9964986443519592,0,0,0,0,0,0,0,0,0,0,0,0,0,0
5.491888999938965,2.0,0.03778648376464844,-0.082172691822052,-0.03814274072647095,0.08270256221294403,-4.515139579772949,1.1385148763656616,-2.649818181991577,-0.5240888595581055,0.03,1.2567651271820068,-0.07549543678760529,0.33425530791282654,0.02348957024514675,0.010061969049274921,0.07960821688175201,0.9964986443519592,0,0,0,0,0,0,0,0,0,0,0,0,0,0
5.493117332458496,2.0,0.03778648376464844,-0.082172691822052,-0.03814274072647095,0.08270256221294403,-4.515139579772949,1.1385148763656616,-2.649818181991577,-0.5240888595581055,0.03,1.2568717002868652,-0.07557763159275055,0.33417436480522156,0.025618119165301323,0.010153043083846569,0.09709209203720093,0.9948938488960266,0,0,0,0,0,0,0,0,0,0,0,0,0,0
5.494434595108032,2.0,0.03778648376464844,-0.082172691822052,-0.03814274072647095,0.08270256221294403,-4.515139579772949,1.1385148763656616,-2.649818181991577,-0.5240888595581055,0.03,1.2568717002868652,-0.07557763159275055,0.33417436480522156,0.025618119165301323,0.010153043083846569,0.09709209203720093,0.9948938488960266,0,0,0,0,0,0,0,0,0,0,0,0,0,0
5.49734354019165,2.0,0.03778648376464844,-0.082172691822052,-0.03814274072647095,0.08270256221294403,-4.515139579772949,1.1385148763656616,-2.649818181991577,-0.5240888595581055,0.03,1.2568717002868652,-0.07557763159275055,0.33417436480522156,0.025618119165301323,0.010153043083846569,0.09709209203720093,0.9948938488960266,0,0,0,0,0,0,0,0,0,0,0,0,0,0
5.498738765716553,2.0,0.03778648376464844,-0.082172691822052,-0.03814274072647095,0.08270256221294403,-4.515139579772949,1.1385148763656616,-2.649818181991577,-0.5240888595581055,0.03,1.2568717002868652,-0.07557763159275055,0.33417436480522156,0.025618119165301323,0.010153043083846569,0.09709209203720093,0.9948938488960266,0,0,0,0,0,0,0,0,0,0,0,0,0,0
5.500112533569336,2.0,0.03778648376464844,-0.082172691822052,-0.03814274072647095,0.08270256221294403,-4.515139579772949,1.1385148763656616,-2.649818181991577,-0.5240888595581055,0.03,1.2570053339004517,-0.07551006972789764,0.33408123254776,0.02277379482984543,0.010317903012037277,0.07311530411243439,0.9970101118087769,0,0,0,0,0,0,0,0,0,0,0,0,0,0
5.501178026199341,2.0,0.03778648376464844,-0.082172691822052,-0.03814274072647095,0.08270256221294403,-4.515139579772949,1.1385148763656616,-2.649818181991577,-0.5240888595581055,0.03,1.2570053339004517,-0.07551006972789764,0.33408123254776,0.02277379482984543,0.010317903012037277,0.07311530411243439,0.9970101118087769,0,0,0,0,0,0,0,0,0,0,0,0,0,0
5.502432107925415,2.0,0.03778648376464844,-0.082172691822052,-0.03814274072647095,0.08270256221294403,-4.515139579772949,1.1385148763656616,-2.649818181991577,-0.5240888595581055,0.03,1.2570053339004517,-0.07551006972789764,0.33408123254776,0.02277379482984543,0.010317903012037277,0.07311530411243439,0.9970101118087769,0,0,0,0,0,0,0,0,0,0,0,0,0,0
5.503514766693115,2.0,0.03778648376464844,-0.082172691822052,-0.03814274072647095,0.08270256221294403,-4.515139579772949,1.1385148763656616,-2.649818181991577,-0.5240888595581055,0.03,1.2570053339004517,-0.07551006972789764,0.33408123254776,0.02277379482984543,0.010317903012037277,0.07311530411243439,0.9970101118087769,0,0,0,0,0,0,0,0,0,0,0,0,0,0
5.504576206207275,2.0,0.03778648376464844,-0.082172691822052,-0.03814274072647095,0.08270256221294403,-4.515139579772949,1.1385148763656616,-2.649818181991577,-0.5240888595581055,0.03,1.2570053339004517,-0.07551006972789764,0.33408123254776,0.02277379482984543,0.010317903012037277,0.07311530411243439,0.9970101118087769,0,0,0,0,0,0,0,0,0,0,0,0,0,0
5.505638837814331,2.0,0.03778648376464844,-0.082172691822052,-0.03814274072647095,0.08270256221294403,-4.515139579772949,1.1385148763656616,-2.649818181991577,-0.5240888595581055,0.03,1.2570053339004517,-0.07551006972789764,0.33408123254776,0.02277379482984543,0.010317903012037277,0.07311530411243439,0.9970101118087769,0,0,0,0,0,0,0,0,0,0,0,0,0,0
5.506727933883667,2.0,0.03778648376464844,-0.082172691822052,-0.03814274072647095,0.08270256221294403,-4.515139579772949,1.1385148763656616,-2.649818181991577,-0.5240888595581055,0.03,1.2570053339004517,-0.07551006972789764,0.33408123254776,0.02277379482984543,0.010317903012037277,0.07311530411243439,0.9970101118087769,0,0,0,0,0,0,0,0,0,0,0,0,0,0
5.5078020095825195,2.0,0.03778648376464844,-0.082172691822052,-0.03814274072647095,0.08270256221294403,-4.515139579772949,1.1385148763656616,-2.649818181991577,-0.5240888595581055,0.03,1.2570053339004517,-0.07551006972789764,0.33408123254776,0.02277379482984543,0.010317903012037277,0.07311530411243439,0.9970101118087769,0,0,0,0,0,0,0,0,0,0,0,0,0,0
5.5089850425720215,2.0,0.03778648376464844,-0.082172691822052,-0.03814274072647095,0.08270256221294403,-4.515139579772949,1.1385148763656616,-2.649818181991577,-0.5240888595581055,0.03,1.2570053339004517,-0.07551006972789764,0.33408123254776,0.02277379482984543,0.010317903012037277,0.07311530411243439,0.9970101118087769,0,0,0,0,0,0,0,0,0,0,0,0,0,0
5.51020073890686,2.0,0.03778648376464844,-0.082172691822052,-0.03814274072647095,0.08270256221294403,-4.515139579772949,1.1385148763656616,-2.649818181991577,-0.5240888595581055,0.03,1.2570053339004517,-0.07551006972789764,0.33408123254776,0.02277379482984543,0.010317903012037277,0.07311530411243439,0.9970101118087769,0,0,0,0,0,0,0,0,0,0,0,0,0,0
5.511604070663452,2.0,0.03778648376464844,-0.082172691822052,-0.03814274072647095,0.08270256221294403,-4.515139579772949,1.1385148763656616,-2.649818181991577,-0.5240888595581055,0.03,1.2570053339004517,-0.07551006972789764,0.33408123254776,0.02277379482984543,0.010317903012037277,0.07311530411243439,0.9970101118087769,0,0,0,0,0,0,0,0,0,0,0,0,0,0
5.515644788742065,2.0,0.03778648376464844,-0.082172691822052,-0.03814274072647095,0.08270256221294403,-4.515139579772949,1.1385148763656616,-2.649818181991577,-0.5240888595581055,0.03,1.2570053339004517,-0.07551006972789764,0.33408123254776,0.02277379482984543,0.010317903012037277,0.07311530411243439,0.9970101118087769,0,0,0,0,0,0,0,0,0,0,0,0,0,0
5.516712188720703,2.0,0.03778648376464844,-0.082172691822052,-0.03814274072647095,0.08270256221294403,-4.515139579772949,1.1385148763656616,-2.649818181991577,-0.5240888595581055,0.03,1.2570483684539795,-0.07553677260875702,0.3339395821094513,0.023457590490579605,0.010487399064004421,0.07491777092218399,0.9968586564064026,0,0,0,0,0,0,0,0,0,0,0,0,0,0
5.517854690551758,2.0,0.03778648376464844,-0.082172691822052,-0.03814274072647095,0.08270256221294403,-4.515139579772949,1.1385148763656616,-2.649818181991577,-0.5240888595581055,0.03,1.2570483684539795,-0.07553677260875702,0.3339395821094513,0.023457590490579605,0.010487399064004421,0.07491777092218399,0.9968586564064026,0,0,0,0,0,0,0,0,0,0,0,0,0,0
5.51967453956604,2.0,0.03778648376464844,-0.082172691822052,-0.03814274072647095,0.08270256221294403,-4.515139579772949,1.1385148763656616,-2.649818181991577,-0.5240888595581055,0.03,1.2570483684539795,-0.07553677260875702,0.3339395821094513,0.023457590490579605,0.010487399064004421,0.07491777092218399,0.9968586564064026,0,0,0,0,0,0,0,0,0,0,0,0,0,0
5.520752191543579,2.0,0.03778648376464844,-0.082172691822052,-0.03814274072647095,0.08270256221294403,-4.515139579772949,1.1385148763656616,-2.649818181991577,-0.5240888595581055,0.03,1.2570483684539795,-0.07553677260875702,0.3339395821094513,0.023457590490579605,0.010487399064004421,0.07491777092218399,0.9968586564064026,0,0,0,0,0,0,0,0,0,0,0,0,0,0
5.521887302398682,2.0,0.03778648376464844,-0.082172691822052,-0.03814274072647095,0.08270256221294403,-4.515139579772949,1.1385148763656616,-2.649818181991577,-0.5240888595581055,0.03,1.2570483684539795,-0.07553677260875702,0.3339395821094513,0.023457590490579605,0.010487399064004421,0.07491777092218399,0.9968586564064026,0,0,0,0,0,0,0,0,0,0,0,0,0,0
5.523014545440674,2.0,0.03778648376464844,-0.082172691822052,-0.03814274072647095,0.08270256221294403,-4.515139579772949,1.1385148763656616,-2.649818181991577,-0.5240888595581055,0.03,1.2570483684539795,-0.07553677260875702,0.3339395821094513,0.023457590490579605,0.010487399064004421,0.07491777092218399,0.9968586564064026,0,0,0,0,0,0,0,0,0,0,0,0,0,0
5.525161981582642,2.0,0.03778648376464844,-0.082172691822052,-0.03814274072647095,0.08270256221294403,-4.515139579772949,1.1385148763656616,-2.649818181991577,-0.5240888595581055,0.03,1.2570483684539795,-0.07553677260875702,0.3339395821094513,0.023457590490579605,0.010487399064004421,0.07491777092218399,0.9968586564064026,0,0,0,0,0,0,0,0,0,0,0,0,0,0
5.5266501903533936,2.0,0.03778648376464844,-0.082172691822052,-0.03814274072647095,0.08270256221294403,-4.515139579772949,1.1385148763656616,-2.649818181991577,-0.5240888595581055,0.03,1.2570483684539795,-0.07553677260875702,0.3339395821094513,0.023457590490579605,0.010487399064004421,0.07491777092218399,0.9968586564064026,0,0,0,0,0,0,0,0,0,0,0,0,0,0
5.5278706550598145,2.0,0.03778648376464844,-0.082172691822052,-0.03814274072647095,0.08270256221294403,-4.515139579772949,1.1385148763656616,-2.649818181991577,-0.5240888595581055,0.03,1.2570483684539795,-0.07553677260875702,0.3339395821094513,0.023457590490579605,0.010487399064004421,0.07491777092218399,0.9968586564064026,0,0,0,0,0,0,0,0,0,0,0,0,0,0
5.52909255027771,2.0,0.03778648376464844,-0.082172691822052,-0.03814274072647095,0.08270256221294403,-4.515139579772949,1.1385148763656616,-2.649818181991577,-0.5240888595581055,0.03,1.2570483684539795,-0.07553677260875702,0.3339395821094513,0.023457590490579605,0.010487399064004421,0.07491777092218399,0.9968586564064026,0,0,0,0,0,0,0,0,0,0,0,0,0,0
5.530478239059448,2.0,0.03778648376464844,-0.082172691822052,-0.03814274072647095,0.08270256221294403,-4.515139579772949,1.1385148763656616,-2.649818181991577,-0.5240888595581055,0.03,1.2570483684539795,-0.07553677260875702,0.3339395821094513,0.023457590490579605,0.010487399064004421,0.07491777092218399,0.9968586564064026,0,0,0,0,0,0,0,0,0,0,0,0,0,0
5.532389163970947,2.0,0.03778648376464844,-0.082172691822052,-0.03814274072647095,0.08270256221294403,-4.515139579772949,1.1385148763656616,-2.649818181991577,-0.5240888595581055,0.03,1.2570483684539795,-0.07553677260875702,0.3339395821094513,0.023457590490579605,0.010487399064004421,0.07491777092218399,0.9968586564064026,0,0,0,0,0,0,0,0,0,0,0,0,0,0
5.536321401596069,2.0,0.03778648376464844,-0.082172691822052,-0.03814274072647095,0.08270256221294403,-4.515139579772949,1.1385148763656616,-2.649818181991577,-0.5240888595581055,0.03,1.2570483684539795,-0.07553677260875702,0.3339395821094513,0.023457590490579605,0.010487399064004421,0.07491777092218399,0.9968586564064026,0,0,0,0,0,0,0,0,0,0,0,0,0,0
5.537397623062134,2.0,0.03778648376464844,-0.082172691822052,-0.03814274072647095,0.08270256221294403,-4.515139579772949,1.1385148763656616,-2.649818181991577,-0.5240888595581055,0.03,1.2570483684539795,-0.07553677260875702,0.3339395821094513,0.023457590490579605,0.010487399064004421,0.07491777092218399,0.9968586564064026,0,0,0,0,0,0,0,0,0,0,0,0,0,0
5.53876519203186,2.0,0.03778648376464844,-0.082172691822052,-0.03814274072647095,0.08270256221294403,-4.515139579772949,1.1385148763656616,-2.649818181991577,-0.5240888595581055,0.03,1.2570483684539795,-0.07553677260875702,0.3339395821094513,0.023457590490579605,0.010487399064004421,0.07491777092218399,0.9968586564064026,0,0,0,0,0,0,0,0,0,0,0,0,0,0
5.53994607925415,2.0,0.03778648376464844,-0.082172691822052,-0.03814274072647095,0.08270256221294403,-4.515139579772949,1.1385148763656616,-2.649818181991577,-0.5240888595581055,0.03,1.2570483684539795,-0.07553677260875702,0.3339395821094513,0.023457590490579605,0.010487399064004421,0.07491777092218399,0.9968586564064026,0,0,0,0,0,0,0,0,0,0,0,0,0,0
5.542236089706421,2.0,0.03778648376464844,-0.082172691822052,-0.03814274072647095,0.08270256221294403,-4.515139579772949,1.1385148763656616,-2.649818181991577,-0.5240888595581055,0.03,1.2570483684539795,-0.07553677260875702,0.3339395821094513,0.023457590490579605,0.010487399064004421,0.07491777092218399,0.9968586564064026,0,0,0,0,0,0,0,0,0,0,0,0,0,0
5.543331623077393,2.0,0.03778648376464844,-0.082172691822052,-0.03814274072647095,0.08270256221294403,-4.515139579772949,1.1385148763656616,-2.649818181991577,-0.5240888595581055,0.03,1.2570483684539795,-0.07553677260875702,0.3339395821094513,0.023457590490579605,0.010487399064004421,0.07491777092218399,0.9968586564064026,0,0,0,0,0,0,0,0,0,0,0,0,0,0
5.544568777084351,2.0,0.03778648376464844,-0.082172691822052,-0.03814274072647095,0.08270256221294403,-4.515139579772949,1.1385148763656616,-2.649818181991577,-0.5240888595581055,0.03,1.2570483684539795,-0.07553677260875702,0.3339395821094513,0.023457590490579605,0.010487399064004421,0.07491777092218399,0.9968586564064026,0,0,0,0,0,0,0,0,0,0,0,0,0,0
5.547469615936279,2.0,0.03778648376464844,-0.082172691822052,-0.03814274072647095,0.08270256221294403,-4.515139579772949,1.1385148763656616,-2.649818181991577,-0.5240888595581055,0.03,1.2570483684539795,-0.07553677260875702,0.3339395821094513,0.023457590490579605,0.010487399064004421,0.07491777092218399,0.9968586564064026,0,0,0,0,0,0,0,0,0,0,0,0,0,0
5.548842191696167,2.0,0.03778648376464844,-0.082172691822052,-0.03814274072647095,0.08270256221294403,-4.515139579772949,1.1385148763656616,-2.649818181991577,-0.5240888595581055,0.03,1.2570483684539795,-0.07553677260875702,0.3339395821094513,0.023457590490579605,0.010487399064004421,0.07491777092218399,0.9968586564064026,0,0,0,0,0,0,0,0,0,0,0,0,0,0
5.552088737487793,2.0,0.03778648376464844,-0.082172691822052,-0.03814274072647095,0.08270256221294403,-4.515139579772949,1.1385148763656616,-2.649818181991577,-0.5240888595581055,0.03,1.2570483684539795,-0.07553677260875702,0.3339395821094513,0.023457590490579605,0.010487399064004421,0.07491777092218399,0.9968586564064026,0,0,0,0,0,0,0,0,0,0,0,0,0,0
5.553286790847778,2.0,0.03778648376464844,-0.082172691822052,-0.03814274072647095,0.08270256221294403,-4.515139579772949,1.1385148763656616,-2.649818181991577,-0.5240888595581055,0.03,1.2570483684539795,-0.07553677260875702,0.3339395821094513,0.023457590490579605,0.010487399064004421,0.07491777092218399,0.9968586564064026,0,0,0,0,0,0,0,0,0,0,0,0,0,0
5.554651737213135,2.0,0.03778648376464844,-0.082172691822052,-0.03814274072647095,0.08270256221294403,-4.515139579772949,1.1385148763656616,-2.649818181991577,-0.5240888595581055,0.03,1.2570483684539795,-0.07553677260875702,0.3339395821094513,0.023457590490579605,0.010487399064004421,0.07491777092218399,0.9968586564064026,0,0,0,0,0,0,0,0,0,0,0,0,0,0
5.555920839309692,2.0,0.03778648376464844,-0.082172691822052,-0.03814274072647095,0.08270256221294403,-4.515139579772949,1.1385148763656616,-2.649818181991577,-0.5240888595581055,0.03,1.2570483684539795,-0.07553677260875702,0.3339395821094513,0.023457590490579605,0.010487399064004421,0.07491777092218399,0.9968586564064026,0,0,0,0,0,0,0,0,0,0,0,0,0,0
5.5579822063446045,2.0,0.03778648376464844,-0.082172691822052,-0.03814274072647095,0.08270256221294403,-4.515139579772949,1.1385148763656616,-2.649818181991577,-0.5240888595581055,0.03,1.2570483684539795,-0.07553677260875702,0.3339395821094513,0.023457590490579605,0.010487399064004421,0.07491777092218399,0.9968586564064026,0,0,0,0,0,0,0,0,0,0,0,0,0,0
5.559391260147095,2.0,0.03778648376464844,-0.082172691822052,-0.03814274072647095,0.08270256221294403,-4.515139579772949,1.1385148763656616,-2.649818181991577,-0.5240888595581055,0.03,1.2570483684539795,-0.07553677260875702,0.3339395821094513,0.023457590490579605,0.010487399064004421,0.07491777092218399,0.9968586564064026,0,0,0,0,0,0,0,0,0,0,0,0,0,0
5.560478210449219,2.0,0.03778648376464844,-0.082172691822052,-0.03814274072647095,0.08270256221294403,-4.515139579772949,1.1385148763656616,-2.649818181991577,-0.5240888595581055,0.03,1.2570483684539795,-0.07553677260875702,0.3339395821094513,0.023457590490579605,0.010487399064004421,0.07491777092218399,0.9968586564064026,0,0,0,0,0,0,0,0,0,0,0,0,0,0
5.561660528182983,2.0,0.03778648376464844,-0.082172691822052,-0.03814274072647095,0.08270256221294403,-4.515139579772949,1.1385148763656616,-2.649818181991577,-0.5240888595581055,0.03,1.2570483684539795,-0.07553677260875702,0.3339395821094513,0.023457590490579605,0.010487399064004421,0.07491777092218399,0.9968586564064026,0,0,0,0,0,0,0,0,0,0,0,0,0,0
5.564091682434082,2.0,0.03778648376464844,-0.082172691822052,-0.03814274072647095,0.08270256221294403,-4.515139579772949,1.1385148763656616,-2.649818181991577,-0.5240888595581055,0.03,1.2570483684539795,-0.07553677260875702,0.3339395821094513,0.023457590490579605,0.010487399064004421,0.07491777092218399,0.9968586564064026,0,0,0,0,0,0,0,0,0,0,0,0,0,0
5.565496206283569,2.0,0.03778648376464844,-0.082172691822052,-0.03814274072647095,0.08270256221294403,-4.515139579772949,1.1385148763656616,-2.649818181991577,-0.5240888595581055,0.03,1.2570483684539795,-0.07553677260875702,0.3339395821094513,0.023457590490579605,0.010487399064004421,0.07491777092218399,0.9968586564064026,0,0,0,0,0,0,0,0,0,0,0,0,0,0
5.566563129425049,2.0,0.03778648376464844,-0.082172691822052,-0.03814274072647095,0.08270256221294403,-4.515139579772949,1.1385148763656616,-2.649818181991577,-0.5240888595581055,0.03,1.2570483684539795,-0.07553677260875702,0.3339395821094513,0.023457590490579605,0.010487399064004421,0.07491777092218399,0.9968586564064026,0,0,0,0,0,0,0,0,0,0,0,0,0,0
5.567730188369751,2.0,0.03778648376464844,-0.082172691822052,-0.03814274072647095,0.08270256221294403,-4.515139579772949,1.1385148763656616,-2.649818181991577,-0.5240888595581055,0.03,1.2570483684539795,-0.07553677260875702,0.3339395821094513,0.023457590490579605,0.010487399064004421,0.07491777092218399,0.9968586564064026,0,0,0,0,0,0,0,0,0,0,0,0,0,0
5.5696961879730225,2.0,0.03778648376464844,-0.082172691822052,-0.03814274072647095,0.08270256221294403,-4.515139579772949,1.1385148763656616,-2.649818181991577,-0.5240888595581055,0.03,1.2570483684539795,-0.07553677260875702,0.3339395821094513,0.023457590490579605,0.010487399064004421,0.07491777092218399,0.9968586564064026,0,0,0,0,0,0,0,0,0,0,0,0,0,0
5.57101845741272,2.0,0.03778648376464844,-0.082172691822052,-0.03814274072647095,0.08270256221294403,-4.515139579772949,1.1385148763656616,-2.649818181991577,-0.5240888595581055,0.03,1.2570483684539795,-0.07553677260875702,0.3339395821094513,0.023457590490579605,0.010487399064004421,0.07491777092218399,0.9968586564064026,0,0,0,0,0,0,0,0,0,0,0,0,0,0
5.572255611419678,2.0,0.03778648376464844,-0.082172691822052,-0.03814274072647095,0.08270256221294403,-4.515139579772949,1.1385148763656616,-2.649818181991577,-0.5240888595581055,0.03,1.2570483684539795,-0.07553677260875702,0.3339395821094513,0.023457590490579605,0.010487399064004421,0.07491777092218399,0.9968586564064026,0,0,0,0,0,0,0,0,0,0,0,0,0,0
5.573330640792847,2.0,0.03778648376464844,-0.082172691822052,-0.03814274072647095,0.08270256221294403,-4.515139579772949,1.1385148763656616,-2.649818181991577,-0.5240888595581055,0.03,1.2570483684539795,-0.07553677260875702,0.3339395821094513,0.023457590490579605,0.010487399064004421,0.07491777092218399,0.9968586564064026,0,0,0,0,0,0,0,0,0,0,0,0,0,0
5.574468612670898,2.0,0.03778648376464844,-0.082172691822052,-0.03814274072647095,0.08270256221294403,-4.515139579772949,1.1385148763656616,-2.649818181991577,-0.5240888595581055,0.03,1.2570483684539795,-0.07553677260875702,0.3339395821094513,0.023457590490579605,0.010487399064004421,0.07491777092218399,0.9968586564064026,0,0,0,0,0,0,0,0,0,0,0,0,0,0
5.575531959533691,2.0,0.03778648376464844,-0.082172691822052,-0.03814274072647095,0.08270256221294403,-4.515139579772949,1.1385148763656616,-2.649818181991577,-0.5240888595581055,0.03,1.2570483684539795,-0.07553677260875702,0.3339395821094513,0.023457590490579605,0.010487399064004421,0.07491777092218399,0.9968586564064026,0,0,0,0,0,0,0,0,0,0,0,0,0,0
5.576781988143921,2.0,0.03778648376464844,-0.082172691822052,-0.03814274072647095,0.08270256221294403,-4.515139579772949,1.1385148763656616,-2.649818181991577,-0.5240888595581055,0.03,1.2570483684539795,-0.07553677260875702,0.3339395821094513,0.023457590490579605,0.010487399064004421,0.07491777092218399,0.9968586564064026,0,0,0,0,0,0,0,0,0,0,0,0,0,0
5.577945947647095,2.0,0.03778648376464844,-0.082172691822052,-0.03814274072647095,0.08270256221294403,-4.515139579772949,1.1385148763656616,-2.649818181991577,-0.5240888595581055,0.03,1.2570483684539795,-0.07553677260875702,0.3339395821094513,0.023457590490579605,0.010487399064004421,0.07491777092218399,0.9968586564064026,0,0,0,0,0,0,0,0,0,0,0,0,0,0
5.579030752182007,2.0,0.03778648376464844,-0.082172691822052,-0.03814274072647095,0.08270256221294403,-4.515139579772949,1.1385148763656616,-2.649818181991577,-0.5240888595581055,0.03,1.2570483684539795,-0.07553677260875702,0.3339395821094513,0.023457590490579605,0.010487399064004421,0.07491777092218399,0.9968586564064026,0,0,0,0,0,0,0,0,0,0,0,0,0,0
5.580190658569336,2.0,0.03778648376464844,-0.082172691822052,-0.03814274072647095,0.08270256221294403,-4.515139579772949,1.1385148763656616,-2.649818181991577,-0.5240888595581055,0.03,1.2570483684539795,-0.07553677260875702,0.3339395821094513,0.023457590490579605,0.010487399064004421,0.07491777092218399,0.9968586564064026,0,0,0,0,0,0,0,0,0,0,0,0,0,0
5.5828857421875,2.0,0.03778648376464844,-0.082172691822052,-0.03814274072647095,0.08270256221294403,-4.515139579772949,1.1385148763656616,-2.649818181991577,-0.5240888595581055,0.03,1.2570483684539795,-0.07553677260875702,0.3339395821094513,0.023457590490579605,0.010487399064004421,0.07491777092218399,0.9968586564064026,0,0,0,0,0,0,0,0,0,0,0,0,0,0
5.583966016769409,2.0,0.03778648376464844,-0.082172691822052,-0.03814274072647095,0.08270256221294403,-4.515139579772949,1.1385148763656616,-2.649818181991577,-0.5240888595581055,0.03,1.2571568489074707,-0.07571390271186829,0.33387491106987,0.024783283472061157,0.010346438735723495,0.08736086636781693,0.9958147406578064,0,0,0,0,0,0,0,0,0,0,0,0,0,0
5.5850560665130615,2.0,0.03778648376464844,-0.082172691822052,-0.03814274072647095,0.08270256221294403,-4.515139579772949,1.1385148763656616,-2.649818181991577,-0.5240888595581055,0.03,1.2571568489074707,-0.07571390271186829,0.33387491106987,0.024783283472061157,0.010346438735723495,0.08736086636781693,0.9958147406578064,0,0,0,0,0,0,0,0,0,0,0,0,0,0
5.586361885070801,2.0,0.03778648376464844,-0.082172691822052,-0.03814274072647095,0.08270256221294403,-4.515139579772949,1.1385148763656616,-2.649818181991577,-0.5240888595581055,0.03,1.2571568489074707,-0.07571390271186829,0.33387491106987,0.024783283472061157,0.010346438735723495,0.08736086636781693,0.9958147406578064,0,0,0,0,0,0,0,0,0,0,0,0,0,0
5.587576389312744,2.0,0.03778648376464844,-0.082172691822052,-0.03814274072647095,0.08270256221294403,-4.515139579772949,1.1385148763656616,-2.649818181991577,-0.5240888595581055,0.03,1.2571568489074707,-0.07571390271186829,0.33387491106987,0.024783283472061157,0.010346438735723495,0.08736086636781693,0.9958147406578064,0,0,0,0,0,0,0,0,0,0,0,0,0,0
5.589023113250732,2.0,0.03879225254058838,-0.0821877270936966,-0.03912556171417236,0.08268855512142181,-4.618600368499756,1.1128227710723877,-2.737295627593994,-0.5155172348022461,0.03,1.2571568489074707,-0.07571390271186829,0.33387491106987,0.024783283472061157,0.010346438735723495,0.08736086636781693,0.9958147406578064,0,0,0,0,0,0,0,0,0,0,0,0,0,0
5.591413259506226,2.0,0.0423353910446167,-0.08222265541553497,-0.04304772615432739,0.08268837630748749,-5.322497844696045,1.1004295349121094,-2.937350034713745,-0.5171069502830505,0.03,1.2571568489074707,-0.07571390271186829,0.33387491106987,0.024783283472061157,0.010346438735723495,0.08736086636781693,0.9958147406578064,0,0,0,0,0,0,0,0,0,0,0,0,0,0
5.593579053878784,2.0,0.0423353910446167,-0.08222265541553497,-0.04304772615432739,0.08268837630748749,-5.322497844696045,1.1004295349121094,-2.937350034713745,-0.5171069502830505,0.03,1.2571568489074707,-0.07571390271186829,0.33387491106987,0.024783283472061157,0.010346438735723495,0.08736086636781693,0.9958147406578064,0,0,0,0,0,0,0,0,0,0,0,0,0,0
5.594646692276001,2.0,0.0423353910446167,-0.08222265541553497,-0.04304772615432739,0.08268837630748749,-5.322497844696045,1.1004295349121094,-2.937350034713745,-0.5171069502830505,0.03,1.2571568489074707,-0.07571390271186829,0.33387491106987,0.024783283472061157,0.010346438735723495,0.08736086636781693,0.9958147406578064,0,0,0,0,0,0,0,0,0,0,0,0,0,0
5.5958497524261475,2.0,0.0423353910446167,-0.08222265541553497,-0.04304772615432739,0.08268837630748749,-5.322497844696045,1.1004295349121094,-2.937350034713745,-0.5171069502830505,0.03,1.2571568489074707,-0.07571390271186829,0.33387491106987,0.024783283472061157,0.010346438735723495,0.08736086636781693,0.9958147406578064,0,0,0,0,0,0,0,0,0,0,0,0,0,0
5.5970892906188965,2.0,0.0423353910446167,-0.08222265541553497,-0.04304772615432739,0.08268837630748749,-5.322497844696045,1.1004295349121094,-2.937350034713745,-0.5171069502830505,0.03,1.2571568489074707,-0.07571390271186829,0.33387491106987,0.024783283472061157,0.010346438735723495,0.08736086636781693,0.9958147406578064,0,0,0,0,0,0,0,0,0,0,0,0,0,0
5.598333835601807,2.0,0.0423353910446167,-0.08222265541553497,-0.04304772615432739,0.08268837630748749,-5.322497844696045,1.1004295349121094,-2.937350034713745,-0.5171069502830505,0.03,1.2571568489074707,-0.07571390271186829,0.33387491106987,0.024783283472061157,0.010346438735723495,0.08736086636781693,0.9958147406578064,0,0,0,0,0,0,0,0,0,0,0,0,0,0
5.599605083465576,2.0,0.0423353910446167,-0.08222265541553497,-0.04304772615432739,0.08268837630748749,-5.322497844696045,1.1004295349121094,-2.937350034713745,-0.5171069502830505,0.03,1.2571568489074707,-0.07571390271186829,0.33387491106987,0.024783283472061157,0.010346438735723495,0.08736086636781693,0.9958147406578064,0,0,0,0,0,0,0,0,0,0,0,0,0,0
5.6008195877075195,2.0,0.0423353910446167,-0.08222265541553497,-0.04304772615432739,0.08268837630748749,-5.322497844696045,1.1004295349121094,-2.937350034713745,-0.5171069502830505,0.03,1.2571568489074707,-0.07571390271186829,0.33387491106987,0.024783283472061157,0.010346438735723495,0.08736086636781693,0.9958147406578064,0,0,0,0,0,0,0,0,0,0,0,0,0,0
5.601984739303589,2.0,0.0423353910446167,-0.08222265541553497,-0.04304772615432739,0.08268837630748749,-5.322497844696045,1.1004295349121094,-2.937350034713745,-0.5171069502830505,0.03,1.2571568489074707,-0.07571390271186829,0.33387491106987,0.024783283472061157,0.010346438735723495,0.08736086636781693,0.9958147406578064,0,0,0,0,0,0,0,0,0,0,0,0,0,0
5.603091716766357,2.0,0.0423353910446167,-0.08222265541553497,-0.04304772615432739,0.08268837630748749,-5.322497844696045,1.1004295349121094,-2.937350034713745,-0.5171069502830505,0.03,1.2571568489074707,-0.07571390271186829,0.33387491106987,0.024783283472061157,0.010346438735723495,0.08736086636781693,0.9958147406578064,0,0,0,0,0,0,0,0,0,0,0,0,0,0
5.604686260223389,2.0,0.0423353910446167,-0.08222265541553497,-0.04304772615432739,0.08268837630748749,-5.322497844696045,1.1004295349121094,-2.937350034713745,-0.5171069502830505,0.03,1.2571568489074707,-0.07571390271186829,0.33387491106987,0.024783283472061157,0.010346438735723495,0.08736086636781693,0.9958147406578064,0,0,0,0,0,0,0,0,0,0,0,0,0,0
5.608620882034302,2.0,0.0423353910446167,-0.08222265541553497,-0.04304772615432739,0.08268837630748749,-5.322497844696045,1.1004295349121094,-2.937350034713745,-0.5171069502830505,0.03,1.2571568489074707,-0.07571390271186829,0.33387491106987,0.024783283472061157,0.010346438735723495,0.08736086636781693,0.9958147406578064,0,0,0,0,0,0,0,0,0,0,0,0,0,0
5.611109733581543,2.0,0.0423353910446167,-0.08222265541553497,-0.04304772615432739,0.08268837630748749,-5.322497844696045,1.1004295349121094,-2.937350034713745,-0.5171069502830505,0.03,1.2572110891342163,-0.07570764422416687,0.3338446319103241,0.02736818417906761,0.010552503168582916,0.10896220803260803,0.9936131238937378,0,0,0,0,0,0,0,0,0,0,0,0,0,0
5.61217999458313,2.0,0.0423353910446167,-0.08222265541553497,-0.04304772615432739,0.08268837630748749,-5.322497844696045,1.1004295349121094,-2.937350034713745,-0.5171069502830505,0.03,1.2572110891342163,-0.07570764422416687,0.3338446319103241,0.02736818417906761,0.010552503168582916,0.10896220803260803,0.9936131238937378,0,0,0,0,0,0,0,0,0,0,0,0,0,0
5.613395929336548,2.0,0.0423353910446167,-0.08222265541553497,-0.04304772615432739,0.08268837630748749,-5.322497844696045,1.1004295349121094,-2.937350034713745,-0.5171069502830505,0.03,1.2572110891342163,-0.07570764422416687,0.3338446319103241,0.02736818417906761,0.010552503168582916,0.10896220803260803,0.9936131238937378,0,0,0,0,0,0,0,0,0,0,0,0,0,0
5.6145124435424805,2.0,0.0423353910446167,-0.08222265541553497,-0.04304772615432739,0.08268837630748749,-5.322497844696045,1.1004295349121094,-2.937350034713745,-0.5171069502830505,0.03,1.2572110891342163,-0.07570764422416687,0.3338446319103241,0.02736818417906761,0.010552503168582916,0.10896220803260803,0.9936131238937378,0,0,0,0,0,0,0,0,0,0,0,0,0,0
5.615678071975708,2.0,0.0423353910446167,-0.08222265541553497,-0.04304772615432739,0.08268837630748749,-5.322497844696045,1.1004295349121094,-2.937350034713745,-0.5171069502830505,0.03,1.2572110891342163,-0.07570764422416687,0.3338446319103241,0.02736818417906761,0.010552503168582916,0.10896220803260803,0.9936131238937378,0,0,0,0,0,0,0,0,0,0,0,0,0,0
5.617570161819458,2.0,0.0423353910446167,-0.08222265541553497,-0.04304772615432739,0.08268837630748749,-5.322497844696045,1.1004295349121094,-2.937350034713745,-0.5171069502830505,0.03,1.2572110891342163,-0.07570764422416687,0.3338446319103241,0.02736818417906761,0.010552503168582916,0.10896220803260803,0.9936131238937378,0,0,0,0,0,0,0,0,0,0,0,0,0,0
5.61864447593689,2.0,0.0423353910446167,-0.08222265541553497,-0.04304772615432739,0.08268837630748749,-5.322497844696045,1.1004295349121094,-2.937350034713745,-0.5171069502830505,0.03,1.2572110891342163,-0.07570764422416687,0.3338446319103241,0.02736818417906761,0.010552503168582916,0.10896220803260803,0.9936131238937378,0,0,0,0,0,0,0,0,0,0,0,0,0,0
5.61973237991333,2.0,0.0423353910446167,-0.08222265541553497,-0.04304772615432739,0.08268837630748749,-5.322497844696045,1.1004295349121094,-2.937350034713745,-0.5171069502830505,0.03,1.25737464427948,-0.07586754113435745,0.33380910754203796,0.026127208024263382,0.01105975080281496,0.09094416350126266,0.9954518675804138,0,0,0,0,0,0,0,0,0,0,0,0,0,0
5.620849847793579,2.0,0.0423353910446167,-0.08222265541553497,-0.04304772615432739,0.08268837630748749,-5.322497844696045,1.1004295349121094,-2.937350034713745,-0.5171069502830505,0.03,1.25737464427948,-0.07586754113435745,0.33380910754203796,0.026127208024263382,0.01105975080281496,0.09094416350126266,0.9954518675804138,0,0,0,0,0,0,0,0,0,0,0,0,0,0
5.621962547302246,2.0,0.0423353910446167,-0.08222265541553497,-0.04304772615432739,0.08268837630748749,-5.322497844696045,1.1004295349121094,-2.937350034713745,-0.5171069502830505,0.03,1.25737464427948,-0.07586754113435745,0.33380910754203796,0.026127208024263382,0.01105975080281496,0.09094416350126266,0.9954518675804138,0,0,0,0,0,0,0,0,0,0,0,0,0,0
5.623464584350586,2.0,0.0423353910446167,-0.08222265541553497,-0.04304772615432739,0.08268837630748749,-5.322497844696045,1.1004295349121094,-2.937350034713745,-0.5171069502830505,0.03,1.25737464427948,-0.07586754113435745,0.33380910754203796,0.026127208024263382,0.01105975080281496,0.09094416350126266,0.9954518675804138,0,0,0,0,0,0,0,0,0,0,0,0,0,0
5.626829385757446,2.0,0.0423353910446167,-0.08222265541553497,-0.04304772615432739,0.08268837630748749,-5.322497844696045,1.1004295349121094,-2.937350034713745,-0.5171069502830505,0.03,1.25737464427948,-0.07586754113435745,0.33380910754203796,0.026127208024263382,0.01105975080281496,0.09094416350126266,0.9954518675804138,0,0,0,0,0,0,0,0,0,0,0,0,0,0
5.627915382385254,2.0,0.0423353910446167,-0.08222265541553497,-0.04304772615432739,0.08268837630748749,-5.322497844696045,1.1004295349121094,-2.937350034713745,-0.5171069502830505,0.03,1.25737464427948,-0.07586754113435745,0.33380910754203796,0.026127208024263382,0.01105975080281496,0.09094416350126266,0.9954518675804138,0,0,0,0,0,0,0,0,0,0,0,0,0,0
5.629492521286011,2.0,0.0423353910446167,-0.08222265541553497,-0.04304772615432739,0.08268837630748749,-5.322497844696045,1.1004295349121094,-2.937350034713745,-0.5171069502830505,0.03,1.25737464427948,-0.07586754113435745,0.33380910754203796,0.026127208024263382,0.01105975080281496,0.09094416350126266,0.9954518675804138,0,0,0,0,0,0,0,0,0,0,0,0,0,0
5.631257057189941,2.0,0.05174654349684715,-0.08224226534366608,-0.0527079701423645,0.08256593346595764,-6.236234188079834,1.1515213251113892,-3.702970504760742,-0.671110987663269,0.03,1.25737464427948,-0.07586754113435745,0.33380910754203796,0.026127208024263382,0.01105975080281496,0.09094416350126266,0.9954518675804138,0,0,0,0,0,0,0,0,0,0,0,0,0,0
5.632601261138916,2.0,0.05199328064918518,-0.08225692808628082,-0.05325871706008911,0.08256743848323822,-6.379154682159424,1.1250920295715332,-3.587552070617676,-0.6635521054267883,0.03,1.257515549659729,-0.07599880546331406,0.3335883319377899,0.025171520188450813,0.011510743759572506,0.0832127034664154,0.9961473345756531,0,0,0,0,0,0,0,0,0,0,0,0,0,0
5.634877443313599,2.0,0.06705120205879211,-0.08219631016254425,-0.06935560703277588,0.08226272463798523,-8.235447883605957,1.3099956512451172,-4.45322322845459,-0.9870216846466064,0.03,1.257569432258606,-0.07598970085382462,0.33358725905418396,0.024633273482322693,0.011600866913795471,0.07943982630968094,0.9964677095413208,0,0,0,0,0,0,0,0,0,0,0,0,0,0
5.636143922805786,3.0,0.06823864579200745,-0.08218318223953247,-0.07061496376991272,0.08222220838069916,-8.48094654083252,1.3122122287750244,-4.750550746917725,-1.0475362539291382,0.03,1.257569432258606,-0.07598970085382462,0.33358725905418396,0.024633273482322693,0.011600866913795471,0.07943982630968094,0.9964677095413208,0,0,0,0,0,0,0,0,0,0,0,0,0,0
5.63923716545105,3.0,0.06906318664550781,-0.08208347856998444,-0.07126301527023315,0.08218391239643097,-7.375393867492676,-0.28978562355041504,-3.643413543701172,0.69198077917099,0.03,1.257569432258606,-0.07598970085382462,0.33358725905418396,0.024633273482322693,0.011600866913795471,0.07943982630968094,0.9964677095413208,0,0,0,0,0,0,0,0,0,0,0,0,0,0
5.64038610458374,3.0,0.06906318664550781,-0.08208347856998444,-0.07126301527023315,0.08218391239643097,-7.375393867492676,-0.28978562355041504,-3.643413543701172,0.69198077917099,0.03,1.257569432258606,-0.07598970085382462,0.33358725905418396,0.024633273482322693,0.011600866913795471,0.07943982630968094,0.9964677095413208,0,0,0,0,0,0,0,0,0,0,0,0,0,0
5.642128229141235,3.0,0.0692603811621666,-0.07852858304977417,-0.07126617431640625,0.07862675189971924,-5.35483980178833,-3.870684862136841,-1.7980400323867798,4.25317907333374,0.03,1.257569432258606,-0.07598970085382462,0.33358725905418396,0.024633273482322693,0.011600866913795471,0.07943982630968094,0.9964677095413208,0,0,0,0,0,0,0,0,0,0,0,0,0,0
5.643773794174194,3.0,0.06928221136331558,-0.0774499773979187,-0.071175217628479,0.07734057307243347,-4.709356784820557,-5.110013961791992,-1.3284029960632324,5.1440653800964355,0.03,1.2576167583465576,-0.07616827636957169,0.3335387408733368,0.024620357900857925,0.01183133665472269,0.08042021840810776,0.9963867664337158,0,0,0,0,0,0,0,0,0,0,0,0,0,0
5.644919395446777,3.0,0.0692308247089386,-0.07713412493467331,-0.07116314768791199,0.07700976729393005,-4.609555244445801,-5.58416223526001,-1.0637197494506836,5.6396260261535645,0.03,1.2576167583465576,-0.07616827636957169,0.3335387408733368,0.024620357900857925,0.01183133665472269,0.08042021840810776,0.9963867664337158,0,0,0,0,0,0,0,0,0,0,0,0,0,0
5.646183252334595,3.0,0.06933127343654633,-0.07433557510375977,-0.07121109962463379,0.07384693622589111,-3.4254698753356934,-6.738776206970215,0.03723412752151489,5.9898529052734375,0.03,1.2576167583465576,-0.07616827636957169,0.3335387408733368,0.024620357900857925,0.01183133665472269,0.08042021840810776,0.9963867664337158,0,0,0,0,0,0,0,0,0,0,0,0,0,0
5.648025751113892,3.0,0.06933127343654633,-0.07433557510375977,-0.07121109962463379,0.07384693622589111,-3.4254698753356934,-6.738776206970215,0.03723412752151489,5.9898529052734375,0.03,1.2576167583465576,-0.07616827636957169,0.3335387408733368,0.024620357900857925,0.01183133665472269,0.08042021840810776,0.9963867664337158,0,0,0,0,0,0,0,0,0,0,0,0,0,0
5.6497838497161865,3.0,0.06928074359893799,-0.07384143769741058,-0.07115247845649719,0.07327747344970703,-3.4035682678222656,-6.866485595703125,0.08495168387889862,6.411519527435303,0.03,1.2576167583465576,-0.07616827636957169,0.3335387408733368,0.024620357900857925,0.01183133665472269,0.08042021840810776,0.9963867664337158,0,0,0,0,0,0,0,0,0,0,0,0,0,0
5.650890588760376,3.0,0.06928074359893799,-0.07384143769741058,-0.07115247845649719,0.07327747344970703,-3.4035682678222656,-6.866485595703125,0.08495168387889862,6.411519527435303,0.03,1.2576167583465576,-0.07616827636957169,0.3335387408733368,0.024620357900857925,0.01183133665472269,0.08042021840810776,0.9963867664337158,0,0,0,0,0,0,0,0,0,0,0,0,0,0
5.651952505111694,3.0,0.06928074359893799,-0.07384143769741058,-0.07115247845649719,0.07327747344970703,-3.4035682678222656,-6.866485595703125,0.08495168387889862,6.411519527435303,0.03,1.2576967477798462,-0.07656855136156082,0.33340537548065186,0.02373994141817093,0.012281998991966248,0.06547120958566666,0.9974964261054993,0,0,0,0,0,0,0,0,0,0,0,0,0,0
5.6542580127716064,3.0,0.06928074359893799,-0.07384143769741058,-0.07115247845649719,0.07327747344970703,-3.4035682678222656,-6.866485595703125,0.08495168387889862,6.411519527435303,0.03,1.2576967477798462,-0.07656855136156082,0.33340537548065186,0.02373994141817093,0.012281998991966248,0.06547120958566666,0.9974964261054993,0,0,0,0,0,0,0,0,0,0,0,0,0,0
5.655473709106445,3.0,0.06928074359893799,-0.07384143769741058,-0.07115247845649719,0.07327747344970703,-3.4035682678222656,-6.866485595703125,0.08495168387889862,6.411519527435303,0.03,1.2576967477798462,-0.07656855136156082,0.33340537548065186,0.02373994141817093,0.012281998991966248,0.06547120958566666,0.9974964261054993,0,0,0,0,0,0,0,0,0,0,0,0,0,0
5.656553745269775,3.0,0.06928074359893799,-0.07384143769741058,-0.07115247845649719,0.07327747344970703,-3.4035682678222656,-6.866485595703125,0.08495168387889862,6.411519527435303,0.03,1.2576967477798462,-0.07656855136156082,0.33340537548065186,0.02373994141817093,0.012281998991966248,0.06547120958566666,0.9974964261054993,0,0,0,0,0,0,0,0,0,0,0,0,0,0
5.657648324966431,3.0,0.06928074359893799,-0.07384143769741058,-0.07115247845649719,0.07327747344970703,-3.4035682678222656,-6.866485595703125,0.08495168387889862,6.411519527435303,0.03,1.2576967477798462,-0.07656855136156082,0.33340537548065186,0.02373994141817093,0.012281998991966248,0.06547120958566666,0.9974964261054993,0,0,0,0,0,0,0,0,0,0,0,0,0,0
5.658914089202881,3.0,0.06928074359893799,-0.07384143769741058,-0.07115247845649719,0.07327747344970703,-3.4035682678222656,-6.866485595703125,0.08495168387889862,6.411519527435303,0.03,1.2576967477798462,-0.07656855136156082,0.33340537548065186,0.02373994141817093,0.012281998991966248,0.06547120958566666,0.9974964261054993,0,0,0,0,0,0,0,0,0,0,0,0,0,0
5.659974575042725,3.0,0.06928074359893799,-0.07384143769741058,-0.07115247845649719,0.07327747344970703,-3.4035682678222656,-6.866485595703125,0.08495168387889862,6.411519527435303,0.03,1.2576967477798462,-0.07656855136156082,0.33340537548065186,0.02373994141817093,0.012281998991966248,0.06547120958566666,0.9974964261054993,0,0,0,0,0,0,0,0,0,0,0,0,0,0
5.66121244430542,3.0,0.06928074359893799,-0.07384143769741058,-0.07115247845649719,0.07327747344970703,-3.4035682678222656,-6.866485595703125,0.08495168387889862,6.411519527435303,0.03,1.2576967477798462,-0.07656855136156082,0.33340537548065186,0.02373994141817093,0.012281998991966248,0.06547120958566666,0.9974964261054993,0,0,0,0,0,0,0,0,0,0,0,0,0,0
5.662318229675293,3.0,0.06928074359893799,-0.07384143769741058,-0.07115247845649719,0.07327747344970703,-3.4035682678222656,-6.866485595703125,0.08495168387889862,6.411519527435303,0.03,1.2576967477798462,-0.07656855136156082,0.33340537548065186,0.02373994141817093,0.012281998991966248,0.06547120958566666,0.9974964261054993,0,0,0,0,0,0,0,0,0,0,0,0,0,0
5.663408994674683,3.0,0.06928074359893799,-0.07384143769741058,-0.07115247845649719,0.07327747344970703,-3.4035682678222656,-6.866485595703125,0.08495168387889862,6.411519527435303,0.03,1.2576967477798462,-0.07656855136156082,0.33340537548065186,0.02373994141817093,0.012281998991966248,0.06547120958566666,0.9974964261054993,0,0,0,0,0,0,0,0,0,0,0,0,0,0
5.6645729541778564,3.0,0.06928074359893799,-0.07384143769741058,-0.07115247845649719,0.07327747344970703,-3.4035682678222656,-6.866485595703125,0.08495168387889862,6.411519527435303,0.03,1.2576967477798462,-0.07656855136156082,0.33340537548065186,0.02373994141817093,0.012281998991966248,0.06547120958566666,0.9974964261054993,0,0,0,0,0,0,0,0,0,0,0,0,0,0
5.667683124542236,3.0,0.06928074359893799,-0.07384143769741058,-0.07115247845649719,0.07327747344970703,-3.4035682678222656,-6.866485595703125,0.08495168387889862,6.411519527435303,0.03,1.2576967477798462,-0.07656855136156082,0.33340537548065186,0.02373994141817093,0.012281998991966248,0.06547120958566666,0.9974964261054993,0,0,0,0,0,0,0,0,0,0,0,0,0,0
5.670532464981079,3.0,0.06928074359893799,-0.07384143769741058,-0.07115247845649719,0.07327747344970703,-3.4035682678222656,-6.866485595703125,0.08495168387889862,6.411519527435303,0.03,1.2576967477798462,-0.07656855136156082,0.33340537548065186,0.02373994141817093,0.012281998991966248,0.06547120958566666,0.9974964261054993,0,0,0,0,0,0,0,0,0,0,0,0,0,0
5.671670913696289,3.0,0.06928074359893799,-0.07384143769741058,-0.07115247845649719,0.07327747344970703,-3.4035682678222656,-6.866485595703125,0.08495168387889862,6.411519527435303,0.03,1.2576967477798462,-0.07656855136156082,0.33340537548065186,0.02373994141817093,0.012281998991966248,0.06547120958566666,0.9974964261054993,0,0,0,0,0,0,0,0,0,0,0,0,0,0
5.673360586166382,3.0,0.06928074359893799,-0.07384143769741058,-0.07115247845649719,0.07327747344970703,-3.4035682678222656,-6.866485595703125,0.08495168387889862,6.411519527435303,0.03,1.2576967477798462,-0.07656855136156082,0.33340537548065186,0.02373994141817093,0.012281998991966248,0.06547120958566666,0.9974964261054993,0,0,0,0,0,0,0,0,0,0,0,0,0,0
5.674519300460815,3.0,0.06928074359893799,-0.07384143769741058,-0.07115247845649719,0.07327747344970703,-3.4035682678222656,-6.866485595703125,0.08495168387889862,6.411519527435303,0.03,1.2576967477798462,-0.07656855136156082,0.33340537548065186,0.02373994141817093,0.012281998991966248,0.06547120958566666,0.9974964261054993,0,0,0,0,0,0,0,0,0,0,0,0,0,0
5.676345109939575,3.0,0.06921742111444473,-0.0723048597574234,-0.07101771235466003,0.07155054807662964,-3.1596834659576416,-6.7634663581848145,0.24252070486545563,6.1836137771606445,0.03,1.2576967477798462,-0.07656855136156082,0.33340537548065186,0.02373994141817093,0.012281998991966248,0.06547120958566666,0.9974964261054993,0,0,0,0,0,0,0,0,0,0,0,0,0,0
5.678010702133179,3.0,0.06909118592739105,-0.06688092648983002,-0.07016751170158386,0.06534332036972046,-1.7797333002090454,-8.831372261047363,0.8485602140426636,7.518289089202881,0.03,1.2575538158416748,-0.07737989723682404,0.3334451913833618,0.017676061019301414,0.010729201138019562,0.03878564387559891,0.9990335702896118,0,0,0,0,0,0,0,0,0,0,0,0,0,0
5.6792707443237305,3.0,0.06906218826770782,-0.06576263904571533,-0.06991928815841675,0.06418228149414062,-1.5600309371948242,-9.056355476379395,1.0182859897613525,7.840424060821533,0.03,1.2575538158416748,-0.07737989723682404,0.3334451913833618,0.017676061019301414,0.010729201138019562,0.03878564387559891,0.9990335702896118,0,0,0,0,0,0,0,0,0,0,0,0,0,0
5.681239128112793,3.0,0.06857059895992279,-0.058083921670913696,-0.06869107484817505,0.05625295639038086,-0.7666852474212646,-9.697811126708984,1.1856262683868408,8.446756362915039,0.03,1.2572132349014282,-0.07852396368980408,0.33350223302841187,0.012119530700147152,0.008567172102630138,0.005330619867891073,0.9998756647109985,0,0,0,0,0,0,0,0,0,0,0,0,0,0
5.682458877563477,3.0,0.06857059895992279,-0.058083921670913696,-0.06869107484817505,0.05625295639038086,-0.7666852474212646,-9.697811126708984,1.1856262683868408,8.446756362915039,0.03,1.2572132349014282,-0.07852396368980408,0.33350223302841187,0.012119530700147152,0.008567172102630138,0.005330619867891073,0.9998756647109985,0,0,0,0,0,0,0,0,0,0,0,0,0,0
5.6843836307525635,3.0,0.06857059895992279,-0.058083921670913696,-0.06869107484817505,0.05625295639038086,-0.7666852474212646,-9.697811126708984,1.1856262683868408,8.446756362915039,0.03,1.2572132349014282,-0.07852396368980408,0.33350223302841187,0.012119530700147152,0.008567172102630138,0.005330619867891073,0.9998756647109985,0,0,0,0,0,0,0,0,0,0,0,0,0,0
5.685670375823975,3.0,0.06857059895992279,-0.058083921670913696,-0.06869107484817505,0.05625295639038086,-0.7666852474212646,-9.697811126708984,1.1856262683868408,8.446756362915039,0.03,1.2572132349014282,-0.07852396368980408,0.33350223302841187,0.012119530700147152,0.008567172102630138,0.005330619867891073,0.9998756647109985,0,0,0,0,0,0,0,0,0,0,0,0,0,0
5.686922550201416,3.0,0.06857059895992279,-0.058083921670913696,-0.06869107484817505,0.05625295639038086,-0.7666852474212646,-9.697811126708984,1.1856262683868408,8.446756362915039,0.03,1.2572132349014282,-0.07852396368980408,0.33350223302841187,0.012119530700147152,0.008567172102630138,0.005330619867891073,0.9998756647109985,0,0,0,0,0,0,0,0,0,0,0,0,0,0
5.6881513595581055,3.0,0.06857059895992279,-0.058083921670913696,-0.06869107484817505,0.05625295639038086,-0.7666852474212646,-9.697811126708984,1.1856262683868408,8.446756362915039,0.03,1.2572132349014282,-0.07852396368980408,0.33350223302841187,0.012119530700147152,0.008567172102630138,0.005330619867891073,0.9998756647109985,0,0,0,0,0,0,0,0,0,0,0,0,0,0
5.689532279968262,3.0,0.06857059895992279,-0.058083921670913696,-0.06869107484817505,0.05625295639038086,-0.7666852474212646,-9.697811126708984,1.1856262683868408,8.446756362915039,0.03,1.2572132349014282,-0.07852396368980408,0.33350223302841187,0.012119530700147152,0.008567172102630138,0.005330619867891073,0.9998756647109985,0,0,0,0,0,0,0,0,0,0,0,0,0,0
5.690730094909668,3.0,0.06857059895992279,-0.058083921670913696,-0.06869107484817505,0.05625295639038086,-0.7666852474212646,-9.697811126708984,1.1856262683868408,8.446756362915039,0.03,1.2572132349014282,-0.07852396368980408,0.33350223302841187,0.012119530700147152,0.008567172102630138,0.005330619867891073,0.9998756647109985,0,0,0,0,0,0,0,0,0,0,0,0,0,0
5.692296981811523,3.0,0.06857059895992279,-0.058083921670913696,-0.06869107484817505,0.05625295639038086,-0.7666852474212646,-9.697811126708984,1.1856262683868408,8.446756362915039,0.03,1.2572132349014282,-0.07852396368980408,0.33350223302841187,0.012119530700147152,0.008567172102630138,0.005330619867891073,0.9998756647109985,0,0,0,0,0,0,0,0,0,0,0,0,0,0
5.694019556045532,3.0,0.06857059895992279,-0.058083921670913696,-0.06869107484817505,0.05625295639038086,-0.7666852474212646,-9.697811126708984,1.1856262683868408,8.446756362915039,0.03,1.2572132349014282,-0.07852396368980408,0.33350223302841187,0.012119530700147152,0.008567172102630138,0.005330619867891073,0.9998756647109985,0,0,0,0,0,0,0,0,0,0,0,0,0,0
5.695113182067871,3.0,0.06857059895992279,-0.058083921670913696,-0.06869107484817505,0.05625295639038086,-0.7666852474212646,-9.697811126708984,1.1856262683868408,8.446756362915039,0.03,1.2572132349014282,-0.07852396368980408,0.33350223302841187,0.012119530700147152,0.008567172102630138,0.005330619867891073,0.9998756647109985,0,0,0,0,0,0,0,0,0,0,0,0,0,0
5.6966917514801025,3.0,0.06857059895992279,-0.058083921670913696,-0.06869107484817505,0.05625295639038086,-0.7666852474212646,-9.697811126708984,1.1856262683868408,8.446756362915039,0.03,1.2572132349014282,-0.07852396368980408,0.33350223302841187,0.012119530700147152,0.008567172102630138,0.005330619867891073,0.9998756647109985,0,0,0,0,0,0,0,0,0,0,0,0,0,0
5.6978700160980225,3.0,0.06857059895992279,-0.058083921670913696,-0.06869107484817505,0.05625295639038086,-0.7666852474212646,-9.697811126708984,1.1856262683868408,8.446756362915039,0.03,1.2572132349014282,-0.07852396368980408,0.33350223302841187,0.012119530700147152,0.008567172102630138,0.005330619867891073,0.9998756647109985,0,0,0,0,0,0,0,0,0,0,0,0,0,0
5.699012279510498,3.0,0.06857059895992279,-0.058083921670913696,-0.06869107484817505,0.05625295639038086,-0.7666852474212646,-9.697811126708984,1.1856262683868408,8.446756362915039,0.03,1.2572132349014282,-0.07852396368980408,0.33350223302841187,0.012119530700147152,0.008567172102630138,0.005330619867891073,0.9998756647109985,0,0,0,0,0,0,0,0,0,0,0,0,0,0
5.700566291809082,3.0,0.06857059895992279,-0.058083921670913696,-0.06869107484817505,0.05625295639038086,-0.7666852474212646,-9.697811126708984,1.1856262683868408,8.446756362915039,0.03,1.2572132349014282,-0.07852396368980408,0.33350223302841187,0.012119530700147152,0.008567172102630138,0.005330619867891073,0.9998756647109985,0,0,0,0,0,0,0,0,0,0,0,0,0,0
5.702794551849365,3.0,0.06857059895992279,-0.058083921670913696,-0.06869107484817505,0.05625295639038086,-0.7666852474212646,-9.697811126708984,1.1856262683868408,8.446756362915039,0.03,1.2572132349014282,-0.07852396368980408,0.33350223302841187,0.012119530700147152,0.008567172102630138,0.005330619867891073,0.9998756647109985,0,0,0,0,0,0,0,0,0,0,0,0,0,0
5.703908443450928,3.0,0.06857059895992279,-0.058083921670913696,-0.06869107484817505,0.05625295639038086,-0.7666852474212646,-9.697811126708984,1.1856262683868408,8.446756362915039,0.03,1.2572132349014282,-0.07852396368980408,0.33350223302841187,0.012119530700147152,0.008567172102630138,0.005330619867891073,0.9998756647109985,0,0,0,0,0,0,0,0,0,0,0,0,0,0
5.705535173416138,3.0,0.06857059895992279,-0.058083921670913696,-0.06869107484817505,0.05625295639038086,-0.7666852474212646,-9.697811126708984,1.1856262683868408,8.446756362915039,0.03,1.2572132349014282,-0.07852396368980408,0.33350223302841187,0.012119530700147152,0.008567172102630138,0.005330619867891073,0.9998756647109985,0,0,0,0,0,0,0,0,0,0,0,0,0,0
5.707087516784668,3.0,0.06857059895992279,-0.058083921670913696,-0.06869107484817505,0.05625295639038086,-0.7666852474212646,-9.697811126708984,1.1856262683868408,8.446756362915039,0.03,1.2572132349014282,-0.07852396368980408,0.33350223302841187,0.012119530700147152,0.008567172102630138,0.005330619867891073,0.9998756647109985,0,0,0,0,0,0,0,0,0,0,0,0,0,0
5.708333492279053,3.0,0.06808332353830338,-0.048397548496723175,-0.06728872656822205,0.046307384967803955,0.07951135188341141,-10.589132308959961,1.2443366050720215,8.761950492858887,0.03,1.2572132349014282,-0.07852396368980408,0.33350223302841187,0.012119530700147152,0.008567172102630138,0.005330619867891073,0.9998756647109985,0,0,0,0,0,0,0,0,0,0,0,0,0,0
5.711823225021362,3.0,0.06781890988349915,-0.04215450584888458,-0.06647419929504395,0.039884865283966064,0.5657330751419067,-11.476814270019531,1.226736307144165,9.550285339355469,0.03,1.256414771080017,-0.07948456704616547,0.3334408402442932,0.011603997088968754,0.005670512095093727,0.018601221963763237,0.9997435808181763,0,0,0,0,0,0,0,0,0,0,0,0,0,0
5.712969064712524,3.0,0.06781890988349915,-0.04215450584888458,-0.06647419929504395,0.039884865283966064,0.5657330751419067,-11.476814270019531,1.226736307144165,9.550285339355469,0.03,1.256414771080017,-0.07948456704616547,0.3334408402442932,0.011603997088968754,0.005670512095093727,0.018601221963763237,0.9997435808181763,0,0,0,0,0,0,0,0,0,0,0,0,0,0
5.714531898498535,3.0,0.06781890988349915,-0.04215450584888458,-0.06647419929504395,0.039884865283966064,0.5657330751419067,-11.476814270019531,1.226736307144165,9.550285339355469,0.03,1.256414771080017,-0.07948456704616547,0.3334408402442932,0.011603997088968754,0.005670512095093727,0.018601221963763237,0.9997435808181763,0,0,0,0,0,0,0,0,0,0,0,0,0,0
5.715837001800537,3.0,0.06780649721622467,-0.04089704900979996,-0.06639677286148071,0.03868025541305542,0.6354280710220337,-11.720072746276855,1.3019291162490845,9.89508056640625,0.03,1.2559890747070312,-0.08004031330347061,0.33351796865463257,0.0114195067435503,0.005576012656092644,0.0304733756929636,0.9994548559188843,0,0,0,0,0,0,0,0,0,0,0,0,0,0
5.717446327209473,3.0,0.06715629994869232,-0.03202054649591446,-0.06546133756637573,0.03003847599029541,0.6216776967048645,-11.403488159179688,1.1019164323806763,9.821940422058105,0.03,1.2548353672027588,-0.08140014111995697,0.3337593674659729,0.012687452137470245,0.0030910340137779713,0.047889210283756256,0.9987673163414001,0,0,0,0,0,0,0,0,0,0,0,0,0,0
5.7185447216033936,3.0,0.06715629994869232,-0.03202054649591446,-0.06546133756637573,0.03003847599029541,0.6216776967048645,-11.403488159179688,1.1019164323806763,9.821940422058105,0.03,1.2548353672027588,-0.08140014111995697,0.3337593674659729,0.012687452137470245,0.0030910340137779713,0.047889210283756256,0.9987673163414001,0,0,0,0,0,0,0,0,0,0,0,0,0,0
5.719703435897827,3.0,0.06715629994869232,-0.03202054649591446,-0.06546133756637573,0.03003847599029541,0.6216776967048645,-11.403488159179688,1.1019164323806763,9.821940422058105,0.03,1.2548353672027588,-0.08140014111995697,0.3337593674659729,0.012687452137470245,0.0030910340137779713,0.047889210283756256,0.9987673163414001,0,0,0,0,0,0,0,0,0,0,0,0,0,0
5.721603870391846,3.0,0.06715629994869232,-0.03202054649591446,-0.06546133756637573,0.03003847599029541,0.6216776967048645,-11.403488159179688,1.1019164323806763,9.821940422058105,0.03,1.2548353672027588,-0.08140014111995697,0.3337593674659729,0.012687452137470245,0.0030910340137779713,0.047889210283756256,0.9987673163414001,0,0,0,0,0,0,0,0,0,0,0,0,0,0
5.723111629486084,3.0,0.06715629994869232,-0.03202054649591446,-0.06546133756637573,0.03003847599029541,0.6216776967048645,-11.403488159179688,1.1019164323806763,9.821940422058105,0.03,1.2548353672027588,-0.08140014111995697,0.3337593674659729,0.012687452137470245,0.0030910340137779713,0.047889210283756256,0.9987673163414001,0,0,0,0,0,0,0,0,0,0,0,0,0,0
5.726046085357666,3.0,0.06715629994869232,-0.03202054649591446,-0.06546133756637573,0.03003847599029541,0.6216776967048645,-11.403488159179688,1.1019164323806763,9.821940422058105,0.03,1.2548353672027588,-0.08140014111995697,0.3337593674659729,0.012687452137470245,0.0030910340137779713,0.047889210283756256,0.9987673163414001,0,0,0,0,0,0,0,0,0,0,0,0,0,0
5.7271270751953125,3.0,0.06601990014314651,-0.013474509119987488,-0.0640718936920166,0.010921895503997803,0.274813711643219,-11.986701965332031,0.3861558437347412,9.490863800048828,0.03,1.2523514032363892,-0.08353206515312195,0.3338003158569336,0.008226705715060234,-0.0011136234970763326,0.013607730157673359,0.9998729825019836,0,0,0,0,0,0,0,0,0,0,0,0,0,0
5.728722095489502,3.0,0.06601990014314651,-0.013474509119987488,-0.0640718936920166,0.010921895503997803,0.274813711643219,-11.986701965332031,0.3861558437347412,9.490863800048828,0.03,1.2523514032363892,-0.08353206515312195,0.3338003158569336,0.008226705715060234,-0.0011136234970763326,0.013607730157673359,0.9998729825019836,0,0,0,0,0,0,0,0,0,0,0,0,0,0
5.730038404464722,3.0,0.0659463033080101,-0.011540398001670837,-0.06399965286254883,0.009091436862945557,0.19075407087802887,-11.745610237121582,0.40263476967811584,9.714678764343262,0.03,1.250354528427124,-0.08481351286172867,0.3342580497264862,0.012065261602401733,-0.001428486779332161,0.021978572010993958,0.9996846318244934,0,0,0,0,0,0,0,0,0,0,0,0,0,0
5.731283664703369,3.0,0.0659463033080101,-0.011540398001670837,-0.06399965286254883,0.009091436862945557,0.19075407087802887,-11.745610237121582,0.40263476967811584,9.714678764343262,0.03,1.250354528427124,-0.08481351286172867,0.3342580497264862,0.012065261602401733,-0.001428486779332161,0.021978572010993958,0.9996846318244934,0,0,0,0,0,0,0,0,0,0,0,0,0,0
5.733450889587402,3.0,0.0659463033080101,-0.011540398001670837,-0.06399965286254883,0.009091436862945557,0.19075407087802887,-11.745610237121582,0.40263476967811584,9.714678764343262,0.03,1.250354528427124,-0.08481351286172867,0.3342580497264862,0.012065261602401733,-0.001428486779332161,0.021978572010993958,0.9996846318244934,0,0,0,0,0,0,0,0,0,0,0,0,0,0
5.735100269317627,3.0,0.0659463033080101,-0.011540398001670837,-0.06399965286254883,0.009091436862945557,0.19075407087802887,-11.745610237121582,0.40263476967811584,9.714678764343262,0.03,1.250354528427124,-0.08481351286172867,0.3342580497264862,0.012065261602401733,-0.001428486779332161,0.021978572010993958,0.9996846318244934,0,0,0,0,0,0,0,0,0,0,0,0,0,0
5.73619270324707,3.0,0.0659463033080101,-0.011540398001670837,-0.06399965286254883,0.009091436862945557,0.19075407087802887,-11.745610237121582,0.40263476967811584,9.714678764343262,0.03,1.250354528427124,-0.08481351286172867,0.3342580497264862,0.012065261602401733,-0.001428486779332161,0.021978572010993958,0.9996846318244934,0,0,0,0,0,0,0,0,0,0,0,0,0,0
5.7372541427612305,3.0,0.0659463033080101,-0.011540398001670837,-0.06399965286254883,0.009091436862945557,0.19075407087802887,-11.745610237121582,0.40263476967811584,9.714678764343262,0.03,1.250354528427124,-0.08481351286172867,0.3342580497264862,0.012065261602401733,-0.001428486779332161,0.021978572010993958,0.9996846318244934,0,0,0,0,0,0,0,0,0,0,0,0,0,0
5.7384560108184814,3.0,0.0659463033080101,-0.011540398001670837,-0.06399965286254883,0.009091436862945557,0.19075407087802887,-11.745610237121582,0.40263476967811584,9.714678764343262,0.03,1.250354528427124,-0.08481351286172867,0.3342580497264862,0.012065261602401733,-0.001428486779332161,0.021978572010993958,0.9996846318244934,0,0,0,0,0,0,0,0,0,0,0,0,0,0
5.739516019821167,3.0,0.0659463033080101,-0.011540398001670837,-0.06399965286254883,0.009091436862945557,0.19075407087802887,-11.745610237121582,0.40263476967811584,9.714678764343262,0.03,1.250354528427124,-0.08481351286172867,0.3342580497264862,0.012065261602401733,-0.001428486779332161,0.021978572010993958,0.9996846318244934,0,0,0,0,0,0,0,0,0,0,0,0,0,0
5.740656137466431,3.0,0.0659463033080101,-0.011540398001670837,-0.06399965286254883,0.009091436862945557,0.19075407087802887,-11.745610237121582,0.40263476967811584,9.714678764343262,0.03,1.250354528427124,-0.08481351286172867,0.3342580497264862,0.012065261602401733,-0.001428486779332161,0.021978572010993958,0.9996846318244934,0,0,0,0,0,0,0,0,0,0,0,0,0,0
5.741891622543335,3.0,0.0659463033080101,-0.011540398001670837,-0.06399965286254883,0.009091436862945557,0.19075407087802887,-11.745610237121582,0.40263476967811584,9.714678764343262,0.03,1.250354528427124,-0.08481351286172867,0.3342580497264862,0.012065261602401733,-0.001428486779332161,0.021978572010993958,0.9996846318244934,0,0,0,0,0,0,0,0,0,0,0,0,0,0
5.743054151535034,3.0,0.0659463033080101,-0.011540398001670837,-0.06399965286254883,0.009091436862945557,0.19075407087802887,-11.745610237121582,0.40263476967811584,9.714678764343262,0.03,1.2478739023208618,-0.08633939176797867,0.3344697952270508,0.005928859580308199,-0.0028786840848624706,-0.022930942475795746,0.9997153878211975,0,0,0,0,0,0,0,0,0,0,0,0,0,0
5.744119882583618,3.0,0.0659463033080101,-0.011540398001670837,-0.06399965286254883,0.009091436862945557,0.19075407087802887,-11.745610237121582,0.40263476967811584,9.714678764343262,0.03,1.2478739023208618,-0.08633939176797867,0.3344697952270508,0.005928859580308199,-0.0028786840848624706,-0.022930942475795746,0.9997153878211975,0,0,0,0,0,0,0,0,0,0,0,0,0,0
5.745798110961914,3.0,0.0659463033080101,-0.011540398001670837,-0.06399965286254883,0.009091436862945557,0.19075407087802887,-11.745610237121582,0.40263476967811584,9.714678764343262,0.03,1.2478739023208618,-0.08633939176797867,0.3344697952270508,0.005928859580308199,-0.0028786840848624706,-0.022930942475795746,0.9997153878211975,0,0,0,0,0,0,0,0,0,0,0,0,0,0
5.747019052505493,3.0,0.0659463033080101,-0.011540398001670837,-0.06399965286254883,0.009091436862945557,0.19075407087802887,-11.745610237121582,0.40263476967811584,9.714678764343262,0.03,1.2478739023208618,-0.08633939176797867,0.3344697952270508,0.005928859580308199,-0.0028786840848624706,-0.022930942475795746,0.9997153878211975,0,0,0,0,0,0,0,0,0,0,0,0,0,0
5.748603105545044,3.0,0.0659463033080101,-0.011540398001670837,-0.06399965286254883,0.009091436862945557,0.19075407087802887,-11.745610237121582,0.40263476967811584,9.714678764343262,0.03,1.2478739023208618,-0.08633939176797867,0.3344697952270508,0.005928859580308199,-0.0028786840848624706,-0.022930942475795746,0.9997153878211975,0,0,0,0,0,0,0,0,0,0,0,0,0,0
5.751313924789429,3.0,0.0659463033080101,-0.011540398001670837,-0.06399965286254883,0.009091436862945557,0.19075407087802887,-11.745610237121582,0.40263476967811584,9.714678764343262,0.03,1.2478739023208618,-0.08633939176797867,0.3344697952270508,0.005928859580308199,-0.0028786840848624706,-0.022930942475795746,0.9997153878211975,0,0,0,0,0,0,0,0,0,0,0,0,0,0
5.752563714981079,3.0,0.0659463033080101,-0.011540398001670837,-0.06399965286254883,0.009091436862945557,0.19075407087802887,-11.745610237121582,0.40263476967811584,9.714678764343262,0.03,1.2478739023208618,-0.08633939176797867,0.3344697952270508,0.005928859580308199,-0.0028786840848624706,-0.022930942475795746,0.9997153878211975,0,0,0,0,0,0,0,0,0,0,0,0,0,0
5.753739595413208,3.0,0.0659463033080101,-0.011540398001670837,-0.06399965286254883,0.009091436862945557,0.19075407087802887,-11.745610237121582,0.40263476967811584,9.714678764343262,0.03,1.2478739023208618,-0.08633939176797867,0.3344697952270508,0.005928859580308199,-0.0028786840848624706,-0.022930942475795746,0.9997153878211975,0,0,0,0,0,0,0,0,0,0,0,0,0,0
5.755667686462402,3.0,0.0659463033080101,-0.011540398001670837,-0.06399965286254883,0.009091436862945557,0.19075407087802887,-11.745610237121582,0.40263476967811584,9.714678764343262,0.03,1.2478739023208618,-0.08633939176797867,0.3344697952270508,0.005928859580308199,-0.0028786840848624706,-0.022930942475795746,0.9997153878211975,0,0,0,0,0,0,0,0,0,0,0,0,0,0
5.756876707077026,3.0,0.0659463033080101,-0.011540398001670837,-0.06399965286254883,0.009091436862945557,0.19075407087802887,-11.745610237121582,0.40263476967811584,9.714678764343262,0.03,1.2478739023208618,-0.08633939176797867,0.3344697952270508,0.005928859580308199,-0.0028786840848624706,-0.022930942475795746,0.9997153878211975,0,0,0,0,0,0,0,0,0,0,0,0,0,0
5.758235692977905,3.0,0.0659463033080101,-0.011540398001670837,-0.06399965286254883,0.009091436862945557,0.19075407087802887,-11.745610237121582,0.40263476967811584,9.714678764343262,0.03,1.2478739023208618,-0.08633939176797867,0.3344697952270508,0.005928859580308199,-0.0028786840848624706,-0.022930942475795746,0.9997153878211975,0,0,0,0,0,0,0,0,0,0,0,0,0,0
5.760864734649658,3.0,0.0659463033080101,-0.011540398001670837,-0.06399965286254883,0.009091436862945557,0.19075407087802887,-11.745610237121582,0.40263476967811584,9.714678764343262,0.03,1.2478739023208618,-0.08633939176797867,0.3344697952270508,0.005928859580308199,-0.0028786840848624706,-0.022930942475795746,0.9997153878211975,0,0,0,0,0,0,0,0,0,0,0,0,0,0
5.762342691421509,3.0,0.0659463033080101,-0.011540398001670837,-0.06399965286254883,0.009091436862945557,0.19075407087802887,-11.745610237121582,0.40263476967811584,9.714678764343262,0.03,1.2478739023208618,-0.08633939176797867,0.3344697952270508,0.005928859580308199,-0.0028786840848624706,-0.022930942475795746,0.9997153878211975,0,0,0,0,0,0,0,0,0,0,0,0,0,0
5.763599157333374,3.0,0.0659463033080101,-0.011540398001670837,-0.06399965286254883,0.009091436862945557,0.19075407087802887,-11.745610237121582,0.40263476967811584,9.714678764343262,0.03,1.2478739023208618,-0.08633939176797867,0.3344697952270508,0.005928859580308199,-0.0028786840848624706,-0.022930942475795746,0.9997153878211975,0,0,0,0,0,0,0,0,0,0,0,0,0,0
5.764838695526123,3.0,0.0659463033080101,-0.011540398001670837,-0.06399965286254883,0.009091436862945557,0.19075407087802887,-11.745610237121582,0.40263476967811584,9.714678764343262,0.03,1.2478739023208618,-0.08633939176797867,0.3344697952270508,0.005928859580308199,-0.0028786840848624706,-0.022930942475795746,0.9997153878211975,0,0,0,0,0,0,0,0,0,0,0,0,0,0
5.765909671783447,3.0,0.0659463033080101,-0.011540398001670837,-0.06399965286254883,0.009091436862945557,0.19075407087802887,-11.745610237121582,0.40263476967811584,9.714678764343262,0.03,1.2478739023208618,-0.08633939176797867,0.3344697952270508,0.005928859580308199,-0.0028786840848624706,-0.022930942475795746,0.9997153878211975,0,0,0,0,0,0,0,0,0,0,0,0,0,0
5.7671802043914795,3.0,0.0659463033080101,-0.011540398001670837,-0.06399965286254883,0.009091436862945557,0.19075407087802887,-11.745610237121582,0.40263476967811584,9.714678764343262,0.03,1.2478739023208618,-0.08633939176797867,0.3344697952270508,0.005928859580308199,-0.0028786840848624706,-0.022930942475795746,0.9997153878211975,0,0,0,0,0,0,0,0,0,0,0,0,0,0
5.7694127559661865,3.0,0.0659463033080101,-0.011540398001670837,-0.06399965286254883,0.009091436862945557,0.19075407087802887,-11.745610237121582,0.40263476967811584,9.714678764343262,0.03,1.2478739023208618,-0.08633939176797867,0.3344697952270508,0.005928859580308199,-0.0028786840848624706,-0.022930942475795746,0.9997153878211975,0,0,0,0,0,0,0,0,0,0,0,0,0,0
5.770510673522949,3.0,0.0659463033080101,-0.011540398001670837,-0.06399965286254883,0.009091436862945557,0.19075407087802887,-11.745610237121582,0.40263476967811584,9.714678764343262,0.03,1.2478739023208618,-0.08633939176797867,0.3344697952270508,0.005928859580308199,-0.0028786840848624706,-0.022930942475795746,0.9997153878211975,0,0,0,0,0,0,0,0,0,0,0,0,0,0
5.771698474884033,3.0,0.0659463033080101,-0.011540398001670837,-0.06399965286254883,0.009091436862945557,0.19075407087802887,-11.745610237121582,0.40263476967811584,9.714678764343262,0.03,1.2478739023208618,-0.08633939176797867,0.3344697952270508,0.005928859580308199,-0.0028786840848624706,-0.022930942475795746,0.9997153878211975,0,0,0,0,0,0,0,0,0,0,0,0,0,0
5.773425340652466,3.0,0.0659463033080101,-0.011540398001670837,-0.06399965286254883,0.009091436862945557,0.19075407087802887,-11.745610237121582,0.40263476967811584,9.714678764343262,0.03,1.2478739023208618,-0.08633939176797867,0.3344697952270508,0.005928859580308199,-0.0028786840848624706,-0.022930942475795746,0.9997153878211975,0,0,0,0,0,0,0,0,0,0,0,0,0,0
5.774776458740234,3.0,0.0659463033080101,-0.011540398001670837,-0.06399965286254883,0.009091436862945557,0.19075407087802887,-11.745610237121582,0.40263476967811584,9.714678764343262,0.03,1.2478739023208618,-0.08633939176797867,0.3344697952270508,0.005928859580308199,-0.0028786840848624706,-0.022930942475795746,0.9997153878211975,0,0,0,0,0,0,0,0,0,0,0,0,0,0
5.776028871536255,3.0,0.0659463033080101,-0.011540398001670837,-0.06399965286254883,0.009091436862945557,0.19075407087802887,-11.745610237121582,0.40263476967811584,9.714678764343262,0.03,1.2478739023208618,-0.08633939176797867,0.3344697952270508,0.005928859580308199,-0.0028786840848624706,-0.022930942475795746,0.9997153878211975,0,0,0,0,0,0,0,0,0,0,0,0,0,0
5.777180194854736,3.0,0.0659463033080101,-0.011540398001670837,-0.06399965286254883,0.009091436862945557,0.19075407087802887,-11.745610237121582,0.40263476967811584,9.714678764343262,0.03,1.2478739023208618,-0.08633939176797867,0.3344697952270508,0.005928859580308199,-0.0028786840848624706,-0.022930942475795746,0.9997153878211975,0,0,0,0,0,0,0,0,0,0,0,0,0,0
5.778717994689941,3.0,0.0659463033080101,-0.011540398001670837,-0.06399965286254883,0.009091436862945557,0.19075407087802887,-11.745610237121582,0.40263476967811584,9.714678764343262,0.03,1.2478739023208618,-0.08633939176797867,0.3344697952270508,0.005928859580308199,-0.0028786840848624706,-0.022930942475795746,0.9997153878211975,0,0,0,0,0,0,0,0,0,0,0,0,0,0
5.7798144817352295,3.0,0.0659463033080101,-0.011540398001670837,-0.06399965286254883,0.009091436862945557,0.19075407087802887,-11.745610237121582,0.40263476967811584,9.714678764343262,0.03,1.2478739023208618,-0.08633939176797867,0.3344697952270508,0.005928859580308199,-0.0028786840848624706,-0.022930942475795746,0.9997153878211975,0,0,0,0,0,0,0,0,0,0,0,0,0,0
5.781155347824097,3.0,0.0659463033080101,-0.011540398001670837,-0.06399965286254883,0.009091436862945557,0.19075407087802887,-11.745610237121582,0.40263476967811584,9.714678764343262,0.03,1.2478739023208618,-0.08633939176797867,0.3344697952270508,0.005928859580308199,-0.0028786840848624706,-0.022930942475795746,0.9997153878211975,0,0,0,0,0,0,0,0,0,0,0,0,0,0
5.782580375671387,3.0,0.0659463033080101,-0.011540398001670837,-0.06399965286254883,0.009091436862945557,0.19075407087802887,-11.745610237121582,0.40263476967811584,9.714678764343262,0.03,1.2478739023208618,-0.08633939176797867,0.3344697952270508,0.005928859580308199,-0.0028786840848624706,-0.022930942475795746,0.9997153878211975,0,0,0,0,0,0,0,0,0,0,0,0,0,0
5.784117698669434,3.0,0.0659463033080101,-0.011540398001670837,-0.06399965286254883,0.009091436862945557,0.19075407087802887,-11.745610237121582,0.40263476967811584,9.714678764343262,0.03,1.2478739023208618,-0.08633939176797867,0.3344697952270508,0.005928859580308199,-0.0028786840848624706,-0.022930942475795746,0.9997153878211975,0,0,0,0,0,0,0,0,0,0,0,0,0,0
5.786031246185303,3.0,0.06545758247375488,-0.0008396506309509277,-0.06368589401245117,-0.0014472603797912598,-0.4180777966976166,-11.863818168640137,-0.07228274643421173,9.657600402832031,0.03,1.2478739023208618,-0.08633939176797867,0.3344697952270508,0.005928859580308199,-0.0028786840848624706,-0.022930942475795746,0.9997153878211975,0,0,0,0,0,0,0,0,0,0,0,0,0,0
5.789288759231567,3.0,0.06545758247375488,-0.0008396506309509277,-0.06368589401245117,-0.0014472603797912598,-0.4180777966976166,-11.863818168640137,-0.07228274643421173,9.657600402832031,0.03,1.2467416524887085,-0.08703065663576126,0.3346662223339081,0.00717885373160243,-0.003403137205168605,-0.015461995266377926,0.9998489618301392,0,0,0,0,0,0,0,0,0,0,0,0,0,0
5.792602777481079,3.0,0.06545758247375488,-0.0008396506309509277,-0.06368589401245117,-0.0014472603797912598,-0.4180777966976166,-11.863818168640137,-0.07228274643421173,9.657600402832031,0.03,1.2467416524887085,-0.08703065663576126,0.3346662223339081,0.00717885373160243,-0.003403137205168605,-0.015461995266377926,0.9998489618301392,0,0,0,0,0,0,0,0,0,0,0,0,0,0
5.793736934661865,3.0,0.06545758247375488,-0.0008396506309509277,-0.06368589401245117,-0.0014472603797912598,-0.4180777966976166,-11.863818168640137,-0.07228274643421173,9.657600402832031,0.03,1.2467416524887085,-0.08703065663576126,0.3346662223339081,0.00717885373160243,-0.003403137205168605,-0.015461995266377926,0.9998489618301392,0,0,0,0,0,0,0,0,0,0,0,0,0,0
5.798338413238525,3.0,0.06518767029047012,0.014204785227775574,-0.06358307600021362,-0.016080021858215332,-1.3457990884780884,-11.756125450134277,-0.9280137419700623,10.149347305297852,0.03,1.2453131675720215,-0.08770126104354858,0.3348553776741028,0.007862006314098835,-0.0038642892614006996,-0.006598940119147301,0.9999398589134216,0,0,0,0,0,0,0,0,0,0,0,0,0,0
5.8005993366241455,3.0,0.06518852710723877,0.022117778658866882,-0.06370490789413452,-0.02452331781387329,-2.068336009979248,-12.175623893737793,-1.5465656518936157,9.725442886352539,0.03,1.243833303451538,-0.08859322220087051,0.3350158631801605,0.005898749455809593,-0.004043555352836847,-0.024845292791724205,0.9996657371520996,0,0,0,0,0,0,0,0,0,0,0,0,0,0
5.8026721477508545,3.0,0.06522178649902344,0.02604776620864868,-0.06380128860473633,-0.02822732925415039,-2.460031509399414,-12.278582572937012,-1.908294677734375,10.400703430175781,0.03,1.2408276796340942,-0.09019877016544342,0.3350416123867035,0.003058162983506918,-0.003403735114261508,-0.05540933087468147,0.9984533190727234,0,0,0,0,0,0,0,0,0,0,0,0,0,0
5.804449796676636,3.0,0.06526161730289459,0.029527291655540466,-0.06396996974945068,-0.03194081783294678,-2.8410909175872803,-12.135798454284668,-2.1502108573913574,9.808515548706055,0.03,1.2390618324279785,-0.09063544124364853,0.335221529006958,0.008745485916733742,-0.0030872507486492395,-0.016853243112564087,0.9998149871826172,0,0,0,0,0,0,0,0,0,0,0,0,0,0
5.806561231613159,3.0,0.06526161730289459,0.029527291655540466,-0.06396996974945068,-0.03194081783294678,-2.8410909175872803,-12.135798454284668,-2.1502108573913574,9.808515548706055,0.03,1.2390618324279785,-0.09063544124364853,0.335221529006958,0.008745485916733742,-0.0030872507486492395,-0.016853243112564087,0.9998149871826172,0,0,0,0,0,0,0,0,0,0,0,0,0,0
5.808228969573975,3.0,0.06526161730289459,0.029527291655540466,-0.06396996974945068,-0.03194081783294678,-2.8410909175872803,-12.135798454284668,-2.1502108573913574,9.808515548706055,0.03,1.2390618324279785,-0.09063544124364853,0.335221529006958,0.008745485916733742,-0.0030872507486492395,-0.016853243112564087,0.9998149871826172,0,0,0,0,0,0,0,0,0,0,0,0,0,0
5.809323787689209,3.0,0.06526161730289459,0.029527291655540466,-0.06396996974945068,-0.03194081783294678,-2.8410909175872803,-12.135798454284668,-2.1502108573913574,9.808515548706055,0.03,1.2390618324279785,-0.09063544124364853,0.335221529006958,0.008745485916733742,-0.0030872507486492395,-0.016853243112564087,0.9998149871826172,0,0,0,0,0,0,0,0,0,0,0,0,0,0
5.810424327850342,3.0,0.06526161730289459,0.029527291655540466,-0.06396996974945068,-0.03194081783294678,-2.8410909175872803,-12.135798454284668,-2.1502108573913574,9.808515548706055,0.03,1.2390618324279785,-0.09063544124364853,0.335221529006958,0.008745485916733742,-0.0030872507486492395,-0.016853243112564087,0.9998149871826172,0,0,0,0,0,0,0,0,0,0,0,0,0,0
5.812082767486572,3.0,0.06526161730289459,0.029527291655540466,-0.06396996974945068,-0.03194081783294678,-2.8410909175872803,-12.135798454284668,-2.1502108573913574,9.808515548706055,0.03,1.2390618324279785,-0.09063544124364853,0.335221529006958,0.008745485916733742,-0.0030872507486492395,-0.016853243112564087,0.9998149871826172,0,0,0,0,0,0,0,0,0,0,0,0,0,0
5.813388347625732,3.0,0.06526161730289459,0.029527291655540466,-0.06396996974945068,-0.03194081783294678,-2.8410909175872803,-12.135798454284668,-2.1502108573913574,9.808515548706055,0.03,1.2390618324279785,-0.09063544124364853,0.335221529006958,0.008745485916733742,-0.0030872507486492395,-0.016853243112564087,0.9998149871826172,0,0,0,0,0,0,0,0,0,0,0,0,0,0
5.81448769569397,3.0,0.06526161730289459,0.029527291655540466,-0.06396996974945068,-0.03194081783294678,-2.8410909175872803,-12.135798454284668,-2.1502108573913574,9.808515548706055,0.03,1.2390618324279785,-0.09063544124364853,0.335221529006958,0.008745485916733742,-0.0030872507486492395,-0.016853243112564087,0.9998149871826172,0,0,0,0,0,0,0,0,0,0,0,0,0,0
5.815575122833252,3.0,0.06526161730289459,0.029527291655540466,-0.06396996974945068,-0.03194081783294678,-2.8410909175872803,-12.135798454284668,-2.1502108573913574,9.808515548706055,0.03,1.2390618324279785,-0.09063544124364853,0.335221529006958,0.008745485916733742,-0.0030872507486492395,-0.016853243112564087,0.9998149871826172,0,0,0,0,0,0,0,0,0,0,0,0,0,0
5.816678047180176,3.0,0.06526161730289459,0.029527291655540466,-0.06396996974945068,-0.03194081783294678,-2.8410909175872803,-12.135798454284668,-2.1502108573913574,9.808515548706055,0.03,1.2390618324279785,-0.09063544124364853,0.335221529006958,0.008745485916733742,-0.0030872507486492395,-0.016853243112564087,0.9998149871826172,0,0,0,0,0,0,0,0,0,0,0,0,0,0
5.817810773849487,3.0,0.06526161730289459,0.029527291655540466,-0.06396996974945068,-0.03194081783294678,-2.8410909175872803,-12.135798454284668,-2.1502108573913574,9.808515548706055,0.03,1.2390618324279785,-0.09063544124364853,0.335221529006958,0.008745485916733742,-0.0030872507486492395,-0.016853243112564087,0.9998149871826172,0,0,0,0,0,0,0,0,0,0,0,0,0,0
5.819025278091431,3.0,0.06526161730289459,0.029527291655540466,-0.06396996974945068,-0.03194081783294678,-2.8410909175872803,-12.135798454284668,-2.1502108573913574,9.808515548706055,0.03,1.2390618324279785,-0.09063544124364853,0.335221529006958,0.008745485916733742,-0.0030872507486492395,-0.016853243112564087,0.9998149871826172,0,0,0,0,0,0,0,0,0,0,0,0,0,0
5.820366621017456,3.0,0.06526161730289459,0.029527291655540466,-0.06396996974945068,-0.03194081783294678,-2.8410909175872803,-12.135798454284668,-2.1502108573913574,9.808515548706055,0.03,1.2390618324279785,-0.09063544124364853,0.335221529006958,0.008745485916733742,-0.0030872507486492395,-0.016853243112564087,0.9998149871826172,0,0,0,0,0,0,0,0,0,0,0,0,0,0
5.821430206298828,3.0,0.06526161730289459,0.029527291655540466,-0.06396996974945068,-0.03194081783294678,-2.8410909175872803,-12.135798454284668,-2.1502108573913574,9.808515548706055,0.03,1.2390618324279785,-0.09063544124364853,0.335221529006958,0.008745485916733742,-0.0030872507486492395,-0.016853243112564087,0.9998149871826172,0,0,0,0,0,0,0,0,0,0,0,0,0,0
5.822749137878418,3.0,0.06526161730289459,0.029527291655540466,-0.06396996974945068,-0.03194081783294678,-2.8410909175872803,-12.135798454284668,-2.1502108573913574,9.808515548706055,0.03,1.2390618324279785,-0.09063544124364853,0.335221529006958,0.008745485916733742,-0.0030872507486492395,-0.016853243112564087,0.9998149871826172,0,0,0,0,0,0,0,0,0,0,0,0,0,0
5.825294494628906,3.0,0.06526161730289459,0.029527291655540466,-0.06396996974945068,-0.03194081783294678,-2.8410909175872803,-12.135798454284668,-2.1502108573913574,9.808515548706055,0.03,1.2390618324279785,-0.09063544124364853,0.335221529006958,0.008745485916733742,-0.0030872507486492395,-0.016853243112564087,0.9998149871826172,0,0,0,0,0,0,0,0,0,0,0,0,0,0
5.82795524597168,3.0,0.06526161730289459,0.029527291655540466,-0.06396996974945068,-0.03194081783294678,-2.8410909175872803,-12.135798454284668,-2.1502108573913574,9.808515548706055,0.03,1.2390618324279785,-0.09063544124364853,0.335221529006958,0.008745485916733742,-0.0030872507486492395,-0.016853243112564087,0.9998149871826172,0,0,0,0,0,0,0,0,0,0,0,0,0,0
5.8293256759643555,3.0,0.06526161730289459,0.029527291655540466,-0.06396996974945068,-0.03194081783294678,-2.8410909175872803,-12.135798454284668,-2.1502108573913574,9.808515548706055,0.03,1.2390618324279785,-0.09063544124364853,0.335221529006958,0.008745485916733742,-0.0030872507486492395,-0.016853243112564087,0.9998149871826172,0,0,0,0,0,0,0,0,0,0,0,0,0,0
5.830448150634766,3.0,0.06526161730289459,0.029527291655540466,-0.06396996974945068,-0.03194081783294678,-2.8410909175872803,-12.135798454284668,-2.1502108573913574,9.808515548706055,0.03,1.2390618324279785,-0.09063544124364853,0.335221529006958,0.008745485916733742,-0.0030872507486492395,-0.016853243112564087,0.9998149871826172,0,0,0,0,0,0,0,0,0,0,0,0,0,0
5.8317506313323975,3.0,0.06526161730289459,0.029527291655540466,-0.06396996974945068,-0.03194081783294678,-2.8410909175872803,-12.135798454284668,-2.1502108573913574,9.808515548706055,0.03,1.2390618324279785,-0.09063544124364853,0.335221529006958,0.008745485916733742,-0.0030872507486492395,-0.016853243112564087,0.9998149871826172,0,0,0,0,0,0,0,0,0,0,0,0,0,0
5.833122491836548,3.0,0.06526161730289459,0.029527291655540466,-0.06396996974945068,-0.03194081783294678,-2.8410909175872803,-12.135798454284668,-2.1502108573913574,9.808515548706055,0.03,1.2390618324279785,-0.09063544124364853,0.335221529006958,0.008745485916733742,-0.0030872507486492395,-0.016853243112564087,0.9998149871826172,0,0,0,0,0,0,0,0,0,0,0,0,0,0
5.834216594696045,3.0,0.06526161730289459,0.029527291655540466,-0.06396996974945068,-0.03194081783294678,-2.8410909175872803,-12.135798454284668,-2.1502108573913574,9.808515548706055,0.03,1.2390618324279785,-0.09063544124364853,0.335221529006958,0.008745485916733742,-0.0030872507486492395,-0.016853243112564087,0.9998149871826172,0,0,0,0,0,0,0,0,0,0,0,0,0,0
5.835303783416748,3.0,0.06526161730289459,0.029527291655540466,-0.06396996974945068,-0.03194081783294678,-2.8410909175872803,-12.135798454284668,-2.1502108573913574,9.808515548706055,0.03,1.2390618324279785,-0.09063544124364853,0.335221529006958,0.008745485916733742,-0.0030872507486492395,-0.016853243112564087,0.9998149871826172,0,0,0,0,0,0,0,0,0,0,0,0,0,0
5.836616516113281,3.0,0.06526161730289459,0.029527291655540466,-0.06396996974945068,-0.03194081783294678,-2.8410909175872803,-12.135798454284668,-2.1502108573913574,9.808515548706055,0.03,1.2390618324279785,-0.09063544124364853,0.335221529006958,0.008745485916733742,-0.0030872507486492395,-0.016853243112564087,0.9998149871826172,0,0,0,0,0,0,0,0,0,0,0,0,0,0
5.838280916213989,3.0,0.06526161730289459,0.029527291655540466,-0.06396996974945068,-0.03194081783294678,-2.8410909175872803,-12.135798454284668,-2.1502108573913574,9.808515548706055,0.03,1.2390618324279785,-0.09063544124364853,0.335221529006958,0.008745485916733742,-0.0030872507486492395,-0.016853243112564087,0.9998149871826172,0,0,0,0,0,0,0,0,0,0,0,0,0,0
5.839414119720459,3.0,0.06526161730289459,0.029527291655540466,-0.06396996974945068,-0.03194081783294678,-2.8410909175872803,-12.135798454284668,-2.1502108573913574,9.808515548706055,0.03,1.2390618324279785,-0.09063544124364853,0.335221529006958,0.008745485916733742,-0.0030872507486492395,-0.016853243112564087,0.9998149871826172,0,0,0,0,0,0,0,0,0,0,0,0,0,0
5.840683937072754,3.0,0.06526161730289459,0.029527291655540466,-0.06396996974945068,-0.03194081783294678,-2.8410909175872803,-12.135798454284668,-2.1502108573913574,9.808515548706055,0.03,1.2390618324279785,-0.09063544124364853,0.335221529006958,0.008745485916733742,-0.0030872507486492395,-0.016853243112564087,0.9998149871826172,0,0,0,0,0,0,0,0,0,0,0,0,0,0
5.84186053276062,3.0,0.06526161730289459,0.029527291655540466,-0.06396996974945068,-0.03194081783294678,-2.8410909175872803,-12.135798454284668,-2.1502108573913574,9.808515548706055,0.03,1.2390618324279785,-0.09063544124364853,0.335221529006958,0.008745485916733742,-0.0030872507486492395,-0.016853243112564087,0.9998149871826172,0,0,0,0,0,0,0,0,0,0,0,0,0,0
5.842959642410278,3.0,0.06526161730289459,0.029527291655540466,-0.06396996974945068,-0.03194081783294678,-2.8410909175872803,-12.135798454284668,-2.1502108573913574,9.808515548706055,0.03,1.2390618324279785,-0.09063544124364853,0.335221529006958,0.008745485916733742,-0.0030872507486492395,-0.016853243112564087,0.9998149871826172,0,0,0,0,0,0,0,0,0,0,0,0,0,0
5.84404730796814,3.0,0.06526161730289459,0.029527291655540466,-0.06396996974945068,-0.03194081783294678,-2.8410909175872803,-12.135798454284668,-2.1502108573913574,9.808515548706055,0.03,1.2390618324279785,-0.09063544124364853,0.335221529006958,0.008745485916733742,-0.0030872507486492395,-0.016853243112564087,0.9998149871826172,0,0,0,0,0,0,0,0,0,0,0,0,0,0
5.845276832580566,3.0,0.06526161730289459,0.029527291655540466,-0.06396996974945068,-0.03194081783294678,-2.8410909175872803,-12.135798454284668,-2.1502108573913574,9.808515548706055,0.03,1.2390618324279785,-0.09063544124364853,0.335221529006958,0.008745485916733742,-0.0030872507486492395,-0.016853243112564087,0.9998149871826172,0,0,0,0,0,0,0,0,0,0,0,0,0,0
5.846896648406982,3.0,0.06526161730289459,0.029527291655540466,-0.06396996974945068,-0.03194081783294678,-2.8410909175872803,-12.135798454284668,-2.1502108573913574,9.808515548706055,0.03,1.2390618324279785,-0.09063544124364853,0.335221529006958,0.008745485916733742,-0.0030872507486492395,-0.016853243112564087,0.9998149871826172,0,0,0,0,0,0,0,0,0,0,0,0,0,0
5.850398063659668,3.0,0.06526161730289459,0.029527291655540466,-0.06396996974945068,-0.03194081783294678,-2.8410909175872803,-12.135798454284668,-2.1502108573913574,9.808515548706055,0.03,1.2390618324279785,-0.09063544124364853,0.335221529006958,0.008745485916733742,-0.0030872507486492395,-0.016853243112564087,0.9998149871826172,0,0,0,0,0,0,0,0,0,0,0,0,0,0
5.851590156555176,3.0,0.06526161730289459,0.029527291655540466,-0.06396996974945068,-0.03194081783294678,-2.8410909175872803,-12.135798454284668,-2.1502108573913574,9.808515548706055,0.03,1.2390618324279785,-0.09063544124364853,0.335221529006958,0.008745485916733742,-0.0030872507486492395,-0.016853243112564087,0.9998149871826172,0,0,0,0,0,0,0,0,0,0,0,0,0,0
5.852720022201538,3.0,0.06526161730289459,0.029527291655540466,-0.06396996974945068,-0.03194081783294678,-2.8410909175872803,-12.135798454284668,-2.1502108573913574,9.808515548706055,0.03,1.2390618324279785,-0.09063544124364853,0.335221529006958,0.008745485916733742,-0.0030872507486492395,-0.016853243112564087,0.9998149871826172,0,0,0,0,0,0,0,0,0,0,0,0,0,0
5.854156970977783,3.0,0.06526161730289459,0.029527291655540466,-0.06396996974945068,-0.03194081783294678,-2.8410909175872803,-12.135798454284668,-2.1502108573913574,9.808515548706055,0.03,1.2390618324279785,-0.09063544124364853,0.335221529006958,0.008745485916733742,-0.0030872507486492395,-0.016853243112564087,0.9998149871826172,0,0,0,0,0,0,0,0,0,0,0,0,0,0
5.855677366256714,3.0,0.06526161730289459,0.029527291655540466,-0.06396996974945068,-0.03194081783294678,-2.8410909175872803,-12.135798454284668,-2.1502108573913574,9.808515548706055,0.03,1.2390618324279785,-0.09063544124364853,0.335221529006958,0.008745485916733742,-0.0030872507486492395,-0.016853243112564087,0.9998149871826172,0,0,0,0,0,0,0,0,0,0,0,0,0,0
5.856754541397095,3.0,0.06526161730289459,0.029527291655540466,-0.06396996974945068,-0.03194081783294678,-2.8410909175872803,-12.135798454284668,-2.1502108573913574,9.808515548706055,0.03,1.2390618324279785,-0.09063544124364853,0.335221529006958,0.008745485916733742,-0.0030872507486492395,-0.016853243112564087,0.9998149871826172,0,0,0,0,0,0,0,0,0,0,0,0,0,0
5.859117746353149,3.0,0.06526161730289459,0.029527291655540466,-0.06396996974945068,-0.03194081783294678,-2.8410909175872803,-12.135798454284668,-2.1502108573913574,9.808515548706055,0.03,1.2390618324279785,-0.09063544124364853,0.335221529006958,0.008745485916733742,-0.0030872507486492395,-0.016853243112564087,0.9998149871826172,0,0,0,0,0,0,0,0,0,0,0,0,0,0
5.860496759414673,3.0,0.06526161730289459,0.029527291655540466,-0.06396996974945068,-0.03194081783294678,-2.8410909175872803,-12.135798454284668,-2.1502108573913574,9.808515548706055,0.03,1.2390618324279785,-0.09063544124364853,0.335221529006958,0.008745485916733742,-0.0030872507486492395,-0.016853243112564087,0.9998149871826172,0,0,0,0,0,0,0,0,0,0,0,0,0,0
5.863252878189087,3.0,0.06526161730289459,0.029527291655540466,-0.06396996974945068,-0.03194081783294678,-2.8410909175872803,-12.135798454284668,-2.1502108573913574,9.808515548706055,0.03,1.2390618324279785,-0.09063544124364853,0.335221529006958,0.008745485916733742,-0.0030872507486492395,-0.016853243112564087,0.9998149871826172,0,0,0,0,0,0,0,0,0,0,0,0,0,0
5.86513876914978,3.0,0.06526161730289459,0.029527291655540466,-0.06396996974945068,-0.03194081783294678,-2.8410909175872803,-12.135798454284668,-2.1502108573913574,9.808515548706055,0.03,1.2390618324279785,-0.09063544124364853,0.335221529006958,0.008745485916733742,-0.0030872507486492395,-0.016853243112564087,0.9998149871826172,0,0,0,0,0,0,0,0,0,0,0,0,0,0
5.866324424743652,3.0,0.06526161730289459,0.029527291655540466,-0.06396996974945068,-0.03194081783294678,-2.8410909175872803,-12.135798454284668,-2.1502108573913574,9.808515548706055,0.03,1.2390618324279785,-0.09063544124364853,0.335221529006958,0.008745485916733742,-0.0030872507486492395,-0.016853243112564087,0.9998149871826172,0,0,0,0,0,0,0,0,0,0,0,0,0,0
5.868911504745483,3.0,0.06526161730289459,0.029527291655540466,-0.06396996974945068,-0.03194081783294678,-2.8410909175872803,-12.135798454284668,-2.1502108573913574,9.808515548706055,0.03,1.2390618324279785,-0.09063544124364853,0.335221529006958,0.008745485916733742,-0.0030872507486492395,-0.016853243112564087,0.9998149871826172,0,0,0,0,0,0,0,0,0,0,0,0,0,0
5.870922565460205,3.0,0.06526161730289459,0.029527291655540466,-0.06396996974945068,-0.03194081783294678,-2.8410909175872803,-12.135798454284668,-2.1502108573913574,9.808515548706055,0.03,1.2390618324279785,-0.09063544124364853,0.335221529006958,0.008745485916733742,-0.0030872507486492395,-0.016853243112564087,0.9998149871826172,0,0,0,0,0,0,0,0,0,0,0,0,0,0
5.872251272201538,3.0,0.06532875448465347,0.03673282265663147,-0.06426370143890381,-0.03881394863128662,-3.783496141433716,-11.86840534210205,-2.8950533866882324,10.034491539001465,0.03,1.237429141998291,-0.09121499955654144,0.33536088466644287,0.0085122250020504,-0.004036915488541126,-0.022436760365962982,0.9997039437294006,0,0,0,0,0,0,0,0,0,0,0,0,0,0
5.874007225036621,3.0,0.0659894198179245,0.05263407528400421,-0.06576389074325562,-0.054816484451293945,-6.146441459655762,-11.924514770507812,-4.459165096282959,9.526240348815918,0.03,1.2356263399124146,-0.09160963445901871,0.33556610345840454,0.006784866563975811,-0.004366662353277206,-0.03723159059882164,0.9992741346359253,0,0,0,0,0,0,0,0,0,0,0,0,0,0
5.875195741653442,3.0,0.0659894198179245,0.05263407528400421,-0.06576389074325562,-0.054816484451293945,-6.146441459655762,-11.924514770507812,-4.459165096282959,9.526240348815918,0.03,1.2356263399124146,-0.09160963445901871,0.33556610345840454,0.006784866563975811,-0.004366662353277206,-0.03723159059882164,0.9992741346359253,0,0,0,0,0,0,0,0,0,0,0,0,0,0
5.876507043838501,3.0,0.0659894198179245,0.05263407528400421,-0.06576389074325562,-0.054816484451293945,-6.146441459655762,-11.924514770507812,-4.459165096282959,9.526240348815918,0.03,1.2356263399124146,-0.09160963445901871,0.33556610345840454,0.006784866563975811,-0.004366662353277206,-0.03723159059882164,0.9992741346359253,0,0,0,0,0,0,0,0,0,0,0,0,0,0
5.8776421546936035,3.0,0.0659894198179245,0.05263407528400421,-0.06576389074325562,-0.054816484451293945,-6.146441459655762,-11.924514770507812,-4.459165096282959,9.526240348815918,0.03,1.2356263399124146,-0.09160963445901871,0.33556610345840454,0.006784866563975811,-0.004366662353277206,-0.03723159059882164,0.9992741346359253,0,0,0,0,0,0,0,0,0,0,0,0,0,0
5.87881875038147,3.0,0.0659894198179245,0.05263407528400421,-0.06576389074325562,-0.054816484451293945,-6.146441459655762,-11.924514770507812,-4.459165096282959,9.526240348815918,0.03,1.2356263399124146,-0.09160963445901871,0.33556610345840454,0.006784866563975811,-0.004366662353277206,-0.03723159059882164,0.9992741346359253,0,0,0,0,0,0,0,0,0,0,0,0,0,0
5.882656812667847,3.0,0.0659894198179245,0.05263407528400421,-0.06576389074325562,-0.054816484451293945,-6.146441459655762,-11.924514770507812,-4.459165096282959,9.526240348815918,0.03,1.2356263399124146,-0.09160963445901871,0.33556610345840454,0.006784866563975811,-0.004366662353277206,-0.03723159059882164,0.9992741346359253,0,0,0,0,0,0,0,0,0,0,0,0,0,0
5.885272979736328,3.0,0.0659894198179245,0.05263407528400421,-0.06576389074325562,-0.054816484451293945,-6.146441459655762,-11.924514770507812,-4.459165096282959,9.526240348815918,0.03,1.2356263399124146,-0.09160963445901871,0.33556610345840454,0.006784866563975811,-0.004366662353277206,-0.03723159059882164,0.9992741346359253,0,0,0,0,0,0,0,0,0,0,0,0,0,0
5.886516809463501,3.0,0.0659894198179245,0.05263407528400421,-0.06576389074325562,-0.054816484451293945,-6.146441459655762,-11.924514770507812,-4.459165096282959,9.526240348815918,0.03,1.2356263399124146,-0.09160963445901871,0.33556610345840454,0.006784866563975811,-0.004366662353277206,-0.03723159059882164,0.9992741346359253,0,0,0,0,0,0,0,0,0,0,0,0,0,0
5.888104677200317,3.0,0.0659894198179245,0.05263407528400421,-0.06576389074325562,-0.054816484451293945,-6.146441459655762,-11.924514770507812,-4.459165096282959,9.526240348815918,0.03,1.2356263399124146,-0.09160963445901871,0.33556610345840454,0.006784866563975811,-0.004366662353277206,-0.03723159059882164,0.9992741346359253,0,0,0,0,0,0,0,0,0,0,0,0,0,0
5.8896143436431885,3.0,0.0666680559515953,0.06080526113510132,-0.06717643141746521,-0.06301581859588623,-7.408216953277588,-11.726784706115723,-5.193090915679932,9.557400703430176,0.03,1.233965277671814,-0.09248854964971542,0.33579346537590027,0.00457379687577486,-0.004556086380034685,-0.05844550579786301,0.9982697367668152,0,0,0,0,0,0,0,0,0,0,0,0,0,0
5.89071798324585,3.0,0.06702446192502975,0.06293240189552307,-0.06762433052062988,-0.06506872177124023,-7.907491207122803,-11.706172943115234,-5.3629655838012695,9.524261474609375,0.03,1.2320735454559326,-0.0928007960319519,0.3358379006385803,0.004969336558133364,-0.004290351178497076,-0.06090589985251427,0.9981219172477722,0,0,0,0,0,0,0,0,0,0,0,0,0,0
5.895186901092529,3.0,0.06702446192502975,0.06293240189552307,-0.06762433052062988,-0.06506872177124023,-7.907491207122803,-11.706172943115234,-5.3629655838012695,9.524261474609375,0.03,1.2320735454559326,-0.0928007960319519,0.3358379006385803,0.004969336558133364,-0.004290351178497076,-0.06090589985251427,0.9981219172477722,0,0,0,0,0,0,0,0,0,0,0,0,0,0
5.896294593811035,3.0,0.06702446192502975,0.06293240189552307,-0.06762433052062988,-0.06506872177124023,-7.907491207122803,-11.706172943115234,-5.3629655838012695,9.524261474609375,0.03,1.2320735454559326,-0.0928007960319519,0.3358379006385803,0.004969336558133364,-0.004290351178497076,-0.06090589985251427,0.9981219172477722,0,0,0,0,0,0,0,0,0,0,0,0,0,0
5.897414445877075,3.0,0.06702446192502975,0.06293240189552307,-0.06762433052062988,-0.06506872177124023,-7.907491207122803,-11.706172943115234,-5.3629655838012695,9.524261474609375,0.03,1.2320735454559326,-0.0928007960319519,0.3358379006385803,0.004969336558133364,-0.004290351178497076,-0.06090589985251427,0.9981219172477722,0,0,0,0,0,0,0,0,0,0,0,0,0,0
5.89856743812561,3.0,0.06702446192502975,0.06293240189552307,-0.06762433052062988,-0.06506872177124023,-7.907491207122803,-11.706172943115234,-5.3629655838012695,9.524261474609375,0.03,1.2320735454559326,-0.0928007960319519,0.3358379006385803,0.004969336558133364,-0.004290351178497076,-0.06090589985251427,0.9981219172477722,0,0,0,0,0,0,0,0,0,0,0,0,0,0
5.899818181991577,3.0,0.06702446192502975,0.06293240189552307,-0.06762433052062988,-0.06506872177124023,-7.907491207122803,-11.706172943115234,-5.3629655838012695,9.524261474609375,0.03,1.2320735454559326,-0.0928007960319519,0.3358379006385803,0.004969336558133364,-0.004290351178497076,-0.06090589985251427,0.9981219172477722,0,0,0,0,0,0,0,0,0,0,0,0,0,0
5.901804685592651,3.0,0.06759502738714218,0.06645619869232178,-0.06837654113769531,-0.06864440441131592,-8.383520126342773,-11.480493545532227,-5.7088422775268555,9.256759643554688,0.03,1.230342984199524,-0.09328647702932358,0.33593758940696716,0.0057046543806791306,-0.0030691674910485744,-0.05603776499629021,0.9984076619148254,0,0,0,0,0,0,0,0,0,0,0,0,0,0
5.9028918743133545,3.0,0.06759502738714218,0.06645619869232178,-0.06837654113769531,-0.06864440441131592,-8.383520126342773,-11.480493545532227,-5.7088422775268555,9.256759643554688,0.03,1.230342984199524,-0.09328647702932358,0.33593758940696716,0.0057046543806791306,-0.0030691674910485744,-0.05603776499629021,0.9984076619148254,0,0,0,0,0,0,0,0,0,0,0,0,0,0
5.904303789138794,4.0,0.06870298832654953,0.07384392619132996,-0.06939733028411865,-0.07591640949249268,-3.536548614501953,-10.025046348571777,-1.5465837717056274,8.103614807128906,0.03,1.230342984199524,-0.09328647702932358,0.33593758940696716,0.0057046543806791306,-0.0030691674910485744,-0.05603776499629021,0.9984076619148254,0,0,0,0,0,0,0,0,0,0,0,0,0,0
5.905936241149902,1.0,0.009462594985961914,0.08854222297668457,-0.006910264492034912,-0.08824300765991211,1.5810880661010742,1.2274985313415527,0.681859016418457,-1.320020079612732,0.03,1.2221221923828125,-0.09435530006885529,0.3367760479450226,-0.0015266111586242914,-0.006093306932598352,-0.07445097714662552,0.9972049593925476,0,0,0,0,0,0,0,0,0,0,0,0,0,0
5.9075891971588135,1.0,0.0017275810241699219,0.08648191392421722,0.0014889240264892578,-0.08596110343933105,-1.4390119314193726,4.646918773651123,-2.6596689224243164,-4.77174711227417,0.03,1.219672441482544,-0.09361967444419861,0.3373774588108063,0.004054132383316755,-0.00620703911408782,-0.06844833493232727,0.9976271986961365,0,0,0,0,0,0,0,0,0,0,0,0,0,0
5.908650159835815,1.0,0.0017275810241699219,0.08648191392421722,0.0014889240264892578,-0.08596110343933105,-1.4390119314193726,4.646918773651123,-2.6596689224243164,-4.77174711227417,0.03,1.219672441482544,-0.09361967444419861,0.3373774588108063,0.004054132383316755,-0.00620703911408782,-0.06844833493232727,0.9976271986961365,0,0,0,0,0,0,0,0,0,0,0,0,0,0
5.909819841384888,1.0,0.0017275810241699219,0.08648191392421722,0.0014889240264892578,-0.08596110343933105,-1.4390119314193726,4.646918773651123,-2.6596689224243164,-4.77174711227417,0.03,1.219672441482544,-0.09361967444419861,0.3373774588108063,0.004054132383316755,-0.00620703911408782,-0.06844833493232727,0.9976271986961365,0,0,0,0,0,0,0,0,0,0,0,0,0,0
5.911074876785278,1.0,0.0016204118728637695,0.08601652085781097,0.0016051530838012695,-0.08554571866989136,-1.1732335090637207,4.769473552703857,-2.391449451446533,-4.991580963134766,0.03,1.219672441482544,-0.09361967444419861,0.3373774588108063,0.004054132383316755,-0.00620703911408782,-0.06844833493232727,0.9976271986961365,0,0,0,0,0,0,0,0,0,0,0,0,0,0
5.9121620655059814,1.0,0.0016235709190368652,0.0850016325712204,0.0016472935676574707,-0.08451575040817261,-0.8354219198226929,4.389814376831055,-1.932130217552185,-4.490820407867432,0.03,1.219672441482544,-0.09361967444419861,0.3373774588108063,0.004054132383316755,-0.00620703911408782,-0.06844833493232727,0.9976271986961365,0,0,0,0,0,0,0,0,0,0,0,0,0,0
5.913437128067017,1.0,0.002172231674194336,0.08276264369487762,0.0009621977806091309,-0.08167511224746704,0.4619859457015991,4.7579755783081055,-0.8848655819892883,-4.868072509765625,0.03,1.2202342748641968,-0.09325332939624786,0.336894690990448,0.012778027914464474,-0.0032642032019793987,-0.018058013170957565,0.9997499585151672,0,0,0,0,0,0,0,0,0,0,0,0,0,0
5.914739608764648,1.0,0.002172231674194336,0.08276264369487762,0.0009621977806091309,-0.08167511224746704,0.4619859457015991,4.7579755783081055,-0.8848655819892883,-4.868072509765625,0.03,1.2202342748641968,-0.09325332939624786,0.336894690990448,0.012778027914464474,-0.0032642032019793987,-0.018058013170957565,0.9997499585151672,0,0,0,0,0,0,0,0,0,0,0,0,0,0
5.9159932136535645,1.0,0.002172231674194336,0.08276264369487762,0.0009621977806091309,-0.08167511224746704,0.4619859457015991,4.7579755783081055,-0.8848655819892883,-4.868072509765625,0.03,1.2202342748641968,-0.09325332939624786,0.336894690990448,0.012778027914464474,-0.0032642032019793987,-0.018058013170957565,0.9997499585151672,0,0,0,0,0,0,0,0,0,0,0,0,0,0
5.920896768569946,1.0,0.002172231674194336,0.08276264369487762,0.0009621977806091309,-0.08167511224746704,0.4619859457015991,4.7579755783081055,-0.8848655819892883,-4.868072509765625,0.03,1.2202342748641968,-0.09325332939624786,0.336894690990448,0.012778027914464474,-0.0032642032019793987,-0.018058013170957565,0.9997499585151672,0,0,0,0,0,0,0,0,0,0,0,0,0,0
5.922186613082886,1.0,0.002172231674194336,0.08276264369487762,0.0009621977806091309,-0.08167511224746704,0.4619859457015991,4.7579755783081055,-0.8848655819892883,-4.868072509765625,0.03,1.2202342748641968,-0.09325332939624786,0.336894690990448,0.012778027914464474,-0.0032642032019793987,-0.018058013170957565,0.9997499585151672,0,0,0,0,0,0,0,0,0,0,0,0,0,0
5.9234418869018555,1.0,0.002172231674194336,0.08276264369487762,0.0009621977806091309,-0.08167511224746704,0.4619859457015991,4.7579755783081055,-0.8848655819892883,-4.868072509765625,0.03,1.2202342748641968,-0.09325332939624786,0.336894690990448,0.012778027914464474,-0.0032642032019793987,-0.018058013170957565,0.9997499585151672,0,0,0,0,0,0,0,0,0,0,0,0,0,0
5.924873352050781,1.0,0.002172231674194336,0.08276264369487762,0.0009621977806091309,-0.08167511224746704,0.4619859457015991,4.7579755783081055,-0.8848655819892883,-4.868072509765625,0.03,1.2202342748641968,-0.09325332939624786,0.336894690990448,0.012778027914464474,-0.0032642032019793987,-0.018058013170957565,0.9997499585151672,0,0,0,0,0,0,0,0,0,0,0,0,0,0
5.926166296005249,1.0,0.002172231674194336,0.08276264369487762,0.0009621977806091309,-0.08167511224746704,0.4619859457015991,4.7579755783081055,-0.8848655819892883,-4.868072509765625,0.03,1.2202342748641968,-0.09325332939624786,0.336894690990448,0.012778027914464474,-0.0032642032019793987,-0.018058013170957565,0.9997499585151672,0,0,0,0,0,0,0,0,0,0,0,0,0,0
5.927505970001221,1.0,0.002172231674194336,0.08276264369487762,0.0009621977806091309,-0.08167511224746704,0.4619859457015991,4.7579755783081055,-0.8848655819892883,-4.868072509765625,0.03,1.2202342748641968,-0.09325332939624786,0.336894690990448,0.012778027914464474,-0.0032642032019793987,-0.018058013170957565,0.9997499585151672,0,0,0,0,0,0,0,0,0,0,0,0,0,0
5.930759906768799,1.0,0.002172231674194336,0.08276264369487762,0.0009621977806091309,-0.08167511224746704,0.4619859457015991,4.7579755783081055,-0.8848655819892883,-4.868072509765625,0.03,1.2202342748641968,-0.09325332939624786,0.336894690990448,0.012778027914464474,-0.0032642032019793987,-0.018058013170957565,0.9997499585151672,0,0,0,0,0,0,0,0,0,0,0,0,0,0
5.932578086853027,1.0,0.002172231674194336,0.08276264369487762,0.0009621977806091309,-0.08167511224746704,0.4619859457015991,4.7579755783081055,-0.8848655819892883,-4.868072509765625,0.03,1.2217116355895996,-0.09427350759506226,0.3362257778644562,0.009130568243563175,0.0011829358991235495,-0.04708612337708473,0.9988484978675842,0,0,0,0,0,0,0,0,0,0,0,0,0,0
5.933666944503784,1.0,0.002172231674194336,0.08276264369487762,0.0009621977806091309,-0.08167511224746704,0.4619859457015991,4.7579755783081055,-0.8848655819892883,-4.868072509765625,0.03,1.2217116355895996,-0.09427350759506226,0.3362257778644562,0.009130568243563175,0.0011829358991235495,-0.04708612337708473,0.9988484978675842,0,0,0,0,0,0,0,0,0,0,0,0,0,0
5.9348554611206055,1.0,0.002172231674194336,0.08276264369487762,0.0009621977806091309,-0.08167511224746704,0.4619859457015991,4.7579755783081055,-0.8848655819892883,-4.868072509765625,0.03,1.2217116355895996,-0.09427350759506226,0.3362257778644562,0.009130568243563175,0.0011829358991235495,-0.04708612337708473,0.9988484978675842,0,0,0,0,0,0,0,0,0,0,0,0,0,0
5.935953855514526,1.0,0.002172231674194336,0.08276264369487762,0.0009621977806091309,-0.08167511224746704,0.4619859457015991,4.7579755783081055,-0.8848655819892883,-4.868072509765625,0.03,1.2217116355895996,-0.09427350759506226,0.3362257778644562,0.009130568243563175,0.0011829358991235495,-0.04708612337708473,0.9988484978675842,0,0,0,0,0,0,0,0,0,0,0,0,0,0
5.937043905258179,1.0,0.002172231674194336,0.08276264369487762,0.0009621977806091309,-0.08167511224746704,0.4619859457015991,4.7579755783081055,-0.8848655819892883,-4.868072509765625,0.03,1.2217116355895996,-0.09427350759506226,0.3362257778644562,0.009130568243563175,0.0011829358991235495,-0.04708612337708473,0.9988484978675842,0,0,0,0,0,0,0,0,0,0,0,0,0,0
5.938453435897827,1.0,0.002172231674194336,0.08276264369487762,0.0009621977806091309,-0.08167511224746704,0.4619859457015991,4.7579755783081055,-0.8848655819892883,-4.868072509765625,0.03,1.2217116355895996,-0.09427350759506226,0.3362257778644562,0.009130568243563175,0.0011829358991235495,-0.04708612337708473,0.9988484978675842,0,0,0,0,0,0,0,0,0,0,0,0,0,0
5.940146207809448,1.0,0.002172231674194336,0.08276264369487762,0.0009621977806091309,-0.08167511224746704,0.4619859457015991,4.7579755783081055,-0.8848655819892883,-4.868072509765625,0.03,1.2217116355895996,-0.09427350759506226,0.3362257778644562,0.009130568243563175,0.0011829358991235495,-0.04708612337708473,0.9988484978675842,0,0,0,0,0,0,0,0,0,0,0,0,0,0
5.942147731781006,1.0,0.002172231674194336,0.08276264369487762,0.0009621977806091309,-0.08167511224746704,0.4619859457015991,4.7579755783081055,-0.8848655819892883,-4.868072509765625,0.03,1.2217116355895996,-0.09427350759506226,0.3362257778644562,0.009130568243563175,0.0011829358991235495,-0.04708612337708473,0.9988484978675842,0,0,0,0,0,0,0,0,0,0,0,0,0,0
5.943985223770142,1.0,0.002172231674194336,0.08276264369487762,0.0009621977806091309,-0.08167511224746704,0.4619859457015991,4.7579755783081055,-0.8848655819892883,-4.868072509765625,0.03,1.2217116355895996,-0.09427350759506226,0.3362257778644562,0.009130568243563175,0.0011829358991235495,-0.04708612337708473,0.9988484978675842,0,0,0,0,0,0,0,0,0,0,0,0,0,0
5.945228338241577,1.0,0.002172231674194336,0.08276264369487762,0.0009621977806091309,-0.08167511224746704,0.4619859457015991,4.7579755783081055,-0.8848655819892883,-4.868072509765625,0.03,1.223142385482788,-0.09515281766653061,0.3348325490951538,0.011939404532313347,0.006971827242523432,-0.03833824023604393,0.9991691708564758,0,0,0,0,0,0,0,0,0,0,0,0,0,0
5.946339845657349,1.0,0.002172231674194336,0.08276264369487762,0.0009621977806091309,-0.08167511224746704,0.4619859457015991,4.7579755783081055,-0.8848655819892883,-4.868072509765625,0.03,1.223142385482788,-0.09515281766653061,0.3348325490951538,0.011939404532313347,0.006971827242523432,-0.03833824023604393,0.9991691708564758,0,0,0,0,0,0,0,0,0,0,0,0,0,0
5.948685646057129,1.0,0.002172231674194336,0.08276264369487762,0.0009621977806091309,-0.08167511224746704,0.4619859457015991,4.7579755783081055,-0.8848655819892883,-4.868072509765625,0.03,1.223142385482788,-0.09515281766653061,0.3348325490951538,0.011939404532313347,0.006971827242523432,-0.03833824023604393,0.9991691708564758,0,0,0,0,0,0,0,0,0,0,0,0,0,0
5.949976444244385,1.0,0.002172231674194336,0.08276264369487762,0.0009621977806091309,-0.08167511224746704,0.4619859457015991,4.7579755783081055,-0.8848655819892883,-4.868072509765625,0.03,1.223142385482788,-0.09515281766653061,0.3348325490951538,0.011939404532313347,0.006971827242523432,-0.03833824023604393,0.9991691708564758,0,0,0,0,0,0,0,0,0,0,0,0,0,0
5.951249599456787,1.0,0.002172231674194336,0.08276264369487762,0.0009621977806091309,-0.08167511224746704,0.4619859457015991,4.7579755783081055,-0.8848655819892883,-4.868072509765625,0.03,1.223142385482788,-0.09515281766653061,0.3348325490951538,0.011939404532313347,0.006971827242523432,-0.03833824023604393,0.9991691708564758,0,0,0,0,0,0,0,0,0,0,0,0,0,0
5.952883005142212,1.0,0.002172231674194336,0.08276264369487762,0.0009621977806091309,-0.08167511224746704,0.4619859457015991,4.7579755783081055,-0.8848655819892883,-4.868072509765625,0.03,1.223142385482788,-0.09515281766653061,0.3348325490951538,0.011939404532313347,0.006971827242523432,-0.03833824023604393,0.9991691708564758,0,0,0,0,0,0,0,0,0,0,0,0,0,0
5.9543375968933105,1.0,0.002172231674194336,0.08276264369487762,0.0009621977806091309,-0.08167511224746704,0.4619859457015991,4.7579755783081055,-0.8848655819892883,-4.868072509765625,0.03,1.223142385482788,-0.09515281766653061,0.3348325490951538,0.011939404532313347,0.006971827242523432,-0.03833824023604393,0.9991691708564758,0,0,0,0,0,0,0,0,0,0,0,0,0,0
5.955422878265381,1.0,0.002172231674194336,0.08276264369487762,0.0009621977806091309,-0.08167511224746704,0.4619859457015991,4.7579755783081055,-0.8848655819892883,-4.868072509765625,0.03,1.223142385482788,-0.09515281766653061,0.3348325490951538,0.011939404532313347,0.006971827242523432,-0.03833824023604393,0.9991691708564758,0,0,0,0,0,0,0,0,0,0,0,0,0,0
5.956546068191528,1.0,0.002172231674194336,0.08276264369487762,0.0009621977806091309,-0.08167511224746704,0.4619859457015991,4.7579755783081055,-0.8848655819892883,-4.868072509765625,0.03,1.223142385482788,-0.09515281766653061,0.3348325490951538,0.011939404532313347,0.006971827242523432,-0.03833824023604393,0.9991691708564758,0,0,0,0,0,0,0,0,0,0,0,0,0,0
5.957743883132935,1.0,0.002172231674194336,0.08276264369487762,0.0009621977806091309,-0.08167511224746704,0.4619859457015991,4.7579755783081055,-0.8848655819892883,-4.868072509765625,0.03,1.223142385482788,-0.09515281766653061,0.3348325490951538,0.011939404532313347,0.006971827242523432,-0.03833824023604393,0.9991691708564758,0,0,0,0,0,0,0,0,0,0,0,0,0,0
5.959574460983276,1.0,0.002172231674194336,0.08276264369487762,0.0009621977806091309,-0.08167511224746704,0.4619859457015991,4.7579755783081055,-0.8848655819892883,-4.868072509765625,0.03,1.223142385482788,-0.09515281766653061,0.3348325490951538,0.011939404532313347,0.006971827242523432,-0.03833824023604393,0.9991691708564758,0,0,0,0,0,0,0,0,0,0,0,0,0,0
5.96599006652832,1.0,0.002172231674194336,0.08276264369487762,0.0009621977806091309,-0.08167511224746704,0.4619859457015991,4.7579755783081055,-0.8848655819892883,-4.868072509765625,0.03,1.2238061428070068,-0.095572330057621,0.33429110050201416,0.012252897955477238,0.008516247384250164,-0.030979523435235023,0.9994086623191833,0,0,0,0,0,0,0,0,0,0,0,0,0,0
5.96745228767395,1.0,0.002172231674194336,0.08276264369487762,0.0009621977806091309,-0.08167511224746704,0.4619859457015991,4.7579755783081055,-0.8848655819892883,-4.868072509765625,0.03,1.2251356840133667,-0.09634511917829514,0.33317649364471436,0.009070963598787785,0.01596911996603012,-0.06645813584327698,0.997620165348053,0,0,0,0,0,0,0,0,0,0,0,0,0,0
5.968766927719116,1.0,0.002172231674194336,0.08276264369487762,0.0009621977806091309,-0.08167511224746704,0.4619859457015991,4.7579755783081055,-0.8848655819892883,-4.868072509765625,0.03,1.2251356840133667,-0.09634511917829514,0.33317649364471436,0.009070963598787785,0.01596911996603012,-0.06645813584327698,0.997620165348053,0,0,0,0,0,0,0,0,0,0,0,0,0,0
5.97136116027832,1.0,0.002172231674194336,0.08276264369487762,0.0009621977806091309,-0.08167511224746704,0.4619859457015991,4.7579755783081055,-0.8848655819892883,-4.868072509765625,0.03,1.2251356840133667,-0.09634511917829514,0.33317649364471436,0.009070963598787785,0.01596911996603012,-0.06645813584327698,0.997620165348053,0,0,0,0,0,0,0,0,0,0,0,0,0,0
5.972637414932251,1.0,0.002172231674194336,0.08276264369487762,0.0009621977806091309,-0.08167511224746704,0.4619859457015991,4.7579755783081055,-0.8848655819892883,-4.868072509765625,0.03,1.2251356840133667,-0.09634511917829514,0.33317649364471436,0.009070963598787785,0.01596911996603012,-0.06645813584327698,0.997620165348053,0,0,0,0,0,0,0,0,0,0,0,0,0,0
5.973964691162109,1.0,0.002172231674194336,0.08276264369487762,0.0009621977806091309,-0.08167511224746704,0.4619859457015991,4.7579755783081055,-0.8848655819892883,-4.868072509765625,0.03,1.2251356840133667,-0.09634511917829514,0.33317649364471436,0.009070963598787785,0.01596911996603012,-0.06645813584327698,0.997620165348053,0,0,0,0,0,0,0,0,0,0,0,0,0,0
5.975042819976807,1.0,0.002172231674194336,0.08276264369487762,0.0009621977806091309,-0.08167511224746704,0.4619859457015991,4.7579755783081055,-0.8848655819892883,-4.868072509765625,0.03,1.2251356840133667,-0.09634511917829514,0.33317649364471436,0.009070963598787785,0.01596911996603012,-0.06645813584327698,0.997620165348053,0,0,0,0,0,0,0,0,0,0,0,0,0,0
5.976709842681885,1.0,0.002172231674194336,0.08276264369487762,0.0009621977806091309,-0.08167511224746704,0.4619859457015991,4.7579755783081055,-0.8848655819892883,-4.868072509765625,0.03,1.2251356840133667,-0.09634511917829514,0.33317649364471436,0.009070963598787785,0.01596911996603012,-0.06645813584327698,0.997620165348053,0,0,0,0,0,0,0,0,0,0,0,0,0,0
5.97824501991272,1.0,0.002172231674194336,0.08276264369487762,0.0009621977806091309,-0.08167511224746704,0.4619859457015991,4.7579755783081055,-0.8848655819892883,-4.868072509765625,0.03,1.2251356840133667,-0.09634511917829514,0.33317649364471436,0.009070963598787785,0.01596911996603012,-0.06645813584327698,0.997620165348053,0,0,0,0,0,0,0,0,0,0,0,0,0,0
5.979346513748169,1.0,0.002172231674194336,0.08276264369487762,0.0009621977806091309,-0.08167511224746704,0.4619859457015991,4.7579755783081055,-0.8848655819892883,-4.868072509765625,0.03,1.2251356840133667,-0.09634511917829514,0.33317649364471436,0.009070963598787785,0.01596911996603012,-0.06645813584327698,0.997620165348053,0,0,0,0,0,0,0,0,0,0,0,0,0,0
5.980477809906006,1.0,0.002172231674194336,0.08276264369487762,0.0009621977806091309,-0.08167511224746704,0.4619859457015991,4.7579755783081055,-0.8848655819892883,-4.868072509765625,0.03,1.2251356840133667,-0.09634511917829514,0.33317649364471436,0.009070963598787785,0.01596911996603012,-0.06645813584327698,0.997620165348053,0,0,0,0,0,0,0,0,0,0,0,0,0,0
5.981590032577515,1.0,0.002172231674194336,0.08276264369487762,0.0009621977806091309,-0.08167511224746704,0.4619859457015991,4.7579755783081055,-0.8848655819892883,-4.868072509765625,0.03,1.2251356840133667,-0.09634511917829514,0.33317649364471436,0.009070963598787785,0.01596911996603012,-0.06645813584327698,0.997620165348053,0,0,0,0,0,0,0,0,0,0,0,0,0,0
5.982701539993286,1.0,0.002172231674194336,0.08276264369487762,0.0009621977806091309,-0.08167511224746704,0.4619859457015991,4.7579755783081055,-0.8848655819892883,-4.868072509765625,0.03,1.2251356840133667,-0.09634511917829514,0.33317649364471436,0.009070963598787785,0.01596911996603012,-0.06645813584327698,0.997620165348053,0,0,0,0,0,0,0,0,0,0,0,0,0,0
5.983852863311768,1.0,0.002172231674194336,0.08276264369487762,0.0009621977806091309,-0.08167511224746704,0.4619859457015991,4.7579755783081055,-0.8848655819892883,-4.868072509765625,0.03,1.2251356840133667,-0.09634511917829514,0.33317649364471436,0.009070963598787785,0.01596911996603012,-0.06645813584327698,0.997620165348053,0,0,0,0,0,0,0,0,0,0,0,0,0,0
5.985053062438965,1.0,0.002172231674194336,0.08276264369487762,0.0009621977806091309,-0.08167511224746704,0.4619859457015991,4.7579755783081055,-0.8848655819892883,-4.868072509765625,0.03,1.2251356840133667,-0.09634511917829514,0.33317649364471436,0.009070963598787785,0.01596911996603012,-0.06645813584327698,0.997620165348053,0,0,0,0,0,0,0,0,0,0,0,0,0,0
5.986328840255737,1.0,0.002172231674194336,0.08276264369487762,0.0009621977806091309,-0.08167511224746704,0.4619859457015991,4.7579755783081055,-0.8848655819892883,-4.868072509765625,0.03,1.2251356840133667,-0.09634511917829514,0.33317649364471436,0.009070963598787785,0.01596911996603012,-0.06645813584327698,0.997620165348053,0,0,0,0,0,0,0,0,0,0,0,0,0,0
5.987615585327148,1.0,0.002172231674194336,0.08276264369487762,0.0009621977806091309,-0.08167511224746704,0.4619859457015991,4.7579755783081055,-0.8848655819892883,-4.868072509765625,0.03,1.2251356840133667,-0.09634511917829514,0.33317649364471436,0.009070963598787785,0.01596911996603012,-0.06645813584327698,0.997620165348053,0,0,0,0,0,0,0,0,0,0,0,0,0,0
5.989055156707764,1.0,0.002172231674194336,0.08276264369487762,0.0009621977806091309,-0.08167511224746704,0.4619859457015991,4.7579755783081055,-0.8848655819892883,-4.868072509765625,0.03,1.2251356840133667,-0.09634511917829514,0.33317649364471436,0.009070963598787785,0.01596911996603012,-0.06645813584327698,0.997620165348053,0,0,0,0,0,0,0,0,0,0,0,0,0,0
5.990226984024048,1.0,0.002172231674194336,0.08276264369487762,0.0009621977806091309,-0.08167511224746704,0.4619859457015991,4.7579755783081055,-0.8848655819892883,-4.868072509765625,0.03,1.2251356840133667,-0.09634511917829514,0.33317649364471436,0.009070963598787785,0.01596911996603012,-0.06645813584327698,0.997620165348053,0,0,0,0,0,0,0,0,0,0,0,0,0,0
5.991409063339233,1.0,0.002172231674194336,0.08276264369487762,0.0009621977806091309,-0.08167511224746704,0.4619859457015991,4.7579755783081055,-0.8848655819892883,-4.868072509765625,0.03,1.2251356840133667,-0.09634511917829514,0.33317649364471436,0.009070963598787785,0.01596911996603012,-0.06645813584327698,0.997620165348053,0,0,0,0,0,0,0,0,0,0,0,0,0,0
5.992659330368042,1.0,0.002172231674194336,0.08276264369487762,0.0009621977806091309,-0.08167511224746704,0.4619859457015991,4.7579755783081055,-0.8848655819892883,-4.868072509765625,0.03,1.2251356840133667,-0.09634511917829514,0.33317649364471436,0.009070963598787785,0.01596911996603012,-0.06645813584327698,0.997620165348053,0,0,0,0,0,0,0,0,0,0,0,0,0,0
5.994279623031616,1.0,0.002172231674194336,0.08276264369487762,0.0009621977806091309,-0.08167511224746704,0.4619859457015991,4.7579755783081055,-0.8848655819892883,-4.868072509765625,0.03,1.2251356840133667,-0.09634511917829514,0.33317649364471436,0.009070963598787785,0.01596911996603012,-0.06645813584327698,0.997620165348053,0,0,0,0,0,0,0,0,0,0,0,0,0,0
5.9955220222473145,1.0,0.002172231674194336,0.08276264369487762,0.0009621977806091309,-0.08167511224746704,0.4619859457015991,4.7579755783081055,-0.8848655819892883,-4.868072509765625,0.03,1.2262130975723267,-0.0971844345331192,0.3317274749279022,0.012908822856843472,0.02385038509964943,-0.04346504434943199,0.9986868500709534,0,0,0,0,0,0,0,0,0,0,0,0,0,0
5.996805191040039,1.0,0.002172231674194336,0.08276264369487762,0.0009621977806091309,-0.08167511224746704,0.4619859457015991,4.7579755783081055,-0.8848655819892883,-4.868072509765625,0.03,1.2262130975723267,-0.0971844345331192,0.3317274749279022,0.012908822856843472,0.02385038509964943,-0.04346504434943199,0.9986868500709534,0,0,0,0,0,0,0,0,0,0,0,0,0,0
5.999117851257324,1.0,0.002172231674194336,0.08276264369487762,0.0009621977806091309,-0.08167511224746704,0.4619859457015991,4.7579755783081055,-0.8848655819892883,-4.868072509765625,0.03,1.2262130975723267,-0.0971844345331192,0.3317274749279022,0.012908822856843472,0.02385038509964943,-0.04346504434943199,0.9986868500709534,0,0,0,0,0,0,0,0,0,0,0,0,0,0
6.000322341918945,1.0,0.002172231674194336,0.08276264369487762,0.0009621977806091309,-0.08167511224746704,0.4619859457015991,4.7579755783081055,-0.8848655819892883,-4.868072509765625,0.03,1.2262130975723267,-0.0971844345331192,0.3317274749279022,0.012908822856843472,0.02385038509964943,-0.04346504434943199,0.9986868500709534,0,0,0,0,0,0,0,0,0,0,0,0,0,0
6.001672029495239,1.0,0.002172231674194336,0.08276264369487762,0.0009621977806091309,-0.08167511224746704,0.4619859457015991,4.7579755783081055,-0.8848655819892883,-4.868072509765625,0.03,1.2262130975723267,-0.0971844345331192,0.3317274749279022,0.012908822856843472,0.02385038509964943,-0.04346504434943199,0.9986868500709534,0,0,0,0,0,0,0,0,0,0,0,0,0,0
6.002954721450806,1.0,0.002172231674194336,0.08276264369487762,0.0009621977806091309,-0.08167511224746704,0.4619859457015991,4.7579755783081055,-0.8848655819892883,-4.868072509765625,0.03,1.2262130975723267,-0.0971844345331192,0.3317274749279022,0.012908822856843472,0.02385038509964943,-0.04346504434943199,0.9986868500709534,0,0,0,0,0,0,0,0,0,0,0,0,0,0
6.004857540130615,1.0,0.002172231674194336,0.08276264369487762,0.0009621977806091309,-0.08167511224746704,0.4619859457015991,4.7579755783081055,-0.8848655819892883,-4.868072509765625,0.03,1.2262130975723267,-0.0971844345331192,0.3317274749279022,0.012908822856843472,0.02385038509964943,-0.04346504434943199,0.9986868500709534,0,0,0,0,0,0,0,0,0,0,0,0,0,0
6.006119251251221,1.0,0.002172231674194336,0.08276264369487762,0.0009621977806091309,-0.08167511224746704,0.4619859457015991,4.7579755783081055,-0.8848655819892883,-4.868072509765625,0.03,1.2262130975723267,-0.0971844345331192,0.3317274749279022,0.012908822856843472,0.02385038509964943,-0.04346504434943199,0.9986868500709534,0,0,0,0,0,0,0,0,0,0,0,0,0,0
6.007476806640625,1.0,0.002172231674194336,0.08276264369487762,0.0009621977806091309,-0.08167511224746704,0.4619859457015991,4.7579755783081055,-0.8848655819892883,-4.868072509765625,0.03,1.2262130975723267,-0.0971844345331192,0.3317274749279022,0.012908822856843472,0.02385038509964943,-0.04346504434943199,0.9986868500709534,0,0,0,0,0,0,0,0,0,0,0,0,0,0
6.008694887161255,1.0,0.002172231674194336,0.08276264369487762,0.0009621977806091309,-0.08167511224746704,0.4619859457015991,4.7579755783081055,-0.8848655819892883,-4.868072509765625,0.03,1.2262130975723267,-0.0971844345331192,0.3317274749279022,0.012908822856843472,0.02385038509964943,-0.04346504434943199,0.9986868500709534,0,0,0,0,0,0,0,0,0,0,0,0,0,0
6.010095834732056,1.0,0.002172231674194336,0.08276264369487762,0.0009621977806091309,-0.08167511224746704,0.4619859457015991,4.7579755783081055,-0.8848655819892883,-4.868072509765625,0.03,1.2262130975723267,-0.0971844345331192,0.3317274749279022,0.012908822856843472,0.02385038509964943,-0.04346504434943199,0.9986868500709534,0,0,0,0,0,0,0,0,0,0,0,0,0,0
6.011189699172974,1.0,0.002172231674194336,0.08276264369487762,0.0009621977806091309,-0.08167511224746704,0.4619859457015991,4.7579755783081055,-0.8848655819892883,-4.868072509765625,0.03,1.2262130975723267,-0.0971844345331192,0.3317274749279022,0.012908822856843472,0.02385038509964943,-0.04346504434943199,0.9986868500709534,0,0,0,0,0,0,0,0,0,0,0,0,0,0
6.013716220855713,1.0,0.002172231674194336,0.08276264369487762,0.0009621977806091309,-0.08167511224746704,0.4619859457015991,4.7579755783081055,-0.8848655819892883,-4.868072509765625,0.03,1.2262130975723267,-0.0971844345331192,0.3317274749279022,0.012908822856843472,0.02385038509964943,-0.04346504434943199,0.9986868500709534,0,0,0,0,0,0,0,0,0,0,0,0,0,0
6.015540599822998,1.0,0.002172231674194336,0.08276264369487762,0.0009621977806091309,-0.08167511224746704,0.4619859457015991,4.7579755783081055,-0.8848655819892883,-4.868072509765625,0.03,1.2262130975723267,-0.0971844345331192,0.3317274749279022,0.012908822856843472,0.02385038509964943,-0.04346504434943199,0.9986868500709534,0,0,0,0,0,0,0,0,0,0,0,0,0,0
6.016947984695435,1.0,0.002172231674194336,0.08276264369487762,0.0009621977806091309,-0.08167511224746704,0.4619859457015991,4.7579755783081055,-0.8848655819892883,-4.868072509765625,0.03,1.2262130975723267,-0.0971844345331192,0.3317274749279022,0.012908822856843472,0.02385038509964943,-0.04346504434943199,0.9986868500709534,0,0,0,0,0,0,0,0,0,0,0,0,0,0
6.018258571624756,1.0,0.002172231674194336,0.08276264369487762,0.0009621977806091309,-0.08167511224746704,0.4619859457015991,4.7579755783081055,-0.8848655819892883,-4.868072509765625,0.03,1.2262130975723267,-0.0971844345331192,0.3317274749279022,0.012908822856843472,0.02385038509964943,-0.04346504434943199,0.9986868500709534,0,0,0,0,0,0,0,0,0,0,0,0,0,0
6.019363164901733,1.0,0.002172231674194336,0.08276264369487762,0.0009621977806091309,-0.08167511224746704,0.4619859457015991,4.7579755783081055,-0.8848655819892883,-4.868072509765625,0.03,1.2262130975723267,-0.0971844345331192,0.3317274749279022,0.012908822856843472,0.02385038509964943,-0.04346504434943199,0.9986868500709534,0,0,0,0,0,0,0,0,0,0,0,0,0,0
6.0211522579193115,1.0,0.002172231674194336,0.08276264369487762,0.0009621977806091309,-0.08167511224746704,0.4619859457015991,4.7579755783081055,-0.8848655819892883,-4.868072509765625,0.03,1.2262130975723267,-0.0971844345331192,0.3317274749279022,0.012908822856843472,0.02385038509964943,-0.04346504434943199,0.9986868500709534,0,0,0,0,0,0,0,0,0,0,0,0,0,0
6.0232462882995605,1.0,0.002172231674194336,0.08276264369487762,0.0009621977806091309,-0.08167511224746704,0.4619859457015991,4.7579755783081055,-0.8848655819892883,-4.868072509765625,0.03,1.226599097251892,-0.09746520966291428,0.3312076926231384,0.015942437574267387,0.027785932645201683,-0.02743298001587391,0.999110221862793,0,0,0,0,0,0,0,0,0,0,0,0,0,0
6.024634838104248,1.0,0.002172231674194336,0.08276264369487762,0.0009621977806091309,-0.08167511224746704,0.4619859457015991,4.7579755783081055,-0.8848655819892883,-4.868072509765625,0.03,1.2271709442138672,-0.09800096601247787,0.32983678579330444,0.013646136969327927,0.03848715499043465,-0.06169632822275162,0.997259259223938,0,0,0,0,0,0,0,0,0,0,0,0,0,0
6.025926351547241,1.0,0.002172231674194336,0.08276264369487762,0.0009621977806091309,-0.08167511224746704,0.4619859457015991,4.7579755783081055,-0.8848655819892883,-4.868072509765625,0.03,1.22716224193573,-0.09808958321809769,0.32946839928627014,0.014206932857632637,0.04151470959186554,-0.06644351780414581,0.9968249797821045,0,0,0,0,0,0,0,0,0,0,0,0,0,0
6.028116703033447,1.0,0.002172231674194336,0.08276264369487762,0.0009621977806091309,-0.08167511224746704,0.4619859457015991,4.7579755783081055,-0.8848655819892883,-4.868072509765625,0.03,1.22716224193573,-0.09808958321809769,0.32946839928627014,0.014206932857632637,0.04151470959186554,-0.06644351780414581,0.9968249797821045,0,0,0,0,0,0,0,0,0,0,0,0,0,0
6.029541492462158,1.0,0.002172231674194336,0.08276264369487762,0.0009621977806091309,-0.08167511224746704,0.4619859457015991,4.7579755783081055,-0.8848655819892883,-4.868072509765625,0.03,1.22716224193573,-0.09808958321809769,0.32946839928627014,0.014206932857632637,0.04151470959186554,-0.06644351780414581,0.9968249797821045,0,0,0,0,0,0,0,0,0,0,0,0,0,0
6.03330659866333,1.0,0.002172231674194336,0.08276264369487762,0.0009621977806091309,-0.08167511224746704,0.4619859457015991,4.7579755783081055,-0.8848655819892883,-4.868072509765625,0.03,1.22716224193573,-0.09808958321809769,0.32946839928627014,0.014206932857632637,0.04151470959186554,-0.06644351780414581,0.9968249797821045,0,0,0,0,0,0,0,0,0,0,0,0,0,0
6.035003900527954,1.0,0.002172231674194336,0.08276264369487762,0.0009621977806091309,-0.08167511224746704,0.4619859457015991,4.7579755783081055,-0.8848655819892883,-4.868072509765625,0.03,1.22716224193573,-0.09808958321809769,0.32946839928627014,0.014206932857632637,0.04151470959186554,-0.06644351780414581,0.9968249797821045,0,0,0,0,0,0,0,0,0,0,0,0,0,0
6.037330627441406,1.0,0.002172231674194336,0.08276264369487762,0.0009621977806091309,-0.08167511224746704,0.4619859457015991,4.7579755783081055,-0.8848655819892883,-4.868072509765625,0.03,1.2271770238876343,-0.09813275188207626,0.32919883728027344,0.01491494756191969,0.044434644281864166,-0.07443133741617203,0.9961240887641907,0,0,0,0,0,0,0,0,0,0,0,0,0,0
6.04080057144165,1.0,0.002172231674194336,0.08276264369487762,0.0009621977806091309,-0.08167511224746704,0.4619859457015991,4.7579755783081055,-0.8848655819892883,-4.868072509765625,0.03,1.2272504568099976,-0.09811428934335709,0.3290090262889862,0.013288026675581932,0.045901332050561905,-0.0757141187787056,0.9959838390350342,0,0,0,0,0,0,0,0,0,0,0,0,0,0
6.0420732498168945,1.0,0.002172231674194336,0.08276264369487762,0.0009621977806091309,-0.08167511224746704,0.4619859457015991,4.7579755783081055,-0.8848655819892883,-4.868072509765625,0.03,1.2272957563400269,-0.09799864888191223,0.32892394065856934,0.012801917269825935,0.04721171408891678,-0.07219291478395462,0.9961904287338257,0,0,0,0,0,0,0,0,0,0,0,0,0,0
6.043461322784424,1.0,0.002172231674194336,0.08276264369487762,0.0009621977806091309,-0.08167511224746704,0.4619859457015991,4.7579755783081055,-0.8848655819892883,-4.868072509765625,0.03,1.2272957563400269,-0.09799864888191223,0.32892394065856934,0.012801917269825935,0.04721171408891678,-0.07219291478395462,0.9961904287338257,0,0,0,0,0,0,0,0,0,0,0,0,0,0
6.044898986816406,1.0,0.002172231674194336,0.08276264369487762,0.0009621977806091309,-0.08167511224746704,0.4619859457015991,4.7579755783081055,-0.8848655819892883,-4.868072509765625,0.03,1.2272957563400269,-0.09799864888191223,0.32892394065856934,0.012801917269825935,0.04721171408891678,-0.07219291478395462,0.9961904287338257,0,0,0,0,0,0,0,0,0,0,0,0,0,0
6.046141147613525,1.0,0.002172231674194336,0.08276264369487762,0.0009621977806091309,-0.08167511224746704,0.4619859457015991,4.7579755783081055,-0.8848655819892883,-4.868072509765625,0.03,1.2272957563400269,-0.09799864888191223,0.32892394065856934,0.012801917269825935,0.04721171408891678,-0.07219291478395462,0.9961904287338257,0,0,0,0,0,0,0,0,0,0,0,0,0,0
6.047206878662109,1.0,0.002172231674194336,0.08276264369487762,0.0009621977806091309,-0.08167511224746704,0.4619859457015991,4.7579755783081055,-0.8848655819892883,-4.868072509765625,0.03,1.2272957563400269,-0.09799864888191223,0.32892394065856934,0.012801917269825935,0.04721171408891678,-0.07219291478395462,0.9961904287338257,0,0,0,0,0,0,0,0,0,0,0,0,0,0
6.048838138580322,1.0,0.002172231674194336,0.08276264369487762,0.0009621977806091309,-0.08167511224746704,0.4619859457015991,4.7579755783081055,-0.8848655819892883,-4.868072509765625,0.03,1.2272957563400269,-0.09799864888191223,0.32892394065856934,0.012801917269825935,0.04721171408891678,-0.07219291478395462,0.9961904287338257,0,0,0,0,0,0,0,0,0,0,0,0,0,0
6.049908876419067,1.0,0.002172231674194336,0.08276264369487762,0.0009621977806091309,-0.08167511224746704,0.4619859457015991,4.7579755783081055,-0.8848655819892883,-4.868072509765625,0.03,1.2272957563400269,-0.09799864888191223,0.32892394065856934,0.012801917269825935,0.04721171408891678,-0.07219291478395462,0.9961904287338257,0,0,0,0,0,0,0,0,0,0,0,0,0,0
6.051180124282837,1.0,0.002172231674194336,0.08276264369487762,0.0009621977806091309,-0.08167511224746704,0.4619859457015991,4.7579755783081055,-0.8848655819892883,-4.868072509765625,0.03,1.2272957563400269,-0.09799864888191223,0.32892394065856934,0.012801917269825935,0.04721171408891678,-0.07219291478395462,0.9961904287338257,0,0,0,0,0,0,0,0,0,0,0,0,0,0
6.0524516105651855,1.0,0.002172231674194336,0.08276264369487762,0.0009621977806091309,-0.08167511224746704,0.4619859457015991,4.7579755783081055,-0.8848655819892883,-4.868072509765625,0.03,1.2272791862487793,-0.09800421446561813,0.32884058356285095,0.013768086209893227,0.04779907315969467,-0.06657280027866364,0.9965409636497498,0,0,0,0,0,0,0,0,0,0,0,0,0,0
6.053620338439941,1.0,0.002172231674194336,0.08276264369487762,0.0009621977806091309,-0.08167511224746704,0.4619859457015991,4.7579755783081055,-0.8848655819892883,-4.868072509765625,0.03,1.2272791862487793,-0.09800421446561813,0.32884058356285095,0.013768086209893227,0.04779907315969467,-0.06657280027866364,0.9965409636497498,0,0,0,0,0,0,0,0,0,0,0,0,0,0
6.05496621131897,1.0,0.002172231674194336,0.08276264369487762,0.0009621977806091309,-0.08167511224746704,0.4619859457015991,4.7579755783081055,-0.8848655819892883,-4.868072509765625,0.03,1.2272791862487793,-0.09800421446561813,0.32884058356285095,0.013768086209893227,0.04779907315969467,-0.06657280027866364,0.9965409636497498,0,0,0,0,0,0,0,0,0,0,0,0,0,0
6.056337356567383,1.0,0.002172231674194336,0.08276264369487762,0.0009621977806091309,-0.08167511224746704,0.4619859457015991,4.7579755783081055,-0.8848655819892883,-4.868072509765625,0.03,1.2272791862487793,-0.09800421446561813,0.32884058356285095,0.013768086209893227,0.04779907315969467,-0.06657280027866364,0.9965409636497498,0,0,0,0,0,0,0,0,0,0,0,0,0,0
6.057514190673828,1.0,0.002172231674194336,0.08276264369487762,0.0009621977806091309,-0.08167511224746704,0.4619859457015991,4.7579755783081055,-0.8848655819892883,-4.868072509765625,0.03,1.2272791862487793,-0.09800421446561813,0.32884058356285095,0.013768086209893227,0.04779907315969467,-0.06657280027866364,0.9965409636497498,0,0,0,0,0,0,0,0,0,0,0,0,0,0
6.058704614639282,1.0,0.002172231674194336,0.08276264369487762,0.0009621977806091309,-0.08167511224746704,0.4619859457015991,4.7579755783081055,-0.8848655819892883,-4.868072509765625,0.03,1.2272791862487793,-0.09800421446561813,0.32884058356285095,0.013768086209893227,0.04779907315969467,-0.06657280027866364,0.9965409636497498,0,0,0,0,0,0,0,0,0,0,0,0,0,0
6.059766530990601,1.0,0.002172231674194336,0.08276264369487762,0.0009621977806091309,-0.08167511224746704,0.4619859457015991,4.7579755783081055,-0.8848655819892883,-4.868072509765625,0.03,1.2272791862487793,-0.09800421446561813,0.32884058356285095,0.013768086209893227,0.04779907315969467,-0.06657280027866364,0.9965409636497498,0,0,0,0,0,0,0,0,0,0,0,0,0,0
6.060918807983398,1.0,0.002172231674194336,0.08276264369487762,0.0009621977806091309,-0.08167511224746704,0.4619859457015991,4.7579755783081055,-0.8848655819892883,-4.868072509765625,0.03,1.2272791862487793,-0.09800421446561813,0.32884058356285095,0.013768086209893227,0.04779907315969467,-0.06657280027866364,0.9965409636497498,0,0,0,0,0,0,0,0,0,0,0,0,0,0
6.062381267547607,1.0,0.002172231674194336,0.08276264369487762,0.0009621977806091309,-0.08167511224746704,0.4619859457015991,4.7579755783081055,-0.8848655819892883,-4.868072509765625,0.03,1.2272791862487793,-0.09800421446561813,0.32884058356285095,0.013768086209893227,0.04779907315969467,-0.06657280027866364,0.9965409636497498,0,0,0,0,0,0,0,0,0,0,0,0,0,0
6.063704967498779,1.0,0.002172231674194336,0.08276264369487762,0.0009621977806091309,-0.08167511224746704,0.4619859457015991,4.7579755783081055,-0.8848655819892883,-4.868072509765625,0.03,1.2272791862487793,-0.09800421446561813,0.32884058356285095,0.013768086209893227,0.04779907315969467,-0.06657280027866364,0.9965409636497498,0,0,0,0,0,0,0,0,0,0,0,0,0,0
6.064851760864258,1.0,0.002172231674194336,0.08276264369487762,0.0009621977806091309,-0.08167511224746704,0.4619859457015991,4.7579755783081055,-0.8848655819892883,-4.868072509765625,0.03,1.2272096872329712,-0.09812965989112854,0.3287491202354431,0.013931341469287872,0.04776652902364731,-0.07059620320796967,0.9962632656097412,0,0,0,0,0,0,0,0,0,0,0,0,0,0
6.067327499389648,1.0,0.002172231674194336,0.08276264369487762,0.0009621977806091309,-0.08167511224746704,0.4619859457015991,4.7579755783081055,-0.8848655819892883,-4.868072509765625,0.03,1.2272096872329712,-0.09812965989112854,0.3287491202354431,0.013931341469287872,0.04776652902364731,-0.07059620320796967,0.9962632656097412,0,0,0,0,0,0,0,0,0,0,0,0,0,0
6.069255113601685,1.0,0.002172231674194336,0.08276264369487762,0.0009621977806091309,-0.08167511224746704,0.4619859457015991,4.7579755783081055,-0.8848655819892883,-4.868072509765625,0.03,1.2272096872329712,-0.09812965989112854,0.3287491202354431,0.013931341469287872,0.04776652902364731,-0.07059620320796967,0.9962632656097412,0,0,0,0,0,0,0,0,0,0,0,0,0,0
6.070880889892578,1.0,0.002172231674194336,0.08276264369487762,0.0009621977806091309,-0.08167511224746704,0.4619859457015991,4.7579755783081055,-0.8848655819892883,-4.868072509765625,0.03,1.2272096872329712,-0.09812965989112854,0.3287491202354431,0.013931341469287872,0.04776652902364731,-0.07059620320796967,0.9962632656097412,0,0,0,0,0,0,0,0,0,0,0,0,0,0
6.072057247161865,1.0,0.002172231674194336,0.08276264369487762,0.0009621977806091309,-0.08167511224746704,0.4619859457015991,4.7579755783081055,-0.8848655819892883,-4.868072509765625,0.03,1.2272096872329712,-0.09812965989112854,0.3287491202354431,0.013931341469287872,0.04776652902364731,-0.07059620320796967,0.9962632656097412,0,0,0,0,0,0,0,0,0,0,0,0,0,0
6.073157072067261,1.0,0.002172231674194336,0.08276264369487762,0.0009621977806091309,-0.08167511224746704,0.4619859457015991,4.7579755783081055,-0.8848655819892883,-4.868072509765625,0.03,1.2272096872329712,-0.09812965989112854,0.3287491202354431,0.013931341469287872,0.04776652902364731,-0.07059620320796967,0.9962632656097412,0,0,0,0,0,0,0,0,0,0,0,0,0,0
6.075594425201416,1.0,0.002172231674194336,0.08276264369487762,0.0009621977806091309,-0.08167511224746704,0.4619859457015991,4.7579755783081055,-0.8848655819892883,-4.868072509765625,0.03,1.2271554470062256,-0.09819024801254272,0.32864007353782654,0.014395373873412609,0.047710955142974854,-0.06659016758203506,0.9965351223945618,0,0,0,0,0,0,0,0,0,0,0,0,0,0
6.077422857284546,1.0,0.002172231674194336,0.08276264369487762,0.0009621977806091309,-0.08167511224746704,0.4619859457015991,4.7579755783081055,-0.8848655819892883,-4.868072509765625,0.03,1.2271900177001953,-0.0981273502111435,0.3287696838378906,0.01386495865881443,0.047519925981760025,-0.06954096257686615,0.9963502287864685,0,0,0,0,0,0,0,0,0,0,0,0,0,0
6.078699588775635,1.0,0.002172231674194336,0.08276264369487762,0.0009621977806091309,-0.08167511224746704,0.4619859457015991,4.7579755783081055,-0.8848655819892883,-4.868072509765625,0.03,1.2271900177001953,-0.0981273502111435,0.3287696838378906,0.01386495865881443,0.047519925981760025,-0.06954096257686615,0.9963502287864685,0,0,0,0,0,0,0,0,0,0,0,0,0,0
6.080778121948242,1.0,0.002172231674194336,0.08276264369487762,0.0009621977806091309,-0.08167511224746704,0.4619859457015991,4.7579755783081055,-0.8848655819892883,-4.868072509765625,0.03,1.2271900177001953,-0.0981273502111435,0.3287696838378906,0.01386495865881443,0.047519925981760025,-0.06954096257686615,0.9963502287864685,0,0,0,0,0,0,0,0,0,0,0,0,0,0
6.082399368286133,1.0,0.002172231674194336,0.08276264369487762,0.0009621977806091309,-0.08167511224746704,0.4619859457015991,4.7579755783081055,-0.8848655819892883,-4.868072509765625,0.03,1.2271900177001953,-0.0981273502111435,0.3287696838378906,0.01386495865881443,0.047519925981760025,-0.06954096257686615,0.9963502287864685,0,0,0,0,0,0,0,0,0,0,0,0,0,0
6.083718538284302,1.0,0.002172231674194336,0.08276264369487762,0.0009621977806091309,-0.08167511224746704,0.4619859457015991,4.7579755783081055,-0.8848655819892883,-4.868072509765625,0.03,1.2271900177001953,-0.0981273502111435,0.3287696838378906,0.01386495865881443,0.047519925981760025,-0.06954096257686615,0.9963502287864685,0,0,0,0,0,0,0,0,0,0,0,0,0,0
6.0848376750946045,1.0,0.002172231674194336,0.08276264369487762,0.0009621977806091309,-0.08167511224746704,0.4619859457015991,4.7579755783081055,-0.8848655819892883,-4.868072509765625,0.03,1.2271900177001953,-0.0981273502111435,0.3287696838378906,0.01386495865881443,0.047519925981760025,-0.06954096257686615,0.9963502287864685,0,0,0,0,0,0,0,0,0,0,0,0,0,0
6.086299180984497,1.0,0.002172231674194336,0.08276264369487762,0.0009621977806091309,-0.08167511224746704,0.4619859457015991,4.7579755783081055,-0.8848655819892883,-4.868072509765625,0.03,1.2271900177001953,-0.0981273502111435,0.3287696838378906,0.01386495865881443,0.047519925981760025,-0.06954096257686615,0.9963502287864685,0,0,0,0,0,0,0,0,0,0,0,0,0,0
6.088217496871948,1.0,0.002172231674194336,0.08276264369487762,0.0009621977806091309,-0.08167511224746704,0.4619859457015991,4.7579755783081055,-0.8848655819892883,-4.868072509765625,0.03,1.2271900177001953,-0.0981273502111435,0.3287696838378906,0.01386495865881443,0.047519925981760025,-0.06954096257686615,0.9963502287864685,0,0,0,0,0,0,0,0,0,0,0,0,0,0
6.089443206787109,1.0,0.002172231674194336,0.08276264369487762,0.0009621977806091309,-0.08167511224746704,0.4619859457015991,4.7579755783081055,-0.8848655819892883,-4.868072509765625,0.03,1.2271900177001953,-0.0981273502111435,0.3287696838378906,0.01386495865881443,0.047519925981760025,-0.06954096257686615,0.9963502287864685,0,0,0,0,0,0,0,0,0,0,0,0,0,0
6.091336011886597,1.0,0.002172231674194336,0.08276264369487762,0.0009621977806091309,-0.08167511224746704,0.4619859457015991,4.7579755783081055,-0.8848655819892883,-4.868072509765625,0.03,1.2271900177001953,-0.0981273502111435,0.3287696838378906,0.01386495865881443,0.047519925981760025,-0.06954096257686615,0.9963502287864685,0,0,0,0,0,0,0,0,0,0,0,0,0,0
6.0936033725738525,1.0,0.002172231674194336,0.08276264369487762,0.0009621977806091309,-0.08167511224746704,0.4619859457015991,4.7579755783081055,-0.8848655819892883,-4.868072509765625,0.03,1.2271900177001953,-0.0981273502111435,0.3287696838378906,0.01386495865881443,0.047519925981760025,-0.06954096257686615,0.9963502287864685,0,0,0,0,0,0,0,0,0,0,0,0,0,0
6.09527850151062,1.0,0.002172231674194336,0.08276264369487762,0.0009621977806091309,-0.08167511224746704,0.4619859457015991,4.7579755783081055,-0.8848655819892883,-4.868072509765625,0.03,1.2271900177001953,-0.0981273502111435,0.3287696838378906,0.01386495865881443,0.047519925981760025,-0.06954096257686615,0.9963502287864685,0,0,0,0,0,0,0,0,0,0,0,0,0,0
6.097101926803589,1.0,0.002172231674194336,0.08276264369487762,0.0009621977806091309,-0.08167511224746704,0.4619859457015991,4.7579755783081055,-0.8848655819892883,-4.868072509765625,0.03,1.2272751331329346,-0.09798597544431686,0.32884451746940613,0.013621794991195202,0.04720403254032135,-0.06498949229717255,0.9966758489608765,0,0,0,0,0,0,0,0,0,0,0,0,0,0
6.098826169967651,1.0,0.002172231674194336,0.08276264369487762,0.0009621977806091309,-0.08167511224746704,0.4619859457015991,4.7579755783081055,-0.8848655819892883,-4.868072509765625,0.03,1.2272751331329346,-0.09798597544431686,0.32884451746940613,0.013621794991195202,0.04720403254032135,-0.06498949229717255,0.9966758489608765,0,0,0,0,0,0,0,0,0,0,0,0,0,0
6.100134611129761,1.0,0.002172231674194336,0.08276264369487762,0.0009621977806091309,-0.08167511224746704,0.4619859457015991,4.7579755783081055,-0.8848655819892883,-4.868072509765625,0.03,1.2272751331329346,-0.09798597544431686,0.32884451746940613,0.013621794991195202,0.04720403254032135,-0.06498949229717255,0.9966758489608765,0,0,0,0,0,0,0,0,0,0,0,0,0,0
6.101230621337891,1.0,0.002172231674194336,0.08276264369487762,0.0009621977806091309,-0.08167511224746704,0.4619859457015991,4.7579755783081055,-0.8848655819892883,-4.868072509765625,0.03,1.2272751331329346,-0.09798597544431686,0.32884451746940613,0.013621794991195202,0.04720403254032135,-0.06498949229717255,0.9966758489608765,0,0,0,0,0,0,0,0,0,0,0,0,0,0
6.102553606033325,1.0,0.002172231674194336,0.08276264369487762,0.0009621977806091309,-0.08167511224746704,0.4619859457015991,4.7579755783081055,-0.8848655819892883,-4.868072509765625,0.03,1.2272751331329346,-0.09798597544431686,0.32884451746940613,0.013621794991195202,0.04720403254032135,-0.06498949229717255,0.9966758489608765,0,0,0,0,0,0,0,0,0,0,0,0,0,0
6.103966951370239,1.0,0.002172231674194336,0.08276264369487762,0.0009621977806091309,-0.08167511224746704,0.4619859457015991,4.7579755783081055,-0.8848655819892883,-4.868072509765625,0.03,1.2272751331329346,-0.09798597544431686,0.32884451746940613,0.013621794991195202,0.04720403254032135,-0.06498949229717255,0.9966758489608765,0,0,0,0,0,0,0,0,0,0,0,0,0,0
6.105070114135742,1.0,0.002172231674194336,0.08276264369487762,0.0009621977806091309,-0.08167511224746704,0.4619859457015991,4.7579755783081055,-0.8848655819892883,-4.868072509765625,0.03,1.2272801399230957,-0.09805774688720703,0.3287663459777832,0.013614244759082794,0.047021474689245224,-0.06449808180332184,0.9967164397239685,0,0,0,0,0,0,0,0,0,0,0,0,0,0
6.108435392379761,1.0,0.002172231674194336,0.08276264369487762,0.0009621977806091309,-0.08167511224746704,0.4619859457015991,4.7579755783081055,-0.8848655819892883,-4.868072509765625,0.03,1.2272801399230957,-0.09805774688720703,0.3287663459777832,0.013614244759082794,0.047021474689245224,-0.06449808180332184,0.9967164397239685,0,0,0,0,0,0,0,0,0,0,0,0,0,0
6.10957932472229,1.0,0.002172231674194336,0.08276264369487762,0.0009621977806091309,-0.08167511224746704,0.4619859457015991,4.7579755783081055,-0.8848655819892883,-4.868072509765625,0.03,1.2272801399230957,-0.09805774688720703,0.3287663459777832,0.013614244759082794,0.047021474689245224,-0.06449808180332184,0.9967164397239685,0,0,0,0,0,0,0,0,0,0,0,0,0,0
6.110792398452759,1.0,0.002172231674194336,0.08276264369487762,0.0009621977806091309,-0.08167511224746704,0.4619859457015991,4.7579755783081055,-0.8848655819892883,-4.868072509765625,0.03,1.2272801399230957,-0.09805774688720703,0.3287663459777832,0.013614244759082794,0.047021474689245224,-0.06449808180332184,0.9967164397239685,0,0,0,0,0,0,0,0,0,0,0,0,0,0
6.111862421035767,1.0,0.002172231674194336,0.08276264369487762,0.0009621977806091309,-0.08167511224746704,0.4619859457015991,4.7579755783081055,-0.8848655819892883,-4.868072509765625,0.03,1.2272801399230957,-0.09805774688720703,0.3287663459777832,0.013614244759082794,0.047021474689245224,-0.06449808180332184,0.9967164397239685,0,0,0,0,0,0,0,0,0,0,0,0,0,0
6.114829063415527,1.0,0.002172231674194336,0.08276264369487762,0.0009621977806091309,-0.08167511224746704,0.4619859457015991,4.7579755783081055,-0.8848655819892883,-4.868072509765625,0.03,1.2271920442581177,-0.09820959717035294,0.32862764596939087,0.014523817226290703,0.046758051961660385,-0.06434538960456848,0.9967259168624878,0,0,0,0,0,0,0,0,0,0,0,0,0,0
6.116486549377441,1.0,0.002172231674194336,0.08276264369487762,0.0009621977806091309,-0.08167511224746704,0.4619859457015991,4.7579755783081055,-0.8848655819892883,-4.868072509765625,0.03,1.2271920442581177,-0.09820959717035294,0.32862764596939087,0.014523817226290703,0.046758051961660385,-0.06434538960456848,0.9967259168624878,0,0,0,0,0,0,0,0,0,0,0,0,0,0
6.1179821491241455,1.0,0.002172231674194336,0.08276264369487762,0.0009621977806091309,-0.08167511224746704,0.4619859457015991,4.7579755783081055,-0.8848655819892883,-4.868072509765625,0.03,1.2271920442581177,-0.09820959717035294,0.32862764596939087,0.014523817226290703,0.046758051961660385,-0.06434538960456848,0.9967259168624878,0,0,0,0,0,0,0,0,0,0,0,0,0,0
6.119328022003174,1.0,0.002172231674194336,0.08276264369487762,0.0009621977806091309,-0.08167511224746704,0.4619859457015991,4.7579755783081055,-0.8848655819892883,-4.868072509765625,0.03,1.2271920442581177,-0.09820959717035294,0.32862764596939087,0.014523817226290703,0.046758051961660385,-0.06434538960456848,0.9967259168624878,0,0,0,0,0,0,0,0,0,0,0,0,0,0
6.120979070663452,1.0,0.002172231674194336,0.08276264369487762,0.0009621977806091309,-0.08167511224746704,0.4619859457015991,4.7579755783081055,-0.8848655819892883,-4.868072509765625,0.03,1.2271920442581177,-0.09820959717035294,0.32862764596939087,0.014523817226290703,0.046758051961660385,-0.06434538960456848,0.9967259168624878,0,0,0,0,0,0,0,0,0,0,0,0,0,0
6.12288761138916,1.0,0.002172231674194336,0.08276264369487762,0.0009621977806091309,-0.08167511224746704,0.4619859457015991,4.7579755783081055,-0.8848655819892883,-4.868072509765625,0.03,1.2271920442581177,-0.09820959717035294,0.32862764596939087,0.014523817226290703,0.046758051961660385,-0.06434538960456848,0.9967259168624878,0,0,0,0,0,0,0,0,0,0,0,0,0,0
6.123988151550293,1.0,0.002172231674194336,0.08276264369487762,0.0009621977806091309,-0.08167511224746704,0.4619859457015991,4.7579755783081055,-0.8848655819892883,-4.868072509765625,0.03,1.2271920442581177,-0.09820959717035294,0.32862764596939087,0.014523817226290703,0.046758051961660385,-0.06434538960456848,0.9967259168624878,0,0,0,0,0,0,0,0,0,0,0,0,0,0
6.125121593475342,1.0,0.002172231674194336,0.08276264369487762,0.0009621977806091309,-0.08167511224746704,0.4619859457015991,4.7579755783081055,-0.8848655819892883,-4.868072509765625,0.03,1.2271920442581177,-0.09820959717035294,0.32862764596939087,0.014523817226290703,0.046758051961660385,-0.06434538960456848,0.9967259168624878,0,0,0,0,0,0,0,0,0,0,0,0,0,0
6.127504825592041,1.0,0.002172231674194336,0.08276264369487762,0.0009621977806091309,-0.08167511224746704,0.4619859457015991,4.7579755783081055,-0.8848655819892883,-4.868072509765625,0.03,1.2271920442581177,-0.09820959717035294,0.32862764596939087,0.014523817226290703,0.046758051961660385,-0.06434538960456848,0.9967259168624878,0,0,0,0,0,0,0,0,0,0,0,0,0,0
6.1292548179626465,1.0,0.002172231674194336,0.08276264369487762,0.0009621977806091309,-0.08167511224746704,0.4619859457015991,4.7579755783081055,-0.8848655819892883,-4.868072509765625,0.03,1.2271959781646729,-0.09802262485027313,0.32874834537506104,0.013909412547945976,0.047283854335546494,-0.0627688616514206,0.9968103766441345,0,0,0,0,0,0,0,0,0,0,0,0,0,0
6.130370378494263,1.0,0.002172231674194336,0.08276264369487762,0.0009621977806091309,-0.08167511224746704,0.4619859457015991,4.7579755783081055,-0.8848655819892883,-4.868072509765625,0.03,1.2271959781646729,-0.09802262485027313,0.32874834537506104,0.013909412547945976,0.047283854335546494,-0.0627688616514206,0.9968103766441345,0,0,0,0,0,0,0,0,0,0,0,0,0,0
6.131460905075073,1.0,0.002172231674194336,0.08276264369487762,0.0009621977806091309,-0.08167511224746704,0.4619859457015991,4.7579755783081055,-0.8848655819892883,-4.868072509765625,0.03,1.2271959781646729,-0.09802262485027313,0.32874834537506104,0.013909412547945976,0.047283854335546494,-0.0627688616514206,0.9968103766441345,0,0,0,0,0,0,0,0,0,0,0,0,0,0
6.1326494216918945,1.0,0.002172231674194336,0.08276264369487762,0.0009621977806091309,-0.08167511224746704,0.4619859457015991,4.7579755783081055,-0.8848655819892883,-4.868072509765625,0.03,1.2271959781646729,-0.09802262485027313,0.32874834537506104,0.013909412547945976,0.047283854335546494,-0.0627688616514206,0.9968103766441345,0,0,0,0,0,0,0,0,0,0,0,0,0,0
6.133735179901123,1.0,0.002172231674194336,0.08276264369487762,0.0009621977806091309,-0.08167511224746704,0.4619859457015991,4.7579755783081055,-0.8848655819892883,-4.868072509765625,0.03,1.2271959781646729,-0.09802262485027313,0.32874834537506104,0.013909412547945976,0.047283854335546494,-0.0627688616514206,0.9968103766441345,0,0,0,0,0,0,0,0,0,0,0,0,0,0
6.134833574295044,1.0,0.002172231674194336,0.08276264369487762,0.0009621977806091309,-0.08167511224746704,0.4619859457015991,4.7579755783081055,-0.8848655819892883,-4.868072509765625,0.03,1.2271959781646729,-0.09802262485027313,0.32874834537506104,0.013909412547945976,0.047283854335546494,-0.0627688616514206,0.9968103766441345,0,0,0,0,0,0,0,0,0,0,0,0,0,0
6.136073350906372,1.0,0.002172231674194336,0.08276264369487762,0.0009621977806091309,-0.08167511224746704,0.4619859457015991,4.7579755783081055,-0.8848655819892883,-4.868072509765625,0.03,1.2271959781646729,-0.09802262485027313,0.32874834537506104,0.013909412547945976,0.047283854335546494,-0.0627688616514206,0.9968103766441345,0,0,0,0,0,0,0,0,0,0,0,0,0,0
6.137368202209473,1.0,0.002172231674194336,0.08276264369487762,0.0009621977806091309,-0.08167511224746704,0.4619859457015991,4.7579755783081055,-0.8848655819892883,-4.868072509765625,0.03,1.2271959781646729,-0.09802262485027313,0.32874834537506104,0.013909412547945976,0.047283854335546494,-0.0627688616514206,0.9968103766441345,0,0,0,0,0,0,0,0,0,0,0,0,0,0
6.138669967651367,1.0,0.002172231674194336,0.08276264369487762,0.0009621977806091309,-0.08167511224746704,0.4619859457015991,4.7579755783081055,-0.8848655819892883,-4.868072509765625,0.03,1.2271959781646729,-0.09802262485027313,0.32874834537506104,0.013909412547945976,0.047283854335546494,-0.0627688616514206,0.9968103766441345,0,0,0,0,0,0,0,0,0,0,0,0,0,0
6.140413522720337,1.0,0.002172231674194336,0.08276264369487762,0.0009621977806091309,-0.08167511224746704,0.4619859457015991,4.7579755783081055,-0.8848655819892883,-4.868072509765625,0.03,1.2271959781646729,-0.09802262485027313,0.32874834537506104,0.013909412547945976,0.047283854335546494,-0.0627688616514206,0.9968103766441345,0,0,0,0,0,0,0,0,0,0,0,0,0,0
6.141634702682495,1.0,0.002172231674194336,0.08276264369487762,0.0009621977806091309,-0.08167511224746704,0.4619859457015991,4.7579755783081055,-0.8848655819892883,-4.868072509765625,0.03,1.2271959781646729,-0.09802262485027313,0.32874834537506104,0.013909412547945976,0.047283854335546494,-0.0627688616514206,0.9968103766441345,0,0,0,0,0,0,0,0,0,0,0,0,0,0
6.144731044769287,1.0,0.002172231674194336,0.08276264369487762,0.0009621977806091309,-0.08167511224746704,0.4619859457015991,4.7579755783081055,-0.8848655819892883,-4.868072509765625,0.03,1.2271959781646729,-0.09802262485027313,0.32874834537506104,0.013909412547945976,0.047283854335546494,-0.0627688616514206,0.9968103766441345,0,0,0,0,0,0,0,0,0,0,0,0,0,0
6.145969867706299,1.0,0.002172231674194336,0.08276264369487762,0.0009621977806091309,-0.08167511224746704,0.4619859457015991,4.7579755783081055,-0.8848655819892883,-4.868072509765625,0.03,1.2271959781646729,-0.09802262485027313,0.32874834537506104,0.013909412547945976,0.047283854335546494,-0.0627688616514206,0.9968103766441345,0,0,0,0,0,0,0,0,0,0,0,0,0,0
6.147144079208374,1.0,0.002172231674194336,0.08276264369487762,0.0009621977806091309,-0.08167511224746704,0.4619859457015991,4.7579755783081055,-0.8848655819892883,-4.868072509765625,0.03,1.2271959781646729,-0.09802262485027313,0.32874834537506104,0.013909412547945976,0.047283854335546494,-0.0627688616514206,0.9968103766441345,0,0,0,0,0,0,0,0,0,0,0,0,0,0
6.148242473602295,1.0,0.002172231674194336,0.08276264369487762,0.0009621977806091309,-0.08167511224746704,0.4619859457015991,4.7579755783081055,-0.8848655819892883,-4.868072509765625,0.03,1.2271959781646729,-0.09802262485027313,0.32874834537506104,0.013909412547945976,0.047283854335546494,-0.0627688616514206,0.9968103766441345,0,0,0,0,0,0,0,0,0,0,0,0,0,0
6.149589538574219,1.0,0.002172231674194336,0.08276264369487762,0.0009621977806091309,-0.08167511224746704,0.4619859457015991,4.7579755783081055,-0.8848655819892883,-4.868072509765625,0.03,1.2271959781646729,-0.09802262485027313,0.32874834537506104,0.013909412547945976,0.047283854335546494,-0.0627688616514206,0.9968103766441345,0,0,0,0,0,0,0,0,0,0,0,0,0,0
6.150804281234741,1.0,0.002172231674194336,0.08276264369487762,0.0009621977806091309,-0.08167511224746704,0.4619859457015991,4.7579755783081055,-0.8848655819892883,-4.868072509765625,0.03,1.2271959781646729,-0.09802262485027313,0.32874834537506104,0.013909412547945976,0.047283854335546494,-0.0627688616514206,0.9968103766441345,0,0,0,0,0,0,0,0,0,0,0,0,0,0
6.1518714427948,1.0,0.002172231674194336,0.08276264369487762,0.0009621977806091309,-0.08167511224746704,0.4619859457015991,4.7579755783081055,-0.8848655819892883,-4.868072509765625,0.03,1.2271959781646729,-0.09802262485027313,0.32874834537506104,0.013909412547945976,0.047283854335546494,-0.0627688616514206,0.9968103766441345,0,0,0,0,0,0,0,0,0,0,0,0,0,0
6.154278039932251,1.0,0.002172231674194336,0.08276264369487762,0.0009621977806091309,-0.08167511224746704,0.4619859457015991,4.7579755783081055,-0.8848655819892883,-4.868072509765625,0.03,1.2271959781646729,-0.09802262485027313,0.32874834537506104,0.013909412547945976,0.047283854335546494,-0.0627688616514206,0.9968103766441345,0,0,0,0,0,0,0,0,0,0,0,0,0,0
6.1554648876190186,1.0,0.002172231674194336,0.08276264369487762,0.0009621977806091309,-0.08167511224746704,0.4619859457015991,4.7579755783081055,-0.8848655819892883,-4.868072509765625,0.03,1.2271959781646729,-0.09802262485027313,0.32874834537506104,0.013909412547945976,0.047283854335546494,-0.0627688616514206,0.9968103766441345,0,0,0,0,0,0,0,0,0,0,0,0,0,0
6.156527042388916,1.0,0.002172231674194336,0.08276264369487762,0.0009621977806091309,-0.08167511224746704,0.4619859457015991,4.7579755783081055,-0.8848655819892883,-4.868072509765625,0.03,1.2271959781646729,-0.09802262485027313,0.32874834537506104,0.013909412547945976,0.047283854335546494,-0.0627688616514206,0.9968103766441345,0,0,0,0,0,0,0,0,0,0,0,0,0,0
6.15769100189209,1.0,0.002172231674194336,0.08276264369487762,0.0009621977806091309,-0.08167511224746704,0.4619859457015991,4.7579755783081055,-0.8848655819892883,-4.868072509765625,0.03,1.2271959781646729,-0.09802262485027313,0.32874834537506104,0.013909412547945976,0.047283854335546494,-0.0627688616514206,0.9968103766441345,0,0,0,0,0,0,0,0,0,0,0,0,0,0
6.159592390060425,1.0,0.002172231674194336,0.08276264369487762,0.0009621977806091309,-0.08167511224746704,0.4619859457015991,4.7579755783081055,-0.8848655819892883,-4.868072509765625,0.03,1.2271959781646729,-0.09802262485027313,0.32874834537506104,0.013909412547945976,0.047283854335546494,-0.0627688616514206,0.9968103766441345,0,0,0,0,0,0,0,0,0,0,0,0,0,0
6.1614274978637695,1.0,0.002172231674194336,0.08276264369487762,0.0009621977806091309,-0.08167511224746704,0.4619859457015991,4.7579755783081055,-0.8848655819892883,-4.868072509765625,0.03,1.2271959781646729,-0.09802262485027313,0.32874834537506104,0.013909412547945976,0.047283854335546494,-0.0627688616514206,0.9968103766441345,0,0,0,0,0,0,0,0,0,0,0,0,0,0
6.163074970245361,1.0,0.002172231674194336,0.08276264369487762,0.0009621977806091309,-0.08167511224746704,0.4619859457015991,4.7579755783081055,-0.8848655819892883,-4.868072509765625,0.03,1.2271959781646729,-0.09802262485027313,0.32874834537506104,0.013909412547945976,0.047283854335546494,-0.0627688616514206,0.9968103766441345,0,0,0,0,0,0,0,0,0,0,0,0,0,0
6.1648993492126465,1.0,0.002172231674194336,0.08276264369487762,0.0009621977806091309,-0.08167511224746704,0.4619859457015991,4.7579755783081055,-0.8848655819892883,-4.868072509765625,0.03,1.2271959781646729,-0.09802262485027313,0.32874834537506104,0.013909412547945976,0.047283854335546494,-0.0627688616514206,0.9968103766441345,0,0,0,0,0,0,0,0,0,0,0,0,0,0
6.166532039642334,1.0,0.002172231674194336,0.08276264369487762,0.0009621977806091309,-0.08167511224746704,0.4619859457015991,4.7579755783081055,-0.8848655819892883,-4.868072509765625,0.03,1.2271959781646729,-0.09802262485027313,0.32874834537506104,0.013909412547945976,0.047283854335546494,-0.0627688616514206,0.9968103766441345,0,0,0,0,0,0,0,0,0,0,0,0,0,0
6.167640924453735,1.0,0.002172231674194336,0.08276264369487762,0.0009621977806091309,-0.08167511224746704,0.4619859457015991,4.7579755783081055,-0.8848655819892883,-4.868072509765625,0.03,1.2271959781646729,-0.09802262485027313,0.32874834537506104,0.013909412547945976,0.047283854335546494,-0.0627688616514206,0.9968103766441345,0,0,0,0,0,0,0,0,0,0,0,0,0,0
6.170441150665283,1.0,0.002172231674194336,0.08276264369487762,0.0009621977806091309,-0.08167511224746704,0.4619859457015991,4.7579755783081055,-0.8848655819892883,-4.868072509765625,0.03,1.2271959781646729,-0.09802262485027313,0.32874834537506104,0.013909412547945976,0.047283854335546494,-0.0627688616514206,0.9968103766441345,0,0,0,0,0,0,0,0,0,0,0,0,0,0
6.17169976234436,1.0,0.002172231674194336,0.08276264369487762,0.0009621977806091309,-0.08167511224746704,0.4619859457015991,4.7579755783081055,-0.8848655819892883,-4.868072509765625,0.03,1.2271959781646729,-0.09802262485027313,0.32874834537506104,0.013909412547945976,0.047283854335546494,-0.0627688616514206,0.9968103766441345,0,0,0,0,0,0,0,0,0,0,0,0,0,0
6.172817230224609,1.0,0.002172231674194336,0.08276264369487762,0.0009621977806091309,-0.08167511224746704,0.4619859457015991,4.7579755783081055,-0.8848655819892883,-4.868072509765625,0.03,1.2271959781646729,-0.09802262485027313,0.32874834537506104,0.013909412547945976,0.047283854335546494,-0.0627688616514206,0.9968103766441345,0,0,0,0,0,0,0,0,0,0,0,0,0,0
6.1743080615997314,1.0,0.002172231674194336,0.08276264369487762,0.0009621977806091309,-0.08167511224746704,0.4619859457015991,4.7579755783081055,-0.8848655819892883,-4.868072509765625,0.03,1.2271959781646729,-0.09802262485027313,0.32874834537506104,0.013909412547945976,0.047283854335546494,-0.0627688616514206,0.9968103766441345,0,0,0,0,0,0,0,0,0,0,0,0,0,0
6.175459861755371,1.0,0.002172231674194336,0.08276264369487762,0.0009621977806091309,-0.08167511224746704,0.4619859457015991,4.7579755783081055,-0.8848655819892883,-4.868072509765625,0.03,1.2271959781646729,-0.09802262485027313,0.32874834537506104,0.013909412547945976,0.047283854335546494,-0.0627688616514206,0.9968103766441345,0,0,0,0,0,0,0,0,0,0,0,0,0,0
6.176562547683716,1.0,0.002172231674194336,0.08276264369487762,0.0009621977806091309,-0.08167511224746704,0.4619859457015991,4.7579755783081055,-0.8848655819892883,-4.868072509765625,0.03,1.2271959781646729,-0.09802262485027313,0.32874834537506104,0.013909412547945976,0.047283854335546494,-0.0627688616514206,0.9968103766441345,0,0,0,0,0,0,0,0,0,0,0,0,0,0
6.179296255111694,1.0,0.002172231674194336,0.08276264369487762,0.0009621977806091309,-0.08167511224746704,0.4619859457015991,4.7579755783081055,-0.8848655819892883,-4.868072509765625,0.03,1.2271959781646729,-0.09802262485027313,0.32874834537506104,0.013909412547945976,0.047283854335546494,-0.0627688616514206,0.9968103766441345,0,0,0,0,0,0,0,0,0,0,0,0,0,0
6.180406093597412,1.0,0.002172231674194336,0.08276264369487762,0.0009621977806091309,-0.08167511224746704,0.4619859457015991,4.7579755783081055,-0.8848655819892883,-4.868072509765625,0.03,1.2271959781646729,-0.09802262485027313,0.32874834537506104,0.013909412547945976,0.047283854335546494,-0.0627688616514206,0.9968103766441345,0,0,0,0,0,0,0,0,0,0,0,0,0,0
6.182367324829102,1.0,0.002172231674194336,0.08276264369487762,0.0009621977806091309,-0.08167511224746704,0.4619859457015991,4.7579755783081055,-0.8848655819892883,-4.868072509765625,0.03,1.2271959781646729,-0.09802262485027313,0.32874834537506104,0.013909412547945976,0.047283854335546494,-0.0627688616514206,0.9968103766441345,0,0,0,0,0,0,0,0,0,0,0,0,0,0
6.186882495880127,1.0,0.002172231674194336,0.08276264369487762,0.0009621977806091309,-0.08167511224746704,0.4619859457015991,4.7579755783081055,-0.8848655819892883,-4.868072509765625,0.03,1.2271959781646729,-0.09802262485027313,0.32874834537506104,0.013909412547945976,0.047283854335546494,-0.0627688616514206,0.9968103766441345,0,0,0,0,0,0,0,0,0,0,0,0,0,0
6.188407897949219,1.0,0.002172231674194336,0.08276264369487762,0.0009621977806091309,-0.08167511224746704,0.4619859457015991,4.7579755783081055,-0.8848655819892883,-4.868072509765625,0.03,1.2271959781646729,-0.09802262485027313,0.32874834537506104,0.013909412547945976,0.047283854335546494,-0.0627688616514206,0.9968103766441345,0,0,0,0,0,0,0,0,0,0,0,0,0,0
6.190167427062988,1.0,0.002172231674194336,0.08276264369487762,0.0009621977806091309,-0.08167511224746704,0.4619859457015991,4.7579755783081055,-0.8848655819892883,-4.868072509765625,0.03,1.2271264791488647,-0.09796128422021866,0.3288457989692688,0.013946447521448135,0.04755276069045067,-0.06378503143787384,0.9967325925827026,0,0,0,0,0,0,0,0,0,0,0,0,0,0
6.1928369998931885,1.0,0.002172231674194336,0.08276264369487762,0.0009621977806091309,-0.08167511224746704,0.4619859457015991,4.7579755783081055,-0.8848655819892883,-4.868072509765625,0.03,1.2271264791488647,-0.09796128422021866,0.3288457989692688,0.013946447521448135,0.04755276069045067,-0.06378503143787384,0.9967325925827026,0,0,0,0,0,0,0,0,0,0,0,0,0,0
6.194241285324097,1.0,0.002172231674194336,0.08276264369487762,0.0009621977806091309,-0.08167511224746704,0.4619859457015991,4.7579755783081055,-0.8848655819892883,-4.868072509765625,0.03,1.2271264791488647,-0.09796128422021866,0.3288457989692688,0.013946447521448135,0.04755276069045067,-0.06378503143787384,0.9967325925827026,0,0,0,0,0,0,0,0,0,0,0,0,0,0
6.1953394412994385,1.0,0.002172231674194336,0.08276264369487762,0.0009621977806091309,-0.08167511224746704,0.4619859457015991,4.7579755783081055,-0.8848655819892883,-4.868072509765625,0.03,1.2271264791488647,-0.09796128422021866,0.3288457989692688,0.013946447521448135,0.04755276069045067,-0.06378503143787384,0.9967325925827026,0,0,0,0,0,0,0,0,0,0,0,0,0,0
6.196472883224487,1.0,0.002172231674194336,0.08276264369487762,0.0009621977806091309,-0.08167511224746704,0.4619859457015991,4.7579755783081055,-0.8848655819892883,-4.868072509765625,0.03,1.2271264791488647,-0.09796128422021866,0.3288457989692688,0.013946447521448135,0.04755276069045067,-0.06378503143787384,0.9967325925827026,0,0,0,0,0,0,0,0,0,0,0,0,0,0
6.1983771324157715,1.0,0.002172231674194336,0.08276264369487762,0.0009621977806091309,-0.08167511224746704,0.4619859457015991,4.7579755783081055,-0.8848655819892883,-4.868072509765625,0.03,1.2271264791488647,-0.09796128422021866,0.3288457989692688,0.013946447521448135,0.04755276069045067,-0.06378503143787384,0.9967325925827026,0,0,0,0,0,0,0,0,0,0,0,0,0,0
6.1995203495025635,1.0,0.002172231674194336,0.08276264369487762,0.0009621977806091309,-0.08167511224746704,0.4619859457015991,4.7579755783081055,-0.8848655819892883,-4.868072509765625,0.03,1.2271264791488647,-0.09796128422021866,0.3288457989692688,0.013946447521448135,0.04755276069045067,-0.06378503143787384,0.9967325925827026,0,0,0,0,0,0,0,0,0,0,0,0,0,0
6.200587749481201,1.0,0.002172231674194336,0.08276264369487762,0.0009621977806091309,-0.08167511224746704,0.4619859457015991,4.7579755783081055,-0.8848655819892883,-4.868072509765625,0.03,1.2271264791488647,-0.09796128422021866,0.3288457989692688,0.013946447521448135,0.04755276069045067,-0.06378503143787384,0.9967325925827026,0,0,0,0,0,0,0,0,0,0,0,0,0,0
6.201670408248901,1.0,0.002172231674194336,0.08276264369487762,0.0009621977806091309,-0.08167511224746704,0.4619859457015991,4.7579755783081055,-0.8848655819892883,-4.868072509765625,0.03,1.2271264791488647,-0.09796128422021866,0.3288457989692688,0.013946447521448135,0.04755276069045067,-0.06378503143787384,0.9967325925827026,0,0,0,0,0,0,0,0,0,0,0,0,0,0
6.202777862548828,1.0,0.002172231674194336,0.08276264369487762,0.0009621977806091309,-0.08167511224746704,0.4619859457015991,4.7579755783081055,-0.8848655819892883,-4.868072509765625,0.03,1.2271264791488647,-0.09796128422021866,0.3288457989692688,0.013946447521448135,0.04755276069045067,-0.06378503143787384,0.9967325925827026,0,0,0,0,0,0,0,0,0,0,0,0,0,0
6.203876256942749,1.0,0.002172231674194336,0.08276264369487762,0.0009621977806091309,-0.08167511224746704,0.4619859457015991,4.7579755783081055,-0.8848655819892883,-4.868072509765625,0.03,1.2271264791488647,-0.09796128422021866,0.3288457989692688,0.013946447521448135,0.04755276069045067,-0.06378503143787384,0.9967325925827026,0,0,0,0,0,0,0,0,0,0,0,0,0,0
6.204993963241577,1.0,0.002172231674194336,0.08276264369487762,0.0009621977806091309,-0.08167511224746704,0.4619859457015991,4.7579755783081055,-0.8848655819892883,-4.868072509765625,0.03,1.2271264791488647,-0.09796128422021866,0.3288457989692688,0.013946447521448135,0.04755276069045067,-0.06378503143787384,0.9967325925827026,0,0,0,0,0,0,0,0,0,0,0,0,0,0
6.20618200302124,1.0,0.004220902919769287,0.06039242446422577,-0.0025025606155395508,-0.05971503257751465,1.827294111251831,2.850559949874878,1.6758824586868286,-2.747134208679199,0.03,1.2271264791488647,-0.09796128422021866,0.3288457989692688,0.013946447521448135,0.04755276069045067,-0.06378503143787384,0.9967325925827026,0,0,0,0,0,0,0,0,0,0,0,0,0,0
6.20762825012207,1.0,0.004220902919769287,0.06039242446422577,-0.0025025606155395508,-0.05971503257751465,1.827294111251831,2.850559949874878,1.6758824586868286,-2.747134208679199,0.03,1.2271264791488647,-0.09796128422021866,0.3288457989692688,0.013946447521448135,0.04755276069045067,-0.06378503143787384,0.9967325925827026,0,0,0,0,0,0,0,0,0,0,0,0,0,0
6.209262847900391,1.0,0.002869725227355957,0.010679110884666443,-0.0008909702301025391,-0.007888257503509521,1.2061911821365356,2.6602635383605957,0.7167009115219116,-1.0523178577423096,0.03,1.2271264791488647,-0.09796128422021866,0.3288457989692688,0.013946447521448135,0.04755276069045067,-0.06378503143787384,0.9967325925827026,0,0,0,0,0,0,0,0,0,0,0,0,0,0
6.210377931594849,1.0,0.002869725227355957,0.010679110884666443,-0.0008909702301025391,-0.007888257503509521,1.2061911821365356,2.6602635383605957,0.7167009115219116,-1.0523178577423096,0.03,1.2271264791488647,-0.09796128422021866,0.3288457989692688,0.013946447521448135,0.04755276069045067,-0.06378503143787384,0.9967325925827026,0,0,0,0,0,0,0,0,0,0,0,0,0,0
6.21144700050354,1.0,0.002869725227355957,0.010679110884666443,-0.0008909702301025391,-0.007888257503509521,1.2061911821365356,2.6602635383605957,0.7167009115219116,-1.0523178577423096,0.03,1.2271264791488647,-0.09796128422021866,0.3288457989692688,0.013946447521448135,0.04755276069045067,-0.06378503143787384,0.9967325925827026,0,0,0,0,0,0,0,0,0,0,0,0,0,0
6.214883089065552,2.0,0.005082190036773682,-0.08269372582435608,-0.003978133201599121,0.08294549584388733,-0.359904408454895,-0.9601871967315674,-0.30547034740448,0.9989813566207886,0.03,1.2271264791488647,-0.09796128422021866,0.3288457989692688,0.013946447521448135,0.04755276069045067,-0.06378503143787384,0.9967325925827026,0,0,0,0,0,0,0,0,0,0,0,0,0,0
6.216486930847168,2.0,0.008690237998962402,-0.08204010128974915,-0.007568955421447754,0.08211635053157806,0.20617851614952087,-0.035700805485248566,0.12861615419387817,-0.07505743950605392,0.03,1.2271227836608887,-0.09805765748023987,0.3285573422908783,0.015730835497379303,0.04736541211605072,-0.052104607224464417,0.9973936676979065,0,0,0,0,0,0,0,0,0,0,0,0,0,0
6.2192699909210205,2.0,0.015041768550872803,-0.08122118562459946,-0.014271020889282227,0.0811077356338501,0.33978360891342163,0.37249690294265747,0.5451125502586365,-0.6131112575531006,0.03,1.2271064519882202,-0.0979117825627327,0.328772634267807,0.015057322569191456,0.0476330891251564,-0.056344173848629,0.9971608519554138,0,0,0,0,0,0,0,0,0,0,0,0,0,0
6.221909284591675,2.0,0.015041768550872803,-0.08122118562459946,-0.014271020889282227,0.0811077356338501,0.33978360891342163,0.37249690294265747,0.5451125502586365,-0.6131112575531006,0.03,1.2271064519882202,-0.0979117825627327,0.328772634267807,0.015057322569191456,0.0476330891251564,-0.056344173848629,0.9971608519554138,0,0,0,0,0,0,0,0,0,0,0,0,0,0
6.222976922988892,2.0,0.015041768550872803,-0.08122118562459946,-0.014271020889282227,0.0811077356338501,0.33978360891342163,0.37249690294265747,0.5451125502586365,-0.6131112575531006,0.03,1.2271064519882202,-0.0979117825627327,0.328772634267807,0.015057322569191456,0.0476330891251564,-0.056344173848629,0.9971608519554138,0,0,0,0,0,0,0,0,0,0,0,0,0,0
6.224238872528076,2.0,0.015041768550872803,-0.08122118562459946,-0.014271020889282227,0.0811077356338501,0.33978360891342163,0.37249690294265747,0.5451125502586365,-0.6131112575531006,0.03,1.2271064519882202,-0.0979117825627327,0.328772634267807,0.015057322569191456,0.0476330891251564,-0.056344173848629,0.9971608519554138,0,0,0,0,0,0,0,0,0,0,0,0,0,0
6.225466251373291,2.0,0.015041768550872803,-0.08122118562459946,-0.014271020889282227,0.0811077356338501,0.33978360891342163,0.37249690294265747,0.5451125502586365,-0.6131112575531006,0.03,1.2271064519882202,-0.0979117825627327,0.328772634267807,0.015057322569191456,0.0476330891251564,-0.056344173848629,0.9971608519554138,0,0,0,0,0,0,0,0,0,0,0,0,0,0
6.227450132369995,2.0,0.015041768550872803,-0.08122118562459946,-0.014271020889282227,0.0811077356338501,0.33978360891342163,0.37249690294265747,0.5451125502586365,-0.6131112575531006,0.03,1.2271064519882202,-0.0979117825627327,0.328772634267807,0.015057322569191456,0.0476330891251564,-0.056344173848629,0.9971608519554138,0,0,0,0,0,0,0,0,0,0,0,0,0,0
6.2294840812683105,2.0,0.015041768550872803,-0.08122118562459946,-0.014271020889282227,0.0811077356338501,0.33978360891342163,0.37249690294265747,0.5451125502586365,-0.6131112575531006,0.03,1.227049469947815,-0.09799247235059738,0.32864296436309814,0.01600908301770687,0.04764900356531143,-0.04920700192451477,0.9975229501724243,0,0,0,0,0,0,0,0,0,0,0,0,0,0
6.230848550796509,2.0,0.015041768550872803,-0.08122118562459946,-0.014271020889282227,0.0811077356338501,0.33978360891342163,0.37249690294265747,0.5451125502586365,-0.6131112575531006,0.03,1.2270535230636597,-0.09810695797204971,0.3286120891571045,0.014396457932889462,0.04753709211945534,-0.0642252117395401,0.9966986775398254,0,0,0,0,0,0,0,0,0,0,0,0,0,0
6.232375860214233,2.0,0.015041768550872803,-0.08122118562459946,-0.014271020889282227,0.0811077356338501,0.33978360891342163,0.37249690294265747,0.5451125502586365,-0.6131112575531006,0.03,1.2270535230636597,-0.09810695797204971,0.3286120891571045,0.014396457932889462,0.04753709211945534,-0.0642252117395401,0.9966986775398254,0,0,0,0,0,0,0,0,0,0,0,0,0,0
6.233818054199219,2.0,0.015041768550872803,-0.08122118562459946,-0.014271020889282227,0.0811077356338501,0.33978360891342163,0.37249690294265747,0.5451125502586365,-0.6131112575531006,0.03,1.2270535230636597,-0.09810695797204971,0.3286120891571045,0.014396457932889462,0.04753709211945534,-0.0642252117395401,0.9966986775398254,0,0,0,0,0,0,0,0,0,0,0,0,0,0
6.235236167907715,2.0,0.015041768550872803,-0.08122118562459946,-0.014271020889282227,0.0811077356338501,0.33978360891342163,0.37249690294265747,0.5451125502586365,-0.6131112575531006,0.03,1.2270535230636597,-0.09810695797204971,0.3286120891571045,0.014396457932889462,0.04753709211945534,-0.0642252117395401,0.9966986775398254,0,0,0,0,0,0,0,0,0,0,0,0,0,0
6.236330032348633,2.0,0.015041768550872803,-0.08122118562459946,-0.014271020889282227,0.0811077356338501,0.33978360891342163,0.37249690294265747,0.5451125502586365,-0.6131112575531006,0.03,1.2270535230636597,-0.09810695797204971,0.3286120891571045,0.014396457932889462,0.04753709211945534,-0.0642252117395401,0.9966986775398254,0,0,0,0,0,0,0,0,0,0,0,0,0,0
6.237483263015747,2.0,0.015041768550872803,-0.08122118562459946,-0.014271020889282227,0.0811077356338501,0.33978360891342163,0.37249690294265747,0.5451125502586365,-0.6131112575531006,0.03,1.2270535230636597,-0.09810695797204971,0.3286120891571045,0.014396457932889462,0.04753709211945534,-0.0642252117395401,0.9966986775398254,0,0,0,0,0,0,0,0,0,0,0,0,0,0
6.238884925842285,2.0,0.015041768550872803,-0.08122118562459946,-0.014271020889282227,0.0811077356338501,0.33978360891342163,0.37249690294265747,0.5451125502586365,-0.6131112575531006,0.03,1.2270535230636597,-0.09810695797204971,0.3286120891571045,0.014396457932889462,0.04753709211945534,-0.0642252117395401,0.9966986775398254,0,0,0,0,0,0,0,0,0,0,0,0,0,0
6.239950180053711,2.0,0.015041768550872803,-0.08122118562459946,-0.014271020889282227,0.0811077356338501,0.33978360891342163,0.37249690294265747,0.5451125502586365,-0.6131112575531006,0.03,1.2270535230636597,-0.09810695797204971,0.3286120891571045,0.014396457932889462,0.04753709211945534,-0.0642252117395401,0.9966986775398254,0,0,0,0,0,0,0,0,0,0,0,0,0,0
6.241668701171875,2.0,0.015041768550872803,-0.08122118562459946,-0.014271020889282227,0.0811077356338501,0.33978360891342163,0.37249690294265747,0.5451125502586365,-0.6131112575531006,0.03,1.2271167039871216,-0.09803817421197891,0.32873380184173584,0.014051380567252636,0.04762676730751991,-0.0672418475151062,0.9965003132820129,0,0,0,0,0,0,0,0,0,0,0,0,0,0
6.24371337890625,2.0,0.015041768550872803,-0.08122118562459946,-0.014271020889282227,0.0811077356338501,0.33978360891342163,0.37249690294265747,0.5451125502586365,-0.6131112575531006,0.03,1.2271149158477783,-0.09805213660001755,0.3285444378852844,0.015261994674801826,0.04746337607502937,-0.05380537733435631,0.9973060488700867,0,0,0,0,0,0,0,0,0,0,0,0,0,0
6.245591640472412,2.0,0.015041768550872803,-0.08122118562459946,-0.014271020889282227,0.0811077356338501,0.33978360891342163,0.37249690294265747,0.5451125502586365,-0.6131112575531006,0.03,1.2271149158477783,-0.09805213660001755,0.3285444378852844,0.015261994674801826,0.04746337607502937,-0.05380537733435631,0.9973060488700867,0,0,0,0,0,0,0,0,0,0,0,0,0,0
6.247400760650635,2.0,0.015041768550872803,-0.08122118562459946,-0.014271020889282227,0.0811077356338501,0.33978360891342163,0.37249690294265747,0.5451125502586365,-0.6131112575531006,0.03,1.2271149158477783,-0.09805213660001755,0.3285444378852844,0.015261994674801826,0.04746337607502937,-0.05380537733435631,0.9973060488700867,0,0,0,0,0,0,0,0,0,0,0,0,0,0
6.248704433441162,2.0,0.015041768550872803,-0.08122118562459946,-0.014271020889282227,0.0811077356338501,0.33978360891342163,0.37249690294265747,0.5451125502586365,-0.6131112575531006,0.03,1.2271149158477783,-0.09805213660001755,0.3285444378852844,0.015261994674801826,0.04746337607502937,-0.05380537733435631,0.9973060488700867,0,0,0,0,0,0,0,0,0,0,0,0,0,0
6.249844789505005,2.0,0.015041768550872803,-0.08122118562459946,-0.014271020889282227,0.0811077356338501,0.33978360891342163,0.37249690294265747,0.5451125502586365,-0.6131112575531006,0.03,1.2271149158477783,-0.09805213660001755,0.3285444378852844,0.015261994674801826,0.04746337607502937,-0.05380537733435631,0.9973060488700867,0,0,0,0,0,0,0,0,0,0,0,0,0,0
6.250942230224609,2.0,0.015041768550872803,-0.08122118562459946,-0.014271020889282227,0.0811077356338501,0.33978360891342163,0.37249690294265747,0.5451125502586365,-0.6131112575531006,0.03,1.2271149158477783,-0.09805213660001755,0.3285444378852844,0.015261994674801826,0.04746337607502937,-0.05380537733435631,0.9973060488700867,0,0,0,0,0,0,0,0,0,0,0,0,0,0
6.252371788024902,2.0,0.015041768550872803,-0.08122118562459946,-0.014271020889282227,0.0811077356338501,0.33978360891342163,0.37249690294265747,0.5451125502586365,-0.6131112575531006,0.03,1.2270750999450684,-0.0980970486998558,0.32846799492836,0.015333747491240501,0.04743628576397896,-0.05234253779053688,0.9973840713500977,0,0,0,0,0,0,0,0,0,0,0,0,0,0
6.25415825843811,2.0,0.015041768550872803,-0.08122118562459946,-0.014271020889282227,0.0811077356338501,0.33978360891342163,0.37249690294265747,0.5451125502586365,-0.6131112575531006,0.03,1.2270604372024536,-0.09805497527122498,0.32844942808151245,0.014797866344451904,0.04772614687681198,-0.052433080971241,0.9973735809326172,0,0,0,0,0,0,0,0,0,0,0,0,0,0
6.255572319030762,2.0,0.015041768550872803,-0.08122118562459946,-0.014271020889282227,0.0811077356338501,0.33978360891342163,0.37249690294265747,0.5451125502586365,-0.6131112575531006,0.03,1.2270604372024536,-0.09805497527122498,0.32844942808151245,0.014797866344451904,0.04772614687681198,-0.052433080971241,0.9973735809326172,0,0,0,0,0,0,0,0,0,0,0,0,0,0
6.2570624351501465,2.0,0.015041768550872803,-0.08122118562459946,-0.014271020889282227,0.0811077356338501,0.33978360891342163,0.37249690294265747,0.5451125502586365,-0.6131112575531006,0.03,1.2270604372024536,-0.09805497527122498,0.32844942808151245,0.014797866344451904,0.04772614687681198,-0.052433080971241,0.9973735809326172,0,0,0,0,0,0,0,0,0,0,0,0,0,0
6.258247375488281,2.0,0.015041768550872803,-0.08122118562459946,-0.014271020889282227,0.0811077356338501,0.33978360891342163,0.37249690294265747,0.5451125502586365,-0.6131112575531006,0.03,1.2270604372024536,-0.09805497527122498,0.32844942808151245,0.014797866344451904,0.04772614687681198,-0.052433080971241,0.9973735809326172,0,0,0,0,0,0,0,0,0,0,0,0,0,0
6.259760856628418,2.0,0.015041768550872803,-0.08122118562459946,-0.014271020889282227,0.0811077356338501,0.33978360891342163,0.37249690294265747,0.5451125502586365,-0.6131112575531006,0.03,1.2270604372024536,-0.09805497527122498,0.32844942808151245,0.014797866344451904,0.04772614687681198,-0.052433080971241,0.9973735809326172,0,0,0,0,0,0,0,0,0,0,0,0,0,0
6.262903451919556,2.0,0.015041768550872803,-0.08122118562459946,-0.014271020889282227,0.0811077356338501,0.33978360891342163,0.37249690294265747,0.5451125502586365,-0.6131112575531006,0.03,1.2270604372024536,-0.09805497527122498,0.32844942808151245,0.014797866344451904,0.04772614687681198,-0.052433080971241,0.9973735809326172,0,0,0,0,0,0,0,0,0,0,0,0,0,0
6.263998746871948,2.0,0.015041768550872803,-0.08122118562459946,-0.014271020889282227,0.0811077356338501,0.33978360891342163,0.37249690294265747,0.5451125502586365,-0.6131112575531006,0.03,1.2270604372024536,-0.09805497527122498,0.32844942808151245,0.014797866344451904,0.04772614687681198,-0.052433080971241,0.9973735809326172,0,0,0,0,0,0,0,0,0,0,0,0,0,0
6.266459226608276,2.0,0.015041768550872803,-0.08122118562459946,-0.014271020889282227,0.0811077356338501,0.33978360891342163,0.37249690294265747,0.5451125502586365,-0.6131112575531006,0.03,1.2270604372024536,-0.09805497527122498,0.32844942808151245,0.014797866344451904,0.04772614687681198,-0.052433080971241,0.9973735809326172,0,0,0,0,0,0,0,0,0,0,0,0,0,0
6.267947435379028,2.0,0.015041768550872803,-0.08122118562459946,-0.014271020889282227,0.0811077356338501,0.33978360891342163,0.37249690294265747,0.5451125502586365,-0.6131112575531006,0.03,1.2270604372024536,-0.09805497527122498,0.32844942808151245,0.014797866344451904,0.04772614687681198,-0.052433080971241,0.9973735809326172,0,0,0,0,0,0,0,0,0,0,0,0,0,0
6.270650625228882,2.0,0.015041768550872803,-0.08122118562459946,-0.014271020889282227,0.0811077356338501,0.33978360891342163,0.37249690294265747,0.5451125502586365,-0.6131112575531006,0.03,1.2270604372024536,-0.09805497527122498,0.32844942808151245,0.014797866344451904,0.04772614687681198,-0.052433080971241,0.9973735809326172,0,0,0,0,0,0,0,0,0,0,0,0,0,0
6.271751880645752,2.0,0.015041768550872803,-0.08122118562459946,-0.014271020889282227,0.0811077356338501,0.33978360891342163,0.37249690294265747,0.5451125502586365,-0.6131112575531006,0.03,1.2270604372024536,-0.09805497527122498,0.32844942808151245,0.014797866344451904,0.04772614687681198,-0.052433080971241,0.9973735809326172,0,0,0,0,0,0,0,0,0,0,0,0,0,0
6.27300238609314,2.0,0.015041768550872803,-0.08122118562459946,-0.014271020889282227,0.0811077356338501,0.33978360891342163,0.37249690294265747,0.5451125502586365,-0.6131112575531006,0.03,1.2270604372024536,-0.09805497527122498,0.32844942808151245,0.014797866344451904,0.04772614687681198,-0.052433080971241,0.9973735809326172,0,0,0,0,0,0,0,0,0,0,0,0,0,0
6.274272203445435,2.0,0.015041768550872803,-0.08122118562459946,-0.014271020889282227,0.0811077356338501,0.33978360891342163,0.37249690294265747,0.5451125502586365,-0.6131112575531006,0.03,1.2270604372024536,-0.09805497527122498,0.32844942808151245,0.014797866344451904,0.04772614687681198,-0.052433080971241,0.9973735809326172,0,0,0,0,0,0,0,0,0,0,0,0,0,0
6.275418281555176,2.0,0.015041768550872803,-0.08122118562459946,-0.014271020889282227,0.0811077356338501,0.33978360891342163,0.37249690294265747,0.5451125502586365,-0.6131112575531006,0.03,1.2270604372024536,-0.09805497527122498,0.32844942808151245,0.014797866344451904,0.04772614687681198,-0.052433080971241,0.9973735809326172,0,0,0,0,0,0,0,0,0,0,0,0,0,0
6.276672124862671,2.0,0.015041768550872803,-0.08122118562459946,-0.014271020889282227,0.0811077356338501,0.33978360891342163,0.37249690294265747,0.5451125502586365,-0.6131112575531006,0.03,1.2270604372024536,-0.09805497527122498,0.32844942808151245,0.014797866344451904,0.04772614687681198,-0.052433080971241,0.9973735809326172,0,0,0,0,0,0,0,0,0,0,0,0,0,0
6.278052806854248,2.0,0.015041768550872803,-0.08122118562459946,-0.014271020889282227,0.0811077356338501,0.33978360891342163,0.37249690294265747,0.5451125502586365,-0.6131112575531006,0.03,1.2270604372024536,-0.09805497527122498,0.32844942808151245,0.014797866344451904,0.04772614687681198,-0.052433080971241,0.9973735809326172,0,0,0,0,0,0,0,0,0,0,0,0,0,0
6.279181241989136,2.0,0.015041768550872803,-0.08122118562459946,-0.014271020889282227,0.0811077356338501,0.33978360891342163,0.37249690294265747,0.5451125502586365,-0.6131112575531006,0.03,1.2270604372024536,-0.09805497527122498,0.32844942808151245,0.014797866344451904,0.04772614687681198,-0.052433080971241,0.9973735809326172,0,0,0,0,0,0,0,0,0,0,0,0,0,0
6.280827045440674,2.0,0.015041768550872803,-0.08122118562459946,-0.014271020889282227,0.0811077356338501,0.33978360891342163,0.37249690294265747,0.5451125502586365,-0.6131112575531006,0.03,1.2270604372024536,-0.09805497527122498,0.32844942808151245,0.014797866344451904,0.04772614687681198,-0.052433080971241,0.9973735809326172,0,0,0,0,0,0,0,0,0,0,0,0,0,0
6.282395601272583,2.0,0.015041768550872803,-0.08122118562459946,-0.014271020889282227,0.0811077356338501,0.33978360891342163,0.37249690294265747,0.5451125502586365,-0.6131112575531006,0.03,1.2270604372024536,-0.09805497527122498,0.32844942808151245,0.014797866344451904,0.04772614687681198,-0.052433080971241,0.9973735809326172,0,0,0,0,0,0,0,0,0,0,0,0,0,0
6.283565521240234,2.0,0.015041768550872803,-0.08122118562459946,-0.014271020889282227,0.0811077356338501,0.33978360891342163,0.37249690294265747,0.5451125502586365,-0.6131112575531006,0.03,1.2270604372024536,-0.09805497527122498,0.32844942808151245,0.014797866344451904,0.04772614687681198,-0.052433080971241,0.9973735809326172,0,0,0,0,0,0,0,0,0,0,0,0,0,0
6.284625053405762,2.0,0.015041768550872803,-0.08122118562459946,-0.014271020889282227,0.0811077356338501,0.33978360891342163,0.37249690294265747,0.5451125502586365,-0.6131112575531006,0.03,1.2270604372024536,-0.09805497527122498,0.32844942808151245,0.014797866344451904,0.04772614687681198,-0.052433080971241,0.9973735809326172,0,0,0,0,0,0,0,0,0,0,0,0,0,0
6.285733938217163,2.0,0.015041768550872803,-0.08122118562459946,-0.014271020889282227,0.0811077356338501,0.33978360891342163,0.37249690294265747,0.5451125502586365,-0.6131112575531006,0.03,1.2270604372024536,-0.09805497527122498,0.32844942808151245,0.014797866344451904,0.04772614687681198,-0.052433080971241,0.9973735809326172,0,0,0,0,0,0,0,0,0,0,0,0,0,0
6.286819934844971,2.0,0.015041768550872803,-0.08122118562459946,-0.014271020889282227,0.0811077356338501,0.33978360891342163,0.37249690294265747,0.5451125502586365,-0.6131112575531006,0.03,1.2270604372024536,-0.09805497527122498,0.32844942808151245,0.014797866344451904,0.04772614687681198,-0.052433080971241,0.9973735809326172,0,0,0,0,0,0,0,0,0,0,0,0,0,0
6.287905931472778,2.0,0.015041768550872803,-0.08122118562459946,-0.014271020889282227,0.0811077356338501,0.33978360891342163,0.37249690294265747,0.5451125502586365,-0.6131112575531006,0.03,1.2270604372024536,-0.09805497527122498,0.32844942808151245,0.014797866344451904,0.04772614687681198,-0.052433080971241,0.9973735809326172,0,0,0,0,0,0,0,0,0,0,0,0,0,0
6.289278507232666,2.0,0.015041768550872803,-0.08122118562459946,-0.014271020889282227,0.0811077356338501,0.33978360891342163,0.37249690294265747,0.5451125502586365,-0.6131112575531006,0.03,1.2270604372024536,-0.09805497527122498,0.32844942808151245,0.014797866344451904,0.04772614687681198,-0.052433080971241,0.9973735809326172,0,0,0,0,0,0,0,0,0,0,0,0,0,0
6.290507793426514,2.0,0.015041768550872803,-0.08122118562459946,-0.014271020889282227,0.0811077356338501,0.33978360891342163,0.37249690294265747,0.5451125502586365,-0.6131112575531006,0.03,1.2270604372024536,-0.09805497527122498,0.32844942808151245,0.014797866344451904,0.04772614687681198,-0.052433080971241,0.9973735809326172,0,0,0,0,0,0,0,0,0,0,0,0,0,0
6.291621923446655,2.0,0.015041768550872803,-0.08122118562459946,-0.014271020889282227,0.0811077356338501,0.33978360891342163,0.37249690294265747,0.5451125502586365,-0.6131112575531006,0.03,1.2270604372024536,-0.09805497527122498,0.32844942808151245,0.014797866344451904,0.04772614687681198,-0.052433080971241,0.9973735809326172,0,0,0,0,0,0,0,0,0,0,0,0,0,0
6.292881488800049,2.0,0.015041768550872803,-0.08122118562459946,-0.014271020889282227,0.0811077356338501,0.33978360891342163,0.37249690294265747,0.5451125502586365,-0.6131112575531006,0.03,1.2270604372024536,-0.09805497527122498,0.32844942808151245,0.014797866344451904,0.04772614687681198,-0.052433080971241,0.9973735809326172,0,0,0,0,0,0,0,0,0,0,0,0,0,0
6.295029878616333,2.0,0.015041768550872803,-0.08122118562459946,-0.014271020889282227,0.0811077356338501,0.33978360891342163,0.37249690294265747,0.5451125502586365,-0.6131112575531006,0.03,1.2270604372024536,-0.09805497527122498,0.32844942808151245,0.014797866344451904,0.04772614687681198,-0.052433080971241,0.9973735809326172,0,0,0,0,0,0,0,0,0,0,0,0,0,0
6.296227931976318,2.0,0.015041768550872803,-0.08122118562459946,-0.014271020889282227,0.0811077356338501,0.33978360891342163,0.37249690294265747,0.5451125502586365,-0.6131112575531006,0.03,1.2270604372024536,-0.09805497527122498,0.32844942808151245,0.014797866344451904,0.04772614687681198,-0.052433080971241,0.9973735809326172,0,0,0,0,0,0,0,0,0,0,0,0,0,0
6.298007011413574,2.0,0.015041768550872803,-0.08122118562459946,-0.014271020889282227,0.0811077356338501,0.33978360891342163,0.37249690294265747,0.5451125502586365,-0.6131112575531006,0.03,1.2270604372024536,-0.09805497527122498,0.32844942808151245,0.014797866344451904,0.04772614687681198,-0.052433080971241,0.9973735809326172,0,0,0,0,0,0,0,0,0,0,0,0,0,0
6.299205541610718,2.0,0.015041768550872803,-0.08122118562459946,-0.014271020889282227,0.0811077356338501,0.33978360891342163,0.37249690294265747,0.5451125502586365,-0.6131112575531006,0.03,1.2270604372024536,-0.09805497527122498,0.32844942808151245,0.014797866344451904,0.04772614687681198,-0.052433080971241,0.9973735809326172,0,0,0,0,0,0,0,0,0,0,0,0,0,0
6.300462245941162,2.0,0.015041768550872803,-0.08122118562459946,-0.014271020889282227,0.0811077356338501,0.33978360891342163,0.37249690294265747,0.5451125502586365,-0.6131112575531006,0.03,1.2270604372024536,-0.09805497527122498,0.32844942808151245,0.014797866344451904,0.04772614687681198,-0.052433080971241,0.9973735809326172,0,0,0,0,0,0,0,0,0,0,0,0,0,0
6.301944732666016,2.0,0.015041768550872803,-0.08122118562459946,-0.014271020889282227,0.0811077356338501,0.33978360891342163,0.37249690294265747,0.5451125502586365,-0.6131112575531006,0.03,1.2270604372024536,-0.09805497527122498,0.32844942808151245,0.014797866344451904,0.04772614687681198,-0.052433080971241,0.9973735809326172,0,0,0,0,0,0,0,0,0,0,0,0,0,0
6.3033387660980225,2.0,0.015041768550872803,-0.08122118562459946,-0.014271020889282227,0.0811077356338501,0.33978360891342163,0.37249690294265747,0.5451125502586365,-0.6131112575531006,0.03,1.2270604372024536,-0.09805497527122498,0.32844942808151245,0.014797866344451904,0.04772614687681198,-0.052433080971241,0.9973735809326172,0,0,0,0,0,0,0,0,0,0,0,0,0,0
6.304612159729004,2.0,0.015041768550872803,-0.08122118562459946,-0.014271020889282227,0.0811077356338501,0.33978360891342163,0.37249690294265747,0.5451125502586365,-0.6131112575531006,0.03,1.2270604372024536,-0.09805497527122498,0.32844942808151245,0.014797866344451904,0.04772614687681198,-0.052433080971241,0.9973735809326172,0,0,0,0,0,0,0,0,0,0,0,0,0,0
6.307367324829102,2.0,0.015041768550872803,-0.08122118562459946,-0.014271020889282227,0.0811077356338501,0.33978360891342163,0.37249690294265747,0.5451125502586365,-0.6131112575531006,0.03,1.2270604372024536,-0.09805497527122498,0.32844942808151245,0.014797866344451904,0.04772614687681198,-0.052433080971241,0.9973735809326172,0,0,0,0,0,0,0,0,0,0,0,0,0,0
6.308658599853516,2.0,0.015041768550872803,-0.08122118562459946,-0.014271020889282227,0.0811077356338501,0.33978360891342163,0.37249690294265747,0.5451125502586365,-0.6131112575531006,0.03,1.2270604372024536,-0.09805497527122498,0.32844942808151245,0.014797866344451904,0.04772614687681198,-0.052433080971241,0.9973735809326172,0,0,0,0,0,0,0,0,0,0,0,0,0,0
6.309882879257202,2.0,0.015041768550872803,-0.08122118562459946,-0.014271020889282227,0.0811077356338501,0.33978360891342163,0.37249690294265747,0.5451125502586365,-0.6131112575531006,0.03,1.2270604372024536,-0.09805497527122498,0.32844942808151245,0.014797866344451904,0.04772614687681198,-0.052433080971241,0.9973735809326172,0,0,0,0,0,0,0,0,0,0,0,0,0,0
6.310981035232544,2.0,0.015041768550872803,-0.08122118562459946,-0.014271020889282227,0.0811077356338501,0.33978360891342163,0.37249690294265747,0.5451125502586365,-0.6131112575531006,0.03,1.2270604372024536,-0.09805497527122498,0.32844942808151245,0.014797866344451904,0.04772614687681198,-0.052433080971241,0.9973735809326172,0,0,0,0,0,0,0,0,0,0,0,0,0,0
6.312350749969482,2.0,0.015041768550872803,-0.08122118562459946,-0.014271020889282227,0.0811077356338501,0.33978360891342163,0.37249690294265747,0.5451125502586365,-0.6131112575531006,0.03,1.2270604372024536,-0.09805497527122498,0.32844942808151245,0.014797866344451904,0.04772614687681198,-0.052433080971241,0.9973735809326172,0,0,0,0,0,0,0,0,0,0,0,0,0,0
6.313643455505371,2.0,0.015041768550872803,-0.08122118562459946,-0.014271020889282227,0.0811077356338501,0.33978360891342163,0.37249690294265747,0.5451125502586365,-0.6131112575531006,0.03,1.2270604372024536,-0.09805497527122498,0.32844942808151245,0.014797866344451904,0.04772614687681198,-0.052433080971241,0.9973735809326172,0,0,0,0,0,0,0,0,0,0,0,0,0,0
6.315847873687744,2.0,0.015041768550872803,-0.08122118562459946,-0.014271020889282227,0.0811077356338501,0.33978360891342163,0.37249690294265747,0.5451125502586365,-0.6131112575531006,0.03,1.2270604372024536,-0.09805497527122498,0.32844942808151245,0.014797866344451904,0.04772614687681198,-0.052433080971241,0.9973735809326172,0,0,0,0,0,0,0,0,0,0,0,0,0,0
6.317228078842163,2.0,0.015041768550872803,-0.08122118562459946,-0.014271020889282227,0.0811077356338501,0.33978360891342163,0.37249690294265747,0.5451125502586365,-0.6131112575531006,0.03,1.2270604372024536,-0.09805497527122498,0.32844942808151245,0.014797866344451904,0.04772614687681198,-0.052433080971241,0.9973735809326172,0,0,0,0,0,0,0,0,0,0,0,0,0,0
6.319885492324829,2.0,0.015041768550872803,-0.08122118562459946,-0.014271020889282227,0.0811077356338501,0.33978360891342163,0.37249690294265747,0.5451125502586365,-0.6131112575531006,0.03,1.2271193265914917,-0.0980798602104187,0.3284178078174591,0.014628232456743717,0.04791909456253052,-0.052240949124097824,0.9973769187927246,0,0,0,0,0,0,0,0,0,0,0,0,0,0
6.321187496185303,2.0,0.015041768550872803,-0.08122118562459946,-0.014271020889282227,0.0811077356338501,0.33978360891342163,0.37249690294265747,0.5451125502586365,-0.6131112575531006,0.03,1.2271193265914917,-0.0980798602104187,0.3284178078174591,0.014628232456743717,0.04791909456253052,-0.052240949124097824,0.9973769187927246,0,0,0,0,0,0,0,0,0,0,0,0,0,0
6.32229471206665,2.0,0.015041768550872803,-0.08122118562459946,-0.014271020889282227,0.0811077356338501,0.33978360891342163,0.37249690294265747,0.5451125502586365,-0.6131112575531006,0.03,1.2271193265914917,-0.0980798602104187,0.3284178078174591,0.014628232456743717,0.04791909456253052,-0.052240949124097824,0.9973769187927246,0,0,0,0,0,0,0,0,0,0,0,0,0,0
6.32384467124939,2.0,0.015041768550872803,-0.08122118562459946,-0.014271020889282227,0.0811077356338501,0.33978360891342163,0.37249690294265747,0.5451125502586365,-0.6131112575531006,0.03,1.2271193265914917,-0.0980798602104187,0.3284178078174591,0.014628232456743717,0.04791909456253052,-0.052240949124097824,0.9973769187927246,0,0,0,0,0,0,0,0,0,0,0,0,0,0
6.32550311088562,2.0,0.015041768550872803,-0.08122118562459946,-0.014271020889282227,0.0811077356338501,0.33978360891342163,0.37249690294265747,0.5451125502586365,-0.6131112575531006,0.03,1.2271193265914917,-0.0980798602104187,0.3284178078174591,0.014628232456743717,0.04791909456253052,-0.052240949124097824,0.9973769187927246,0,0,0,0,0,0,0,0,0,0,0,0,0,0
6.3268351554870605,2.0,0.015041768550872803,-0.08122118562459946,-0.014271020889282227,0.0811077356338501,0.33978360891342163,0.37249690294265747,0.5451125502586365,-0.6131112575531006,0.03,1.2271193265914917,-0.0980798602104187,0.3284178078174591,0.014628232456743717,0.04791909456253052,-0.052240949124097824,0.9973769187927246,0,0,0,0,0,0,0,0,0,0,0,0,0,0
6.328981161117554,2.0,0.015041768550872803,-0.08122118562459946,-0.014271020889282227,0.0811077356338501,0.33978360891342163,0.37249690294265747,0.5451125502586365,-0.6131112575531006,0.03,1.2271193265914917,-0.0980798602104187,0.3284178078174591,0.014628232456743717,0.04791909456253052,-0.052240949124097824,0.9973769187927246,0,0,0,0,0,0,0,0,0,0,0,0,0,0
6.330122947692871,2.0,0.015041768550872803,-0.08122118562459946,-0.014271020889282227,0.0811077356338501,0.33978360891342163,0.37249690294265747,0.5451125502586365,-0.6131112575531006,0.03,1.2271193265914917,-0.0980798602104187,0.3284178078174591,0.014628232456743717,0.04791909456253052,-0.052240949124097824,0.9973769187927246,0,0,0,0,0,0,0,0,0,0,0,0,0,0
6.331214189529419,2.0,0.015041768550872803,-0.08122118562459946,-0.014271020889282227,0.0811077356338501,0.33978360891342163,0.37249690294265747,0.5451125502586365,-0.6131112575531006,0.03,1.2271193265914917,-0.0980798602104187,0.3284178078174591,0.014628232456743717,0.04791909456253052,-0.052240949124097824,0.9973769187927246,0,0,0,0,0,0,0,0,0,0,0,0,0,0
6.333556413650513,2.0,0.015041768550872803,-0.08122118562459946,-0.014271020889282227,0.0811077356338501,0.33978360891342163,0.37249690294265747,0.5451125502586365,-0.6131112575531006,0.03,1.2271193265914917,-0.0980798602104187,0.3284178078174591,0.014628232456743717,0.04791909456253052,-0.052240949124097824,0.9973769187927246,0,0,0,0,0,0,0,0,0,0,0,0,0,0
6.335286855697632,2.0,0.028616368770599365,-0.081464022397995,-0.028397023677825928,0.08141857385635376,-0.11482830345630646,0.3244035840034485,0.5704441070556641,-0.5046291947364807,0.03,1.2271193265914917,-0.0980798602104187,0.3284178078174591,0.014628232456743717,0.04791909456253052,-0.052240949124097824,0.9973769187927246,0,0,0,0,0,0,0,0,0,0,0,0,0,0
6.336699724197388,2.0,0.030810773372650146,-0.08145439624786377,-0.03100532293319702,0.08140885829925537,-0.6331890225410461,0.3545321524143219,0.4938642382621765,-0.5378691554069519,0.03,1.2271193265914917,-0.0980798602104187,0.3284178078174591,0.014628232456743717,0.04791909456253052,-0.052240949124097824,0.9973769187927246,0,0,0,0,0,0,0,0,0,0,0,0,0,0
6.337938070297241,2.0,0.030810773372650146,-0.08145439624786377,-0.03100532293319702,0.08140885829925537,-0.6331890225410461,0.3545321524143219,0.4938642382621765,-0.5378691554069519,0.03,1.2271193265914917,-0.0980798602104187,0.3284178078174591,0.014628232456743717,0.04791909456253052,-0.052240949124097824,0.9973769187927246,0,0,0,0,0,0,0,0,0,0,0,0,0,0
6.340789318084717,2.0,0.030810773372650146,-0.08145439624786377,-0.03100532293319702,0.08140885829925537,-0.6331890225410461,0.3545321524143219,0.4938642382621765,-0.5378691554069519,0.03,1.2271193265914917,-0.0980798602104187,0.3284178078174591,0.014628232456743717,0.04791909456253052,-0.052240949124097824,0.9973769187927246,0,0,0,0,0,0,0,0,0,0,0,0,0,0
6.34319806098938,2.0,0.030810773372650146,-0.08145439624786377,-0.03100532293319702,0.08140885829925537,-0.6331890225410461,0.3545321524143219,0.4938642382621765,-0.5378691554069519,0.03,1.2271193265914917,-0.0980798602104187,0.3284178078174591,0.014628232456743717,0.04791909456253052,-0.052240949124097824,0.9973769187927246,0,0,0,0,0,0,0,0,0,0,0,0,0,0
6.34639310836792,2.0,0.03946453332901001,-0.08141069114208221,-0.04047071933746338,0.08140867948532104,-2.301170587539673,0.49564483761787415,-0.3739092946052551,-0.6479735374450684,0.03,1.2271815538406372,-0.09816577285528183,0.3282790780067444,0.014344928786158562,0.04821167513728142,-0.053457602858543396,0.9973024129867554,0,0,0,0,0,0,0,0,0,0,0,0,0,0
6.347664833068848,2.0,0.04197072982788086,-0.08144870400428772,-0.04339778423309326,0.08141016960144043,-2.668001890182495,0.5079420804977417,-0.468574583530426,-0.677960216999054,0.03,1.2272409200668335,-0.09812506288290024,0.3280067443847656,0.010036412626504898,0.04833984375,-0.081028513610363,0.9954882860183716,0,0,0,0,0,0,0,0,0,0,0,0,0,0
6.34875226020813,2.0,0.04197072982788086,-0.08144870400428772,-0.04339778423309326,0.08141016960144043,-2.668001890182495,0.5079420804977417,-0.468574583530426,-0.677960216999054,0.03,1.2272409200668335,-0.09812506288290024,0.3280067443847656,0.010036412626504898,0.04833984375,-0.081028513610363,0.9954882860183716,0,0,0,0,0,0,0,0,0,0,0,0,0,0
6.350216865539551,2.0,0.04197072982788086,-0.08144870400428772,-0.04339778423309326,0.08141016960144043,-2.668001890182495,0.5079420804977417,-0.468574583530426,-0.677960216999054,0.03,1.2272409200668335,-0.09812506288290024,0.3280067443847656,0.010036412626504898,0.04833984375,-0.081028513610363,0.9954882860183716,0,0,0,0,0,0,0,0,0,0,0,0,0,0
6.352699518203735,2.0,0.04197072982788086,-0.08144870400428772,-0.04339778423309326,0.08141016960144043,-2.668001890182495,0.5079420804977417,-0.468574583530426,-0.677960216999054,0.03,1.2272409200668335,-0.09812506288290024,0.3280067443847656,0.010036412626504898,0.04833984375,-0.081028513610363,0.9954882860183716,0,0,0,0,0,0,0,0,0,0,0,0,0,0
6.353882551193237,2.0,0.04197072982788086,-0.08144870400428772,-0.04339778423309326,0.08141016960144043,-2.668001890182495,0.5079420804977417,-0.468574583530426,-0.677960216999054,0.03,1.2272409200668335,-0.09812506288290024,0.3280067443847656,0.010036412626504898,0.04833984375,-0.081028513610363,0.9954882860183716,0,0,0,0,0,0,0,0,0,0,0,0,0,0
6.356158018112183,2.0,0.04295927286148071,-0.08146260678768158,-0.0447123646736145,0.08140863478183746,-3.242090940475464,0.4974841773509979,-0.7203896641731262,-0.6909953355789185,0.03,1.2272223234176636,-0.09822345525026321,0.3279244005680084,0.009864319115877151,0.048512961715459824,-0.08063016831874847,0.9955139756202698,0,0,0,0,0,0,0,0,0,0,0,0,0,0
6.35749626159668,2.0,0.04315781593322754,-0.0814870148897171,-0.04528254270553589,0.08140937983989716,-3.523038148880005,0.45368149876594543,-0.6462872624397278,-0.6796361804008484,0.03,1.2272616624832153,-0.0980769619345665,0.32799211144447327,0.006231390871107578,0.04863869026303291,-0.10132063180208206,0.9936445951461792,0,0,0,0,0,0,0,0,0,0,0,0,0,0
6.3591148853302,2.0,0.04315781593322754,-0.0814870148897171,-0.04528254270553589,0.08140937983989716,-3.523038148880005,0.45368149876594543,-0.6462872624397278,-0.6796361804008484,0.03,1.2272616624832153,-0.0980769619345665,0.32799211144447327,0.006231390871107578,0.04863869026303291,-0.10132063180208206,0.9936445951461792,0,0,0,0,0,0,0,0,0,0,0,0,0,0
6.360720157623291,2.0,0.0487985834479332,-0.08150236308574677,-0.05158203840255737,0.08142217993736267,-4.140348434448242,0.5245682597160339,-0.7759384512901306,-0.7555088996887207,0.03,1.2272528409957886,-0.0983029305934906,0.3278305232524872,0.011115514673292637,0.04915239289402962,-0.0673905462026596,0.9964532852172852,0,0,0,0,0,0,0,0,0,0,0,0,0,0
6.3623127937316895,2.0,0.0487985834479332,-0.08150236308574677,-0.05158203840255737,0.08142217993736267,-4.140348434448242,0.5245682597160339,-0.7759384512901306,-0.7555088996887207,0.03,1.2272528409957886,-0.0983029305934906,0.3278305232524872,0.011115514673292637,0.04915239289402962,-0.0673905462026596,0.9964532852172852,0,0,0,0,0,0,0,0,0,0,0,0,0,0
6.363481760025024,2.0,0.049650948494672775,-0.08151374757289886,-0.05211615562438965,0.08141838014125824,-4.10322380065918,0.49601393938064575,-1.0642317533493042,-0.7672047019004822,0.03,1.2273081541061401,-0.09844449162483215,0.3275182247161865,0.012884728610515594,0.04970308020710945,-0.055410388857126236,0.9971426129341125,0,0,0,0,0,0,0,0,0,0,0,0,0,0
6.36454439163208,2.0,0.049650948494672775,-0.08151374757289886,-0.05211615562438965,0.08141838014125824,-4.10322380065918,0.49601393938064575,-1.0642317533493042,-0.7672047019004822,0.03,1.2273081541061401,-0.09844449162483215,0.3275182247161865,0.012884728610515594,0.04970308020710945,-0.055410388857126236,0.9971426129341125,0,0,0,0,0,0,0,0,0,0,0,0,0,0
6.3656346797943115,2.0,0.049650948494672775,-0.08151374757289886,-0.05211615562438965,0.08141838014125824,-4.10322380065918,0.49601393938064575,-1.0642317533493042,-0.7672047019004822,0.03,1.2273081541061401,-0.09844449162483215,0.3275182247161865,0.012884728610515594,0.04970308020710945,-0.055410388857126236,0.9971426129341125,0,0,0,0,0,0,0,0,0,0,0,0,0,0
6.366843938827515,2.0,0.049650948494672775,-0.08151374757289886,-0.05211615562438965,0.08141838014125824,-4.10322380065918,0.49601393938064575,-1.0642317533493042,-0.7672047019004822,0.03,1.2273081541061401,-0.09844449162483215,0.3275182247161865,0.012884728610515594,0.04970308020710945,-0.055410388857126236,0.9971426129341125,0,0,0,0,0,0,0,0,0,0,0,0,0,0
6.367903709411621,2.0,0.049650948494672775,-0.08151374757289886,-0.05211615562438965,0.08141838014125824,-4.10322380065918,0.49601393938064575,-1.0642317533493042,-0.7672047019004822,0.03,1.2273081541061401,-0.09844449162483215,0.3275182247161865,0.012884728610515594,0.04970308020710945,-0.055410388857126236,0.9971426129341125,0,0,0,0,0,0,0,0,0,0,0,0,0,0
6.3694071769714355,2.0,0.049650948494672775,-0.08151374757289886,-0.05211615562438965,0.08141838014125824,-4.10322380065918,0.49601393938064575,-1.0642317533493042,-0.7672047019004822,0.03,1.2273081541061401,-0.09844449162483215,0.3275182247161865,0.012884728610515594,0.04970308020710945,-0.055410388857126236,0.9971426129341125,0,0,0,0,0,0,0,0,0,0,0,0,0,0
6.370626449584961,2.0,0.049650948494672775,-0.08151374757289886,-0.05211615562438965,0.08141838014125824,-4.10322380065918,0.49601393938064575,-1.0642317533493042,-0.7672047019004822,0.03,1.2273081541061401,-0.09844449162483215,0.3275182247161865,0.012884728610515594,0.04970308020710945,-0.055410388857126236,0.9971426129341125,0,0,0,0,0,0,0,0,0,0,0,0,0,0
6.3717193603515625,2.0,0.049650948494672775,-0.08151374757289886,-0.05211615562438965,0.08141838014125824,-4.10322380065918,0.49601393938064575,-1.0642317533493042,-0.7672047019004822,0.03,1.2273081541061401,-0.09844449162483215,0.3275182247161865,0.012884728610515594,0.04970308020710945,-0.055410388857126236,0.9971426129341125,0,0,0,0,0,0,0,0,0,0,0,0,0,0
6.372956991195679,2.0,0.049650948494672775,-0.08151374757289886,-0.05211615562438965,0.08141838014125824,-4.10322380065918,0.49601393938064575,-1.0642317533493042,-0.7672047019004822,0.03,1.2273081541061401,-0.09844449162483215,0.3275182247161865,0.012884728610515594,0.04970308020710945,-0.055410388857126236,0.9971426129341125,0,0,0,0,0,0,0,0,0,0,0,0,0,0
6.375096797943115,2.0,0.049650948494672775,-0.08151374757289886,-0.05211615562438965,0.08141838014125824,-4.10322380065918,0.49601393938064575,-1.0642317533493042,-0.7672047019004822,0.03,1.2273081541061401,-0.09844449162483215,0.3275182247161865,0.012884728610515594,0.04970308020710945,-0.055410388857126236,0.9971426129341125,0,0,0,0,0,0,0,0,0,0,0,0,0,0
6.377690553665161,2.0,0.049650948494672775,-0.08151374757289886,-0.05211615562438965,0.08141838014125824,-4.10322380065918,0.49601393938064575,-1.0642317533493042,-0.7672047019004822,0.03,1.2273081541061401,-0.09844449162483215,0.3275182247161865,0.012884728610515594,0.04970308020710945,-0.055410388857126236,0.9971426129341125,0,0,0,0,0,0,0,0,0,0,0,0,0,0
6.379316806793213,2.0,0.049650948494672775,-0.08151374757289886,-0.05211615562438965,0.08141838014125824,-4.10322380065918,0.49601393938064575,-1.0642317533493042,-0.7672047019004822,0.03,1.2273081541061401,-0.09844449162483215,0.3275182247161865,0.012884728610515594,0.04970308020710945,-0.055410388857126236,0.9971426129341125,0,0,0,0,0,0,0,0,0,0,0,0,0,0
6.380604982376099,2.0,0.049650948494672775,-0.08151374757289886,-0.05211615562438965,0.08141838014125824,-4.10322380065918,0.49601393938064575,-1.0642317533493042,-0.7672047019004822,0.03,1.2273081541061401,-0.09844449162483215,0.3275182247161865,0.012884728610515594,0.04970308020710945,-0.055410388857126236,0.9971426129341125,0,0,0,0,0,0,0,0,0,0,0,0,0,0
6.381741523742676,2.0,0.049650948494672775,-0.08151374757289886,-0.05211615562438965,0.08141838014125824,-4.10322380065918,0.49601393938064575,-1.0642317533493042,-0.7672047019004822,0.03,1.2273081541061401,-0.09844449162483215,0.3275182247161865,0.012884728610515594,0.04970308020710945,-0.055410388857126236,0.9971426129341125,0,0,0,0,0,0,0,0,0,0,0,0,0,0
6.383344411849976,2.0,0.049650948494672775,-0.08151374757289886,-0.05211615562438965,0.08141838014125824,-4.10322380065918,0.49601393938064575,-1.0642317533493042,-0.7672047019004822,0.03,1.2273081541061401,-0.09844449162483215,0.3275182247161865,0.012884728610515594,0.04970308020710945,-0.055410388857126236,0.9971426129341125,0,0,0,0,0,0,0,0,0,0,0,0,0,0
6.384857892990112,2.0,0.049650948494672775,-0.08151374757289886,-0.05211615562438965,0.08141838014125824,-4.10322380065918,0.49601393938064575,-1.0642317533493042,-0.7672047019004822,0.03,1.2273081541061401,-0.09844449162483215,0.3275182247161865,0.012884728610515594,0.04970308020710945,-0.055410388857126236,0.9971426129341125,0,0,0,0,0,0,0,0,0,0,0,0,0,0
6.386106967926025,2.0,0.049650948494672775,-0.08151374757289886,-0.05211615562438965,0.08141838014125824,-4.10322380065918,0.49601393938064575,-1.0642317533493042,-0.7672047019004822,0.03,1.2273081541061401,-0.09844449162483215,0.3275182247161865,0.012884728610515594,0.04970308020710945,-0.055410388857126236,0.9971426129341125,0,0,0,0,0,0,0,0,0,0,0,0,0,0
6.387495756149292,2.0,0.049650948494672775,-0.08151374757289886,-0.05211615562438965,0.08141838014125824,-4.10322380065918,0.49601393938064575,-1.0642317533493042,-0.7672047019004822,0.03,1.2274370193481445,-0.09851761162281036,0.3275179862976074,0.011555809527635574,0.05058503523468971,-0.06552303582429886,0.9965011477470398,0,0,0,0,0,0,0,0,0,0,0,0,0,0
6.388570785522461,2.0,0.049650948494672775,-0.08151374757289886,-0.05211615562438965,0.08141838014125824,-4.10322380065918,0.49601393938064575,-1.0642317533493042,-0.7672047019004822,0.03,1.2274370193481445,-0.09851761162281036,0.3275179862976074,0.011555809527635574,0.05058503523468971,-0.06552303582429886,0.9965011477470398,0,0,0,0,0,0,0,0,0,0,0,0,0,0
6.389744997024536,2.0,0.049650948494672775,-0.08151374757289886,-0.05211615562438965,0.08141838014125824,-4.10322380065918,0.49601393938064575,-1.0642317533493042,-0.7672047019004822,0.03,1.2274370193481445,-0.09851761162281036,0.3275179862976074,0.011555809527635574,0.05058503523468971,-0.06552303582429886,0.9965011477470398,0,0,0,0,0,0,0,0,0,0,0,0,0,0
6.391227960586548,2.0,0.049650948494672775,-0.08151374757289886,-0.05211615562438965,0.08141838014125824,-4.10322380065918,0.49601393938064575,-1.0642317533493042,-0.7672047019004822,0.03,1.2274370193481445,-0.09851761162281036,0.3275179862976074,0.011555809527635574,0.05058503523468971,-0.06552303582429886,0.9965011477470398,0,0,0,0,0,0,0,0,0,0,0,0,0,0
6.392574071884155,2.0,0.049650948494672775,-0.08151374757289886,-0.05211615562438965,0.08141838014125824,-4.10322380065918,0.49601393938064575,-1.0642317533493042,-0.7672047019004822,0.03,1.2274370193481445,-0.09851761162281036,0.3275179862976074,0.011555809527635574,0.05058503523468971,-0.06552303582429886,0.9965011477470398,0,0,0,0,0,0,0,0,0,0,0,0,0,0
6.39377760887146,2.0,0.049650948494672775,-0.08151374757289886,-0.05211615562438965,0.08141838014125824,-4.10322380065918,0.49601393938064575,-1.0642317533493042,-0.7672047019004822,0.03,1.2274370193481445,-0.09851761162281036,0.3275179862976074,0.011555809527635574,0.05058503523468971,-0.06552303582429886,0.9965011477470398,0,0,0,0,0,0,0,0,0,0,0,0,0,0
6.395242214202881,2.0,0.049650948494672775,-0.08151374757289886,-0.05211615562438965,0.08141838014125824,-4.10322380065918,0.49601393938064575,-1.0642317533493042,-0.7672047019004822,0.03,1.2274370193481445,-0.09851761162281036,0.3275179862976074,0.011555809527635574,0.05058503523468971,-0.06552303582429886,0.9965011477470398,0,0,0,0,0,0,0,0,0,0,0,0,0,0
6.397087574005127,2.0,0.049650948494672775,-0.08151374757289886,-0.05211615562438965,0.08141838014125824,-4.10322380065918,0.49601393938064575,-1.0642317533493042,-0.7672047019004822,0.03,1.2274370193481445,-0.09851761162281036,0.3275179862976074,0.011555809527635574,0.05058503523468971,-0.06552303582429886,0.9965011477470398,0,0,0,0,0,0,0,0,0,0,0,0,0,0
6.398833751678467,2.0,0.049650948494672775,-0.08151374757289886,-0.05211615562438965,0.08141838014125824,-4.10322380065918,0.49601393938064575,-1.0642317533493042,-0.7672047019004822,0.03,1.2274370193481445,-0.09851761162281036,0.3275179862976074,0.011555809527635574,0.05058503523468971,-0.06552303582429886,0.9965011477470398,0,0,0,0,0,0,0,0,0,0,0,0,0,0
6.403997182846069,2.0,0.06625662744045258,-0.08152469992637634,-0.06887957453727722,0.08142240345478058,-5.679516315460205,0.6682310700416565,-2.2133495807647705,-0.9182615280151367,0.03,1.227555751800537,-0.09863413870334625,0.3273341655731201,0.011429262347519398,0.051385197788476944,-0.06614923477172852,0.9964202642440796,0,0,0,0,0,0,0,0,0,0,0,0,0,0
6.405389308929443,2.0,0.06625662744045258,-0.08152469992637634,-0.06887957453727722,0.08142240345478058,-5.679516315460205,0.6682310700416565,-2.2133495807647705,-0.9182615280151367,0.03,1.227555751800537,-0.09863413870334625,0.3273341655731201,0.011429262347519398,0.051385197788476944,-0.06614923477172852,0.9964202642440796,0,0,0,0,0,0,0,0,0,0,0,0,0,0
6.406561613082886,2.0,0.06625662744045258,-0.08152469992637634,-0.06887957453727722,0.08142240345478058,-5.679516315460205,0.6682310700416565,-2.2133495807647705,-0.9182615280151367,0.03,1.227555751800537,-0.09863413870334625,0.3273341655731201,0.011429262347519398,0.051385197788476944,-0.06614923477172852,0.9964202642440796,0,0,0,0,0,0,0,0,0,0,0,0,0,0
6.409067869186401,2.0,0.06878029555082321,-0.08152900636196136,-0.0716143548488617,0.0814482718706131,-6.175612926483154,0.6885122656822205,-2.726531982421875,-0.9313322305679321,0.03,1.227555751800537,-0.09863413870334625,0.3273341655731201,0.011429262347519398,0.051385197788476944,-0.06614923477172852,0.9964202642440796,0,0,0,0,0,0,0,0,0,0,0,0,0,0
6.410879135131836,3.0,0.06951980292797089,-0.08152417838573456,-0.0721302330493927,0.08143812417984009,-6.228160858154297,0.7039631605148315,-2.7309415340423584,-0.9504154324531555,0.03,1.227555751800537,-0.09863413870334625,0.3273341655731201,0.011429262347519398,0.051385197788476944,-0.06614923477172852,0.9964202642440796,0,0,0,0,0,0,0,0,0,0,0,0,0,0
6.412126302719116,3.0,0.06951980292797089,-0.08152417838573456,-0.0721302330493927,0.08143812417984009,-6.228160858154297,0.7039631605148315,-2.7309415340423584,-0.9504154324531555,0.03,1.2276244163513184,-0.09881140291690826,0.3273635506629944,0.010482938960194588,0.052078209817409515,-0.08035065978765488,0.9953501224517822,0,0,0,0,0,0,0,0,0,0,0,0,0,0
6.414327621459961,3.0,0.06951980292797089,-0.08152417838573456,-0.0721302330493927,0.08143812417984009,-6.228160858154297,0.7039631605148315,-2.7309415340423584,-0.9504154324531555,0.03,1.2276244163513184,-0.09881140291690826,0.3273635506629944,0.010482938960194588,0.052078209817409515,-0.08035065978765488,0.9953501224517822,0,0,0,0,0,0,0,0,0,0,0,0,0,0
6.415936470031738,3.0,0.06951980292797089,-0.08152417838573456,-0.0721302330493927,0.08143812417984009,-6.228160858154297,0.7039631605148315,-2.7309415340423584,-0.9504154324531555,0.03,1.2276244163513184,-0.09881140291690826,0.3273635506629944,0.010482938960194588,0.052078209817409515,-0.08035065978765488,0.9953501224517822,0,0,0,0,0,0,0,0,0,0,0,0,0,0
6.417027950286865,3.0,0.06951980292797089,-0.08152417838573456,-0.0721302330493927,0.08143812417984009,-6.228160858154297,0.7039631605148315,-2.7309415340423584,-0.9504154324531555,0.03,1.2276244163513184,-0.09881140291690826,0.3273635506629944,0.010482938960194588,0.052078209817409515,-0.08035065978765488,0.9953501224517822,0,0,0,0,0,0,0,0,0,0,0,0,0,0
6.41984486579895,3.0,0.06951980292797089,-0.08152417838573456,-0.0721302330493927,0.08143812417984009,-6.228160858154297,0.7039631605148315,-2.7309415340423584,-0.9504154324531555,0.03,1.2276244163513184,-0.09881140291690826,0.3273635506629944,0.010482938960194588,0.052078209817409515,-0.08035065978765488,0.9953501224517822,0,0,0,0,0,0,0,0,0,0,0,0,0,0
6.420994520187378,3.0,0.06951980292797089,-0.08152417838573456,-0.0721302330493927,0.08143812417984009,-6.228160858154297,0.7039631605148315,-2.7309415340423584,-0.9504154324531555,0.03,1.2276244163513184,-0.09881140291690826,0.3273635506629944,0.010482938960194588,0.052078209817409515,-0.08035065978765488,0.9953501224517822,0,0,0,0,0,0,0,0,0,0,0,0,0,0
6.422317028045654,3.0,0.06951980292797089,-0.08152417838573456,-0.0721302330493927,0.08143812417984009,-6.228160858154297,0.7039631605148315,-2.7309415340423584,-0.9504154324531555,0.03,1.2276244163513184,-0.09881140291690826,0.3273635506629944,0.010482938960194588,0.052078209817409515,-0.08035065978765488,0.9953501224517822,0,0,0,0,0,0,0,0,0,0,0,0,0,0
6.423840522766113,3.0,0.06951980292797089,-0.08152417838573456,-0.0721302330493927,0.08143812417984009,-6.228160858154297,0.7039631605148315,-2.7309415340423584,-0.9504154324531555,0.03,1.2276244163513184,-0.09881140291690826,0.3273635506629944,0.010482938960194588,0.052078209817409515,-0.08035065978765488,0.9953501224517822,0,0,0,0,0,0,0,0,0,0,0,0,0,0
6.42793869972229,3.0,0.06951980292797089,-0.08152417838573456,-0.0721302330493927,0.08143812417984009,-6.228160858154297,0.7039631605148315,-2.7309415340423584,-0.9504154324531555,0.03,1.2276244163513184,-0.09881140291690826,0.3273635506629944,0.010482938960194588,0.052078209817409515,-0.08035065978765488,0.9953501224517822,0,0,0,0,0,0,0,0,0,0,0,0,0,0
6.429417848587036,3.0,0.06951980292797089,-0.08152417838573456,-0.0721302330493927,0.08143812417984009,-6.228160858154297,0.7039631605148315,-2.7309415340423584,-0.9504154324531555,0.03,1.2276244163513184,-0.09881140291690826,0.3273635506629944,0.010482938960194588,0.052078209817409515,-0.08035065978765488,0.9953501224517822,0,0,0,0,0,0,0,0,0,0,0,0,0,0
6.430708408355713,3.0,0.06951980292797089,-0.08152417838573456,-0.0721302330493927,0.08143812417984009,-6.228160858154297,0.7039631605148315,-2.7309415340423584,-0.9504154324531555,0.03,1.2276244163513184,-0.09881140291690826,0.3273635506629944,0.010482938960194588,0.052078209817409515,-0.08035065978765488,0.9953501224517822,0,0,0,0,0,0,0,0,0,0,0,0,0,0
6.431828022003174,3.0,0.06951980292797089,-0.08152417838573456,-0.0721302330493927,0.08143812417984009,-6.228160858154297,0.7039631605148315,-2.7309415340423584,-0.9504154324531555,0.03,1.2276244163513184,-0.09881140291690826,0.3273635506629944,0.010482938960194588,0.052078209817409515,-0.08035065978765488,0.9953501224517822,0,0,0,0,0,0,0,0,0,0,0,0,0,0
6.434091806411743,3.0,0.06951980292797089,-0.08152417838573456,-0.0721302330493927,0.08143812417984009,-6.228160858154297,0.7039631605148315,-2.7309415340423584,-0.9504154324531555,0.03,1.2276244163513184,-0.09881140291690826,0.3273635506629944,0.010482938960194588,0.052078209817409515,-0.08035065978765488,0.9953501224517822,0,0,0,0,0,0,0,0,0,0,0,0,0,0
6.435427188873291,3.0,0.06951980292797089,-0.08152417838573456,-0.0721302330493927,0.08143812417984009,-6.228160858154297,0.7039631605148315,-2.7309415340423584,-0.9504154324531555,0.03,1.2276244163513184,-0.09881140291690826,0.3273635506629944,0.010482938960194588,0.052078209817409515,-0.08035065978765488,0.9953501224517822,0,0,0,0,0,0,0,0,0,0,0,0,0,0
6.43664288520813,3.0,0.06951980292797089,-0.08152417838573456,-0.0721302330493927,0.08143812417984009,-6.228160858154297,0.7039631605148315,-2.7309415340423584,-0.9504154324531555,0.03,1.2276244163513184,-0.09881140291690826,0.3273635506629944,0.010482938960194588,0.052078209817409515,-0.08035065978765488,0.9953501224517822,0,0,0,0,0,0,0,0,0,0,0,0,0,0
6.43795108795166,3.0,0.06951980292797089,-0.08152417838573456,-0.0721302330493927,0.08143812417984009,-6.228160858154297,0.7039631605148315,-2.7309415340423584,-0.9504154324531555,0.03,1.2276244163513184,-0.09881140291690826,0.3273635506629944,0.010482938960194588,0.052078209817409515,-0.08035065978765488,0.9953501224517822,0,0,0,0,0,0,0,0,0,0,0,0,0,0
6.439403057098389,3.0,0.06951980292797089,-0.08152417838573456,-0.0721302330493927,0.08143812417984009,-6.228160858154297,0.7039631605148315,-2.7309415340423584,-0.9504154324531555,0.03,1.2276244163513184,-0.09881140291690826,0.3273635506629944,0.010482938960194588,0.052078209817409515,-0.08035065978765488,0.9953501224517822,0,0,0,0,0,0,0,0,0,0,0,0,0,0
6.441467761993408,3.0,0.07086089253425598,-0.07903797924518585,-0.07358649373054504,0.07903647422790527,-3.8355445861816406,-3.487459182739258,-0.26786836981773376,3.2389376163482666,0.03,1.2276244163513184,-0.09881140291690826,0.3273635506629944,0.010482938960194588,0.052078209817409515,-0.08035065978765488,0.9953501224517822,0,0,0,0,0,0,0,0,0,0,0,0,0,0
6.442566394805908,3.0,0.07078445702791214,-0.07814803719520569,-0.07346013188362122,0.07808883488178253,-3.31309175491333,-4.801352024078369,0.23658235371112823,4.549055099487305,0.03,1.2275806665420532,-0.0990121066570282,0.3272305428981781,0.008725693449378014,0.05257286876440048,-0.08883225172758102,0.9946199059486389,0,0,0,0,0,0,0,0,0,0,0,0,0,0
6.443650245666504,3.0,0.07078445702791214,-0.07814803719520569,-0.07346013188362122,0.07808883488178253,-3.31309175491333,-4.801352024078369,0.23658235371112823,4.549055099487305,0.03,1.2275806665420532,-0.0990121066570282,0.3272305428981781,0.008725693449378014,0.05257286876440048,-0.08883225172758102,0.9946199059486389,0,0,0,0,0,0,0,0,0,0,0,0,0,0
6.444729566574097,3.0,0.07078445702791214,-0.07814803719520569,-0.07346013188362122,0.07808883488178253,-3.31309175491333,-4.801352024078369,0.23658235371112823,4.549055099487305,0.03,1.2275806665420532,-0.0990121066570282,0.3272305428981781,0.008725693449378014,0.05257286876440048,-0.08883225172758102,0.9946199059486389,0,0,0,0,0,0,0,0,0,0,0,0,0,0
6.445815086364746,3.0,0.07078445702791214,-0.07814803719520569,-0.07346013188362122,0.07808883488178253,-3.31309175491333,-4.801352024078369,0.23658235371112823,4.549055099487305,0.03,1.2275806665420532,-0.0990121066570282,0.3272305428981781,0.008725693449378014,0.05257286876440048,-0.08883225172758102,0.9946199059486389,0,0,0,0,0,0,0,0,0,0,0,0,0,0
6.446883201599121,3.0,0.07078445702791214,-0.07814803719520569,-0.07346013188362122,0.07808883488178253,-3.31309175491333,-4.801352024078369,0.23658235371112823,4.549055099487305,0.03,1.2275806665420532,-0.0990121066570282,0.3272305428981781,0.008725693449378014,0.05257286876440048,-0.08883225172758102,0.9946199059486389,0,0,0,0,0,0,0,0,0,0,0,0,0,0
6.448015213012695,3.0,0.07078445702791214,-0.07814803719520569,-0.07346013188362122,0.07808883488178253,-3.31309175491333,-4.801352024078369,0.23658235371112823,4.549055099487305,0.03,1.2275806665420532,-0.0990121066570282,0.3272305428981781,0.008725693449378014,0.05257286876440048,-0.08883225172758102,0.9946199059486389,0,0,0,0,0,0,0,0,0,0,0,0,0,0
6.449298858642578,3.0,0.07078445702791214,-0.07814803719520569,-0.07346013188362122,0.07808883488178253,-3.31309175491333,-4.801352024078369,0.23658235371112823,4.549055099487305,0.03,1.2275806665420532,-0.0990121066570282,0.3272305428981781,0.008725693449378014,0.05257286876440048,-0.08883225172758102,0.9946199059486389,0,0,0,0,0,0,0,0,0,0,0,0,0,0
6.450374364852905,3.0,0.07078445702791214,-0.07814803719520569,-0.07346013188362122,0.07808883488178253,-3.31309175491333,-4.801352024078369,0.23658235371112823,4.549055099487305,0.03,1.2275806665420532,-0.0990121066570282,0.3272305428981781,0.008725693449378014,0.05257286876440048,-0.08883225172758102,0.9946199059486389,0,0,0,0,0,0,0,0,0,0,0,0,0,0
6.451790809631348,3.0,0.07066928595304489,-0.0768861472606659,-0.0732329785823822,0.07670815289020538,-3.217200994491577,-5.326015472412109,0.4915023446083069,4.865235328674316,0.03,1.2275806665420532,-0.0990121066570282,0.3272305428981781,0.008725693449378014,0.05257286876440048,-0.08883225172758102,0.9946199059486389,0,0,0,0,0,0,0,0,0,0,0,0,0,0
6.4530158042907715,3.0,0.07068125158548355,-0.07514563202857971,-0.07298746705055237,0.07453912496566772,-2.193035125732422,-5.902052402496338,0.9504357576370239,4.914428234100342,0.03,1.227607011795044,-0.09914238005876541,0.3271879553794861,0.007580921519547701,0.052812933921813965,-0.09559188783168793,0.9939897060394287,0,0,0,0,0,0,0,0,0,0,0,0,0,0
6.454261064529419,3.0,0.07068125158548355,-0.07514563202857971,-0.07298746705055237,0.07453912496566772,-2.193035125732422,-5.902052402496338,0.9504357576370239,4.914428234100342,0.03,1.227607011795044,-0.09914238005876541,0.3271879553794861,0.007580921519547701,0.052812933921813965,-0.09559188783168793,0.9939897060394287,0,0,0,0,0,0,0,0,0,0,0,0,0,0
6.45571494102478,3.0,0.07054819166660309,-0.07202629745006561,-0.07237529754638672,0.07088959217071533,-1.5031005144119263,-6.476161003112793,1.0987473726272583,5.007468223571777,0.03,1.227607011795044,-0.09914238005876541,0.3271879553794861,0.007580921519547701,0.052812933921813965,-0.09559188783168793,0.9939897060394287,0,0,0,0,0,0,0,0,0,0,0,0,0,0
6.458209991455078,3.0,0.07017741352319717,-0.0691097229719162,-0.07155156135559082,0.0678831934928894,-1.3310424089431763,-5.81506872177124,0.7913650274276733,4.607435703277588,0.03,1.2276523113250732,-0.09927605092525482,0.327189564704895,0.007187020964920521,0.053064025938510895,-0.09923508018255234,0.9936221837997437,0,0,0,0,0,0,0,0,0,0,0,0,0,0
6.460220098495483,3.0,0.07001445442438126,-0.06682023406028748,-0.07089647650718689,0.0651589035987854,-0.9837759733200073,-6.473767280578613,0.8211734890937805,4.2223076820373535,0.03,1.2277048826217651,-0.0996745303273201,0.32711923122406006,0.006875475402921438,0.05258762836456299,-0.10006316006183624,0.993566632270813,0,0,0,0,0,0,0,0,0,0,0,0,0,0
6.4616498947143555,3.0,0.07001445442438126,-0.06682023406028748,-0.07089647650718689,0.0651589035987854,-0.9837759733200073,-6.473767280578613,0.8211734890937805,4.2223076820373535,0.03,1.2277048826217651,-0.0996745303273201,0.32711923122406006,0.006875475402921438,0.05258762836456299,-0.10006316006183624,0.993566632270813,0,0,0,0,0,0,0,0,0,0,0,0,0,0
6.462823867797852,3.0,0.07001445442438126,-0.06682023406028748,-0.07089647650718689,0.0651589035987854,-0.9837759733200073,-6.473767280578613,0.8211734890937805,4.2223076820373535,0.03,1.2277048826217651,-0.0996745303273201,0.32711923122406006,0.006875475402921438,0.05258762836456299,-0.10006316006183624,0.993566632270813,0,0,0,0,0,0,0,0,0,0,0,0,0,0
6.464689493179321,3.0,0.07001445442438126,-0.06682023406028748,-0.07089647650718689,0.0651589035987854,-0.9837759733200073,-6.473767280578613,0.8211734890937805,4.2223076820373535,0.03,1.2277048826217651,-0.0996745303273201,0.32711923122406006,0.006875475402921438,0.05258762836456299,-0.10006316006183624,0.993566632270813,0,0,0,0,0,0,0,0,0,0,0,0,0,0
6.466352462768555,3.0,0.07001445442438126,-0.06682023406028748,-0.07089647650718689,0.0651589035987854,-0.9837759733200073,-6.473767280578613,0.8211734890937805,4.2223076820373535,0.03,1.2278445959091187,-0.1001005694270134,0.3271230161190033,0.010024958290159702,0.05119270086288452,-0.07756619900465012,0.9956215620040894,0,0,0,0,0,0,0,0,0,0,0,0,0,0
6.467601299285889,3.0,0.07001445442438126,-0.06682023406028748,-0.07089647650718689,0.0651589035987854,-0.9837759733200073,-6.473767280578613,0.8211734890937805,4.2223076820373535,0.03,1.2278445959091187,-0.1001005694270134,0.3271230161190033,0.010024958290159702,0.05119270086288452,-0.07756619900465012,0.9956215620040894,0,0,0,0,0,0,0,0,0,0,0,0,0,0
6.469847917556763,3.0,0.07001445442438126,-0.06682023406028748,-0.07089647650718689,0.0651589035987854,-0.9837759733200073,-6.473767280578613,0.8211734890937805,4.2223076820373535,0.03,1.2278445959091187,-0.1001005694270134,0.3271230161190033,0.010024958290159702,0.05119270086288452,-0.07756619900465012,0.9956215620040894,0,0,0,0,0,0,0,0,0,0,0,0,0,0
6.470948934555054,3.0,0.07001445442438126,-0.06682023406028748,-0.07089647650718689,0.0651589035987854,-0.9837759733200073,-6.473767280578613,0.8211734890937805,4.2223076820373535,0.03,1.2278445959091187,-0.1001005694270134,0.3271230161190033,0.010024958290159702,0.05119270086288452,-0.07756619900465012,0.9956215620040894,0,0,0,0,0,0,0,0,0,0,0,0,0,0
6.47218656539917,3.0,0.07001445442438126,-0.06682023406028748,-0.07089647650718689,0.0651589035987854,-0.9837759733200073,-6.473767280578613,0.8211734890937805,4.2223076820373535,0.03,1.2278445959091187,-0.1001005694270134,0.3271230161190033,0.010024958290159702,0.05119270086288452,-0.07756619900465012,0.9956215620040894,0,0,0,0,0,0,0,0,0,0,0,0,0,0
6.4732983112335205,3.0,0.07001445442438126,-0.06682023406028748,-0.07089647650718689,0.0651589035987854,-0.9837759733200073,-6.473767280578613,0.8211734890937805,4.2223076820373535,0.03,1.2278445959091187,-0.1001005694270134,0.3271230161190033,0.010024958290159702,0.05119270086288452,-0.07756619900465012,0.9956215620040894,0,0,0,0,0,0,0,0,0,0,0,0,0,0
6.474385976791382,3.0,0.07001445442438126,-0.06682023406028748,-0.07089647650718689,0.0651589035987854,-0.9837759733200073,-6.473767280578613,0.8211734890937805,4.2223076820373535,0.03,1.2278445959091187,-0.1001005694270134,0.3271230161190033,0.010024958290159702,0.05119270086288452,-0.07756619900465012,0.9956215620040894,0,0,0,0,0,0,0,0,0,0,0,0,0,0
6.475764036178589,3.0,0.07001445442438126,-0.06682023406028748,-0.07089647650718689,0.0651589035987854,-0.9837759733200073,-6.473767280578613,0.8211734890937805,4.2223076820373535,0.03,1.2278445959091187,-0.1001005694270134,0.3271230161190033,0.010024958290159702,0.05119270086288452,-0.07756619900465012,0.9956215620040894,0,0,0,0,0,0,0,0,0,0,0,0,0,0
6.477094411849976,3.0,0.07001445442438126,-0.06682023406028748,-0.07089647650718689,0.0651589035987854,-0.9837759733200073,-6.473767280578613,0.8211734890937805,4.2223076820373535,0.03,1.2278445959091187,-0.1001005694270134,0.3271230161190033,0.010024958290159702,0.05119270086288452,-0.07756619900465012,0.9956215620040894,0,0,0,0,0,0,0,0,0,0,0,0,0,0
6.479767084121704,3.0,0.07001445442438126,-0.06682023406028748,-0.07089647650718689,0.0651589035987854,-0.9837759733200073,-6.473767280578613,0.8211734890937805,4.2223076820373535,0.03,1.2278445959091187,-0.1001005694270134,0.3271230161190033,0.010024958290159702,0.05119270086288452,-0.07756619900465012,0.9956215620040894,0,0,0,0,0,0,0,0,0,0,0,0,0,0
6.482426166534424,3.0,0.07001445442438126,-0.06682023406028748,-0.07089647650718689,0.0651589035987854,-0.9837759733200073,-6.473767280578613,0.8211734890937805,4.2223076820373535,0.03,1.227898359298706,-0.10045149177312851,0.32748308777809143,0.00863546784967184,0.048358477652072906,-0.07543350011110306,0.9959401488304138,0,0,0,0,0,0,0,0,0,0,0,0,0,0
6.4840357303619385,3.0,0.07001445442438126,-0.06682023406028748,-0.07089647650718689,0.0651589035987854,-0.9837759733200073,-6.473767280578613,0.8211734890937805,4.2223076820373535,0.03,1.227898359298706,-0.10045149177312851,0.32748308777809143,0.00863546784967184,0.048358477652072906,-0.07543350011110306,0.9959401488304138,0,0,0,0,0,0,0,0,0,0,0,0,0,0
6.485401391983032,3.0,0.07001445442438126,-0.06682023406028748,-0.07089647650718689,0.0651589035987854,-0.9837759733200073,-6.473767280578613,0.8211734890937805,4.2223076820373535,0.03,1.227898359298706,-0.10045149177312851,0.32748308777809143,0.00863546784967184,0.048358477652072906,-0.07543350011110306,0.9959401488304138,0,0,0,0,0,0,0,0,0,0,0,0,0,0
6.486581563949585,3.0,0.07001445442438126,-0.06682023406028748,-0.07089647650718689,0.0651589035987854,-0.9837759733200073,-6.473767280578613,0.8211734890937805,4.2223076820373535,0.03,1.227898359298706,-0.10045149177312851,0.32748308777809143,0.00863546784967184,0.048358477652072906,-0.07543350011110306,0.9959401488304138,0,0,0,0,0,0,0,0,0,0,0,0,0,0
6.488814115524292,3.0,0.07001445442438126,-0.06682023406028748,-0.07089647650718689,0.0651589035987854,-0.9837759733200073,-6.473767280578613,0.8211734890937805,4.2223076820373535,0.03,1.2278763055801392,-0.10058263689279556,0.32753998041152954,0.00900864414870739,0.04713265597820282,-0.07067663967609406,0.9963443875312805,0,0,0,0,0,0,0,0,0,0,0,0,0,0
6.489924669265747,3.0,0.07001445442438126,-0.06682023406028748,-0.07089647650718689,0.0651589035987854,-0.9837759733200073,-6.473767280578613,0.8211734890937805,4.2223076820373535,0.03,1.2278763055801392,-0.10058263689279556,0.32753998041152954,0.00900864414870739,0.04713265597820282,-0.07067663967609406,0.9963443875312805,0,0,0,0,0,0,0,0,0,0,0,0,0,0
6.4912285804748535,3.0,0.07001445442438126,-0.06682023406028748,-0.07089647650718689,0.0651589035987854,-0.9837759733200073,-6.473767280578613,0.8211734890937805,4.2223076820373535,0.03,1.2278763055801392,-0.10058263689279556,0.32753998041152954,0.00900864414870739,0.04713265597820282,-0.07067663967609406,0.9963443875312805,0,0,0,0,0,0,0,0,0,0,0,0,0,0
6.4940948486328125,3.0,0.07001445442438126,-0.06682023406028748,-0.07089647650718689,0.0651589035987854,-0.9837759733200073,-6.473767280578613,0.8211734890937805,4.2223076820373535,0.03,1.2278763055801392,-0.10058263689279556,0.32753998041152954,0.00900864414870739,0.04713265597820282,-0.07067663967609406,0.9963443875312805,0,0,0,0,0,0,0,0,0,0,0,0,0,0
6.4954588413238525,3.0,0.07001445442438126,-0.06682023406028748,-0.07089647650718689,0.0651589035987854,-0.9837759733200073,-6.473767280578613,0.8211734890937805,4.2223076820373535,0.03,1.2278763055801392,-0.10058263689279556,0.32753998041152954,0.00900864414870739,0.04713265597820282,-0.07067663967609406,0.9963443875312805,0,0,0,0,0,0,0,0,0,0,0,0,0,0
6.498358488082886,3.0,0.07001445442438126,-0.06682023406028748,-0.07089647650718689,0.0651589035987854,-0.9837759733200073,-6.473767280578613,0.8211734890937805,4.2223076820373535,0.03,1.2278763055801392,-0.10058263689279556,0.32753998041152954,0.00900864414870739,0.04713265597820282,-0.07067663967609406,0.9963443875312805,0,0,0,0,0,0,0,0,0,0,0,0,0,0
6.49946141242981,3.0,0.07001445442438126,-0.06682023406028748,-0.07089647650718689,0.0651589035987854,-0.9837759733200073,-6.473767280578613,0.8211734890937805,4.2223076820373535,0.03,1.2278763055801392,-0.10058263689279556,0.32753998041152954,0.00900864414870739,0.04713265597820282,-0.07067663967609406,0.9963443875312805,0,0,0,0,0,0,0,0,0,0,0,0,0,0
6.50217604637146,3.0,0.07001445442438126,-0.06682023406028748,-0.07089647650718689,0.0651589035987854,-0.9837759733200073,-6.473767280578613,0.8211734890937805,4.2223076820373535,0.03,1.2278763055801392,-0.10058263689279556,0.32753998041152954,0.00900864414870739,0.04713265597820282,-0.07067663967609406,0.9963443875312805,0,0,0,0,0,0,0,0,0,0,0,0,0,0
6.504159450531006,3.0,0.07001445442438126,-0.06682023406028748,-0.07089647650718689,0.0651589035987854,-0.9837759733200073,-6.473767280578613,0.8211734890937805,4.2223076820373535,0.03,1.2278763055801392,-0.10058263689279556,0.32753998041152954,0.00900864414870739,0.04713265597820282,-0.07067663967609406,0.9963443875312805,0,0,0,0,0,0,0,0,0,0,0,0,0,0
6.506392002105713,3.0,0.07001445442438126,-0.06682023406028748,-0.07089647650718689,0.0651589035987854,-0.9837759733200073,-6.473767280578613,0.8211734890937805,4.2223076820373535,0.03,1.2278763055801392,-0.10058263689279556,0.32753998041152954,0.00900864414870739,0.04713265597820282,-0.07067663967609406,0.9963443875312805,0,0,0,0,0,0,0,0,0,0,0,0,0,0
6.507500171661377,3.0,0.07001445442438126,-0.06682023406028748,-0.07089647650718689,0.0651589035987854,-0.9837759733200073,-6.473767280578613,0.8211734890937805,4.2223076820373535,0.03,1.2277402877807617,-0.10054317116737366,0.3275507986545563,0.011897933669388294,0.04515872523188591,-0.042493853718042374,0.9980047941207886,0,0,0,0,0,0,0,0,0,0,0,0,0,0
6.508603572845459,3.0,0.07001445442438126,-0.06682023406028748,-0.07089647650718689,0.0651589035987854,-0.9837759733200073,-6.473767280578613,0.8211734890937805,4.2223076820373535,0.03,1.2274818420410156,-0.10065974295139313,0.32794246077537537,0.011805452406406403,0.04194869101047516,-0.04908197000622749,0.9978436231613159,0,0,0,0,0,0,0,0,0,0,0,0,0,0
6.509824991226196,3.0,0.07001445442438126,-0.06682023406028748,-0.07089647650718689,0.0651589035987854,-0.9837759733200073,-6.473767280578613,0.8211734890937805,4.2223076820373535,0.03,1.2274818420410156,-0.10065974295139313,0.32794246077537537,0.011805452406406403,0.04194869101047516,-0.04908197000622749,0.9978436231613159,0,0,0,0,0,0,0,0,0,0,0,0,0,0
6.510992050170898,3.0,0.07001445442438126,-0.06682023406028748,-0.07089647650718689,0.0651589035987854,-0.9837759733200073,-6.473767280578613,0.8211734890937805,4.2223076820373535,0.03,1.2274818420410156,-0.10065974295139313,0.32794246077537537,0.011805452406406403,0.04194869101047516,-0.04908197000622749,0.9978436231613159,0,0,0,0,0,0,0,0,0,0,0,0,0,0
6.512666940689087,3.0,0.07001445442438126,-0.06682023406028748,-0.07089647650718689,0.0651589035987854,-0.9837759733200073,-6.473767280578613,0.8211734890937805,4.2223076820373535,0.03,1.2274818420410156,-0.10065974295139313,0.32794246077537537,0.011805452406406403,0.04194869101047516,-0.04908197000622749,0.9978436231613159,0,0,0,0,0,0,0,0,0,0,0,0,0,0
6.514531135559082,3.0,0.07001445442438126,-0.06682023406028748,-0.07089647650718689,0.0651589035987854,-0.9837759733200073,-6.473767280578613,0.8211734890937805,4.2223076820373535,0.03,1.2274818420410156,-0.10065974295139313,0.32794246077537537,0.011805452406406403,0.04194869101047516,-0.04908197000622749,0.9978436231613159,0,0,0,0,0,0,0,0,0,0,0,0,0,0
6.515665531158447,3.0,0.07001445442438126,-0.06682023406028748,-0.07089647650718689,0.0651589035987854,-0.9837759733200073,-6.473767280578613,0.8211734890937805,4.2223076820373535,0.03,1.2274818420410156,-0.10065974295139313,0.32794246077537537,0.011805452406406403,0.04194869101047516,-0.04908197000622749,0.9978436231613159,0,0,0,0,0,0,0,0,0,0,0,0,0,0
6.516803741455078,3.0,0.07001445442438126,-0.06682023406028748,-0.07089647650718689,0.0651589035987854,-0.9837759733200073,-6.473767280578613,0.8211734890937805,4.2223076820373535,0.03,1.2274818420410156,-0.10065974295139313,0.32794246077537537,0.011805452406406403,0.04194869101047516,-0.04908197000622749,0.9978436231613159,0,0,0,0,0,0,0,0,0,0,0,0,0,0
6.518244981765747,3.0,0.07001445442438126,-0.06682023406028748,-0.07089647650718689,0.0651589035987854,-0.9837759733200073,-6.473767280578613,0.8211734890937805,4.2223076820373535,0.03,1.2274818420410156,-0.10065974295139313,0.32794246077537537,0.011805452406406403,0.04194869101047516,-0.04908197000622749,0.9978436231613159,0,0,0,0,0,0,0,0,0,0,0,0,0,0
6.519386529922485,3.0,0.07001445442438126,-0.06682023406028748,-0.07089647650718689,0.0651589035987854,-0.9837759733200073,-6.473767280578613,0.8211734890937805,4.2223076820373535,0.03,1.2274818420410156,-0.10065974295139313,0.32794246077537537,0.011805452406406403,0.04194869101047516,-0.04908197000622749,0.9978436231613159,0,0,0,0,0,0,0,0,0,0,0,0,0,0
6.520564556121826,3.0,0.07001445442438126,-0.06682023406028748,-0.07089647650718689,0.0651589035987854,-0.9837759733200073,-6.473767280578613,0.8211734890937805,4.2223076820373535,0.03,1.2274818420410156,-0.10065974295139313,0.32794246077537537,0.011805452406406403,0.04194869101047516,-0.04908197000622749,0.9978436231613159,0,0,0,0,0,0,0,0,0,0,0,0,0,0
6.521681547164917,3.0,0.07001445442438126,-0.06682023406028748,-0.07089647650718689,0.0651589035987854,-0.9837759733200073,-6.473767280578613,0.8211734890937805,4.2223076820373535,0.03,1.2274818420410156,-0.10065974295139313,0.32794246077537537,0.011805452406406403,0.04194869101047516,-0.04908197000622749,0.9978436231613159,0,0,0,0,0,0,0,0,0,0,0,0,0,0
6.522765874862671,3.0,0.07001445442438126,-0.06682023406028748,-0.07089647650718689,0.0651589035987854,-0.9837759733200073,-6.473767280578613,0.8211734890937805,4.2223076820373535,0.03,1.2274818420410156,-0.10065974295139313,0.32794246077537537,0.011805452406406403,0.04194869101047516,-0.04908197000622749,0.9978436231613159,0,0,0,0,0,0,0,0,0,0,0,0,0,0
6.523996591567993,3.0,0.07001445442438126,-0.06682023406028748,-0.07089647650718689,0.0651589035987854,-0.9837759733200073,-6.473767280578613,0.8211734890937805,4.2223076820373535,0.03,1.2274818420410156,-0.10065974295139313,0.32794246077537537,0.011805452406406403,0.04194869101047516,-0.04908197000622749,0.9978436231613159,0,0,0,0,0,0,0,0,0,0,0,0,0,0
6.525059700012207,3.0,0.07001445442438126,-0.06682023406028748,-0.07089647650718689,0.0651589035987854,-0.9837759733200073,-6.473767280578613,0.8211734890937805,4.2223076820373535,0.03,1.2274149656295776,-0.1007082536816597,0.32812243700027466,0.013225791044533253,0.04103155434131622,-0.03983503207564354,0.9982758164405823,0,0,0,0,0,0,0,0,0,0,0,0,0,0
6.526144027709961,3.0,0.07001445442438126,-0.06682023406028748,-0.07089647650718689,0.0651589035987854,-0.9837759733200073,-6.473767280578613,0.8211734890937805,4.2223076820373535,0.03,1.2274149656295776,-0.1007082536816597,0.32812243700027466,0.013225791044533253,0.04103155434131622,-0.03983503207564354,0.9982758164405823,0,0,0,0,0,0,0,0,0,0,0,0,0,0
6.527365684509277,3.0,0.07001445442438126,-0.06682023406028748,-0.07089647650718689,0.0651589035987854,-0.9837759733200073,-6.473767280578613,0.8211734890937805,4.2223076820373535,0.03,1.2274149656295776,-0.1007082536816597,0.32812243700027466,0.013225791044533253,0.04103155434131622,-0.03983503207564354,0.9982758164405823,0,0,0,0,0,0,0,0,0,0,0,0,0,0
6.528799057006836,3.0,0.07001445442438126,-0.06682023406028748,-0.07089647650718689,0.0651589035987854,-0.9837759733200073,-6.473767280578613,0.8211734890937805,4.2223076820373535,0.03,1.2274149656295776,-0.1007082536816597,0.32812243700027466,0.013225791044533253,0.04103155434131622,-0.03983503207564354,0.9982758164405823,0,0,0,0,0,0,0,0,0,0,0,0,0,0
6.53018045425415,3.0,0.07001445442438126,-0.06682023406028748,-0.07089647650718689,0.0651589035987854,-0.9837759733200073,-6.473767280578613,0.8211734890937805,4.2223076820373535,0.03,1.2274149656295776,-0.1007082536816597,0.32812243700027466,0.013225791044533253,0.04103155434131622,-0.03983503207564354,0.9982758164405823,0,0,0,0,0,0,0,0,0,0,0,0,0,0
6.53173565864563,3.0,0.07001445442438126,-0.06682023406028748,-0.07089647650718689,0.0651589035987854,-0.9837759733200073,-6.473767280578613,0.8211734890937805,4.2223076820373535,0.03,1.2274149656295776,-0.1007082536816597,0.32812243700027466,0.013225791044533253,0.04103155434131622,-0.03983503207564354,0.9982758164405823,0,0,0,0,0,0,0,0,0,0,0,0,0,0
6.535618305206299,3.0,0.07001445442438126,-0.06682023406028748,-0.07089647650718689,0.0651589035987854,-0.9837759733200073,-6.473767280578613,0.8211734890937805,4.2223076820373535,0.03,1.2274149656295776,-0.1007082536816597,0.32812243700027466,0.013225791044533253,0.04103155434131622,-0.03983503207564354,0.9982758164405823,0,0,0,0,0,0,0,0,0,0,0,0,0,0
6.53702187538147,3.0,0.07001445442438126,-0.06682023406028748,-0.07089647650718689,0.0651589035987854,-0.9837759733200073,-6.473767280578613,0.8211734890937805,4.2223076820373535,0.03,1.2273412942886353,-0.1008223295211792,0.32815590500831604,0.013644101098179817,0.04028799757361412,-0.036207206547260284,0.9984386563301086,0,0,0,0,0,0,0,0,0,0,0,0,0,0
6.538147926330566,3.0,0.07001445442438126,-0.06682023406028748,-0.07089647650718689,0.0651589035987854,-0.9837759733200073,-6.473767280578613,0.8211734890937805,4.2223076820373535,0.03,1.2273412942886353,-0.1008223295211792,0.32815590500831604,0.013644101098179817,0.04028799757361412,-0.036207206547260284,0.9984386563301086,0,0,0,0,0,0,0,0,0,0,0,0,0,0
6.539402723312378,3.0,0.07001445442438126,-0.06682023406028748,-0.07089647650718689,0.0651589035987854,-0.9837759733200073,-6.473767280578613,0.8211734890937805,4.2223076820373535,0.03,1.2273412942886353,-0.1008223295211792,0.32815590500831604,0.013644101098179817,0.04028799757361412,-0.036207206547260284,0.9984386563301086,0,0,0,0,0,0,0,0,0,0,0,0,0,0
6.5407421588897705,3.0,0.07001445442438126,-0.06682023406028748,-0.07089647650718689,0.0651589035987854,-0.9837759733200073,-6.473767280578613,0.8211734890937805,4.2223076820373535,0.03,1.2273412942886353,-0.1008223295211792,0.32815590500831604,0.013644101098179817,0.04028799757361412,-0.036207206547260284,0.9984386563301086,0,0,0,0,0,0,0,0,0,0,0,0,0,0
6.542065858840942,3.0,0.07001445442438126,-0.06682023406028748,-0.07089647650718689,0.0651589035987854,-0.9837759733200073,-6.473767280578613,0.8211734890937805,4.2223076820373535,0.03,1.2273412942886353,-0.1008223295211792,0.32815590500831604,0.013644101098179817,0.04028799757361412,-0.036207206547260284,0.9984386563301086,0,0,0,0,0,0,0,0,0,0,0,0,0,0
6.54322361946106,3.0,0.07001445442438126,-0.06682023406028748,-0.07089647650718689,0.0651589035987854,-0.9837759733200073,-6.473767280578613,0.8211734890937805,4.2223076820373535,0.03,1.2273412942886353,-0.1008223295211792,0.32815590500831604,0.013644101098179817,0.04028799757361412,-0.036207206547260284,0.9984386563301086,0,0,0,0,0,0,0,0,0,0,0,0,0,0
6.544400930404663,3.0,0.07001445442438126,-0.06682023406028748,-0.07089647650718689,0.0651589035987854,-0.9837759733200073,-6.473767280578613,0.8211734890937805,4.2223076820373535,0.03,1.2271984815597534,-0.1009603962302208,0.3282300531864166,0.01359221525490284,0.03907470032572746,-0.03184327855706215,0.9986363649368286,0,0,0,0,0,0,0,0,0,0,0,0,0,0
6.545518636703491,3.0,0.07001445442438126,-0.06682023406028748,-0.07089647650718689,0.0651589035987854,-0.9837759733200073,-6.473767280578613,0.8211734890937805,4.2223076820373535,0.03,1.2271984815597534,-0.1009603962302208,0.3282300531864166,0.01359221525490284,0.03907470032572746,-0.03184327855706215,0.9986363649368286,0,0,0,0,0,0,0,0,0,0,0,0,0,0
6.547407627105713,3.0,0.07001445442438126,-0.06682023406028748,-0.07089647650718689,0.0651589035987854,-0.9837759733200073,-6.473767280578613,0.8211734890937805,4.2223076820373535,0.03,1.2271984815597534,-0.1009603962302208,0.3282300531864166,0.01359221525490284,0.03907470032572746,-0.03184327855706215,0.9986363649368286,0,0,0,0,0,0,0,0,0,0,0,0,0,0
6.549109220504761,3.0,0.07001445442438126,-0.06682023406028748,-0.07089647650718689,0.0651589035987854,-0.9837759733200073,-6.473767280578613,0.8211734890937805,4.2223076820373535,0.03,1.2271984815597534,-0.1009603962302208,0.3282300531864166,0.01359221525490284,0.03907470032572746,-0.03184327855706215,0.9986363649368286,0,0,0,0,0,0,0,0,0,0,0,0,0,0
6.550347805023193,3.0,0.07001445442438126,-0.06682023406028748,-0.07089647650718689,0.0651589035987854,-0.9837759733200073,-6.473767280578613,0.8211734890937805,4.2223076820373535,0.03,1.2271984815597534,-0.1009603962302208,0.3282300531864166,0.01359221525490284,0.03907470032572746,-0.03184327855706215,0.9986363649368286,0,0,0,0,0,0,0,0,0,0,0,0,0,0
6.551628589630127,3.0,0.07001445442438126,-0.06682023406028748,-0.07089647650718689,0.0651589035987854,-0.9837759733200073,-6.473767280578613,0.8211734890937805,4.2223076820373535,0.03,1.2270805835723877,-0.10105166584253311,0.328401654958725,0.015348603948950768,0.03843633458018303,-0.018984263762831688,0.9989628195762634,0,0,0,0,0,0,0,0,0,0,0,0,0,0
6.552923679351807,3.0,0.07001445442438126,-0.06682023406028748,-0.07089647650718689,0.0651589035987854,-0.9837759733200073,-6.473767280578613,0.8211734890937805,4.2223076820373535,0.03,1.2270805835723877,-0.10105166584253311,0.328401654958725,0.015348603948950768,0.03843633458018303,-0.018984263762831688,0.9989628195762634,0,0,0,0,0,0,0,0,0,0,0,0,0,0
6.5542731285095215,3.0,0.07001445442438126,-0.06682023406028748,-0.07089647650718689,0.0651589035987854,-0.9837759733200073,-6.473767280578613,0.8211734890937805,4.2223076820373535,0.03,1.2270805835723877,-0.10105166584253311,0.328401654958725,0.015348603948950768,0.03843633458018303,-0.018984263762831688,0.9989628195762634,0,0,0,0,0,0,0,0,0,0,0,0,0,0
6.556486368179321,3.0,0.07001445442438126,-0.06682023406028748,-0.07089647650718689,0.0651589035987854,-0.9837759733200073,-6.473767280578613,0.8211734890937805,4.2223076820373535,0.03,1.2270805835723877,-0.10105166584253311,0.328401654958725,0.015348603948950768,0.03843633458018303,-0.018984263762831688,0.9989628195762634,0,0,0,0,0,0,0,0,0,0,0,0,0,0
6.558292627334595,3.0,0.07001445442438126,-0.06682023406028748,-0.07089647650718689,0.0651589035987854,-0.9837759733200073,-6.473767280578613,0.8211734890937805,4.2223076820373535,0.03,1.2270805835723877,-0.10105166584253311,0.328401654958725,0.015348603948950768,0.03843633458018303,-0.018984263762831688,0.9989628195762634,0,0,0,0,0,0,0,0,0,0,0,0,0,0
6.559895992279053,3.0,0.07001445442438126,-0.06682023406028748,-0.07089647650718689,0.0651589035987854,-0.9837759733200073,-6.473767280578613,0.8211734890937805,4.2223076820373535,0.03,1.2270805835723877,-0.10105166584253311,0.328401654958725,0.015348603948950768,0.03843633458018303,-0.018984263762831688,0.9989628195762634,0,0,0,0,0,0,0,0,0,0,0,0,0,0
6.561089992523193,3.0,0.07001445442438126,-0.06682023406028748,-0.07089647650718689,0.0651589035987854,-0.9837759733200073,-6.473767280578613,0.8211734890937805,4.2223076820373535,0.03,1.2270805835723877,-0.10105166584253311,0.328401654958725,0.015348603948950768,0.03843633458018303,-0.018984263762831688,0.9989628195762634,0,0,0,0,0,0,0,0,0,0,0,0,0,0
6.56218409538269,3.0,0.07001445442438126,-0.06682023406028748,-0.07089647650718689,0.0651589035987854,-0.9837759733200073,-6.473767280578613,0.8211734890937805,4.2223076820373535,0.03,1.2270805835723877,-0.10105166584253311,0.328401654958725,0.015348603948950768,0.03843633458018303,-0.018984263762831688,0.9989628195762634,0,0,0,0,0,0,0,0,0,0,0,0,0,0
6.564391851425171,3.0,0.07001445442438126,-0.06682023406028748,-0.07089647650718689,0.0651589035987854,-0.9837759733200073,-6.473767280578613,0.8211734890937805,4.2223076820373535,0.03,1.2270325422286987,-0.1011863648891449,0.3285506069660187,0.015803759917616844,0.038075096905231476,-0.020437031984329224,0.9989408850669861,0,0,0,0,0,0,0,0,0,0,0,0,0,0
6.565953969955444,3.0,0.07001445442438126,-0.06682023406028748,-0.07089647650718689,0.0651589035987854,-0.9837759733200073,-6.473767280578613,0.8211734890937805,4.2223076820373535,0.03,1.2270325422286987,-0.1011863648891449,0.3285506069660187,0.015803759917616844,0.038075096905231476,-0.020437031984329224,0.9989408850669861,0,0,0,0,0,0,0,0,0,0,0,0,0,0
6.567048072814941,3.0,0.07001445442438126,-0.06682023406028748,-0.07089647650718689,0.0651589035987854,-0.9837759733200073,-6.473767280578613,0.8211734890937805,4.2223076820373535,0.03,1.2270325422286987,-0.1011863648891449,0.3285506069660187,0.015803759917616844,0.038075096905231476,-0.020437031984329224,0.9989408850669861,0,0,0,0,0,0,0,0,0,0,0,0,0,0
6.5685484409332275,3.0,0.07001445442438126,-0.06682023406028748,-0.07089647650718689,0.0651589035987854,-0.9837759733200073,-6.473767280578613,0.8211734890937805,4.2223076820373535,0.03,1.2268544435501099,-0.10109630972146988,0.3286208212375641,0.01328636147081852,0.03702269122004509,-0.032202985137701035,0.998707115650177,0,0,0,0,0,0,0,0,0,0,0,0,0,0
6.569679498672485,3.0,0.07001445442438126,-0.06682023406028748,-0.07089647650718689,0.0651589035987854,-0.9837759733200073,-6.473767280578613,0.8211734890937805,4.2223076820373535,0.03,1.2268544435501099,-0.10109630972146988,0.3286208212375641,0.01328636147081852,0.03702269122004509,-0.032202985137701035,0.998707115650177,0,0,0,0,0,0,0,0,0,0,0,0,0,0
6.571267604827881,3.0,0.07001445442438126,-0.06682023406028748,-0.07089647650718689,0.0651589035987854,-0.9837759733200073,-6.473767280578613,0.8211734890937805,4.2223076820373535,0.03,1.2268544435501099,-0.10109630972146988,0.3286208212375641,0.01328636147081852,0.03702269122004509,-0.032202985137701035,0.998707115650177,0,0,0,0,0,0,0,0,0,0,0,0,0,0
6.572334289550781,3.0,0.07001445442438126,-0.06682023406028748,-0.07089647650718689,0.0651589035987854,-0.9837759733200073,-6.473767280578613,0.8211734890937805,4.2223076820373535,0.03,1.2268544435501099,-0.10109630972146988,0.3286208212375641,0.01328636147081852,0.03702269122004509,-0.032202985137701035,0.998707115650177,0,0,0,0,0,0,0,0,0,0,0,0,0,0
6.575037240982056,3.0,0.07001445442438126,-0.06682023406028748,-0.07089647650718689,0.0651589035987854,-0.9837759733200073,-6.473767280578613,0.8211734890937805,4.2223076820373535,0.03,1.2268544435501099,-0.10109630972146988,0.3286208212375641,0.01328636147081852,0.03702269122004509,-0.032202985137701035,0.998707115650177,0,0,0,0,0,0,0,0,0,0,0,0,0,0
6.576188802719116,3.0,0.07001445442438126,-0.06682023406028748,-0.07089647650718689,0.0651589035987854,-0.9837759733200073,-6.473767280578613,0.8211734890937805,4.2223076820373535,0.03,1.2268544435501099,-0.10109630972146988,0.3286208212375641,0.01328636147081852,0.03702269122004509,-0.032202985137701035,0.998707115650177,0,0,0,0,0,0,0,0,0,0,0,0,0,0
6.577601671218872,3.0,0.07001445442438126,-0.06682023406028748,-0.07089647650718689,0.0651589035987854,-0.9837759733200073,-6.473767280578613,0.8211734890937805,4.2223076820373535,0.03,1.2268544435501099,-0.10109630972146988,0.3286208212375641,0.01328636147081852,0.03702269122004509,-0.032202985137701035,0.998707115650177,0,0,0,0,0,0,0,0,0,0,0,0,0,0
6.579564809799194,3.0,0.07001445442438126,-0.06682023406028748,-0.07089647650718689,0.0651589035987854,-0.9837759733200073,-6.473767280578613,0.8211734890937805,4.2223076820373535,0.03,1.2268544435501099,-0.10109630972146988,0.3286208212375641,0.01328636147081852,0.03702269122004509,-0.032202985137701035,0.998707115650177,0,0,0,0,0,0,0,0,0,0,0,0,0,0
6.580902099609375,3.0,0.07001445442438126,-0.06682023406028748,-0.07089647650718689,0.0651589035987854,-0.9837759733200073,-6.473767280578613,0.8211734890937805,4.2223076820373535,0.03,1.2268544435501099,-0.10109630972146988,0.3286208212375641,0.01328636147081852,0.03702269122004509,-0.032202985137701035,0.998707115650177,0,0,0,0,0,0,0,0,0,0,0,0,0,0
6.582681894302368,3.0,0.07001445442438126,-0.06682023406028748,-0.07089647650718689,0.0651589035987854,-0.9837759733200073,-6.473767280578613,0.8211734890937805,4.2223076820373535,0.03,1.2268544435501099,-0.10109630972146988,0.3286208212375641,0.01328636147081852,0.03702269122004509,-0.032202985137701035,0.998707115650177,0,0,0,0,0,0,0,0,0,0,0,0,0,0
6.583934307098389,3.0,0.07001445442438126,-0.06682023406028748,-0.07089647650718689,0.0651589035987854,-0.9837759733200073,-6.473767280578613,0.8211734890937805,4.2223076820373535,0.03,1.2268544435501099,-0.10109630972146988,0.3286208212375641,0.01328636147081852,0.03702269122004509,-0.032202985137701035,0.998707115650177,0,0,0,0,0,0,0,0,0,0,0,0,0,0
6.585228681564331,3.0,0.07001445442438126,-0.06682023406028748,-0.07089647650718689,0.0651589035987854,-0.9837759733200073,-6.473767280578613,0.8211734890937805,4.2223076820373535,0.03,1.2266942262649536,-0.10126107931137085,0.32870033383369446,0.011344607919454575,0.03556864336133003,-0.04543062672019005,0.9982696771621704,0,0,0,0,0,0,0,0,0,0,0,0,0,0
6.5864417552948,3.0,0.07001445442438126,-0.06682023406028748,-0.07089647650718689,0.0651589035987854,-0.9837759733200073,-6.473767280578613,0.8211734890937805,4.2223076820373535,0.03,1.2266942262649536,-0.10126107931137085,0.32870033383369446,0.011344607919454575,0.03556864336133003,-0.04543062672019005,0.9982696771621704,0,0,0,0,0,0,0,0,0,0,0,0,0,0
6.58866548538208,3.0,0.07001445442438126,-0.06682023406028748,-0.07089647650718689,0.0651589035987854,-0.9837759733200073,-6.473767280578613,0.8211734890937805,4.2223076820373535,0.03,1.2266942262649536,-0.10126107931137085,0.32870033383369446,0.011344607919454575,0.03556864336133003,-0.04543062672019005,0.9982696771621704,0,0,0,0,0,0,0,0,0,0,0,0,0,0
6.59041166305542,3.0,0.07001445442438126,-0.06682023406028748,-0.07089647650718689,0.0651589035987854,-0.9837759733200073,-6.473767280578613,0.8211734890937805,4.2223076820373535,0.03,1.226504921913147,-0.10125859826803207,0.3289020359516144,0.004037948790937662,0.03310710936784744,-0.07829611003398895,0.9963721036911011,0,0,0,0,0,0,0,0,0,0,0,0,0,0
6.5915679931640625,3.0,0.07001445442438126,-0.06682023406028748,-0.07089647650718689,0.0651589035987854,-0.9837759733200073,-6.473767280578613,0.8211734890937805,4.2223076820373535,0.03,1.226504921913147,-0.10125859826803207,0.3289020359516144,0.004037948790937662,0.03310710936784744,-0.07829611003398895,0.9963721036911011,0,0,0,0,0,0,0,0,0,0,0,0,0,0
6.592707395553589,3.0,0.07001445442438126,-0.06682023406028748,-0.07089647650718689,0.0651589035987854,-0.9837759733200073,-6.473767280578613,0.8211734890937805,4.2223076820373535,0.03,1.226504921913147,-0.10125859826803207,0.3289020359516144,0.004037948790937662,0.03310710936784744,-0.07829611003398895,0.9963721036911011,0,0,0,0,0,0,0,0,0,0,0,0,0,0
6.593814849853516,3.0,0.07001445442438126,-0.06682023406028748,-0.07089647650718689,0.0651589035987854,-0.9837759733200073,-6.473767280578613,0.8211734890937805,4.2223076820373535,0.03,1.226504921913147,-0.10125859826803207,0.3289020359516144,0.004037948790937662,0.03310710936784744,-0.07829611003398895,0.9963721036911011,0,0,0,0,0,0,0,0,0,0,0,0,0,0
6.595233917236328,3.0,0.07001445442438126,-0.06682023406028748,-0.07089647650718689,0.0651589035987854,-0.9837759733200073,-6.473767280578613,0.8211734890937805,4.2223076820373535,0.03,1.226504921913147,-0.10125859826803207,0.3289020359516144,0.004037948790937662,0.03310710936784744,-0.07829611003398895,0.9963721036911011,0,0,0,0,0,0,0,0,0,0,0,0,0,0
6.596666574478149,3.0,0.07001445442438126,-0.06682023406028748,-0.07089647650718689,0.0651589035987854,-0.9837759733200073,-6.473767280578613,0.8211734890937805,4.2223076820373535,0.03,1.226504921913147,-0.10125859826803207,0.3289020359516144,0.004037948790937662,0.03310710936784744,-0.07829611003398895,0.9963721036911011,0,0,0,0,0,0,0,0,0,0,0,0,0,0
6.597890377044678,3.0,0.07001445442438126,-0.06682023406028748,-0.07089647650718689,0.0651589035987854,-0.9837759733200073,-6.473767280578613,0.8211734890937805,4.2223076820373535,0.03,1.226504921913147,-0.10125859826803207,0.3289020359516144,0.004037948790937662,0.03310710936784744,-0.07829611003398895,0.9963721036911011,0,0,0,0,0,0,0,0,0,0,0,0,0,0
6.5989744663238525,3.0,0.07001445442438126,-0.06682023406028748,-0.07089647650718689,0.0651589035987854,-0.9837759733200073,-6.473767280578613,0.8211734890937805,4.2223076820373535,0.03,1.226504921913147,-0.10125859826803207,0.3289020359516144,0.004037948790937662,0.03310710936784744,-0.07829611003398895,0.9963721036911011,0,0,0,0,0,0,0,0,0,0,0,0,0,0
6.600176572799683,3.0,0.07001445442438126,-0.06682023406028748,-0.07089647650718689,0.0651589035987854,-0.9837759733200073,-6.473767280578613,0.8211734890937805,4.2223076820373535,0.03,1.226504921913147,-0.10125859826803207,0.3289020359516144,0.004037948790937662,0.03310710936784744,-0.07829611003398895,0.9963721036911011,0,0,0,0,0,0,0,0,0,0,0,0,0,0
6.601263046264648,3.0,0.07001445442438126,-0.06682023406028748,-0.07089647650718689,0.0651589035987854,-0.9837759733200073,-6.473767280578613,0.8211734890937805,4.2223076820373535,0.03,1.226504921913147,-0.10125859826803207,0.3289020359516144,0.004037948790937662,0.03310710936784744,-0.07829611003398895,0.9963721036911011,0,0,0,0,0,0,0,0,0,0,0,0,0,0
6.6030027866363525,3.0,0.07001445442438126,-0.06682023406028748,-0.07089647650718689,0.0651589035987854,-0.9837759733200073,-6.473767280578613,0.8211734890937805,4.2223076820373535,0.03,1.2262003421783447,-0.10104077309370041,0.32942721247673035,0.001414039870724082,0.02980985678732395,-0.08364607393741608,0.996048629283905,0,0,0,0,0,0,0,0,0,0,0,0,0,0
6.604178428649902,3.0,0.07001445442438126,-0.06682023406028748,-0.07089647650718689,0.0651589035987854,-0.9837759733200073,-6.473767280578613,0.8211734890937805,4.2223076820373535,0.03,1.2262003421783447,-0.10104077309370041,0.32942721247673035,0.001414039870724082,0.02980985678732395,-0.08364607393741608,0.996048629283905,0,0,0,0,0,0,0,0,0,0,0,0,0,0
6.605473041534424,3.0,0.07001445442438126,-0.06682023406028748,-0.07089647650718689,0.0651589035987854,-0.9837759733200073,-6.473767280578613,0.8211734890937805,4.2223076820373535,0.03,1.2262003421783447,-0.10104077309370041,0.32942721247673035,0.001414039870724082,0.02980985678732395,-0.08364607393741608,0.996048629283905,0,0,0,0,0,0,0,0,0,0,0,0,0,0
6.6065614223480225,3.0,0.07001445442438126,-0.06682023406028748,-0.07089647650718689,0.0651589035987854,-0.9837759733200073,-6.473767280578613,0.8211734890937805,4.2223076820373535,0.03,1.2262003421783447,-0.10104077309370041,0.32942721247673035,0.001414039870724082,0.02980985678732395,-0.08364607393741608,0.996048629283905,0,0,0,0,0,0,0,0,0,0,0,0,0,0
6.607827425003052,3.0,0.07001445442438126,-0.06682023406028748,-0.07089647650718689,0.0651589035987854,-0.9837759733200073,-6.473767280578613,0.8211734890937805,4.2223076820373535,0.03,1.2262003421783447,-0.10104077309370041,0.32942721247673035,0.001414039870724082,0.02980985678732395,-0.08364607393741608,0.996048629283905,0,0,0,0,0,0,0,0,0,0,0,0,0,0
6.6100451946258545,3.0,0.07001445442438126,-0.06682023406028748,-0.07089647650718689,0.0651589035987854,-0.9837759733200073,-6.473767280578613,0.8211734890937805,4.2223076820373535,0.03,1.2262003421783447,-0.10104077309370041,0.32942721247673035,0.001414039870724082,0.02980985678732395,-0.08364607393741608,0.996048629283905,0,0,0,0,0,0,0,0,0,0,0,0,0,0
6.61148476600647,3.0,0.07001445442438126,-0.06682023406028748,-0.07089647650718689,0.0651589035987854,-0.9837759733200073,-6.473767280578613,0.8211734890937805,4.2223076820373535,0.03,1.2262003421783447,-0.10104077309370041,0.32942721247673035,0.001414039870724082,0.02980985678732395,-0.08364607393741608,0.996048629283905,0,0,0,0,0,0,0,0,0,0,0,0,0,0
6.612673282623291,3.0,0.07001445442438126,-0.06682023406028748,-0.07089647650718689,0.0651589035987854,-0.9837759733200073,-6.473767280578613,0.8211734890937805,4.2223076820373535,0.03,1.2262003421783447,-0.10104077309370041,0.32942721247673035,0.001414039870724082,0.02980985678732395,-0.08364607393741608,0.996048629283905,0,0,0,0,0,0,0,0,0,0,0,0,0,0
6.613883972167969,3.0,0.07001445442438126,-0.06682023406028748,-0.07089647650718689,0.0651589035987854,-0.9837759733200073,-6.473767280578613,0.8211734890937805,4.2223076820373535,0.03,1.2262003421783447,-0.10104077309370041,0.32942721247673035,0.001414039870724082,0.02980985678732395,-0.08364607393741608,0.996048629283905,0,0,0,0,0,0,0,0,0,0,0,0,0,0
6.615015268325806,3.0,0.07001445442438126,-0.06682023406028748,-0.07089647650718689,0.0651589035987854,-0.9837759733200073,-6.473767280578613,0.8211734890937805,4.2223076820373535,0.03,1.2262003421783447,-0.10104077309370041,0.32942721247673035,0.001414039870724082,0.02980985678732395,-0.08364607393741608,0.996048629283905,0,0,0,0,0,0,0,0,0,0,0,0,0,0
6.616564750671387,3.0,0.07001445442438126,-0.06682023406028748,-0.07089647650718689,0.0651589035987854,-0.9837759733200073,-6.473767280578613,0.8211734890937805,4.2223076820373535,0.03,1.2262003421783447,-0.10104077309370041,0.32942721247673035,0.001414039870724082,0.02980985678732395,-0.08364607393741608,0.996048629283905,0,0,0,0,0,0,0,0,0,0,0,0,0,0
6.618687391281128,3.0,0.07001445442438126,-0.06682023406028748,-0.07089647650718689,0.0651589035987854,-0.9837759733200073,-6.473767280578613,0.8211734890937805,4.2223076820373535,0.03,1.2262003421783447,-0.10104077309370041,0.32942721247673035,0.001414039870724082,0.02980985678732395,-0.08364607393741608,0.996048629283905,0,0,0,0,0,0,0,0,0,0,0,0,0,0
6.619988679885864,3.0,0.07001445442438126,-0.06682023406028748,-0.07089647650718689,0.0651589035987854,-0.9837759733200073,-6.473767280578613,0.8211734890937805,4.2223076820373535,0.03,1.2262003421783447,-0.10104077309370041,0.32942721247673035,0.001414039870724082,0.02980985678732395,-0.08364607393741608,0.996048629283905,0,0,0,0,0,0,0,0,0,0,0,0,0,0
6.622007369995117,3.0,0.07001445442438126,-0.06682023406028748,-0.07089647650718689,0.0651589035987854,-0.9837759733200073,-6.473767280578613,0.8211734890937805,4.2223076820373535,0.03,1.2262003421783447,-0.10104077309370041,0.32942721247673035,0.001414039870724082,0.02980985678732395,-0.08364607393741608,0.996048629283905,0,0,0,0,0,0,0,0,0,0,0,0,0,0
6.623969554901123,3.0,0.07001445442438126,-0.06682023406028748,-0.07089647650718689,0.0651589035987854,-0.9837759733200073,-6.473767280578613,0.8211734890937805,4.2223076820373535,0.03,1.2258448600769043,-0.10129155963659286,0.3296462297439575,0.002531584119424224,0.027591729536652565,-0.08581101894378662,0.9959261417388916,0,0,0,0,0,0,0,0,0,0,0,0,0,0
6.625190019607544,3.0,0.07001445442438126,-0.06682023406028748,-0.07089647650718689,0.0651589035987854,-0.9837759733200073,-6.473767280578613,0.8211734890937805,4.2223076820373535,0.03,1.2255995273590088,-0.10143662989139557,0.3299032747745514,0.002431159606203437,0.026499513536691666,-0.08998636901378632,0.9955874085426331,0,0,0,0,0,0,0,0,0,0,0,0,0,0
6.626295804977417,3.0,0.07001445442438126,-0.06682023406028748,-0.07089647650718689,0.0651589035987854,-0.9837759733200073,-6.473767280578613,0.8211734890937805,4.2223076820373535,0.03,1.2255995273590088,-0.10143662989139557,0.3299032747745514,0.002431159606203437,0.026499513536691666,-0.08998636901378632,0.9955874085426331,0,0,0,0,0,0,0,0,0,0,0,0,0,0
6.627848386764526,3.0,0.07001445442438126,-0.06682023406028748,-0.07089647650718689,0.0651589035987854,-0.9837759733200073,-6.473767280578613,0.8211734890937805,4.2223076820373535,0.03,1.2255995273590088,-0.10143662989139557,0.3299032747745514,0.002431159606203437,0.026499513536691666,-0.08998636901378632,0.9955874085426331,0,0,0,0,0,0,0,0,0,0,0,0,0,0
6.629175901412964,3.0,0.07001445442438126,-0.06682023406028748,-0.07089647650718689,0.0651589035987854,-0.9837759733200073,-6.473767280578613,0.8211734890937805,4.2223076820373535,0.03,1.2255995273590088,-0.10143662989139557,0.3299032747745514,0.002431159606203437,0.026499513536691666,-0.08998636901378632,0.9955874085426331,0,0,0,0,0,0,0,0,0,0,0,0,0,0
6.631448984146118,3.0,0.07001445442438126,-0.06682023406028748,-0.07089647650718689,0.0651589035987854,-0.9837759733200073,-6.473767280578613,0.8211734890937805,4.2223076820373535,0.03,1.2255995273590088,-0.10143662989139557,0.3299032747745514,0.002431159606203437,0.026499513536691666,-0.08998636901378632,0.9955874085426331,0,0,0,0,0,0,0,0,0,0,0,0,0,0
6.635111570358276,3.0,0.07001445442438126,-0.06682023406028748,-0.07089647650718689,0.0651589035987854,-0.9837759733200073,-6.473767280578613,0.8211734890937805,4.2223076820373535,0.03,1.2255995273590088,-0.10143662989139557,0.3299032747745514,0.002431159606203437,0.026499513536691666,-0.08998636901378632,0.9955874085426331,0,0,0,0,0,0,0,0,0,0,0,0,0,0
6.636475086212158,3.0,0.07001445442438126,-0.06682023406028748,-0.07089647650718689,0.0651589035987854,-0.9837759733200073,-6.473767280578613,0.8211734890937805,4.2223076820373535,0.03,1.2255995273590088,-0.10143662989139557,0.3299032747745514,0.002431159606203437,0.026499513536691666,-0.08998636901378632,0.9955874085426331,0,0,0,0,0,0,0,0,0,0,0,0,0,0
6.6375732421875,3.0,0.07001445442438126,-0.06682023406028748,-0.07089647650718689,0.0651589035987854,-0.9837759733200073,-6.473767280578613,0.8211734890937805,4.2223076820373535,0.03,1.2255995273590088,-0.10143662989139557,0.3299032747745514,0.002431159606203437,0.026499513536691666,-0.08998636901378632,0.9955874085426331,0,0,0,0,0,0,0,0,0,0,0,0,0,0
6.640723943710327,3.0,0.0677373856306076,-0.04744853079319,-0.06674206256866455,0.044804155826568604,0.1778269112110138,-7.698753356933594,0.6439181566238403,5.036858081817627,0.03,1.2251992225646973,-0.10130102932453156,0.33010783791542053,0.00533157866448164,0.024928316473960876,-0.05267263203859329,0.9982864856719971,0,0,0,0,0,0,0,0,0,0,0,0,0,0
6.642068147659302,3.0,0.0677373856306076,-0.04744853079319,-0.06674206256866455,0.044804155826568604,0.1778269112110138,-7.698753356933594,0.6439181566238403,5.036858081817627,0.03,1.2251992225646973,-0.10130102932453156,0.33010783791542053,0.00533157866448164,0.024928316473960876,-0.05267263203859329,0.9982864856719971,0,0,0,0,0,0,0,0,0,0,0,0,0,0
6.6434485912323,3.0,0.0677373856306076,-0.04744853079319,-0.06674206256866455,0.044804155826568604,0.1778269112110138,-7.698753356933594,0.6439181566238403,5.036858081817627,0.03,1.2251992225646973,-0.10130102932453156,0.33010783791542053,0.00533157866448164,0.024928316473960876,-0.05267263203859329,0.9982864856719971,0,0,0,0,0,0,0,0,0,0,0,0,0,0
6.644586563110352,3.0,0.06525412201881409,-0.026227325201034546,-0.06410002708435059,0.024627327919006348,-0.2691516578197479,-6.9098100662231445,0.06191333010792732,5.367884635925293,0.03,1.2251992225646973,-0.10130102932453156,0.33010783791542053,0.00533157866448164,0.024928316473960876,-0.05267263203859329,0.9982864856719971,0,0,0,0,0,0,0,0,0,0,0,0,0,0
6.645698308944702,3.0,0.06525412201881409,-0.026227325201034546,-0.06410002708435059,0.024627327919006348,-0.2691516578197479,-6.9098100662231445,0.06191333010792732,5.367884635925293,0.03,1.2251992225646973,-0.10130102932453156,0.33010783791542053,0.00533157866448164,0.024928316473960876,-0.05267263203859329,0.9982864856719971,0,0,0,0,0,0,0,0,0,0,0,0,0,0
6.647399425506592,3.0,0.06525412201881409,-0.026227325201034546,-0.06410002708435059,0.024627327919006348,-0.2691516578197479,-6.9098100662231445,0.06191333010792732,5.367884635925293,0.03,1.2251992225646973,-0.10130102932453156,0.33010783791542053,0.00533157866448164,0.024928316473960876,-0.05267263203859329,0.9982864856719971,0,0,0,0,0,0,0,0,0,0,0,0,0,0
6.648472547531128,3.0,0.06525412201881409,-0.026227325201034546,-0.06410002708435059,0.024627327919006348,-0.2691516578197479,-6.9098100662231445,0.06191333010792732,5.367884635925293,0.03,1.2251992225646973,-0.10130102932453156,0.33010783791542053,0.00533157866448164,0.024928316473960876,-0.05267263203859329,0.9982864856719971,0,0,0,0,0,0,0,0,0,0,0,0,0,0
6.649561643600464,3.0,0.06525412201881409,-0.026227325201034546,-0.06410002708435059,0.024627327919006348,-0.2691516578197479,-6.9098100662231445,0.06191333010792732,5.367884635925293,0.03,1.2251992225646973,-0.10130102932453156,0.33010783791542053,0.00533157866448164,0.024928316473960876,-0.05267263203859329,0.9982864856719971,0,0,0,0,0,0,0,0,0,0,0,0,0,0
6.652754545211792,3.0,0.06525412201881409,-0.026227325201034546,-0.06410002708435059,0.024627327919006348,-0.2691516578197479,-6.9098100662231445,0.06191333010792732,5.367884635925293,0.03,1.2251992225646973,-0.10130102932453156,0.33010783791542053,0.00533157866448164,0.024928316473960876,-0.05267263203859329,0.9982864856719971,0,0,0,0,0,0,0,0,0,0,0,0,0,0
6.654220342636108,3.0,0.06525412201881409,-0.026227325201034546,-0.06410002708435059,0.024627327919006348,-0.2691516578197479,-6.9098100662231445,0.06191333010792732,5.367884635925293,0.03,1.2251992225646973,-0.10130102932453156,0.33010783791542053,0.00533157866448164,0.024928316473960876,-0.05267263203859329,0.9982864856719971,0,0,0,0,0,0,0,0,0,0,0,0,0,0
6.655320644378662,3.0,0.0636596828699112,-0.0044846683740615845,-0.06273263692855835,0.0027684569358825684,-1.032637357711792,-7.311807155609131,-0.4989260733127594,5.678246021270752,0.03,1.2251992225646973,-0.10130102932453156,0.33010783791542053,0.00533157866448164,0.024928316473960876,-0.05267263203859329,0.9982864856719971,0,0,0,0,0,0,0,0,0,0,0,0,0,0
6.656933069229126,3.0,0.06330635398626328,0.015587866306304932,-0.06291598081588745,-0.018401503562927246,-2.1945133209228516,-9.759293556213379,-1.251481056213379,6.5471320152282715,0.03,1.2251992225646973,-0.10130102932453156,0.33010783791542053,0.00533157866448164,0.024928316473960876,-0.05267263203859329,0.9982864856719971,0,0,0,0,0,0,0,0,0,0,0,0,0,0
6.658450603485107,3.0,0.06330635398626328,0.015587866306304932,-0.06291598081588745,-0.018401503562927246,-2.1945133209228516,-9.759293556213379,-1.251481056213379,6.5471320152282715,0.03,1.2251992225646973,-0.10130102932453156,0.33010783791542053,0.00533157866448164,0.024928316473960876,-0.05267263203859329,0.9982864856719971,0,0,0,0,0,0,0,0,0,0,0,0,0,0
6.660912275314331,3.0,0.06330635398626328,0.015587866306304932,-0.06291598081588745,-0.018401503562927246,-2.1945133209228516,-9.759293556213379,-1.251481056213379,6.5471320152282715,0.03,1.2251992225646973,-0.10130102932453156,0.33010783791542053,0.00533157866448164,0.024928316473960876,-0.05267263203859329,0.9982864856719971,0,0,0,0,0,0,0,0,0,0,0,0,0,0
6.662478923797607,3.0,0.06330635398626328,0.015587866306304932,-0.06291598081588745,-0.018401503562927246,-2.1945133209228516,-9.759293556213379,-1.251481056213379,6.5471320152282715,0.03,1.2251992225646973,-0.10130102932453156,0.33010783791542053,0.00533157866448164,0.024928316473960876,-0.05267263203859329,0.9982864856719971,0,0,0,0,0,0,0,0,0,0,0,0,0,0
6.663946628570557,3.0,0.06330635398626328,0.015587866306304932,-0.06291598081588745,-0.018401503562927246,-2.1945133209228516,-9.759293556213379,-1.251481056213379,6.5471320152282715,0.03,1.2251992225646973,-0.10130102932453156,0.33010783791542053,0.00533157866448164,0.024928316473960876,-0.05267263203859329,0.9982864856719971,0,0,0,0,0,0,0,0,0,0,0,0,0,0
6.665332078933716,3.0,0.06330635398626328,0.015587866306304932,-0.06291598081588745,-0.018401503562927246,-2.1945133209228516,-9.759293556213379,-1.251481056213379,6.5471320152282715,0.03,1.2251992225646973,-0.10130102932453156,0.33010783791542053,0.00533157866448164,0.024928316473960876,-0.05267263203859329,0.9982864856719971,0,0,0,0,0,0,0,0,0,0,0,0,0,0
6.666899681091309,3.0,0.06330635398626328,0.015587866306304932,-0.06291598081588745,-0.018401503562927246,-2.1945133209228516,-9.759293556213379,-1.251481056213379,6.5471320152282715,0.03,1.2251992225646973,-0.10130102932453156,0.33010783791542053,0.00533157866448164,0.024928316473960876,-0.05267263203859329,0.9982864856719971,0,0,0,0,0,0,0,0,0,0,0,0,0,0
6.668647289276123,3.0,0.06330635398626328,0.015587866306304932,-0.06291598081588745,-0.018401503562927246,-2.1945133209228516,-9.759293556213379,-1.251481056213379,6.5471320152282715,0.03,1.2251992225646973,-0.10130102932453156,0.33010783791542053,0.00533157866448164,0.024928316473960876,-0.05267263203859329,0.9982864856719971,0,0,0,0,0,0,0,0,0,0,0,0,0,0
6.670060157775879,3.0,0.06330635398626328,0.015587866306304932,-0.06291598081588745,-0.018401503562927246,-2.1945133209228516,-9.759293556213379,-1.251481056213379,6.5471320152282715,0.03,1.2251992225646973,-0.10130102932453156,0.33010783791542053,0.00533157866448164,0.024928316473960876,-0.05267263203859329,0.9982864856719971,0,0,0,0,0,0,0,0,0,0,0,0,0,0
6.67170786857605,3.0,0.06330635398626328,0.015587866306304932,-0.06291598081588745,-0.018401503562927246,-2.1945133209228516,-9.759293556213379,-1.251481056213379,6.5471320152282715,0.03,1.2251992225646973,-0.10130102932453156,0.33010783791542053,0.00533157866448164,0.024928316473960876,-0.05267263203859329,0.9982864856719971,0,0,0,0,0,0,0,0,0,0,0,0,0,0
6.672869443893433,3.0,0.06330635398626328,0.015587866306304932,-0.06291598081588745,-0.018401503562927246,-2.1945133209228516,-9.759293556213379,-1.251481056213379,6.5471320152282715,0.03,1.2251992225646973,-0.10130102932453156,0.33010783791542053,0.00533157866448164,0.024928316473960876,-0.05267263203859329,0.9982864856719971,0,0,0,0,0,0,0,0,0,0,0,0,0,0
6.673990249633789,3.0,0.06330635398626328,0.015587866306304932,-0.06291598081588745,-0.018401503562927246,-2.1945133209228516,-9.759293556213379,-1.251481056213379,6.5471320152282715,0.03,1.2251992225646973,-0.10130102932453156,0.33010783791542053,0.00533157866448164,0.024928316473960876,-0.05267263203859329,0.9982864856719971,0,0,0,0,0,0,0,0,0,0,0,0,0,0
6.675187826156616,3.0,0.06330635398626328,0.015587866306304932,-0.06291598081588745,-0.018401503562927246,-2.1945133209228516,-9.759293556213379,-1.251481056213379,6.5471320152282715,0.03,1.2251992225646973,-0.10130102932453156,0.33010783791542053,0.00533157866448164,0.024928316473960876,-0.05267263203859329,0.9982864856719971,0,0,0,0,0,0,0,0,0,0,0,0,0,0
6.676268100738525,3.0,0.06330635398626328,0.015587866306304932,-0.06291598081588745,-0.018401503562927246,-2.1945133209228516,-9.759293556213379,-1.251481056213379,6.5471320152282715,0.03,1.2251992225646973,-0.10130102932453156,0.33010783791542053,0.00533157866448164,0.024928316473960876,-0.05267263203859329,0.9982864856719971,0,0,0,0,0,0,0,0,0,0,0,0,0,0
6.677367925643921,3.0,0.06330635398626328,0.015587866306304932,-0.06291598081588745,-0.018401503562927246,-2.1945133209228516,-9.759293556213379,-1.251481056213379,6.5471320152282715,0.03,1.2251992225646973,-0.10130102932453156,0.33010783791542053,0.00533157866448164,0.024928316473960876,-0.05267263203859329,0.9982864856719971,0,0,0,0,0,0,0,0,0,0,0,0,0,0
6.678506135940552,3.0,0.06330635398626328,0.015587866306304932,-0.06291598081588745,-0.018401503562927246,-2.1945133209228516,-9.759293556213379,-1.251481056213379,6.5471320152282715,0.03,1.2251992225646973,-0.10130102932453156,0.33010783791542053,0.00533157866448164,0.024928316473960876,-0.05267263203859329,0.9982864856719971,0,0,0,0,0,0,0,0,0,0,0,0,0,0
6.679629325866699,3.0,0.06330635398626328,0.015587866306304932,-0.06291598081588745,-0.018401503562927246,-2.1945133209228516,-9.759293556213379,-1.251481056213379,6.5471320152282715,0.03,1.2251992225646973,-0.10130102932453156,0.33010783791542053,0.00533157866448164,0.024928316473960876,-0.05267263203859329,0.9982864856719971,0,0,0,0,0,0,0,0,0,0,0,0,0,0
6.6807780265808105,3.0,0.06330635398626328,0.015587866306304932,-0.06291598081588745,-0.018401503562927246,-2.1945133209228516,-9.759293556213379,-1.251481056213379,6.5471320152282715,0.03,1.2251992225646973,-0.10130102932453156,0.33010783791542053,0.00533157866448164,0.024928316473960876,-0.05267263203859329,0.9982864856719971,0,0,0,0,0,0,0,0,0,0,0,0,0,0
6.682236433029175,3.0,0.06330635398626328,0.015587866306304932,-0.06291598081588745,-0.018401503562927246,-2.1945133209228516,-9.759293556213379,-1.251481056213379,6.5471320152282715,0.03,1.2251992225646973,-0.10130102932453156,0.33010783791542053,0.00533157866448164,0.024928316473960876,-0.05267263203859329,0.9982864856719971,0,0,0,0,0,0,0,0,0,0,0,0,0,0
6.683488130569458,3.0,0.06330635398626328,0.015587866306304932,-0.06291598081588745,-0.018401503562927246,-2.1945133209228516,-9.759293556213379,-1.251481056213379,6.5471320152282715,0.03,1.2251992225646973,-0.10130102932453156,0.33010783791542053,0.00533157866448164,0.024928316473960876,-0.05267263203859329,0.9982864856719971,0,0,0,0,0,0,0,0,0,0,0,0,0,0
6.686304092407227,3.0,0.06330635398626328,0.015587866306304932,-0.06291598081588745,-0.018401503562927246,-2.1945133209228516,-9.759293556213379,-1.251481056213379,6.5471320152282715,0.03,1.2251992225646973,-0.10130102932453156,0.33010783791542053,0.00533157866448164,0.024928316473960876,-0.05267263203859329,0.9982864856719971,0,0,0,0,0,0,0,0,0,0,0,0,0,0
6.688066244125366,3.0,0.06330635398626328,0.015587866306304932,-0.06291598081588745,-0.018401503562927246,-2.1945133209228516,-9.759293556213379,-1.251481056213379,6.5471320152282715,0.03,1.2251992225646973,-0.10130102932453156,0.33010783791542053,0.00533157866448164,0.024928316473960876,-0.05267263203859329,0.9982864856719971,0,0,0,0,0,0,0,0,0,0,0,0,0,0
6.689347982406616,3.0,0.06330635398626328,0.015587866306304932,-0.06291598081588745,-0.018401503562927246,-2.1945133209228516,-9.759293556213379,-1.251481056213379,6.5471320152282715,0.03,1.2251992225646973,-0.10130102932453156,0.33010783791542053,0.00533157866448164,0.024928316473960876,-0.05267263203859329,0.9982864856719971,0,0,0,0,0,0,0,0,0,0,0,0,0,0
6.69072961807251,3.0,0.06330635398626328,0.015587866306304932,-0.06291598081588745,-0.018401503562927246,-2.1945133209228516,-9.759293556213379,-1.251481056213379,6.5471320152282715,0.03,1.2251992225646973,-0.10130102932453156,0.33010783791542053,0.00533157866448164,0.024928316473960876,-0.05267263203859329,0.9982864856719971,0,0,0,0,0,0,0,0,0,0,0,0,0,0
6.693099737167358,3.0,0.06372849643230438,0.03141394257545471,-0.06376129388809204,-0.034512102603912354,-3.478104591369629,-9.810466766357422,-2.0754036903381348,6.750737190246582,0.03,1.2251992225646973,-0.10130102932453156,0.33010783791542053,0.00533157866448164,0.024928316473960876,-0.05267263203859329,0.9982864856719971,0,0,0,0,0,0,0,0,0,0,0,0,0,0
6.694715738296509,3.0,0.06372849643230438,0.03141394257545471,-0.06376129388809204,-0.034512102603912354,-3.478104591369629,-9.810466766357422,-2.0754036903381348,6.750737190246582,0.03,1.2251992225646973,-0.10130102932453156,0.33010783791542053,0.00533157866448164,0.024928316473960876,-0.05267263203859329,0.9982864856719971,0,0,0,0,0,0,0,0,0,0,0,0,0,0
6.695909738540649,3.0,0.06372849643230438,0.03141394257545471,-0.06376129388809204,-0.034512102603912354,-3.478104591369629,-9.810466766357422,-2.0754036903381348,6.750737190246582,0.03,1.2251992225646973,-0.10130102932453156,0.33010783791542053,0.00533157866448164,0.024928316473960876,-0.05267263203859329,0.9982864856719971,0,0,0,0,0,0,0,0,0,0,0,0,0,0
6.697355031967163,3.0,0.06372849643230438,0.03141394257545471,-0.06376129388809204,-0.034512102603912354,-3.478104591369629,-9.810466766357422,-2.0754036903381348,6.750737190246582,0.03,1.2251992225646973,-0.10130102932453156,0.33010783791542053,0.00533157866448164,0.024928316473960876,-0.05267263203859329,0.9982864856719971,0,0,0,0,0,0,0,0,0,0,0,0,0,0
6.6986377239227295,3.0,0.06372849643230438,0.03141394257545471,-0.06376129388809204,-0.034512102603912354,-3.478104591369629,-9.810466766357422,-2.0754036903381348,6.750737190246582,0.03,1.2251992225646973,-0.10130102932453156,0.33010783791542053,0.00533157866448164,0.024928316473960876,-0.05267263203859329,0.9982864856719971,0,0,0,0,0,0,0,0,0,0,0,0,0,0
6.700007200241089,3.0,0.06372849643230438,0.03141394257545471,-0.06376129388809204,-0.034512102603912354,-3.478104591369629,-9.810466766357422,-2.0754036903381348,6.750737190246582,0.03,1.2251992225646973,-0.10130102932453156,0.33010783791542053,0.00533157866448164,0.024928316473960876,-0.05267263203859329,0.9982864856719971,0,0,0,0,0,0,0,0,0,0,0,0,0,0
6.702329874038696,3.0,0.06743848323822021,0.06401832401752472,-0.06913980841636658,-0.06654846668243408,-7.647206783294678,-13.707039833068848,-4.796981334686279,10.663253784179688,0.03,1.2248555421829224,-0.1013152003288269,0.3304711878299713,0.004344440530985594,0.023343952372670174,-0.06118679791688919,0.997843861579895,0,0,0,0,0,0,0,0,0,0,0,0,0,0
6.704084873199463,3.0,0.06743848323822021,0.06401832401752472,-0.06913980841636658,-0.06654846668243408,-7.647206783294678,-13.707039833068848,-4.796981334686279,10.663253784179688,0.03,1.2248555421829224,-0.1013152003288269,0.3304711878299713,0.004344440530985594,0.023343952372670174,-0.06118679791688919,0.997843861579895,0,0,0,0,0,0,0,0,0,0,0,0,0,0
6.705428600311279,3.0,0.06743848323822021,0.06401832401752472,-0.06913980841636658,-0.06654846668243408,-7.647206783294678,-13.707039833068848,-4.796981334686279,10.663253784179688,0.03,1.2248555421829224,-0.1013152003288269,0.3304711878299713,0.004344440530985594,0.023343952372670174,-0.06118679791688919,0.997843861579895,0,0,0,0,0,0,0,0,0,0,0,0,0,0
6.706489562988281,3.0,0.06743848323822021,0.06401832401752472,-0.06913980841636658,-0.06654846668243408,-7.647206783294678,-13.707039833068848,-4.796981334686279,10.663253784179688,0.03,1.2248555421829224,-0.1013152003288269,0.3304711878299713,0.004344440530985594,0.023343952372670174,-0.06118679791688919,0.997843861579895,0,0,0,0,0,0,0,0,0,0,0,0,0,0
6.707779407501221,3.0,0.06743848323822021,0.06401832401752472,-0.06913980841636658,-0.06654846668243408,-7.647206783294678,-13.707039833068848,-4.796981334686279,10.663253784179688,0.03,1.2248555421829224,-0.1013152003288269,0.3304711878299713,0.004344440530985594,0.023343952372670174,-0.06118679791688919,0.997843861579895,0,0,0,0,0,0,0,0,0,0,0,0,0,0
6.708868503570557,3.0,0.06743848323822021,0.06401832401752472,-0.06913980841636658,-0.06654846668243408,-7.647206783294678,-13.707039833068848,-4.796981334686279,10.663253784179688,0.03,1.2248555421829224,-0.1013152003288269,0.3304711878299713,0.004344440530985594,0.023343952372670174,-0.06118679791688919,0.997843861579895,0,0,0,0,0,0,0,0,0,0,0,0,0,0
6.710118532180786,3.0,0.06743848323822021,0.06401832401752472,-0.06913980841636658,-0.06654846668243408,-7.647206783294678,-13.707039833068848,-4.796981334686279,10.663253784179688,0.03,1.2248555421829224,-0.1013152003288269,0.3304711878299713,0.004344440530985594,0.023343952372670174,-0.06118679791688919,0.997843861579895,0,0,0,0,0,0,0,0,0,0,0,0,0,0
6.712721109390259,4.0,0.0679997056722641,0.06690362095832825,-0.06979909539222717,-0.06890010833740234,-8.032690048217773,-13.347118377685547,-5.087475299835205,10.985532760620117,0.03,1.2244246006011963,-0.10130709409713745,0.3308912217617035,0.0036853491328656673,0.02127711847424507,-0.06266303360462189,0.9978011250495911,0,0,0,0,0,0,0,0,0,0,0,0,0,0
6.714882850646973,4.0,0.0679997056722641,0.06690362095832825,-0.06979909539222717,-0.06890010833740234,-8.032690048217773,-13.347118377685547,-5.087475299835205,10.985532760620117,0.03,1.2238904237747192,-0.10141855478286743,0.33113744854927063,0.0017356090247631073,0.02029568888247013,-0.06637031584978104,0.9975871443748474,0,0,0,0,0,0,0,0,0,0,0,0,0,0
6.7162861824035645,4.0,0.0679997056722641,0.06690362095832825,-0.06979909539222717,-0.06890010833740234,-8.032690048217773,-13.347118377685547,-5.087475299835205,10.985532760620117,0.03,1.2238904237747192,-0.10141855478286743,0.33113744854927063,0.0017356090247631073,0.02029568888247013,-0.06637031584978104,0.9975871443748474,0,0,0,0,0,0,0,0,0,0,0,0,0,0
6.717825651168823,4.0,0.06860816478729248,0.06938248872756958,-0.070503830909729,-0.07154887914657593,-7.89897346496582,-12.650156021118164,-4.895043849945068,9.752358436584473,0.03,1.2238904237747192,-0.10141855478286743,0.33113744854927063,0.0017356090247631073,0.02029568888247013,-0.06637031584978104,0.9975871443748474,0,0,0,0,0,0,0,0,0,0,0,0,0,0
6.719574689865112,4.0,0.0643261969089508,0.07498587667942047,-0.0653488039970398,-0.07658243179321289,2.211273670196533,-9.57329273223877,4.091962814331055,7.414741039276123,0.03,1.2238904237747192,-0.10141855478286743,0.33113744854927063,0.0017356090247631073,0.02029568888247013,-0.06637031584978104,0.9975871443748474,0,0,0,0,0,0,0,0,0,0,0,0,0,0
6.723474740982056,4.0,0.05990692228078842,0.07683262228965759,-0.060309529304504395,-0.07825547456741333,3.2310590744018555,-8.314519882202148,4.69403600692749,6.243791103363037,0.03,1.2231582403182983,-0.1014188602566719,0.3312695026397705,-0.0019166890997439623,0.018144262954592705,-0.07955587655305862,0.9966633915901184,0,0,0,0,0,0,0,0,0,0,0,0,0,0
6.72523307800293,4.0,0.04747973009943962,0.08087264001369476,-0.0453723669052124,-0.08181589841842651,7.187273025512695,-5.162423133850098,6.564176559448242,3.4279513359069824,0.03,1.222728967666626,-0.10162562876939774,0.3314919173717499,-0.002630002098158002,0.017206087708473206,-0.08630258589982986,0.9961169958114624,0,0,0,0,0,0,0,0,0,0,0,0,0,0
6.727031707763672,4.0,0.04459279775619507,0.08118577301502228,-0.04248523712158203,-0.08240735530853271,5.8619914054870605,-4.728959560394287,6.6515212059021,3.0219593048095703,0.03,1.222728967666626,-0.10162562876939774,0.3314919173717499,-0.002630002098158002,0.017206087708473206,-0.08630258589982986,0.9961169958114624,0,0,0,0,0,0,0,0,0,0,0,0,0,0
6.7294394969940186,4.0,0.03710442781448364,0.0828571766614914,-0.03638690710067749,-0.0836530327796936,5.196988105773926,-3.340101718902588,5.948169708251953,1.6740111112594604,0.03,1.2217378616333008,-0.10147399455308914,0.33204442262649536,0.0017742685740813613,0.014845829457044601,-0.07075316458940506,0.997381865978241,0,0,0,0,0,0,0,0,0,0,0,0,0,0
6.730785369873047,4.0,0.028942763805389404,0.08487609028816223,-0.02681821584701538,-0.08540278673171997,4.83560848236084,-1.599015235900879,4.457509994506836,0.23223362863063812,0.03,1.2217378616333008,-0.10147399455308914,0.33204442262649536,0.0017742685740813613,0.014845829457044601,-0.07075316458940506,0.997381865978241,0,0,0,0,0,0,0,0,0,0,0,0,0,0
6.732529878616333,4.0,0.028942763805389404,0.08487609028816223,-0.02681821584701538,-0.08540278673171997,4.83560848236084,-1.599015235900879,4.457509994506836,0.23223362863063812,0.03,1.2217378616333008,-0.10147399455308914,0.33204442262649536,0.0017742685740813613,0.014845829457044601,-0.07075316458940506,0.997381865978241,0,0,0,0,0,0,0,0,0,0,0,0,0,0
6.733794689178467,4.0,0.02437901496887207,0.08529920876026154,-0.023508965969085693,-0.08583176136016846,5.223605632781982,-1.4890550374984741,4.066377639770508,0.015857774764299393,0.03,1.2217378616333008,-0.10147399455308914,0.33204442262649536,0.0017742685740813613,0.014845829457044601,-0.07075316458940506,0.997381865978241,0,0,0,0,0,0,0,0,0,0,0,0,0,0
6.7352118492126465,4.0,0.02437901496887207,0.08529920876026154,-0.023508965969085693,-0.08583176136016846,5.223605632781982,-1.4890550374984741,4.066377639770508,0.015857774764299393,0.03,1.2219014167785645,-0.10104943066835403,0.3322722315788269,0.0025125592947006226,0.013893421739339828,-0.0967152863740921,0.9952120184898376,0,0,0,0,0,0,0,0,0,0,0,0,0,0
6.738322973251343,4.0,0.02437901496887207,0.08529920876026154,-0.023508965969085693,-0.08583176136016846,5.223605632781982,-1.4890550374984741,4.066377639770508,0.015857774764299393,0.03,1.2219014167785645,-0.10104943066835403,0.3322722315788269,0.0025125592947006226,0.013893421739339828,-0.0967152863740921,0.9952120184898376,0,0,0,0,0,0,0,0,0,0,0,0,0,0
6.739457845687866,4.0,0.02437901496887207,0.08529920876026154,-0.023508965969085693,-0.08583176136016846,5.223605632781982,-1.4890550374984741,4.066377639770508,0.015857774764299393,0.03,1.2219014167785645,-0.10104943066835403,0.3322722315788269,0.0025125592947006226,0.013893421739339828,-0.0967152863740921,0.9952120184898376,0,0,0,0,0,0,0,0,0,0,0,0,0,0
6.740756034851074,4.0,0.02437901496887207,0.08529920876026154,-0.023508965969085693,-0.08583176136016846,5.223605632781982,-1.4890550374984741,4.066377639770508,0.015857774764299393,0.03,1.2219014167785645,-0.10104943066835403,0.3322722315788269,0.0025125592947006226,0.013893421739339828,-0.0967152863740921,0.9952120184898376,0,0,0,0,0,0,0,0,0,0,0,0,0,0
6.742359638214111,4.0,0.02437901496887207,0.08529920876026154,-0.023508965969085693,-0.08583176136016846,5.223605632781982,-1.4890550374984741,4.066377639770508,0.015857774764299393,0.03,1.2219014167785645,-0.10104943066835403,0.3322722315788269,0.0025125592947006226,0.013893421739339828,-0.0967152863740921,0.9952120184898376,0,0,0,0,0,0,0,0,0,0,0,0,0,0
6.746229410171509,4.0,0.02437901496887207,0.08529920876026154,-0.023508965969085693,-0.08583176136016846,5.223605632781982,-1.4890550374984741,4.066377639770508,0.015857774764299393,0.03,1.2219014167785645,-0.10104943066835403,0.3322722315788269,0.0025125592947006226,0.013893421739339828,-0.0967152863740921,0.9952120184898376,0,0,0,0,0,0,0,0,0,0,0,0,0,0
6.747570037841797,4.0,0.02437901496887207,0.08529920876026154,-0.023508965969085693,-0.08583176136016846,5.223605632781982,-1.4890550374984741,4.066377639770508,0.015857774764299393,0.03,1.2219014167785645,-0.10104943066835403,0.3322722315788269,0.0025125592947006226,0.013893421739339828,-0.0967152863740921,0.9952120184898376,0,0,0,0,0,0,0,0,0,0,0,0,0,0
6.748977184295654,4.0,0.02437901496887207,0.08529920876026154,-0.023508965969085693,-0.08583176136016846,5.223605632781982,-1.4890550374984741,4.066377639770508,0.015857774764299393,0.03,1.2219014167785645,-0.10104943066835403,0.3322722315788269,0.0025125592947006226,0.013893421739339828,-0.0967152863740921,0.9952120184898376,0,0,0,0,0,0,0,0,0,0,0,0,0,0
6.7512383460998535,4.0,0.02437901496887207,0.08529920876026154,-0.023508965969085693,-0.08583176136016846,5.223605632781982,-1.4890550374984741,4.066377639770508,0.015857774764299393,0.03,1.2219014167785645,-0.10104943066835403,0.3322722315788269,0.0025125592947006226,0.013893421739339828,-0.0967152863740921,0.9952120184898376,0,0,0,0,0,0,0,0,0,0,0,0,0,0
6.753048896789551,4.0,0.02437901496887207,0.08529920876026154,-0.023508965969085693,-0.08583176136016846,5.223605632781982,-1.4890550374984741,4.066377639770508,0.015857774764299393,0.03,1.2219014167785645,-0.10104943066835403,0.3322722315788269,0.0025125592947006226,0.013893421739339828,-0.0967152863740921,0.9952120184898376,0,0,0,0,0,0,0,0,0,0,0,0,0,0
6.754422903060913,4.0,0.02437901496887207,0.08529920876026154,-0.023508965969085693,-0.08583176136016846,5.223605632781982,-1.4890550374984741,4.066377639770508,0.015857774764299393,0.03,1.2219014167785645,-0.10104943066835403,0.3322722315788269,0.0025125592947006226,0.013893421739339828,-0.0967152863740921,0.9952120184898376,0,0,0,0,0,0,0,0,0,0,0,0,0,0
6.756669521331787,4.0,0.02437901496887207,0.08529920876026154,-0.023508965969085693,-0.08583176136016846,5.223605632781982,-1.4890550374984741,4.066377639770508,0.015857774764299393,0.03,1.2219014167785645,-0.10104943066835403,0.3322722315788269,0.0025125592947006226,0.013893421739339828,-0.0967152863740921,0.9952120184898376,0,0,0,0,0,0,0,0,0,0,0,0,0,0
6.757816314697266,4.0,0.02437901496887207,0.08529920876026154,-0.023508965969085693,-0.08583176136016846,5.223605632781982,-1.4890550374984741,4.066377639770508,0.015857774764299393,0.03,1.2219014167785645,-0.10104943066835403,0.3322722315788269,0.0025125592947006226,0.013893421739339828,-0.0967152863740921,0.9952120184898376,0,0,0,0,0,0,0,0,0,0,0,0,0,0
6.758945465087891,4.0,0.02437901496887207,0.08529920876026154,-0.023508965969085693,-0.08583176136016846,5.223605632781982,-1.4890550374984741,4.066377639770508,0.015857774764299393,0.03,1.2219014167785645,-0.10104943066835403,0.3322722315788269,0.0025125592947006226,0.013893421739339828,-0.0967152863740921,0.9952120184898376,0,0,0,0,0,0,0,0,0,0,0,0,0,0
6.760049104690552,4.0,0.02437901496887207,0.08529920876026154,-0.023508965969085693,-0.08583176136016846,5.223605632781982,-1.4890550374984741,4.066377639770508,0.015857774764299393,0.03,1.2219014167785645,-0.10104943066835403,0.3322722315788269,0.0025125592947006226,0.013893421739339828,-0.0967152863740921,0.9952120184898376,0,0,0,0,0,0,0,0,0,0,0,0,0,0
6.761135101318359,4.0,0.02437901496887207,0.08529920876026154,-0.023508965969085693,-0.08583176136016846,5.223605632781982,-1.4890550374984741,4.066377639770508,0.015857774764299393,0.03,1.2219014167785645,-0.10104943066835403,0.3322722315788269,0.0025125592947006226,0.013893421739339828,-0.0967152863740921,0.9952120184898376,0,0,0,0,0,0,0,0,0,0,0,0,0,0
6.762234210968018,4.0,0.02437901496887207,0.08529920876026154,-0.023508965969085693,-0.08583176136016846,5.223605632781982,-1.4890550374984741,4.066377639770508,0.015857774764299393,0.03,1.2219014167785645,-0.10104943066835403,0.3322722315788269,0.0025125592947006226,0.013893421739339828,-0.0967152863740921,0.9952120184898376,0,0,0,0,0,0,0,0,0,0,0,0,0,0
6.763336896896362,4.0,0.02437901496887207,0.08529920876026154,-0.023508965969085693,-0.08583176136016846,5.223605632781982,-1.4890550374984741,4.066377639770508,0.015857774764299393,0.03,1.2219014167785645,-0.10104943066835403,0.3322722315788269,0.0025125592947006226,0.013893421739339828,-0.0967152863740921,0.9952120184898376,0,0,0,0,0,0,0,0,0,0,0,0,0,0
6.764510869979858,4.0,0.02437901496887207,0.08529920876026154,-0.023508965969085693,-0.08583176136016846,5.223605632781982,-1.4890550374984741,4.066377639770508,0.015857774764299393,0.03,1.2219014167785645,-0.10104943066835403,0.3322722315788269,0.0025125592947006226,0.013893421739339828,-0.0967152863740921,0.9952120184898376,0,0,0,0,0,0,0,0,0,0,0,0,0,0
6.7667396068573,4.0,0.02437901496887207,0.08529920876026154,-0.023508965969085693,-0.08583176136016846,5.223605632781982,-1.4890550374984741,4.066377639770508,0.015857774764299393,0.03,1.2239997386932373,-0.10164979100227356,0.3314676880836487,0.005858684424310923,0.018590103834867477,-0.07591751217842102,0.9969236254692078,0,0,0,0,0,0,0,0,0,0,0,0,0,0
6.767835855484009,4.0,0.02437901496887207,0.08529920876026154,-0.023508965969085693,-0.08583176136016846,5.223605632781982,-1.4890550374984741,4.066377639770508,0.015857774764299393,0.03,1.2239997386932373,-0.10164979100227356,0.3314676880836487,0.005858684424310923,0.018590103834867477,-0.07591751217842102,0.9969236254692078,0,0,0,0,0,0,0,0,0,0,0,0,0,0
6.768944501876831,4.0,0.02437901496887207,0.08529920876026154,-0.023508965969085693,-0.08583176136016846,5.223605632781982,-1.4890550374984741,4.066377639770508,0.015857774764299393,0.03,1.2239997386932373,-0.10164979100227356,0.3314676880836487,0.005858684424310923,0.018590103834867477,-0.07591751217842102,0.9969236254692078,0,0,0,0,0,0,0,0,0,0,0,0,0,0
6.771751642227173,4.0,0.02437901496887207,0.08529920876026154,-0.023508965969085693,-0.08583176136016846,5.223605632781982,-1.4890550374984741,4.066377639770508,0.015857774764299393,0.03,1.2239997386932373,-0.10164979100227356,0.3314676880836487,0.005858684424310923,0.018590103834867477,-0.07591751217842102,0.9969236254692078,0,0,0,0,0,0,0,0,0,0,0,0,0,0
6.772995948791504,4.0,0.02437901496887207,0.08529920876026154,-0.023508965969085693,-0.08583176136016846,5.223605632781982,-1.4890550374984741,4.066377639770508,0.015857774764299393,0.03,1.2239997386932373,-0.10164979100227356,0.3314676880836487,0.005858684424310923,0.018590103834867477,-0.07591751217842102,0.9969236254692078,0,0,0,0,0,0,0,0,0,0,0,0,0,0
6.7742555141448975,4.0,0.02437901496887207,0.08529920876026154,-0.023508965969085693,-0.08583176136016846,5.223605632781982,-1.4890550374984741,4.066377639770508,0.015857774764299393,0.03,1.22459077835083,-0.10187066346406937,0.33070528507232666,0.0037486066576093435,0.02207513153553009,-0.10264264047145844,0.9944663047790527,0,0,0,0,0,0,0,0,0,0,0,0,0,0
6.775997877120972,4.0,0.02437901496887207,0.08529920876026154,-0.023508965969085693,-0.08583176136016846,5.223605632781982,-1.4890550374984741,4.066377639770508,0.015857774764299393,0.03,1.22459077835083,-0.10187066346406937,0.33070528507232666,0.0037486066576093435,0.02207513153553009,-0.10264264047145844,0.9944663047790527,0,0,0,0,0,0,0,0,0,0,0,0,0,0
6.777337312698364,4.0,0.02437901496887207,0.08529920876026154,-0.023508965969085693,-0.08583176136016846,5.223605632781982,-1.4890550374984741,4.066377639770508,0.015857774764299393,0.03,1.22459077835083,-0.10187066346406937,0.33070528507232666,0.0037486066576093435,0.02207513153553009,-0.10264264047145844,0.9944663047790527,0,0,0,0,0,0,0,0,0,0,0,0,0,0
6.778497695922852,4.0,0.02437901496887207,0.08529920876026154,-0.023508965969085693,-0.08583176136016846,5.223605632781982,-1.4890550374984741,4.066377639770508,0.015857774764299393,0.03,1.22459077835083,-0.10187066346406937,0.33070528507232666,0.0037486066576093435,0.02207513153553009,-0.10264264047145844,0.9944663047790527,0,0,0,0,0,0,0,0,0,0,0,0,0,0
6.780414819717407,4.0,0.02437901496887207,0.08529920876026154,-0.023508965969085693,-0.08583176136016846,5.223605632781982,-1.4890550374984741,4.066377639770508,0.015857774764299393,0.03,1.22459077835083,-0.10187066346406937,0.33070528507232666,0.0037486066576093435,0.02207513153553009,-0.10264264047145844,0.9944663047790527,0,0,0,0,0,0,0,0,0,0,0,0,0,0
6.781713008880615,4.0,0.02437901496887207,0.08529920876026154,-0.023508965969085693,-0.08583176136016846,5.223605632781982,-1.4890550374984741,4.066377639770508,0.015857774764299393,0.03,1.22459077835083,-0.10187066346406937,0.33070528507232666,0.0037486066576093435,0.02207513153553009,-0.10264264047145844,0.9944663047790527,0,0,0,0,0,0,0,0,0,0,0,0,0,0
6.78307843208313,4.0,0.02437901496887207,0.08529920876026154,-0.023508965969085693,-0.08583176136016846,5.223605632781982,-1.4890550374984741,4.066377639770508,0.015857774764299393,0.03,1.22459077835083,-0.10187066346406937,0.33070528507232666,0.0037486066576093435,0.02207513153553009,-0.10264264047145844,0.9944663047790527,0,0,0,0,0,0,0,0,0,0,0,0,0,0
6.784214019775391,4.0,0.02437901496887207,0.08529920876026154,-0.023508965969085693,-0.08583176136016846,5.223605632781982,-1.4890550374984741,4.066377639770508,0.015857774764299393,0.03,1.22459077835083,-0.10187066346406937,0.33070528507232666,0.0037486066576093435,0.02207513153553009,-0.10264264047145844,0.9944663047790527,0,0,0,0,0,0,0,0,0,0,0,0,0,0
6.785674095153809,4.0,0.02437901496887207,0.08529920876026154,-0.023508965969085693,-0.08583176136016846,5.223605632781982,-1.4890550374984741,4.066377639770508,0.015857774764299393,0.03,1.22459077835083,-0.10187066346406937,0.33070528507232666,0.0037486066576093435,0.02207513153553009,-0.10264264047145844,0.9944663047790527,0,0,0,0,0,0,0,0,0,0,0,0,0,0
6.786771059036255,4.0,0.02437901496887207,0.08529920876026154,-0.023508965969085693,-0.08583176136016846,5.223605632781982,-1.4890550374984741,4.066377639770508,0.015857774764299393,0.03,1.22459077835083,-0.10187066346406937,0.33070528507232666,0.0037486066576093435,0.02207513153553009,-0.10264264047145844,0.9944663047790527,0,0,0,0,0,0,0,0,0,0,0,0,0,0
6.787860870361328,4.0,0.02437901496887207,0.08529920876026154,-0.023508965969085693,-0.08583176136016846,5.223605632781982,-1.4890550374984741,4.066377639770508,0.015857774764299393,0.03,1.22459077835083,-0.10187066346406937,0.33070528507232666,0.0037486066576093435,0.02207513153553009,-0.10264264047145844,0.9944663047790527,0,0,0,0,0,0,0,0,0,0,0,0,0,0
6.789166688919067,4.0,0.02437901496887207,0.08529920876026154,-0.023508965969085693,-0.08583176136016846,5.223605632781982,-1.4890550374984741,4.066377639770508,0.015857774764299393,0.03,1.22459077835083,-0.10187066346406937,0.33070528507232666,0.0037486066576093435,0.02207513153553009,-0.10264264047145844,0.9944663047790527,0,0,0,0,0,0,0,0,0,0,0,0,0,0
6.790403842926025,4.0,0.02437901496887207,0.08529920876026154,-0.023508965969085693,-0.08583176136016846,5.223605632781982,-1.4890550374984741,4.066377639770508,0.015857774764299393,0.03,1.22459077835083,-0.10187066346406937,0.33070528507232666,0.0037486066576093435,0.02207513153553009,-0.10264264047145844,0.9944663047790527,0,0,0,0,0,0,0,0,0,0,0,0,0,0
6.791527986526489,4.0,0.02437901496887207,0.08529920876026154,-0.023508965969085693,-0.08583176136016846,5.223605632781982,-1.4890550374984741,4.066377639770508,0.015857774764299393,0.03,1.22459077835083,-0.10187066346406937,0.33070528507232666,0.0037486066576093435,0.02207513153553009,-0.10264264047145844,0.9944663047790527,0,0,0,0,0,0,0,0,0,0,0,0,0,0
6.79259181022644,4.0,0.02437901496887207,0.08529920876026154,-0.023508965969085693,-0.08583176136016846,5.223605632781982,-1.4890550374984741,4.066377639770508,0.015857774764299393,0.03,1.22459077835083,-0.10187066346406937,0.33070528507232666,0.0037486066576093435,0.02207513153553009,-0.10264264047145844,0.9944663047790527,0,0,0,0,0,0,0,0,0,0,0,0,0,0
6.793892860412598,4.0,0.02437901496887207,0.08529920876026154,-0.023508965969085693,-0.08583176136016846,5.223605632781982,-1.4890550374984741,4.066377639770508,0.015857774764299393,0.03,1.22459077835083,-0.10187066346406937,0.33070528507232666,0.0037486066576093435,0.02207513153553009,-0.10264264047145844,0.9944663047790527,0,0,0,0,0,0,0,0,0,0,0,0,0,0
6.795089960098267,4.0,0.02437901496887207,0.08529920876026154,-0.023508965969085693,-0.08583176136016846,5.223605632781982,-1.4890550374984741,4.066377639770508,0.015857774764299393,0.03,1.22459077835083,-0.10187066346406937,0.33070528507232666,0.0037486066576093435,0.02207513153553009,-0.10264264047145844,0.9944663047790527,0,0,0,0,0,0,0,0,0,0,0,0,0,0
6.796828746795654,4.0,0.02437901496887207,0.08529920876026154,-0.023508965969085693,-0.08583176136016846,5.223605632781982,-1.4890550374984741,4.066377639770508,0.015857774764299393,0.03,1.22459077835083,-0.10187066346406937,0.33070528507232666,0.0037486066576093435,0.02207513153553009,-0.10264264047145844,0.9944663047790527,0,0,0,0,0,0,0,0,0,0,0,0,0,0
6.798481702804565,4.0,0.02437901496887207,0.08529920876026154,-0.023508965969085693,-0.08583176136016846,5.223605632781982,-1.4890550374984741,4.066377639770508,0.015857774764299393,0.03,1.22459077835083,-0.10187066346406937,0.33070528507232666,0.0037486066576093435,0.02207513153553009,-0.10264264047145844,0.9944663047790527,0,0,0,0,0,0,0,0,0,0,0,0,0,0
6.799687385559082,4.0,0.02437901496887207,0.08529920876026154,-0.023508965969085693,-0.08583176136016846,5.223605632781982,-1.4890550374984741,4.066377639770508,0.015857774764299393,0.03,1.22459077835083,-0.10187066346406937,0.33070528507232666,0.0037486066576093435,0.02207513153553009,-0.10264264047145844,0.9944663047790527,0,0,0,0,0,0,0,0,0,0,0,0,0,0
6.800893783569336,4.0,0.02437901496887207,0.08529920876026154,-0.023508965969085693,-0.08583176136016846,5.223605632781982,-1.4890550374984741,4.066377639770508,0.015857774764299393,0.03,1.22459077835083,-0.10187066346406937,0.33070528507232666,0.0037486066576093435,0.02207513153553009,-0.10264264047145844,0.9944663047790527,0,0,0,0,0,0,0,0,0,0,0,0,0,0
6.8021111488342285,4.0,0.02437901496887207,0.08529920876026154,-0.023508965969085693,-0.08583176136016846,5.223605632781982,-1.4890550374984741,4.066377639770508,0.015857774764299393,0.03,1.22459077835083,-0.10187066346406937,0.33070528507232666,0.0037486066576093435,0.02207513153553009,-0.10264264047145844,0.9944663047790527,0,0,0,0,0,0,0,0,0,0,0,0,0,0
6.803494930267334,4.0,0.02437901496887207,0.08529920876026154,-0.023508965969085693,-0.08583176136016846,5.223605632781982,-1.4890550374984741,4.066377639770508,0.015857774764299393,0.03,1.22459077835083,-0.10187066346406937,0.33070528507232666,0.0037486066576093435,0.02207513153553009,-0.10264264047145844,0.9944663047790527,0,0,0,0,0,0,0,0,0,0,0,0,0,0
6.804978132247925,4.0,0.02437901496887207,0.08529920876026154,-0.023508965969085693,-0.08583176136016846,5.223605632781982,-1.4890550374984741,4.066377639770508,0.015857774764299393,0.03,1.22459077835083,-0.10187066346406937,0.33070528507232666,0.0037486066576093435,0.02207513153553009,-0.10264264047145844,0.9944663047790527,0,0,0,0,0,0,0,0,0,0,0,0,0,0
6.806160926818848,4.0,0.02437901496887207,0.08529920876026154,-0.023508965969085693,-0.08583176136016846,5.223605632781982,-1.4890550374984741,4.066377639770508,0.015857774764299393,0.03,1.2260571718215942,-0.10278002917766571,0.32972830533981323,0.005816066637635231,0.02795145846903324,-0.08216417580842972,0.9962098002433777,0,0,0,0,0,0,0,0,0,0,0,0,0,0
6.8074867725372314,4.0,0.02437901496887207,0.08529920876026154,-0.023508965969085693,-0.08583176136016846,5.223605632781982,-1.4890550374984741,4.066377639770508,0.015857774764299393,0.03,1.2260571718215942,-0.10278002917766571,0.32972830533981323,0.005816066637635231,0.02795145846903324,-0.08216417580842972,0.9962098002433777,0,0,0,0,0,0,0,0,0,0,0,0,0,0
6.808884382247925,4.0,0.02437901496887207,0.08529920876026154,-0.023508965969085693,-0.08583176136016846,5.223605632781982,-1.4890550374984741,4.066377639770508,0.015857774764299393,0.03,1.2260571718215942,-0.10278002917766571,0.32972830533981323,0.005816066637635231,0.02795145846903324,-0.08216417580842972,0.9962098002433777,0,0,0,0,0,0,0,0,0,0,0,0,0,0
6.809986591339111,4.0,0.02437901496887207,0.08529920876026154,-0.023508965969085693,-0.08583176136016846,5.223605632781982,-1.4890550374984741,4.066377639770508,0.015857774764299393,0.03,1.2260571718215942,-0.10278002917766571,0.32972830533981323,0.005816066637635231,0.02795145846903324,-0.08216417580842972,0.9962098002433777,0,0,0,0,0,0,0,0,0,0,0,0,0,0
6.811057090759277,4.0,0.02437901496887207,0.08529920876026154,-0.023508965969085693,-0.08583176136016846,5.223605632781982,-1.4890550374984741,4.066377639770508,0.015857774764299393,0.03,1.2260571718215942,-0.10278002917766571,0.32972830533981323,0.005816066637635231,0.02795145846903324,-0.08216417580842972,0.9962098002433777,0,0,0,0,0,0,0,0,0,0,0,0,0,0
6.814130783081055,4.0,0.02437901496887207,0.08529920876026154,-0.023508965969085693,-0.08583176136016846,5.223605632781982,-1.4890550374984741,4.066377639770508,0.015857774764299393,0.03,1.2260571718215942,-0.10278002917766571,0.32972830533981323,0.005816066637635231,0.02795145846903324,-0.08216417580842972,0.9962098002433777,0,0,0,0,0,0,0,0,0,0,0,0,0,0
6.8157312870025635,4.0,0.02437901496887207,0.08529920876026154,-0.023508965969085693,-0.08583176136016846,5.223605632781982,-1.4890550374984741,4.066377639770508,0.015857774764299393,0.03,1.2260571718215942,-0.10278002917766571,0.32972830533981323,0.005816066637635231,0.02795145846903324,-0.08216417580842972,0.9962098002433777,0,0,0,0,0,0,0,0,0,0,0,0,0,0
6.822411775588989,4.0,0.01466900110244751,0.08694170415401459,-0.012852370738983154,-0.08722585439682007,4.357494831085205,-0.17490316927433014,2.596482515335083,-0.9714009165763855,0.03,1.2267200946807861,-0.10324603319168091,0.3292086720466614,0.007710495963692665,0.03265153989195824,-0.08646959811449051,0.9956894516944885,0,0,0,0,0,0,0,0,0,0,0,0,0,0
6.824103593826294,1.0,0.011883914470672607,0.08724482357501984,-0.008572876453399658,-0.08736073970794678,4.175026893615723,-0.008327789604663849,3.837667942047119,-0.9432552456855774,0.03,1.2271071672439575,-0.10338208079338074,0.32839977741241455,0.009321185760200024,0.03607315570116043,-0.07642233371734619,0.9963791966438293,0,0,0,0,0,0,0,0,0,0,0,0,0,0
6.826032638549805,1.0,0.004116058349609375,0.06771962344646454,-0.003104686737060547,-0.06618642807006836,2.2973570823669434,3.8741865158081055,2.571732759475708,-3.480536699295044,0.03,1.2271071672439575,-0.10338208079338074,0.32839977741241455,0.009321185760200024,0.03607315570116043,-0.07642233371734619,0.9963791966438293,0,0,0,0,0,0,0,0,0,0,0,0,0,0
6.828759431838989,1.0,0.004020214080810547,0.06062436103820801,-0.002268850803375244,-0.05849355459213257,2.069413661956787,4.0050740242004395,1.6306992769241333,-3.1134238243103027,0.03,1.2271071672439575,-0.10338208079338074,0.32839977741241455,0.009321185760200024,0.03607315570116043,-0.07642233371734619,0.9963791966438293,0,0,0,0,0,0,0,0,0,0,0,0,0,0
6.830106258392334,1.0,0.004078805446624756,0.059391140937805176,-0.0021958351135253906,-0.0577431321144104,2.2601985931396484,3.853635311126709,1.5739097595214844,-3.2347283363342285,0.03,1.2271071672439575,-0.10338208079338074,0.32839977741241455,0.009321185760200024,0.03607315570116043,-0.07642233371734619,0.9963791966438293,0,0,0,0,0,0,0,0,0,0,0,0,0,0
6.832285404205322,1.0,0.003600001335144043,0.045226871967315674,-0.0015575289726257324,-0.04226124286651611,1.9366414546966553,4.661826133728027,1.3013283014297485,-2.7629339694976807,0.03,1.2271071672439575,-0.10338208079338074,0.32839977741241455,0.009321185760200024,0.03607315570116043,-0.07642233371734619,0.9963791966438293,0,0,0,0,0,0,0,0,0,0,0,0,0,0
6.833748817443848,1.0,0.003054320812225342,0.021166890859603882,-0.0009390115737915039,-0.01698768138885498,1.6451715230941772,3.640486240386963,0.7563315033912659,-0.8621433973312378,0.03,1.2282333374023438,-0.10414577275514603,0.326271116733551,0.009952190332114697,0.05231281742453575,-0.10056228190660477,0.9935047626495361,0,0,0,0,0,0,0,0,0,0,0,0,0,0
6.837023019790649,1.0,0.003054320812225342,0.021166890859603882,-0.0009390115737915039,-0.01698768138885498,1.6451715230941772,3.640486240386963,0.7563315033912659,-0.8621433973312378,0.03,1.228340983390808,-0.10449996590614319,0.32570764422416687,0.011522050946950912,0.05592544376850128,-0.08622700721025467,0.9946379065513611,0,0,0,0,0,0,0,0,0,0,0,0,0,0
6.838123798370361,1.0,0.003054320812225342,0.021166890859603882,-0.0009390115737915039,-0.01698768138885498,1.6451715230941772,3.640486240386963,0.7563315033912659,-0.8621433973312378,0.03,1.228340983390808,-0.10449996590614319,0.32570764422416687,0.011522050946950912,0.05592544376850128,-0.08622700721025467,0.9946379065513611,0,0,0,0,0,0,0,0,0,0,0,0,0,0
6.8393871784210205,1.0,0.003054320812225342,0.021166890859603882,-0.0009390115737915039,-0.01698768138885498,1.6451715230941772,3.640486240386963,0.7563315033912659,-0.8621433973312378,0.03,1.228340983390808,-0.10449996590614319,0.32570764422416687,0.011522050946950912,0.05592544376850128,-0.08622700721025467,0.9946379065513611,0,0,0,0,0,0,0,0,0,0,0,0,0,0
6.8405561447143555,1.0,0.003054320812225342,0.021166890859603882,-0.0009390115737915039,-0.01698768138885498,1.6451715230941772,3.640486240386963,0.7563315033912659,-0.8621433973312378,0.03,1.228340983390808,-0.10449996590614319,0.32570764422416687,0.011522050946950912,0.05592544376850128,-0.08622700721025467,0.9946379065513611,0,0,0,0,0,0,0,0,0,0,0,0,0,0
6.844228982925415,1.0,0.003054320812225342,0.021166890859603882,-0.0009390115737915039,-0.01698768138885498,1.6451715230941772,3.640486240386963,0.7563315033912659,-0.8621433973312378,0.03,1.228340983390808,-0.10449996590614319,0.32570764422416687,0.011522050946950912,0.05592544376850128,-0.08622700721025467,0.9946379065513611,0,0,0,0,0,0,0,0,0,0,0,0,0,0
6.8453288078308105,1.0,0.003054320812225342,0.021166890859603882,-0.0009390115737915039,-0.01698768138885498,1.6451715230941772,3.640486240386963,0.7563315033912659,-0.8621433973312378,0.03,1.228340983390808,-0.10449996590614319,0.32570764422416687,0.011522050946950912,0.05592544376850128,-0.08622700721025467,0.9946379065513611,0,0,0,0,0,0,0,0,0,0,0,0,0,0
6.847402334213257,1.0,0.003054320812225342,0.021166890859603882,-0.0009390115737915039,-0.01698768138885498,1.6451715230941772,3.640486240386963,0.7563315033912659,-0.8621433973312378,0.03,1.228340983390808,-0.10449996590614319,0.32570764422416687,0.011522050946950912,0.05592544376850128,-0.08622700721025467,0.9946379065513611,0,0,0,0,0,0,0,0,0,0,0,0,0,0
6.848576545715332,1.0,0.003054320812225342,0.021166890859603882,-0.0009390115737915039,-0.01698768138885498,1.6451715230941772,3.640486240386963,0.7563315033912659,-0.8621433973312378,0.03,1.228340983390808,-0.10449996590614319,0.32570764422416687,0.011522050946950912,0.05592544376850128,-0.08622700721025467,0.9946379065513611,0,0,0,0,0,0,0,0,0,0,0,0,0,0
6.849841356277466,1.0,0.003054320812225342,0.021166890859603882,-0.0009390115737915039,-0.01698768138885498,1.6451715230941772,3.640486240386963,0.7563315033912659,-0.8621433973312378,0.03,1.228340983390808,-0.10449996590614319,0.32570764422416687,0.011522050946950912,0.05592544376850128,-0.08622700721025467,0.9946379065513611,0,0,0,0,0,0,0,0,0,0,0,0,0,0
6.850926399230957,1.0,0.003054320812225342,0.021166890859603882,-0.0009390115737915039,-0.01698768138885498,1.6451715230941772,3.640486240386963,0.7563315033912659,-0.8621433973312378,0.03,1.2285289764404297,-0.10460251569747925,0.32508793473243713,0.016786372289061546,0.062330905348062515,-0.07219073176383972,0.9952998161315918,0,0,0,0,0,0,0,0,0,0,0,0,0,0
6.852001667022705,1.0,0.003054320812225342,0.021166890859603882,-0.0009390115737915039,-0.01698768138885498,1.6451715230941772,3.640486240386963,0.7563315033912659,-0.8621433973312378,0.03,1.2285289764404297,-0.10460251569747925,0.32508793473243713,0.016786372289061546,0.062330905348062515,-0.07219073176383972,0.9952998161315918,0,0,0,0,0,0,0,0,0,0,0,0,0,0
6.853087663650513,1.0,0.003054320812225342,0.021166890859603882,-0.0009390115737915039,-0.01698768138885498,1.6451715230941772,3.640486240386963,0.7563315033912659,-0.8621433973312378,0.03,1.2285289764404297,-0.10460251569747925,0.32508793473243713,0.016786372289061546,0.062330905348062515,-0.07219073176383972,0.9952998161315918,0,0,0,0,0,0,0,0,0,0,0,0,0,0
6.854151010513306,1.0,0.003054320812225342,0.021166890859603882,-0.0009390115737915039,-0.01698768138885498,1.6451715230941772,3.640486240386963,0.7563315033912659,-0.8621433973312378,0.03,1.2285289764404297,-0.10460251569747925,0.32508793473243713,0.016786372289061546,0.062330905348062515,-0.07219073176383972,0.9952998161315918,0,0,0,0,0,0,0,0,0,0,0,0,0,0
6.855231285095215,1.0,0.003054320812225342,0.021166890859603882,-0.0009390115737915039,-0.01698768138885498,1.6451715230941772,3.640486240386963,0.7563315033912659,-0.8621433973312378,0.03,1.2285289764404297,-0.10460251569747925,0.32508793473243713,0.016786372289061546,0.062330905348062515,-0.07219073176383972,0.9952998161315918,0,0,0,0,0,0,0,0,0,0,0,0,0,0
6.856480598449707,1.0,0.003054320812225342,0.021166890859603882,-0.0009390115737915039,-0.01698768138885498,1.6451715230941772,3.640486240386963,0.7563315033912659,-0.8621433973312378,0.03,1.2285289764404297,-0.10460251569747925,0.32508793473243713,0.016786372289061546,0.062330905348062515,-0.07219073176383972,0.9952998161315918,0,0,0,0,0,0,0,0,0,0,0,0,0,0
6.857709646224976,1.0,0.003054320812225342,0.021166890859603882,-0.0009390115737915039,-0.01698768138885498,1.6451715230941772,3.640486240386963,0.7563315033912659,-0.8621433973312378,0.03,1.2285289764404297,-0.10460251569747925,0.32508793473243713,0.016786372289061546,0.062330905348062515,-0.07219073176383972,0.9952998161315918,0,0,0,0,0,0,0,0,0,0,0,0,0,0
6.8590803146362305,1.0,0.003054320812225342,0.021166890859603882,-0.0009390115737915039,-0.01698768138885498,1.6451715230941772,3.640486240386963,0.7563315033912659,-0.8621433973312378,0.03,1.2285289764404297,-0.10460251569747925,0.32508793473243713,0.016786372289061546,0.062330905348062515,-0.07219073176383972,0.9952998161315918,0,0,0,0,0,0,0,0,0,0,0,0,0,0
6.860214471817017,1.0,0.003054320812225342,0.021166890859603882,-0.0009390115737915039,-0.01698768138885498,1.6451715230941772,3.640486240386963,0.7563315033912659,-0.8621433973312378,0.03,1.2285289764404297,-0.10460251569747925,0.32508793473243713,0.016786372289061546,0.062330905348062515,-0.07219073176383972,0.9952998161315918,0,0,0,0,0,0,0,0,0,0,0,0,0,0
6.861365795135498,1.0,0.003054320812225342,0.021166890859603882,-0.0009390115737915039,-0.01698768138885498,1.6451715230941772,3.640486240386963,0.7563315033912659,-0.8621433973312378,0.03,1.2285289764404297,-0.10460251569747925,0.32508793473243713,0.016786372289061546,0.062330905348062515,-0.07219073176383972,0.9952998161315918,0,0,0,0,0,0,0,0,0,0,0,0,0,0
6.862469434738159,1.0,0.003054320812225342,0.021166890859603882,-0.0009390115737915039,-0.01698768138885498,1.6451715230941772,3.640486240386963,0.7563315033912659,-0.8621433973312378,0.03,1.2285289764404297,-0.10460251569747925,0.32508793473243713,0.016786372289061546,0.062330905348062515,-0.07219073176383972,0.9952998161315918,0,0,0,0,0,0,0,0,0,0,0,0,0,0
6.863733768463135,1.0,0.003054320812225342,0.021166890859603882,-0.0009390115737915039,-0.01698768138885498,1.6451715230941772,3.640486240386963,0.7563315033912659,-0.8621433973312378,0.03,1.2285289764404297,-0.10460251569747925,0.32508793473243713,0.016786372289061546,0.062330905348062515,-0.07219073176383972,0.9952998161315918,0,0,0,0,0,0,0,0,0,0,0,0,0,0
6.865283966064453,1.0,0.003054320812225342,0.021166890859603882,-0.0009390115737915039,-0.01698768138885498,1.6451715230941772,3.640486240386963,0.7563315033912659,-0.8621433973312378,0.03,1.2285289764404297,-0.10460251569747925,0.32508793473243713,0.016786372289061546,0.062330905348062515,-0.07219073176383972,0.9952998161315918,0,0,0,0,0,0,0,0,0,0,0,0,0,0
6.867004871368408,1.0,0.003054320812225342,0.021166890859603882,-0.0009390115737915039,-0.01698768138885498,1.6451715230941772,3.640486240386963,0.7563315033912659,-0.8621433973312378,0.03,1.2285289764404297,-0.10460251569747925,0.32508793473243713,0.016786372289061546,0.062330905348062515,-0.07219073176383972,0.9952998161315918,0,0,0,0,0,0,0,0,0,0,0,0,0,0
6.868212938308716,1.0,0.003054320812225342,0.021166890859603882,-0.0009390115737915039,-0.01698768138885498,1.6451715230941772,3.640486240386963,0.7563315033912659,-0.8621433973312378,0.03,1.2285289764404297,-0.10460251569747925,0.32508793473243713,0.016786372289061546,0.062330905348062515,-0.07219073176383972,0.9952998161315918,0,0,0,0,0,0,0,0,0,0,0,0,0,0
6.869457006454468,1.0,0.003054320812225342,0.021166890859603882,-0.0009390115737915039,-0.01698768138885498,1.6451715230941772,3.640486240386963,0.7563315033912659,-0.8621433973312378,0.03,1.2285289764404297,-0.10460251569747925,0.32508793473243713,0.016786372289061546,0.062330905348062515,-0.07219073176383972,0.9952998161315918,0,0,0,0,0,0,0,0,0,0,0,0,0,0
6.871082067489624,1.0,0.003054320812225342,0.021166890859603882,-0.0009390115737915039,-0.01698768138885498,1.6451715230941772,3.640486240386963,0.7563315033912659,-0.8621433973312378,0.03,1.2285289764404297,-0.10460251569747925,0.32508793473243713,0.016786372289061546,0.062330905348062515,-0.07219073176383972,0.9952998161315918,0,0,0,0,0,0,0,0,0,0,0,0,0,0
6.873348951339722,1.0,0.003054320812225342,0.021166890859603882,-0.0009390115737915039,-0.01698768138885498,1.6451715230941772,3.640486240386963,0.7563315033912659,-0.8621433973312378,0.03,1.2285289764404297,-0.10460251569747925,0.32508793473243713,0.016786372289061546,0.062330905348062515,-0.07219073176383972,0.9952998161315918,0,0,0,0,0,0,0,0,0,0,0,0,0,0
6.874748945236206,1.0,0.003054320812225342,0.021166890859603882,-0.0009390115737915039,-0.01698768138885498,1.6451715230941772,3.640486240386963,0.7563315033912659,-0.8621433973312378,0.03,1.2285289764404297,-0.10460251569747925,0.32508793473243713,0.016786372289061546,0.062330905348062515,-0.07219073176383972,0.9952998161315918,0,0,0,0,0,0,0,0,0,0,0,0,0,0
6.877005100250244,1.0,0.003054320812225342,0.021166890859603882,-0.0009390115737915039,-0.01698768138885498,1.6451715230941772,3.640486240386963,0.7563315033912659,-0.8621433973312378,0.03,1.2285289764404297,-0.10460251569747925,0.32508793473243713,0.016786372289061546,0.062330905348062515,-0.07219073176383972,0.9952998161315918,0,0,0,0,0,0,0,0,0,0,0,0,0,0
6.878158807754517,1.0,0.003054320812225342,0.021166890859603882,-0.0009390115737915039,-0.01698768138885498,1.6451715230941772,3.640486240386963,0.7563315033912659,-0.8621433973312378,0.03,1.2285289764404297,-0.10460251569747925,0.32508793473243713,0.016786372289061546,0.062330905348062515,-0.07219073176383972,0.9952998161315918,0,0,0,0,0,0,0,0,0,0,0,0,0,0
6.87934947013855,1.0,0.003054320812225342,0.021166890859603882,-0.0009390115737915039,-0.01698768138885498,1.6451715230941772,3.640486240386963,0.7563315033912659,-0.8621433973312378,0.03,1.2285289764404297,-0.10460251569747925,0.32508793473243713,0.016786372289061546,0.062330905348062515,-0.07219073176383972,0.9952998161315918,0,0,0,0,0,0,0,0,0,0,0,0,0,0
6.880505084991455,1.0,0.003054320812225342,0.021166890859603882,-0.0009390115737915039,-0.01698768138885498,1.6451715230941772,3.640486240386963,0.7563315033912659,-0.8621433973312378,0.03,1.2283673286437988,-0.10440651327371597,0.324276328086853,0.01791808195412159,0.06641343235969543,-0.07931947708129883,0.9944730997085571,0,0,0,0,0,0,0,0,0,0,0,0,0,0
6.881718158721924,1.0,0.003054320812225342,0.021166890859603882,-0.0009390115737915039,-0.01698768138885498,1.6451715230941772,3.640486240386963,0.7563315033912659,-0.8621433973312378,0.03,1.2283484935760498,-0.10461769253015518,0.32370254397392273,0.016182048246264458,0.07149443030357361,-0.09226666390895844,0.9930325746536255,0,0,0,0,0,0,0,0,0,0,0,0,0,0
6.882887601852417,1.0,0.003054320812225342,0.021166890859603882,-0.0009390115737915039,-0.01698768138885498,1.6451715230941772,3.640486240386963,0.7563315033912659,-0.8621433973312378,0.03,1.2283484935760498,-0.10461769253015518,0.32370254397392273,0.016182048246264458,0.07149443030357361,-0.09226666390895844,0.9930325746536255,0,0,0,0,0,0,0,0,0,0,0,0,0,0
6.883975028991699,1.0,0.003054320812225342,0.021166890859603882,-0.0009390115737915039,-0.01698768138885498,1.6451715230941772,3.640486240386963,0.7563315033912659,-0.8621433973312378,0.03,1.2283484935760498,-0.10461769253015518,0.32370254397392273,0.016182048246264458,0.07149443030357361,-0.09226666390895844,0.9930325746536255,0,0,0,0,0,0,0,0,0,0,0,0,0,0
6.885808706283569,1.0,0.003054320812225342,0.021166890859603882,-0.0009390115737915039,-0.01698768138885498,1.6451715230941772,3.640486240386963,0.7563315033912659,-0.8621433973312378,0.03,1.2283484935760498,-0.10461769253015518,0.32370254397392273,0.016182048246264458,0.07149443030357361,-0.09226666390895844,0.9930325746536255,0,0,0,0,0,0,0,0,0,0,0,0,0,0
6.887099981307983,1.0,0.003036201000213623,0.02034960687160492,-0.0008367300033569336,-0.015417039394378662,1.6240161657333374,4.128146171569824,0.6575573086738586,-1.3158018589019775,0.03,1.2283484935760498,-0.10461769253015518,0.32370254397392273,0.016182048246264458,0.07149443030357361,-0.09226666390895844,0.9930325746536255,0,0,0,0,0,0,0,0,0,0,0,0,0,0
6.8883445262908936,1.0,0.003036201000213623,0.02034960687160492,-0.0008367300033569336,-0.015417039394378662,1.6240161657333374,4.128146171569824,0.6575573086738586,-1.3158018589019775,0.03,1.2283484935760498,-0.10461769253015518,0.32370254397392273,0.016182048246264458,0.07149443030357361,-0.09226666390895844,0.9930325746536255,0,0,0,0,0,0,0,0,0,0,0,0,0,0
6.88993501663208,1.0,0.003036201000213623,0.02034960687160492,-0.0008367300033569336,-0.015417039394378662,1.6240161657333374,4.128146171569824,0.6575573086738586,-1.3158018589019775,0.03,1.2283484935760498,-0.10461769253015518,0.32370254397392273,0.016182048246264458,0.07149443030357361,-0.09226666390895844,0.9930325746536255,0,0,0,0,0,0,0,0,0,0,0,0,0,0
6.891402006149292,1.0,0.003036201000213623,0.02034960687160492,-0.0008367300033569336,-0.015417039394378662,1.6240161657333374,4.128146171569824,0.6575573086738586,-1.3158018589019775,0.03,1.2283484935760498,-0.10461769253015518,0.32370254397392273,0.016182048246264458,0.07149443030357361,-0.09226666390895844,0.9930325746536255,0,0,0,0,0,0,0,0,0,0,0,0,0,0
6.892581939697266,1.0,0.003036201000213623,0.02034960687160492,-0.0008367300033569336,-0.015417039394378662,1.6240161657333374,4.128146171569824,0.6575573086738586,-1.3158018589019775,0.03,1.2283484935760498,-0.10461769253015518,0.32370254397392273,0.016182048246264458,0.07149443030357361,-0.09226666390895844,0.9930325746536255,0,0,0,0,0,0,0,0,0,0,0,0,0,0
6.895350933074951,1.0,0.003036201000213623,0.02034960687160492,-0.0008367300033569336,-0.015417039394378662,1.6240161657333374,4.128146171569824,0.6575573086738586,-1.3158018589019775,0.03,1.2283484935760498,-0.10461769253015518,0.32370254397392273,0.016182048246264458,0.07149443030357361,-0.09226666390895844,0.9930325746536255,0,0,0,0,0,0,0,0,0,0,0,0,0,0
6.8967883586883545,1.0,0.003036201000213623,0.02034960687160492,-0.0008367300033569336,-0.015417039394378662,1.6240161657333374,4.128146171569824,0.6575573086738586,-1.3158018589019775,0.03,1.2283484935760498,-0.10461769253015518,0.32370254397392273,0.016182048246264458,0.07149443030357361,-0.09226666390895844,0.9930325746536255,0,0,0,0,0,0,0,0,0,0,0,0,0,0
6.898070812225342,1.0,0.003036201000213623,0.02034960687160492,-0.0008367300033569336,-0.015417039394378662,1.6240161657333374,4.128146171569824,0.6575573086738586,-1.3158018589019775,0.03,1.2283484935760498,-0.10461769253015518,0.32370254397392273,0.016182048246264458,0.07149443030357361,-0.09226666390895844,0.9930325746536255,0,0,0,0,0,0,0,0,0,0,0,0,0,0
6.899589538574219,1.0,0.003036201000213623,0.02034960687160492,-0.0008367300033569336,-0.015417039394378662,1.6240161657333374,4.128146171569824,0.6575573086738586,-1.3158018589019775,0.03,1.2283484935760498,-0.10461769253015518,0.32370254397392273,0.016182048246264458,0.07149443030357361,-0.09226666390895844,0.9930325746536255,0,0,0,0,0,0,0,0,0,0,0,0,0,0
6.9008989334106445,1.0,0.003036201000213623,0.02034960687160492,-0.0008367300033569336,-0.015417039394378662,1.6240161657333374,4.128146171569824,0.6575573086738586,-1.3158018589019775,0.03,1.2283484935760498,-0.10461769253015518,0.32370254397392273,0.016182048246264458,0.07149443030357361,-0.09226666390895844,0.9930325746536255,0,0,0,0,0,0,0,0,0,0,0,0,0,0
6.9027814865112305,1.0,0.002508819103240967,0.002088874578475952,-0.0006113648414611816,0.001862943172454834,1.2805356979370117,3.378349542617798,0.6324760913848877,0.01956060715019703,0.03,1.2283484935760498,-0.10461769253015518,0.32370254397392273,0.016182048246264458,0.07149443030357361,-0.09226666390895844,0.9930325746536255,0,0,0,0,0,0,0,0,0,0,0,0,0,0
6.905694246292114,1.0,0.002508819103240967,0.002088874578475952,-0.0006113648414611816,0.001862943172454834,1.2805356979370117,3.378349542617798,0.6324760913848877,0.01956060715019703,0.03,1.2283484935760498,-0.10461769253015518,0.32370254397392273,0.016182048246264458,0.07149443030357361,-0.09226666390895844,0.9930325746536255,0,0,0,0,0,0,0,0,0,0,0,0,0,0
6.906968116760254,1.0,0.002508819103240967,0.002088874578475952,-0.0006113648414611816,0.001862943172454834,1.2805356979370117,3.378349542617798,0.6324760913848877,0.01956060715019703,0.03,1.2281551361083984,-0.10436759889125824,0.32297614216804504,0.017051614820957184,0.07815907895565033,-0.0884343609213829,0.9928644895553589,0,0,0,0,0,0,0,0,0,0,0,0,0,0
6.908506393432617,1.0,0.002508819103240967,0.002088874578475952,-0.0006113648414611816,0.001862943172454834,1.2805356979370117,3.378349542617798,0.6324760913848877,0.01956060715019703,0.03,1.2281551361083984,-0.10436759889125824,0.32297614216804504,0.017051614820957184,0.07815907895565033,-0.0884343609213829,0.9928644895553589,0,0,0,0,0,0,0,0,0,0,0,0,0,0
6.910605430603027,1.0,0.002508819103240967,0.002088874578475952,-0.0006113648414611816,0.001862943172454834,1.2805356979370117,3.378349542617798,0.6324760913848877,0.01956060715019703,0.03,1.2281551361083984,-0.10436759889125824,0.32297614216804504,0.017051614820957184,0.07815907895565033,-0.0884343609213829,0.9928644895553589,0,0,0,0,0,0,0,0,0,0,0,0,0,0
6.912540674209595,1.0,0.002508819103240967,0.002088874578475952,-0.0006113648414611816,0.001862943172454834,1.2805356979370117,3.378349542617798,0.6324760913848877,0.01956060715019703,0.03,1.2281551361083984,-0.10436759889125824,0.32297614216804504,0.017051614820957184,0.07815907895565033,-0.0884343609213829,0.9928644895553589,0,0,0,0,0,0,0,0,0,0,0,0,0,0
6.91449761390686,1.0,0.002508819103240967,0.002088874578475952,-0.0006113648414611816,0.001862943172454834,1.2805356979370117,3.378349542617798,0.6324760913848877,0.01956060715019703,0.03,1.2281551361083984,-0.10436759889125824,0.32297614216804504,0.017051614820957184,0.07815907895565033,-0.0884343609213829,0.9928644895553589,0,0,0,0,0,0,0,0,0,0,0,0,0,0
6.915776252746582,1.0,0.002508819103240967,0.002088874578475952,-0.0006113648414611816,0.001862943172454834,1.2805356979370117,3.378349542617798,0.6324760913848877,0.01956060715019703,0.03,1.2281551361083984,-0.10436759889125824,0.32297614216804504,0.017051614820957184,0.07815907895565033,-0.0884343609213829,0.9928644895553589,0,0,0,0,0,0,0,0,0,0,0,0,0,0
6.917103290557861,1.0,0.002508819103240967,0.002088874578475952,-0.0006113648414611816,0.001862943172454834,1.2805356979370117,3.378349542617798,0.6324760913848877,0.01956060715019703,0.03,1.2281551361083984,-0.10436759889125824,0.32297614216804504,0.017051614820957184,0.07815907895565033,-0.0884343609213829,0.9928644895553589,0,0,0,0,0,0,0,0,0,0,0,0,0,0
6.918913841247559,1.0,0.002508819103240967,0.002088874578475952,-0.0006113648414611816,0.001862943172454834,1.2805356979370117,3.378349542617798,0.6324760913848877,0.01956060715019703,0.03,1.2281551361083984,-0.10436759889125824,0.32297614216804504,0.017051614820957184,0.07815907895565033,-0.0884343609213829,0.9928644895553589,0,0,0,0,0,0,0,0,0,0,0,0,0,0
6.922715425491333,1.0,0.0018941760063171387,-0.028192318975925446,-0.0006844401359558105,0.0306282639503479,0.9255660176277161,1.9155315160751343,0.7036098837852478,-0.35230910778045654,0.03,1.2281432151794434,-0.10476552695035934,0.3224151134490967,0.013487735763192177,0.08398731797933578,-0.11611887067556381,0.9895861148834229,0,0,0,0,0,0,0,0,0,0,0,0,0,0
6.924064874649048,1.0,0.0018941760063171387,-0.028192318975925446,-0.0006844401359558105,0.0306282639503479,0.9255660176277161,1.9155315160751343,0.7036098837852478,-0.35230910778045654,0.03,1.2281432151794434,-0.10476552695035934,0.3224151134490967,0.013487735763192177,0.08398731797933578,-0.11611887067556381,0.9895861148834229,0,0,0,0,0,0,0,0,0,0,0,0,0,0
6.927456855773926,1.0,0.0018941760063171387,-0.028192318975925446,-0.0006844401359558105,0.0306282639503479,0.9255660176277161,1.9155315160751343,0.7036098837852478,-0.35230910778045654,0.03,1.2281432151794434,-0.10476552695035934,0.3224151134490967,0.013487735763192177,0.08398731797933578,-0.11611887067556381,0.9895861148834229,0,0,0,0,0,0,0,0,0,0,0,0,0,0
6.928526878356934,1.0,0.0018649697303771973,-0.04058896005153656,-0.0006940364837646484,0.04209643602371216,0.9431067705154419,1.492679476737976,0.7236672043800354,-0.5620630979537964,0.03,1.2280480861663818,-0.10443014651536942,0.32215505838394165,0.008715611882507801,0.08695635199546814,-0.1416657269001007,0.9860494136810303,0,0,0,0,0,0,0,0,0,0,0,0,0,0
6.930054187774658,1.0,0.0018649697303771973,-0.04058896005153656,-0.0006940364837646484,0.04209643602371216,0.9431067705154419,1.492679476737976,0.7236672043800354,-0.5620630979537964,0.03,1.2280480861663818,-0.10443014651536942,0.32215505838394165,0.008715611882507801,0.08695635199546814,-0.1416657269001007,0.9860494136810303,0,0,0,0,0,0,0,0,0,0,0,0,0,0
6.9311559200286865,1.0,0.0018649697303771973,-0.04058896005153656,-0.0006940364837646484,0.04209643602371216,0.9431067705154419,1.492679476737976,0.7236672043800354,-0.5620630979537964,0.03,1.2280480861663818,-0.10443014651536942,0.32215505838394165,0.008715611882507801,0.08695635199546814,-0.1416657269001007,0.9860494136810303,0,0,0,0,0,0,0,0,0,0,0,0,0,0
6.9322896003723145,1.0,0.0018721222877502441,-0.04187942296266556,-0.0006951689720153809,0.04334360361099243,0.9736198782920837,1.7257118225097656,0.7372835874557495,-0.8276548981666565,0.03,1.2280480861663818,-0.10443014651536942,0.32215505838394165,0.008715611882507801,0.08695635199546814,-0.1416657269001007,0.9860494136810303,0,0,0,0,0,0,0,0,0,0,0,0,0,0
6.9334306716918945,1.0,0.0018721222877502441,-0.04187942296266556,-0.0006951689720153809,0.04334360361099243,0.9736198782920837,1.7257118225097656,0.7372835874557495,-0.8276548981666565,0.03,1.2279795408248901,-0.10441611707210541,0.3222135603427887,0.008651300333440304,0.08666273206472397,-0.14457720518112183,0.9856532216072083,0,0,0,0,0,0,0,0,0,0,0,0,0,0
6.934625625610352,1.0,0.0018721222877502441,-0.04187942296266556,-0.0006951689720153809,0.04334360361099243,0.9736198782920837,1.7257118225097656,0.7372835874557495,-0.8276548981666565,0.03,1.2279795408248901,-0.10441611707210541,0.3222135603427887,0.008651300333440304,0.08666273206472397,-0.14457720518112183,0.9856532216072083,0,0,0,0,0,0,0,0,0,0,0,0,0,0
6.935721397399902,1.0,0.0018721222877502441,-0.04187942296266556,-0.0006951689720153809,0.04334360361099243,0.9736198782920837,1.7257118225097656,0.7372835874557495,-0.8276548981666565,0.03,1.2279795408248901,-0.10441611707210541,0.3222135603427887,0.008651300333440304,0.08666273206472397,-0.14457720518112183,0.9856532216072083,0,0,0,0,0,0,0,0,0,0,0,0,0,0
6.936842441558838,1.0,0.0018721222877502441,-0.04187942296266556,-0.0006951689720153809,0.04334360361099243,0.9736198782920837,1.7257118225097656,0.7372835874557495,-0.8276548981666565,0.03,1.2279795408248901,-0.10441611707210541,0.3222135603427887,0.008651300333440304,0.08666273206472397,-0.14457720518112183,0.9856532216072083,0,0,0,0,0,0,0,0,0,0,0,0,0,0
6.9380128383636475,1.0,0.0018721222877502441,-0.04187942296266556,-0.0006951689720153809,0.04334360361099243,0.9736198782920837,1.7257118225097656,0.7372835874557495,-0.8276548981666565,0.03,1.2279795408248901,-0.10441611707210541,0.3222135603427887,0.008651300333440304,0.08666273206472397,-0.14457720518112183,0.9856532216072083,0,0,0,0,0,0,0,0,0,0,0,0,0,0
6.939253330230713,1.0,0.0018721222877502441,-0.04187942296266556,-0.0006951689720153809,0.04334360361099243,0.9736198782920837,1.7257118225097656,0.7372835874557495,-0.8276548981666565,0.03,1.2279795408248901,-0.10441611707210541,0.3222135603427887,0.008651300333440304,0.08666273206472397,-0.14457720518112183,0.9856532216072083,0,0,0,0,0,0,0,0,0,0,0,0,0,0
6.940332889556885,1.0,0.0018721222877502441,-0.04187942296266556,-0.0006951689720153809,0.04334360361099243,0.9736198782920837,1.7257118225097656,0.7372835874557495,-0.8276548981666565,0.03,1.2279795408248901,-0.10441611707210541,0.3222135603427887,0.008651300333440304,0.08666273206472397,-0.14457720518112183,0.9856532216072083,0,0,0,0,0,0,0,0,0,0,0,0,0,0
6.941495895385742,1.0,0.0018721222877502441,-0.04187942296266556,-0.0006951689720153809,0.04334360361099243,0.9736198782920837,1.7257118225097656,0.7372835874557495,-0.8276548981666565,0.03,1.2279795408248901,-0.10441611707210541,0.3222135603427887,0.008651300333440304,0.08666273206472397,-0.14457720518112183,0.9856532216072083,0,0,0,0,0,0,0,0,0,0,0,0,0,0
6.943237066268921,1.0,0.0018721222877502441,-0.04187942296266556,-0.0006951689720153809,0.04334360361099243,0.9736198782920837,1.7257118225097656,0.7372835874557495,-0.8276548981666565,0.03,1.2279795408248901,-0.10441611707210541,0.3222135603427887,0.008651300333440304,0.08666273206472397,-0.14457720518112183,0.9856532216072083,0,0,0,0,0,0,0,0,0,0,0,0,0,0
6.944502353668213,1.0,0.0018721222877502441,-0.04187942296266556,-0.0006951689720153809,0.04334360361099243,0.9736198782920837,1.7257118225097656,0.7372835874557495,-0.8276548981666565,0.03,1.2279795408248901,-0.10441611707210541,0.3222135603427887,0.008651300333440304,0.08666273206472397,-0.14457720518112183,0.9856532216072083,0,0,0,0,0,0,0,0,0,0,0,0,0,0
6.947546720504761,1.0,0.0018721222877502441,-0.04187942296266556,-0.0006951689720153809,0.04334360361099243,0.9736198782920837,1.7257118225097656,0.7372835874557495,-0.8276548981666565,0.03,1.227958083152771,-0.10443628579378128,0.3222106099128723,0.008486303500831127,0.0864221528172493,-0.14540480077266693,0.985554039478302,0,0,0,0,0,0,0,0,0,0,0,0,0,0
6.948765993118286,1.0,0.0018721222877502441,-0.04187942296266556,-0.0006951689720153809,0.04334360361099243,0.9736198782920837,1.7257118225097656,0.7372835874557495,-0.8276548981666565,0.03,1.2279884815216064,-0.10459078848361969,0.32218998670578003,0.0058564962819218636,0.08515387773513794,-0.15341804921627045,0.9844681620597839,0,0,0,0,0,0,0,0,0,0,0,0,0,0
6.950050592422485,1.0,0.0018721222877502441,-0.04187942296266556,-0.0006951689720153809,0.04334360361099243,0.9736198782920837,1.7257118225097656,0.7372835874557495,-0.8276548981666565,0.03,1.2279884815216064,-0.10459078848361969,0.32218998670578003,0.0058564962819218636,0.08515387773513794,-0.15341804921627045,0.9844681620597839,0,0,0,0,0,0,0,0,0,0,0,0,0,0
6.9512903690338135,1.0,0.0018721222877502441,-0.04187942296266556,-0.0006951689720153809,0.04334360361099243,0.9736198782920837,1.7257118225097656,0.7372835874557495,-0.8276548981666565,0.03,1.2279884815216064,-0.10459078848361969,0.32218998670578003,0.0058564962819218636,0.08515387773513794,-0.15341804921627045,0.9844681620597839,0,0,0,0,0,0,0,0,0,0,0,0,0,0
6.953796863555908,1.0,0.0018721222877502441,-0.04187942296266556,-0.0006951689720153809,0.04334360361099243,0.9736198782920837,1.7257118225097656,0.7372835874557495,-0.8276548981666565,0.03,1.2279884815216064,-0.10459078848361969,0.32218998670578003,0.0058564962819218636,0.08515387773513794,-0.15341804921627045,0.9844681620597839,0,0,0,0,0,0,0,0,0,0,0,0,0,0
6.955411195755005,1.0,0.0018721222877502441,-0.04187942296266556,-0.0006951689720153809,0.04334360361099243,0.9736198782920837,1.7257118225097656,0.7372835874557495,-0.8276548981666565,0.03,1.2279884815216064,-0.10459078848361969,0.32218998670578003,0.0058564962819218636,0.08515387773513794,-0.15341804921627045,0.9844681620597839,0,0,0,0,0,0,0,0,0,0,0,0,0,0
6.956485748291016,1.0,0.0018721222877502441,-0.04187942296266556,-0.0006951689720153809,0.04334360361099243,0.9736198782920837,1.7257118225097656,0.7372835874557495,-0.8276548981666565,0.03,1.2279884815216064,-0.10459078848361969,0.32218998670578003,0.0058564962819218636,0.08515387773513794,-0.15341804921627045,0.9844681620597839,0,0,0,0,0,0,0,0,0,0,0,0,0,0
6.957547426223755,1.0,0.0018721222877502441,-0.04187942296266556,-0.0006951689720153809,0.04334360361099243,0.9736198782920837,1.7257118225097656,0.7372835874557495,-0.8276548981666565,0.03,1.2279884815216064,-0.10459078848361969,0.32218998670578003,0.0058564962819218636,0.08515387773513794,-0.15341804921627045,0.9844681620597839,0,0,0,0,0,0,0,0,0,0,0,0,0,0
6.959403991699219,1.0,0.0018721222877502441,-0.04187942296266556,-0.0006951689720153809,0.04334360361099243,0.9736198782920837,1.7257118225097656,0.7372835874557495,-0.8276548981666565,0.03,1.2279884815216064,-0.10459078848361969,0.32218998670578003,0.0058564962819218636,0.08515387773513794,-0.15341804921627045,0.9844681620597839,0,0,0,0,0,0,0,0,0,0,0,0,0,0
6.960859775543213,1.0,0.0018721222877502441,-0.04187942296266556,-0.0006951689720153809,0.04334360361099243,0.9736198782920837,1.7257118225097656,0.7372835874557495,-0.8276548981666565,0.03,1.2279884815216064,-0.10459078848361969,0.32218998670578003,0.0058564962819218636,0.08515387773513794,-0.15341804921627045,0.9844681620597839,0,0,0,0,0,0,0,0,0,0,0,0,0,0
6.961941957473755,1.0,0.0018721222877502441,-0.04187942296266556,-0.0006951689720153809,0.04334360361099243,0.9736198782920837,1.7257118225097656,0.7372835874557495,-0.8276548981666565,0.03,1.2279884815216064,-0.10459078848361969,0.32218998670578003,0.0058564962819218636,0.08515387773513794,-0.15341804921627045,0.9844681620597839,0,0,0,0,0,0,0,0,0,0,0,0,0,0
6.96311092376709,1.0,0.0018721222877502441,-0.04187942296266556,-0.0006951689720153809,0.04334360361099243,0.9736198782920837,1.7257118225097656,0.7372835874557495,-0.8276548981666565,0.03,1.2279884815216064,-0.10459078848361969,0.32218998670578003,0.0058564962819218636,0.08515387773513794,-0.15341804921627045,0.9844681620597839,0,0,0,0,0,0,0,0,0,0,0,0,0,0
6.964491367340088,1.0,0.0018721222877502441,-0.04187942296266556,-0.0006951689720153809,0.04334360361099243,0.9736198782920837,1.7257118225097656,0.7372835874557495,-0.8276548981666565,0.03,1.2279884815216064,-0.10459078848361969,0.32218998670578003,0.0058564962819218636,0.08515387773513794,-0.15341804921627045,0.9844681620597839,0,0,0,0,0,0,0,0,0,0,0,0,0,0
6.965862512588501,1.0,0.0018721222877502441,-0.04187942296266556,-0.0006951689720153809,0.04334360361099243,0.9736198782920837,1.7257118225097656,0.7372835874557495,-0.8276548981666565,0.03,1.2279884815216064,-0.10459078848361969,0.32218998670578003,0.0058564962819218636,0.08515387773513794,-0.15341804921627045,0.9844681620597839,0,0,0,0,0,0,0,0,0,0,0,0,0,0
6.967387676239014,1.0,0.0018721222877502441,-0.04187942296266556,-0.0006951689720153809,0.04334360361099243,0.9736198782920837,1.7257118225097656,0.7372835874557495,-0.8276548981666565,0.03,1.2279884815216064,-0.10459078848361969,0.32218998670578003,0.0058564962819218636,0.08515387773513794,-0.15341804921627045,0.9844681620597839,0,0,0,0,0,0,0,0,0,0,0,0,0,0
6.968844175338745,1.0,0.0018721222877502441,-0.04187942296266556,-0.0006951689720153809,0.04334360361099243,0.9736198782920837,1.7257118225097656,0.7372835874557495,-0.8276548981666565,0.03,1.2279884815216064,-0.10459078848361969,0.32218998670578003,0.0058564962819218636,0.08515387773513794,-0.15341804921627045,0.9844681620597839,0,0,0,0,0,0,0,0,0,0,0,0,0,0
6.9704978466033936,1.0,0.0018721222877502441,-0.04187942296266556,-0.0006951689720153809,0.04334360361099243,0.9736198782920837,1.7257118225097656,0.7372835874557495,-0.8276548981666565,0.03,1.2280534505844116,-0.10463743656873703,0.32239261269569397,0.0076769632287323475,0.08494307845830917,-0.14379268884658813,0.9859257340431213,0,0,0,0,0,0,0,0,0,0,0,0,0,0
6.9724884033203125,1.0,0.0018721222877502441,-0.04187942296266556,-0.0006951689720153809,0.04334360361099243,0.9736198782920837,1.7257118225097656,0.7372835874557495,-0.8276548981666565,0.03,1.2280534505844116,-0.10463743656873703,0.32239261269569397,0.0076769632287323475,0.08494307845830917,-0.14379268884658813,0.9859257340431213,0,0,0,0,0,0,0,0,0,0,0,0,0,0
6.97398829460144,1.0,0.0018721222877502441,-0.04187942296266556,-0.0006951689720153809,0.04334360361099243,0.9736198782920837,1.7257118225097656,0.7372835874557495,-0.8276548981666565,0.03,1.2280534505844116,-0.10463743656873703,0.32239261269569397,0.0076769632287323475,0.08494307845830917,-0.14379268884658813,0.9859257340431213,0,0,0,0,0,0,0,0,0,0,0,0,0,0
6.975298881530762,1.0,0.0018721222877502441,-0.04187942296266556,-0.0006951689720153809,0.04334360361099243,0.9736198782920837,1.7257118225097656,0.7372835874557495,-0.8276548981666565,0.03,1.2280534505844116,-0.10463743656873703,0.32239261269569397,0.0076769632287323475,0.08494307845830917,-0.14379268884658813,0.9859257340431213,0,0,0,0,0,0,0,0,0,0,0,0,0,0
6.978299140930176,1.0,0.0018721222877502441,-0.04187942296266556,-0.0006951689720153809,0.04334360361099243,0.9736198782920837,1.7257118225097656,0.7372835874557495,-0.8276548981666565,0.03,1.2280534505844116,-0.10463743656873703,0.32239261269569397,0.0076769632287323475,0.08494307845830917,-0.14379268884658813,0.9859257340431213,0,0,0,0,0,0,0,0,0,0,0,0,0,0
6.980257511138916,1.0,0.0018721222877502441,-0.04187942296266556,-0.0006951689720153809,0.04334360361099243,0.9736198782920837,1.7257118225097656,0.7372835874557495,-0.8276548981666565,0.03,1.2280621528625488,-0.10457552969455719,0.3224829137325287,0.009246375411748886,0.08465245366096497,-0.13445715606212616,0.9872536063194275,0,0,0,0,0,0,0,0,0,0,0,0,0,0
6.981433629989624,1.0,0.0018721222877502441,-0.04187942296266556,-0.0006951689720153809,0.04334360361099243,0.9736198782920837,1.7257118225097656,0.7372835874557495,-0.8276548981666565,0.03,1.2280621528625488,-0.10457552969455719,0.3224829137325287,0.009246375411748886,0.08465245366096497,-0.13445715606212616,0.9872536063194275,0,0,0,0,0,0,0,0,0,0,0,0,0,0
6.982577800750732,1.0,0.0018721222877502441,-0.04187942296266556,-0.0006951689720153809,0.04334360361099243,0.9736198782920837,1.7257118225097656,0.7372835874557495,-0.8276548981666565,0.03,1.2280621528625488,-0.10457552969455719,0.3224829137325287,0.009246375411748886,0.08465245366096497,-0.13445715606212616,0.9872536063194275,0,0,0,0,0,0,0,0,0,0,0,0,0,0
6.984271764755249,1.0,0.0018721222877502441,-0.04187942296266556,-0.0006951689720153809,0.04334360361099243,0.9736198782920837,1.7257118225097656,0.7372835874557495,-0.8276548981666565,0.03,1.2280621528625488,-0.10457552969455719,0.3224829137325287,0.009246375411748886,0.08465245366096497,-0.13445715606212616,0.9872536063194275,0,0,0,0,0,0,0,0,0,0,0,0,0,0
6.985338926315308,1.0,0.0018721222877502441,-0.04187942296266556,-0.0006951689720153809,0.04334360361099243,0.9736198782920837,1.7257118225097656,0.7372835874557495,-0.8276548981666565,0.03,1.2280621528625488,-0.10457552969455719,0.3224829137325287,0.009246375411748886,0.08465245366096497,-0.13445715606212616,0.9872536063194275,0,0,0,0,0,0,0,0,0,0,0,0,0,0
6.986429214477539,1.0,0.0018721222877502441,-0.04187942296266556,-0.0006951689720153809,0.04334360361099243,0.9736198782920837,1.7257118225097656,0.7372835874557495,-0.8276548981666565,0.03,1.2280621528625488,-0.10457552969455719,0.3224829137325287,0.009246375411748886,0.08465245366096497,-0.13445715606212616,0.9872536063194275,0,0,0,0,0,0,0,0,0,0,0,0,0,0
6.988983869552612,1.0,0.0018721222877502441,-0.04187942296266556,-0.0006951689720153809,0.04334360361099243,0.9736198782920837,1.7257118225097656,0.7372835874557495,-0.8276548981666565,0.03,1.2280621528625488,-0.10457552969455719,0.3224829137325287,0.009246375411748886,0.08465245366096497,-0.13445715606212616,0.9872536063194275,0,0,0,0,0,0,0,0,0,0,0,0,0,0
6.990196704864502,1.0,0.0018721222877502441,-0.04187942296266556,-0.0006951689720153809,0.04334360361099243,0.9736198782920837,1.7257118225097656,0.7372835874557495,-0.8276548981666565,0.03,1.2280621528625488,-0.10457552969455719,0.3224829137325287,0.009246375411748886,0.08465245366096497,-0.13445715606212616,0.9872536063194275,0,0,0,0,0,0,0,0,0,0,0,0,0,0
6.991513013839722,1.0,0.0018721222877502441,-0.04187942296266556,-0.0006951689720153809,0.04334360361099243,0.9736198782920837,1.7257118225097656,0.7372835874557495,-0.8276548981666565,0.03,1.2280621528625488,-0.10457552969455719,0.3224829137325287,0.009246375411748886,0.08465245366096497,-0.13445715606212616,0.9872536063194275,0,0,0,0,0,0,0,0,0,0,0,0,0,0
6.993077516555786,1.0,0.0018721222877502441,-0.04187942296266556,-0.0006951689720153809,0.04334360361099243,0.9736198782920837,1.7257118225097656,0.7372835874557495,-0.8276548981666565,0.03,1.2280621528625488,-0.10457552969455719,0.3224829137325287,0.009246375411748886,0.08465245366096497,-0.13445715606212616,0.9872536063194275,0,0,0,0,0,0,0,0,0,0,0,0,0,0
6.995296001434326,1.0,0.0018721222877502441,-0.04187942296266556,-0.0006951689720153809,0.04334360361099243,0.9736198782920837,1.7257118225097656,0.7372835874557495,-0.8276548981666565,0.03,1.2280621528625488,-0.10457552969455719,0.3224829137325287,0.009246375411748886,0.08465245366096497,-0.13445715606212616,0.9872536063194275,0,0,0,0,0,0,0,0,0,0,0,0,0,0
6.997144460678101,1.0,0.0018721222877502441,-0.04187942296266556,-0.0006951689720153809,0.04334360361099243,0.9736198782920837,1.7257118225097656,0.7372835874557495,-0.8276548981666565,0.03,1.2280621528625488,-0.10457552969455719,0.3224829137325287,0.009246375411748886,0.08465245366096497,-0.13445715606212616,0.9872536063194275,0,0,0,0,0,0,0,0,0,0,0,0,0,0
6.9986748695373535,1.0,0.0018721222877502441,-0.04187942296266556,-0.0006951689720153809,0.04334360361099243,0.9736198782920837,1.7257118225097656,0.7372835874557495,-0.8276548981666565,0.03,1.2280621528625488,-0.10457552969455719,0.3224829137325287,0.009246375411748886,0.08465245366096497,-0.13445715606212616,0.9872536063194275,0,0,0,0,0,0,0,0,0,0,0,0,0,0
7.000039339065552,1.0,0.0018721222877502441,-0.04187942296266556,-0.0006951689720153809,0.04334360361099243,0.9736198782920837,1.7257118225097656,0.7372835874557495,-0.8276548981666565,0.03,1.2280621528625488,-0.10457552969455719,0.3224829137325287,0.009246375411748886,0.08465245366096497,-0.13445715606212616,0.9872536063194275,0,0,0,0,0,0,0,0,0,0,0,0,0,0
7.001315355300903,1.0,0.0018721222877502441,-0.04187942296266556,-0.0006951689720153809,0.04334360361099243,0.9736198782920837,1.7257118225097656,0.7372835874557495,-0.8276548981666565,0.03,1.2280621528625488,-0.10457552969455719,0.3224829137325287,0.009246375411748886,0.08465245366096497,-0.13445715606212616,0.9872536063194275,0,0,0,0,0,0,0,0,0,0,0,0,0,0
7.002421140670776,1.0,0.0018721222877502441,-0.04187942296266556,-0.0006951689720153809,0.04334360361099243,0.9736198782920837,1.7257118225097656,0.7372835874557495,-0.8276548981666565,0.03,1.2280621528625488,-0.10457552969455719,0.3224829137325287,0.009246375411748886,0.08465245366096497,-0.13445715606212616,0.9872536063194275,0,0,0,0,0,0,0,0,0,0,0,0,0,0
7.004153728485107,1.0,0.0018721222877502441,-0.04187942296266556,-0.0006951689720153809,0.04334360361099243,0.9736198782920837,1.7257118225097656,0.7372835874557495,-0.8276548981666565,0.03,1.2280621528625488,-0.10457552969455719,0.3224829137325287,0.009246375411748886,0.08465245366096497,-0.13445715606212616,0.9872536063194275,0,0,0,0,0,0,0,0,0,0,0,0,0,0
7.005259037017822,1.0,0.0018721222877502441,-0.04187942296266556,-0.0006951689720153809,0.04334360361099243,0.9736198782920837,1.7257118225097656,0.7372835874557495,-0.8276548981666565,0.03,1.2280621528625488,-0.10457552969455719,0.3224829137325287,0.009246375411748886,0.08465245366096497,-0.13445715606212616,0.9872536063194275,0,0,0,0,0,0,0,0,0,0,0,0,0,0
7.00632381439209,1.0,0.0018721222877502441,-0.04187942296266556,-0.0006951689720153809,0.04334360361099243,0.9736198782920837,1.7257118225097656,0.7372835874557495,-0.8276548981666565,0.03,1.2280621528625488,-0.10457552969455719,0.3224829137325287,0.009246375411748886,0.08465245366096497,-0.13445715606212616,0.9872536063194275,0,0,0,0,0,0,0,0,0,0,0,0,0,0
7.007445573806763,1.0,0.0018721222877502441,-0.04187942296266556,-0.0006951689720153809,0.04334360361099243,0.9736198782920837,1.7257118225097656,0.7372835874557495,-0.8276548981666565,0.03,1.2280621528625488,-0.10457552969455719,0.3224829137325287,0.009246375411748886,0.08465245366096497,-0.13445715606212616,0.9872536063194275,0,0,0,0,0,0,0,0,0,0,0,0,0,0
7.009966850280762,1.0,0.0018721222877502441,-0.04187942296266556,-0.0006951689720153809,0.04334360361099243,0.9736198782920837,1.7257118225097656,0.7372835874557495,-0.8276548981666565,0.03,1.2280621528625488,-0.10457552969455719,0.3224829137325287,0.009246375411748886,0.08465245366096497,-0.13445715606212616,0.9872536063194275,0,0,0,0,0,0,0,0,0,0,0,0,0,0
7.011141777038574,1.0,0.0018721222877502441,-0.04187942296266556,-0.0006951689720153809,0.04334360361099243,0.9736198782920837,1.7257118225097656,0.7372835874557495,-0.8276548981666565,0.03,1.2280621528625488,-0.10457552969455719,0.3224829137325287,0.009246375411748886,0.08465245366096497,-0.13445715606212616,0.9872536063194275,0,0,0,0,0,0,0,0,0,0,0,0,0,0
7.012272596359253,1.0,0.0018721222877502441,-0.04187942296266556,-0.0006951689720153809,0.04334360361099243,0.9736198782920837,1.7257118225097656,0.7372835874557495,-0.8276548981666565,0.03,1.2280621528625488,-0.10457552969455719,0.3224829137325287,0.009246375411748886,0.08465245366096497,-0.13445715606212616,0.9872536063194275,0,0,0,0,0,0,0,0,0,0,0,0,0,0
7.013415813446045,1.0,0.0018721222877502441,-0.04187942296266556,-0.0006951689720153809,0.04334360361099243,0.9736198782920837,1.7257118225097656,0.7372835874557495,-0.8276548981666565,0.03,1.2280621528625488,-0.10457552969455719,0.3224829137325287,0.009246375411748886,0.08465245366096497,-0.13445715606212616,0.9872536063194275,0,0,0,0,0,0,0,0,0,0,0,0,0,0
7.014490365982056,1.0,0.0018721222877502441,-0.04187942296266556,-0.0006951689720153809,0.04334360361099243,0.9736198782920837,1.7257118225097656,0.7372835874557495,-0.8276548981666565,0.03,1.2280621528625488,-0.10457552969455719,0.3224829137325287,0.009246375411748886,0.08465245366096497,-0.13445715606212616,0.9872536063194275,0,0,0,0,0,0,0,0,0,0,0,0,0,0
7.0155603885650635,1.0,0.0018721222877502441,-0.04187942296266556,-0.0006951689720153809,0.04334360361099243,0.9736198782920837,1.7257118225097656,0.7372835874557495,-0.8276548981666565,0.03,1.2280621528625488,-0.10457552969455719,0.3224829137325287,0.009246375411748886,0.08465245366096497,-0.13445715606212616,0.9872536063194275,0,0,0,0,0,0,0,0,0,0,0,0,0,0
7.016698837280273,1.0,0.0018721222877502441,-0.04187942296266556,-0.0006951689720153809,0.04334360361099243,0.9736198782920837,1.7257118225097656,0.7372835874557495,-0.8276548981666565,0.03,1.2280621528625488,-0.10457552969455719,0.3224829137325287,0.009246375411748886,0.08465245366096497,-0.13445715606212616,0.9872536063194275,0,0,0,0,0,0,0,0,0,0,0,0,0,0
7.018043041229248,1.0,0.0018721222877502441,-0.04187942296266556,-0.0006951689720153809,0.04334360361099243,0.9736198782920837,1.7257118225097656,0.7372835874557495,-0.8276548981666565,0.03,1.2280621528625488,-0.10457552969455719,0.3224829137325287,0.009246375411748886,0.08465245366096497,-0.13445715606212616,0.9872536063194275,0,0,0,0,0,0,0,0,0,0,0,0,0,0
7.0194785594940186,1.0,0.0018721222877502441,-0.04187942296266556,-0.0006951689720153809,0.04334360361099243,0.9736198782920837,1.7257118225097656,0.7372835874557495,-0.8276548981666565,0.03,1.2280621528625488,-0.10457552969455719,0.3224829137325287,0.009246375411748886,0.08465245366096497,-0.13445715606212616,0.9872536063194275,0,0,0,0,0,0,0,0,0,0,0,0,0,0
7.0208213329315186,1.0,0.0018721222877502441,-0.04187942296266556,-0.0006951689720153809,0.04334360361099243,0.9736198782920837,1.7257118225097656,0.7372835874557495,-0.8276548981666565,0.03,1.2280621528625488,-0.10457552969455719,0.3224829137325287,0.009246375411748886,0.08465245366096497,-0.13445715606212616,0.9872536063194275,0,0,0,0,0,0,0,0,0,0,0,0,0,0
7.022059679031372,1.0,0.0018721222877502441,-0.04187942296266556,-0.0006951689720153809,0.04334360361099243,0.9736198782920837,1.7257118225097656,0.7372835874557495,-0.8276548981666565,0.03,1.2280621528625488,-0.10457552969455719,0.3224829137325287,0.009246375411748886,0.08465245366096497,-0.13445715606212616,0.9872536063194275,0,0,0,0,0,0,0,0,0,0,0,0,0,0
7.0232322216033936,1.0,0.0018721222877502441,-0.04187942296266556,-0.0006951689720153809,0.04334360361099243,0.9736198782920837,1.7257118225097656,0.7372835874557495,-0.8276548981666565,0.03,1.2280621528625488,-0.10457552969455719,0.3224829137325287,0.009246375411748886,0.08465245366096497,-0.13445715606212616,0.9872536063194275,0,0,0,0,0,0,0,0,0,0,0,0,0,0
7.024722099304199,1.0,0.0018721222877502441,-0.04187942296266556,-0.0006951689720153809,0.04334360361099243,0.9736198782920837,1.7257118225097656,0.7372835874557495,-0.8276548981666565,0.03,1.2280621528625488,-0.10457552969455719,0.3224829137325287,0.009246375411748886,0.08465245366096497,-0.13445715606212616,0.9872536063194275,0,0,0,0,0,0,0,0,0,0,0,0,0,0
7.025862455368042,1.0,0.0018721222877502441,-0.04187942296266556,-0.0006951689720153809,0.04334360361099243,0.9736198782920837,1.7257118225097656,0.7372835874557495,-0.8276548981666565,0.03,1.2280621528625488,-0.10457552969455719,0.3224829137325287,0.009246375411748886,0.08465245366096497,-0.13445715606212616,0.9872536063194275,0,0,0,0,0,0,0,0,0,0,0,0,0,0
7.027257919311523,1.0,0.0018721222877502441,-0.04187942296266556,-0.0006951689720153809,0.04334360361099243,0.9736198782920837,1.7257118225097656,0.7372835874557495,-0.8276548981666565,0.03,1.2280621528625488,-0.10457552969455719,0.3224829137325287,0.009246375411748886,0.08465245366096497,-0.13445715606212616,0.9872536063194275,0,0,0,0,0,0,0,0,0,0,0,0,0,0
7.028388738632202,1.0,0.0018721222877502441,-0.04187942296266556,-0.0006951689720153809,0.04334360361099243,0.9736198782920837,1.7257118225097656,0.7372835874557495,-0.8276548981666565,0.03,1.2280621528625488,-0.10457552969455719,0.3224829137325287,0.009246375411748886,0.08465245366096497,-0.13445715606212616,0.9872536063194275,0,0,0,0,0,0,0,0,0,0,0,0,0,0
7.030175447463989,1.0,0.0018721222877502441,-0.04187942296266556,-0.0006951689720153809,0.04334360361099243,0.9736198782920837,1.7257118225097656,0.7372835874557495,-0.8276548981666565,0.03,1.2280621528625488,-0.10457552969455719,0.3224829137325287,0.009246375411748886,0.08465245366096497,-0.13445715606212616,0.9872536063194275,0,0,0,0,0,0,0,0,0,0,0,0,0,0
7.031270742416382,1.0,0.0018721222877502441,-0.04187942296266556,-0.0006951689720153809,0.04334360361099243,0.9736198782920837,1.7257118225097656,0.7372835874557495,-0.8276548981666565,0.03,1.2280621528625488,-0.10457552969455719,0.3224829137325287,0.009246375411748886,0.08465245366096497,-0.13445715606212616,0.9872536063194275,0,0,0,0,0,0,0,0,0,0,0,0,0,0
7.032757043838501,1.0,0.0018721222877502441,-0.04187942296266556,-0.0006951689720153809,0.04334360361099243,0.9736198782920837,1.7257118225097656,0.7372835874557495,-0.8276548981666565,0.03,1.2280621528625488,-0.10457552969455719,0.3224829137325287,0.009246375411748886,0.08465245366096497,-0.13445715606212616,0.9872536063194275,0,0,0,0,0,0,0,0,0,0,0,0,0,0
7.034098148345947,1.0,0.0018721222877502441,-0.04187942296266556,-0.0006951689720153809,0.04334360361099243,0.9736198782920837,1.7257118225097656,0.7372835874557495,-0.8276548981666565,0.03,1.2280621528625488,-0.10457552969455719,0.3224829137325287,0.009246375411748886,0.08465245366096497,-0.13445715606212616,0.9872536063194275,0,0,0,0,0,0,0,0,0,0,0,0,0,0
7.035478353500366,1.0,0.0018721222877502441,-0.04187942296266556,-0.0006951689720153809,0.04334360361099243,0.9736198782920837,1.7257118225097656,0.7372835874557495,-0.8276548981666565,0.03,1.2280621528625488,-0.10457552969455719,0.3224829137325287,0.009246375411748886,0.08465245366096497,-0.13445715606212616,0.9872536063194275,0,0,0,0,0,0,0,0,0,0,0,0,0,0
7.036645889282227,1.0,0.0018721222877502441,-0.04187942296266556,-0.0006951689720153809,0.04334360361099243,0.9736198782920837,1.7257118225097656,0.7372835874557495,-0.8276548981666565,0.03,1.2280621528625488,-0.10457552969455719,0.3224829137325287,0.009246375411748886,0.08465245366096497,-0.13445715606212616,0.9872536063194275,0,0,0,0,0,0,0,0,0,0,0,0,0,0
7.037961959838867,1.0,0.0018721222877502441,-0.04187942296266556,-0.0006951689720153809,0.04334360361099243,0.9736198782920837,1.7257118225097656,0.7372835874557495,-0.8276548981666565,0.03,1.2280621528625488,-0.10457552969455719,0.3224829137325287,0.009246375411748886,0.08465245366096497,-0.13445715606212616,0.9872536063194275,0,0,0,0,0,0,0,0,0,0,0,0,0,0
7.039072036743164,1.0,0.0018796920776367188,-0.046106599271297455,-0.0006560683250427246,0.04700595140457153,0.956571102142334,1.372038722038269,0.6977583169937134,-1.1012952327728271,0.03,1.2279863357543945,-0.10447350144386292,0.3223405182361603,0.008040472865104675,0.08465315401554108,-0.14065364003181458,0.9864004254341125,0,0,0,0,0,0,0,0,0,0,0,0,0,0
7.040339231491089,1.0,0.0018796920776367188,-0.046106599271297455,-0.0006560683250427246,0.04700595140457153,0.956571102142334,1.372038722038269,0.6977583169937134,-1.1012952327728271,0.03,1.2279863357543945,-0.10447350144386292,0.3223405182361603,0.008040472865104675,0.08465315401554108,-0.14065364003181458,0.9864004254341125,0,0,0,0,0,0,0,0,0,0,0,0,0,0
7.041454553604126,1.0,0.0018796920776367188,-0.046106599271297455,-0.0006560683250427246,0.04700595140457153,0.956571102142334,1.372038722038269,0.6977583169937134,-1.1012952327728271,0.03,1.2279863357543945,-0.10447350144386292,0.3223405182361603,0.008040472865104675,0.08465315401554108,-0.14065364003181458,0.9864004254341125,0,0,0,0,0,0,0,0,0,0,0,0,0,0
7.042549133300781,1.0,0.0018796920776367188,-0.046106599271297455,-0.0006560683250427246,0.04700595140457153,0.956571102142334,1.372038722038269,0.6977583169937134,-1.1012952327728271,0.03,1.2279863357543945,-0.10447350144386292,0.3223405182361603,0.008040472865104675,0.08465315401554108,-0.14065364003181458,0.9864004254341125,0,0,0,0,0,0,0,0,0,0,0,0,0,0
7.043647289276123,1.0,0.0018796920776367188,-0.046106599271297455,-0.0006560683250427246,0.04700595140457153,0.956571102142334,1.372038722038269,0.6977583169937134,-1.1012952327728271,0.03,1.2279863357543945,-0.10447350144386292,0.3223405182361603,0.008040472865104675,0.08465315401554108,-0.14065364003181458,0.9864004254341125,0,0,0,0,0,0,0,0,0,0,0,0,0,0
7.044752597808838,1.0,0.0018796920776367188,-0.046106599271297455,-0.0006560683250427246,0.04700595140457153,0.956571102142334,1.372038722038269,0.6977583169937134,-1.1012952327728271,0.03,1.2279863357543945,-0.10447350144386292,0.3223405182361603,0.008040472865104675,0.08465315401554108,-0.14065364003181458,0.9864004254341125,0,0,0,0,0,0,0,0,0,0,0,0,0,0
7.045928239822388,1.0,0.0018796920776367188,-0.046106599271297455,-0.0006560683250427246,0.04700595140457153,0.956571102142334,1.372038722038269,0.6977583169937134,-1.1012952327728271,0.03,1.2279863357543945,-0.10447350144386292,0.3223405182361603,0.008040472865104675,0.08465315401554108,-0.14065364003181458,0.9864004254341125,0,0,0,0,0,0,0,0,0,0,0,0,0,0
7.04708194732666,1.0,0.0018796920776367188,-0.046106599271297455,-0.0006560683250427246,0.04700595140457153,0.956571102142334,1.372038722038269,0.6977583169937134,-1.1012952327728271,0.03,1.2279863357543945,-0.10447350144386292,0.3223405182361603,0.008040472865104675,0.08465315401554108,-0.14065364003181458,0.9864004254341125,0,0,0,0,0,0,0,0,0,0,0,0,0,0
7.048620939254761,1.0,0.0018796920776367188,-0.046106599271297455,-0.0006560683250427246,0.04700595140457153,0.956571102142334,1.372038722038269,0.6977583169937134,-1.1012952327728271,0.03,1.2279863357543945,-0.10447350144386292,0.3223405182361603,0.008040472865104675,0.08465315401554108,-0.14065364003181458,0.9864004254341125,0,0,0,0,0,0,0,0,0,0,0,0,0,0
7.050287961959839,1.0,0.0015984773635864258,-0.0735907107591629,-0.0005806088447570801,0.07380354404449463,0.850956916809082,1.0621861219406128,0.6634078025817871,-0.9692927598953247,0.03,1.2279863357543945,-0.10447350144386292,0.3223405182361603,0.008040472865104675,0.08465315401554108,-0.14065364003181458,0.9864004254341125,0,0,0,0,0,0,0,0,0,0,0,0,0,0
7.051666259765625,2.0,0.001642465591430664,-0.08106575906276703,-0.0007041096687316895,0.08126860857009888,-0.2791023254394531,-0.8983434438705444,-0.4155958592891693,0.7877565622329712,0.03,1.2279576063156128,-0.10454510152339935,0.32222768664360046,0.005763839464634657,0.08500470966100693,-0.1526775360107422,0.9845966696739197,0,0,0,0,0,0,0,0,0,0,0,0,0,0
7.052935600280762,2.0,0.002294480800628662,-0.0823841542005539,-0.0012839436531066895,0.08265961706638336,-0.5122108459472656,-1.4667037725448608,-0.6725386381149292,1.5574896335601807,0.03,1.227898359298706,-0.10447748750448227,0.32221803069114685,0.00749249430373311,0.08576550334692001,-0.14975683391094208,0.9849675893783569,0,0,0,0,0,0,0,0,0,0,0,0,0,0
7.054554224014282,2.0,0.003210783004760742,-0.08313168585300446,-0.00233381986618042,0.08340544998645782,-0.9904688596725464,-1.6794499158859253,-0.7524455785751343,1.5659396648406982,0.03,1.227898359298706,-0.10447748750448227,0.32221803069114685,0.00749249430373311,0.08576550334692001,-0.14975683391094208,0.9849675893783569,0,0,0,0,0,0,0,0,0,0,0,0,0,0
7.055846214294434,2.0,0.004054665565490723,-0.08335496485233307,-0.003167390823364258,0.0835532397031784,-0.8352879285812378,-1.6092005968093872,-0.6600251793861389,1.533350944519043,0.03,1.227898359298706,-0.10447748750448227,0.32221803069114685,0.00749249430373311,0.08576550334692001,-0.14975683391094208,0.9849675893783569,0,0,0,0,0,0,0,0,0,0,0,0,0,0
7.057038307189941,2.0,0.004054665565490723,-0.08335496485233307,-0.003167390823364258,0.0835532397031784,-0.8352879285812378,-1.6092005968093872,-0.6600251793861389,1.533350944519043,0.03,1.227898359298706,-0.10447748750448227,0.32221803069114685,0.00749249430373311,0.08576550334692001,-0.14975683391094208,0.9849675893783569,0,0,0,0,0,0,0,0,0,0,0,0,0,0
7.058170318603516,2.0,0.004054665565490723,-0.08335496485233307,-0.003167390823364258,0.0835532397031784,-0.8352879285812378,-1.6092005968093872,-0.6600251793861389,1.533350944519043,0.03,1.227898359298706,-0.10447748750448227,0.32221803069114685,0.00749249430373311,0.08576550334692001,-0.14975683391094208,0.9849675893783569,0,0,0,0,0,0,0,0,0,0,0,0,0,0
7.059570550918579,2.0,0.004054665565490723,-0.08335496485233307,-0.003167390823364258,0.0835532397031784,-0.8352879285812378,-1.6092005968093872,-0.6600251793861389,1.533350944519043,0.03,1.2280393838882446,-0.10467149317264557,0.32241132855415344,0.008520756848156452,0.08540230244398117,-0.1398373395204544,0.9864479303359985,0,0,0,0,0,0,0,0,0,0,0,0,0,0
7.060838460922241,2.0,0.004054665565490723,-0.08335496485233307,-0.003167390823364258,0.0835532397031784,-0.8352879285812378,-1.6092005968093872,-0.6600251793861389,1.533350944519043,0.03,1.2280393838882446,-0.10467149317264557,0.32241132855415344,0.008520756848156452,0.08540230244398117,-0.1398373395204544,0.9864479303359985,0,0,0,0,0,0,0,0,0,0,0,0,0,0
7.063644647598267,2.0,0.004054665565490723,-0.08335496485233307,-0.003167390823364258,0.0835532397031784,-0.8352879285812378,-1.6092005968093872,-0.6600251793861389,1.533350944519043,0.03,1.2279328107833862,-0.10447938740253448,0.32235726714134216,0.012704301625490189,0.08539009094238281,-0.12226231396198273,0.988736093044281,0,0,0,0,0,0,0,0,0,0,0,0,0,0
7.0659215450286865,2.0,0.01590782403945923,-0.08115870505571365,-0.016203761100769043,0.08114680647850037,-0.14755947887897491,0.41799622774124146,0.7648891806602478,-0.6034250259399414,0.03,1.2278529405593872,-0.10446501523256302,0.3222997188568115,0.01143072359263897,0.08514759689569473,-0.12733213603496552,0.9881325364112854,0,0,0,0,0,0,0,0,0,0,0,0,0,0
7.0670247077941895,2.0,0.01590782403945923,-0.08115870505571365,-0.016203761100769043,0.08114680647850037,-0.14755947887897491,0.41799622774124146,0.7648891806602478,-0.6034250259399414,0.03,1.2278529405593872,-0.10446501523256302,0.3222997188568115,0.01143072359263897,0.08514759689569473,-0.12733213603496552,0.9881325364112854,0,0,0,0,0,0,0,0,0,0,0,0,0,0
7.071491479873657,2.0,0.02075672149658203,-0.08154843747615814,-0.020966053009033203,0.08146870136260986,-0.8358484506607056,0.24625809490680695,-0.022593017667531967,-0.527346134185791,0.03,1.2279596328735352,-0.10455110669136047,0.3224216103553772,0.008501753211021423,0.08489523828029633,-0.13536016643047333,0.9871161580085754,0,0,0,0,0,0,0,0,0,0,0,0,0,0
7.072974443435669,2.0,0.02075672149658203,-0.08154843747615814,-0.020966053009033203,0.08146870136260986,-0.8358484506607056,0.24625809490680695,-0.022593017667531967,-0.527346134185791,0.03,1.2279596328735352,-0.10455110669136047,0.3224216103553772,0.008501753211021423,0.08489523828029633,-0.13536016643047333,0.9871161580085754,0,0,0,0,0,0,0,0,0,0,0,0,0,0
7.07418966293335,2.0,0.02075672149658203,-0.08154843747615814,-0.020966053009033203,0.08146870136260986,-0.8358484506607056,0.24625809490680695,-0.022593017667531967,-0.527346134185791,0.03,1.2279596328735352,-0.10455110669136047,0.3224216103553772,0.008501753211021423,0.08489523828029633,-0.13536016643047333,0.9871161580085754,0,0,0,0,0,0,0,0,0,0,0,0,0,0
7.07600736618042,2.0,0.02075672149658203,-0.08154843747615814,-0.020966053009033203,0.08146870136260986,-0.8358484506607056,0.24625809490680695,-0.022593017667531967,-0.527346134185791,0.03,1.2279596328735352,-0.10455110669136047,0.3224216103553772,0.008501753211021423,0.08489523828029633,-0.13536016643047333,0.9871161580085754,0,0,0,0,0,0,0,0,0,0,0,0,0,0
7.077091455459595,2.0,0.02075672149658203,-0.08154843747615814,-0.020966053009033203,0.08146870136260986,-0.8358484506607056,0.24625809490680695,-0.022593017667531967,-0.527346134185791,0.03,1.2279596328735352,-0.10455110669136047,0.3224216103553772,0.008501753211021423,0.08489523828029633,-0.13536016643047333,0.9871161580085754,0,0,0,0,0,0,0,0,0,0,0,0,0,0
7.079049825668335,2.0,0.02075672149658203,-0.08154843747615814,-0.020966053009033203,0.08146870136260986,-0.8358484506607056,0.24625809490680695,-0.022593017667531967,-0.527346134185791,0.03,1.2279596328735352,-0.10455110669136047,0.3224216103553772,0.008501753211021423,0.08489523828029633,-0.13536016643047333,0.9871161580085754,0,0,0,0,0,0,0,0,0,0,0,0,0,0
7.0804548263549805,2.0,0.02075672149658203,-0.08154843747615814,-0.020966053009033203,0.08146870136260986,-0.8358484506607056,0.24625809490680695,-0.022593017667531967,-0.527346134185791,0.03,1.2279596328735352,-0.10455110669136047,0.3224216103553772,0.008501753211021423,0.08489523828029633,-0.13536016643047333,0.9871161580085754,0,0,0,0,0,0,0,0,0,0,0,0,0,0
7.081712484359741,2.0,0.02075672149658203,-0.08154843747615814,-0.020966053009033203,0.08146870136260986,-0.8358484506607056,0.24625809490680695,-0.022593017667531967,-0.527346134185791,0.03,1.2279596328735352,-0.10455110669136047,0.3224216103553772,0.008501753211021423,0.08489523828029633,-0.13536016643047333,0.9871161580085754,0,0,0,0,0,0,0,0,0,0,0,0,0,0
7.083919286727905,2.0,0.02075672149658203,-0.08154843747615814,-0.020966053009033203,0.08146870136260986,-0.8358484506607056,0.24625809490680695,-0.022593017667531967,-0.527346134185791,0.03,1.2279596328735352,-0.10455110669136047,0.3224216103553772,0.008501753211021423,0.08489523828029633,-0.13536016643047333,0.9871161580085754,0,0,0,0,0,0,0,0,0,0,0,0,0,0
7.08672571182251,2.0,0.02075672149658203,-0.08154843747615814,-0.020966053009033203,0.08146870136260986,-0.8358484506607056,0.24625809490680695,-0.022593017667531967,-0.527346134185791,0.03,1.2280319929122925,-0.10465340316295624,0.32215797901153564,0.006149203982204199,0.08515370637178421,-0.14790308475494385,0.9853100180625916,0,0,0,0,0,0,0,0,0,0,0,0,0,0
7.087898015975952,2.0,0.02075672149658203,-0.08154843747615814,-0.020966053009033203,0.08146870136260986,-0.8358484506607056,0.24625809490680695,-0.022593017667531967,-0.527346134185791,0.03,1.2280319929122925,-0.10465340316295624,0.32215797901153564,0.006149203982204199,0.08515370637178421,-0.14790308475494385,0.9853100180625916,0,0,0,0,0,0,0,0,0,0,0,0,0,0
7.089024066925049,2.0,0.02075672149658203,-0.08154843747615814,-0.020966053009033203,0.08146870136260986,-0.8358484506607056,0.24625809490680695,-0.022593017667531967,-0.527346134185791,0.03,1.2280319929122925,-0.10465340316295624,0.32215797901153564,0.006149203982204199,0.08515370637178421,-0.14790308475494385,0.9853100180625916,0,0,0,0,0,0,0,0,0,0,0,0,0,0
7.090664625167847,2.0,0.02075672149658203,-0.08154843747615814,-0.020966053009033203,0.08146870136260986,-0.8358484506607056,0.24625809490680695,-0.022593017667531967,-0.527346134185791,0.03,1.2280319929122925,-0.10465340316295624,0.32215797901153564,0.006149203982204199,0.08515370637178421,-0.14790308475494385,0.9853100180625916,0,0,0,0,0,0,0,0,0,0,0,0,0,0
7.09193754196167,2.0,0.02075672149658203,-0.08154843747615814,-0.020966053009033203,0.08146870136260986,-0.8358484506607056,0.24625809490680695,-0.022593017667531967,-0.527346134185791,0.03,1.2280319929122925,-0.10465340316295624,0.32215797901153564,0.006149203982204199,0.08515370637178421,-0.14790308475494385,0.9853100180625916,0,0,0,0,0,0,0,0,0,0,0,0,0,0
7.092999219894409,2.0,0.02075672149658203,-0.08154843747615814,-0.020966053009033203,0.08146870136260986,-0.8358484506607056,0.24625809490680695,-0.022593017667531967,-0.527346134185791,0.03,1.2280319929122925,-0.10465340316295624,0.32215797901153564,0.006149203982204199,0.08515370637178421,-0.14790308475494385,0.9853100180625916,0,0,0,0,0,0,0,0,0,0,0,0,0,0
7.0940916538238525,2.0,0.02075672149658203,-0.08154843747615814,-0.020966053009033203,0.08146870136260986,-0.8358484506607056,0.24625809490680695,-0.022593017667531967,-0.527346134185791,0.03,1.2280319929122925,-0.10465340316295624,0.32215797901153564,0.006149203982204199,0.08515370637178421,-0.14790308475494385,0.9853100180625916,0,0,0,0,0,0,0,0,0,0,0,0,0,0
7.095179319381714,2.0,0.02075672149658203,-0.08154843747615814,-0.020966053009033203,0.08146870136260986,-0.8358484506607056,0.24625809490680695,-0.022593017667531967,-0.527346134185791,0.03,1.2280319929122925,-0.10465340316295624,0.32215797901153564,0.006149203982204199,0.08515370637178421,-0.14790308475494385,0.9853100180625916,0,0,0,0,0,0,0,0,0,0,0,0,0,0
7.09669828414917,2.0,0.02075672149658203,-0.08154843747615814,-0.020966053009033203,0.08146870136260986,-0.8358484506607056,0.24625809490680695,-0.022593017667531967,-0.527346134185791,0.03,1.2279868125915527,-0.10458583384752274,0.3221772611141205,0.006764519494026899,0.08517277985811234,-0.1440807729959488,0.9858705401420593,0,0,0,0,0,0,0,0,0,0,0,0,0,0
7.097760915756226,2.0,0.02075672149658203,-0.08154843747615814,-0.020966053009033203,0.08146870136260986,-0.8358484506607056,0.24625809490680695,-0.022593017667531967,-0.527346134185791,0.03,1.2279868125915527,-0.10458583384752274,0.3221772611141205,0.006764519494026899,0.08517277985811234,-0.1440807729959488,0.9858705401420593,0,0,0,0,0,0,0,0,0,0,0,0,0,0
7.098845958709717,2.0,0.02075672149658203,-0.08154843747615814,-0.020966053009033203,0.08146870136260986,-0.8358484506607056,0.24625809490680695,-0.022593017667531967,-0.527346134185791,0.03,1.2279868125915527,-0.10458583384752274,0.3221772611141205,0.006764519494026899,0.08517277985811234,-0.1440807729959488,0.9858705401420593,0,0,0,0,0,0,0,0,0,0,0,0,0,0
7.100136995315552,2.0,0.02075672149658203,-0.08154843747615814,-0.020966053009033203,0.08146870136260986,-0.8358484506607056,0.24625809490680695,-0.022593017667531967,-0.527346134185791,0.03,1.2279868125915527,-0.10458583384752274,0.3221772611141205,0.006764519494026899,0.08517277985811234,-0.1440807729959488,0.9858705401420593,0,0,0,0,0,0,0,0,0,0,0,0,0,0
7.101704359054565,2.0,0.02075672149658203,-0.08154843747615814,-0.020966053009033203,0.08146870136260986,-0.8358484506607056,0.24625809490680695,-0.022593017667531967,-0.527346134185791,0.03,1.2279868125915527,-0.10458583384752274,0.3221772611141205,0.006764519494026899,0.08517277985811234,-0.1440807729959488,0.9858705401420593,0,0,0,0,0,0,0,0,0,0,0,0,0,0
7.103174448013306,2.0,0.02075672149658203,-0.08154843747615814,-0.020966053009033203,0.08146870136260986,-0.8358484506607056,0.24625809490680695,-0.022593017667531967,-0.527346134185791,0.03,1.2280049324035645,-0.10472341626882553,0.32204484939575195,0.008567587472498417,0.08517621457576752,-0.13426104187965393,0.9872413873672485,0,0,0,0,0,0,0,0,0,0,0,0,0,0
7.104263544082642,2.0,0.02075672149658203,-0.08154843747615814,-0.020966053009033203,0.08146870136260986,-0.8358484506607056,0.24625809490680695,-0.022593017667531967,-0.527346134185791,0.03,1.2280049324035645,-0.10472341626882553,0.32204484939575195,0.008567587472498417,0.08517621457576752,-0.13426104187965393,0.9872413873672485,0,0,0,0,0,0,0,0,0,0,0,0,0,0
7.106629848480225,2.0,0.02075672149658203,-0.08154843747615814,-0.020966053009033203,0.08146870136260986,-0.8358484506607056,0.24625809490680695,-0.022593017667531967,-0.527346134185791,0.03,1.2280049324035645,-0.10472341626882553,0.32204484939575195,0.008567587472498417,0.08517621457576752,-0.13426104187965393,0.9872413873672485,0,0,0,0,0,0,0,0,0,0,0,0,0,0
7.107977867126465,2.0,0.02075672149658203,-0.08154843747615814,-0.020966053009033203,0.08146870136260986,-0.8358484506607056,0.24625809490680695,-0.022593017667531967,-0.527346134185791,0.03,1.2280049324035645,-0.10472341626882553,0.32204484939575195,0.008567587472498417,0.08517621457576752,-0.13426104187965393,0.9872413873672485,0,0,0,0,0,0,0,0,0,0,0,0,0,0
7.10992956161499,2.0,0.02075672149658203,-0.08154843747615814,-0.020966053009033203,0.08146870136260986,-0.8358484506607056,0.24625809490680695,-0.022593017667531967,-0.527346134185791,0.03,1.2280049324035645,-0.10472341626882553,0.32204484939575195,0.008567587472498417,0.08517621457576752,-0.13426104187965393,0.9872413873672485,0,0,0,0,0,0,0,0,0,0,0,0,0,0
7.11164402961731,2.0,0.02075672149658203,-0.08154843747615814,-0.020966053009033203,0.08146870136260986,-0.8358484506607056,0.24625809490680695,-0.022593017667531967,-0.527346134185791,0.03,1.2280049324035645,-0.10472341626882553,0.32204484939575195,0.008567587472498417,0.08517621457576752,-0.13426104187965393,0.9872413873672485,0,0,0,0,0,0,0,0,0,0,0,0,0,0
7.112886190414429,2.0,0.02075672149658203,-0.08154843747615814,-0.020966053009033203,0.08146870136260986,-0.8358484506607056,0.24625809490680695,-0.022593017667531967,-0.527346134185791,0.03,1.2280049324035645,-0.10472341626882553,0.32204484939575195,0.008567587472498417,0.08517621457576752,-0.13426104187965393,0.9872413873672485,0,0,0,0,0,0,0,0,0,0,0,0,0,0
7.114009857177734,2.0,0.02075672149658203,-0.08154843747615814,-0.020966053009033203,0.08146870136260986,-0.8358484506607056,0.24625809490680695,-0.022593017667531967,-0.527346134185791,0.03,1.2280049324035645,-0.10472341626882553,0.32204484939575195,0.008567587472498417,0.08517621457576752,-0.13426104187965393,0.9872413873672485,0,0,0,0,0,0,0,0,0,0,0,0,0,0
7.115630626678467,2.0,0.02075672149658203,-0.08154843747615814,-0.020966053009033203,0.08146870136260986,-0.8358484506607056,0.24625809490680695,-0.022593017667531967,-0.527346134185791,0.03,1.2280049324035645,-0.10472341626882553,0.32204484939575195,0.008567587472498417,0.08517621457576752,-0.13426104187965393,0.9872413873672485,0,0,0,0,0,0,0,0,0,0,0,0,0,0
7.117218732833862,2.0,0.02075672149658203,-0.08154843747615814,-0.020966053009033203,0.08146870136260986,-0.8358484506607056,0.24625809490680695,-0.022593017667531967,-0.527346134185791,0.03,1.2280049324035645,-0.10472341626882553,0.32204484939575195,0.008567587472498417,0.08517621457576752,-0.13426104187965393,0.9872413873672485,0,0,0,0,0,0,0,0,0,0,0,0,0,0
7.118630409240723,2.0,0.02075672149658203,-0.08154843747615814,-0.020966053009033203,0.08146870136260986,-0.8358484506607056,0.24625809490680695,-0.022593017667531967,-0.527346134185791,0.03,1.2280049324035645,-0.10472341626882553,0.32204484939575195,0.008567587472498417,0.08517621457576752,-0.13426104187965393,0.9872413873672485,0,0,0,0,0,0,0,0,0,0,0,0,0,0
7.1199493408203125,2.0,0.02075672149658203,-0.08154843747615814,-0.020966053009033203,0.08146870136260986,-0.8358484506607056,0.24625809490680695,-0.022593017667531967,-0.527346134185791,0.03,1.2280049324035645,-0.10472341626882553,0.32204484939575195,0.008567587472498417,0.08517621457576752,-0.13426104187965393,0.9872413873672485,0,0,0,0,0,0,0,0,0,0,0,0,0,0
7.121037006378174,2.0,0.02075672149658203,-0.08154843747615814,-0.020966053009033203,0.08146870136260986,-0.8358484506607056,0.24625809490680695,-0.022593017667531967,-0.527346134185791,0.03,1.2280049324035645,-0.10472341626882553,0.32204484939575195,0.008567587472498417,0.08517621457576752,-0.13426104187965393,0.9872413873672485,0,0,0,0,0,0,0,0,0,0,0,0,0,0
7.122098445892334,2.0,0.02075672149658203,-0.08154843747615814,-0.020966053009033203,0.08146870136260986,-0.8358484506607056,0.24625809490680695,-0.022593017667531967,-0.527346134185791,0.03,1.2280049324035645,-0.10472341626882553,0.32204484939575195,0.008567587472498417,0.08517621457576752,-0.13426104187965393,0.9872413873672485,0,0,0,0,0,0,0,0,0,0,0,0,0,0
7.123212099075317,2.0,0.02075672149658203,-0.08154843747615814,-0.020966053009033203,0.08146870136260986,-0.8358484506607056,0.24625809490680695,-0.022593017667531967,-0.527346134185791,0.03,1.2280611991882324,-0.10470766574144363,0.32211124897003174,0.007775592617690563,0.0853314995765686,-0.13671721518039703,0.9868974685668945,0,0,0,0,0,0,0,0,0,0,0,0,0,0
7.124459981918335,2.0,0.02075672149658203,-0.08154843747615814,-0.020966053009033203,0.08146870136260986,-0.8358484506607056,0.24625809490680695,-0.022593017667531967,-0.527346134185791,0.03,1.2280611991882324,-0.10470766574144363,0.32211124897003174,0.007775592617690563,0.0853314995765686,-0.13671721518039703,0.9868974685668945,0,0,0,0,0,0,0,0,0,0,0,0,0,0
7.125673294067383,2.0,0.02075672149658203,-0.08154843747615814,-0.020966053009033203,0.08146870136260986,-0.8358484506607056,0.24625809490680695,-0.022593017667531967,-0.527346134185791,0.03,1.2280611991882324,-0.10470766574144363,0.32211124897003174,0.007775592617690563,0.0853314995765686,-0.13671721518039703,0.9868974685668945,0,0,0,0,0,0,0,0,0,0,0,0,0,0
7.126802444458008,2.0,0.02075672149658203,-0.08154843747615814,-0.020966053009033203,0.08146870136260986,-0.8358484506607056,0.24625809490680695,-0.022593017667531967,-0.527346134185791,0.03,1.2280611991882324,-0.10470766574144363,0.32211124897003174,0.007775592617690563,0.0853314995765686,-0.13671721518039703,0.9868974685668945,0,0,0,0,0,0,0,0,0,0,0,0,0,0
7.127975225448608,2.0,0.02075672149658203,-0.08154843747615814,-0.020966053009033203,0.08146870136260986,-0.8358484506607056,0.24625809490680695,-0.022593017667531967,-0.527346134185791,0.03,1.2280611991882324,-0.10470766574144363,0.32211124897003174,0.007775592617690563,0.0853314995765686,-0.13671721518039703,0.9868974685668945,0,0,0,0,0,0,0,0,0,0,0,0,0,0
7.129075050354004,2.0,0.02075672149658203,-0.08154843747615814,-0.020966053009033203,0.08146870136260986,-0.8358484506607056,0.24625809490680695,-0.022593017667531967,-0.527346134185791,0.03,1.2280611991882324,-0.10470766574144363,0.32211124897003174,0.007775592617690563,0.0853314995765686,-0.13671721518039703,0.9868974685668945,0,0,0,0,0,0,0,0,0,0,0,0,0,0
7.131678342819214,2.0,0.02075672149658203,-0.08154843747615814,-0.020966053009033203,0.08146870136260986,-0.8358484506607056,0.24625809490680695,-0.022593017667531967,-0.527346134185791,0.03,1.2280611991882324,-0.10470766574144363,0.32211124897003174,0.007775592617690563,0.0853314995765686,-0.13671721518039703,0.9868974685668945,0,0,0,0,0,0,0,0,0,0,0,0,0,0
7.133574724197388,2.0,0.02075672149658203,-0.08154843747615814,-0.020966053009033203,0.08146870136260986,-0.8358484506607056,0.24625809490680695,-0.022593017667531967,-0.527346134185791,0.03,1.2280611991882324,-0.10470766574144363,0.32211124897003174,0.007775592617690563,0.0853314995765686,-0.13671721518039703,0.9868974685668945,0,0,0,0,0,0,0,0,0,0,0,0,0,0
7.13511061668396,2.0,0.02075672149658203,-0.08154843747615814,-0.020966053009033203,0.08146870136260986,-0.8358484506607056,0.24625809490680695,-0.022593017667531967,-0.527346134185791,0.03,1.2280611991882324,-0.10470766574144363,0.32211124897003174,0.007775592617690563,0.0853314995765686,-0.13671721518039703,0.9868974685668945,0,0,0,0,0,0,0,0,0,0,0,0,0,0
7.136541128158569,2.0,0.02075672149658203,-0.08154843747615814,-0.020966053009033203,0.08146870136260986,-0.8358484506607056,0.24625809490680695,-0.022593017667531967,-0.527346134185791,0.03,1.2280611991882324,-0.10470766574144363,0.32211124897003174,0.007775592617690563,0.0853314995765686,-0.13671721518039703,0.9868974685668945,0,0,0,0,0,0,0,0,0,0,0,0,0,0
7.137704610824585,2.0,0.02075672149658203,-0.08154843747615814,-0.020966053009033203,0.08146870136260986,-0.8358484506607056,0.24625809490680695,-0.022593017667531967,-0.527346134185791,0.03,1.2280611991882324,-0.10470766574144363,0.32211124897003174,0.007775592617690563,0.0853314995765686,-0.13671721518039703,0.9868974685668945,0,0,0,0,0,0,0,0,0,0,0,0,0,0
7.13918137550354,2.0,0.02075672149658203,-0.08154843747615814,-0.020966053009033203,0.08146870136260986,-0.8358484506607056,0.24625809490680695,-0.022593017667531967,-0.527346134185791,0.03,1.2280611991882324,-0.10470766574144363,0.32211124897003174,0.007775592617690563,0.0853314995765686,-0.13671721518039703,0.9868974685668945,0,0,0,0,0,0,0,0,0,0,0,0,0,0
7.140846252441406,2.0,0.02075672149658203,-0.08154843747615814,-0.020966053009033203,0.08146870136260986,-0.8358484506607056,0.24625809490680695,-0.022593017667531967,-0.527346134185791,0.03,1.2280611991882324,-0.10470766574144363,0.32211124897003174,0.007775592617690563,0.0853314995765686,-0.13671721518039703,0.9868974685668945,0,0,0,0,0,0,0,0,0,0,0,0,0,0
7.142081022262573,2.0,0.02075672149658203,-0.08154843747615814,-0.020966053009033203,0.08146870136260986,-0.8358484506607056,0.24625809490680695,-0.022593017667531967,-0.527346134185791,0.03,1.2280611991882324,-0.10470766574144363,0.32211124897003174,0.007775592617690563,0.0853314995765686,-0.13671721518039703,0.9868974685668945,0,0,0,0,0,0,0,0,0,0,0,0,0,0
7.144164562225342,2.0,0.02075672149658203,-0.08154843747615814,-0.020966053009033203,0.08146870136260986,-0.8358484506607056,0.24625809490680695,-0.022593017667531967,-0.527346134185791,0.03,1.2280611991882324,-0.10470766574144363,0.32211124897003174,0.007775592617690563,0.0853314995765686,-0.13671721518039703,0.9868974685668945,0,0,0,0,0,0,0,0,0,0,0,0,0,0
7.145404100418091,2.0,0.02075672149658203,-0.08154843747615814,-0.020966053009033203,0.08146870136260986,-0.8358484506607056,0.24625809490680695,-0.022593017667531967,-0.527346134185791,0.03,1.2280611991882324,-0.10470766574144363,0.32211124897003174,0.007775592617690563,0.0853314995765686,-0.13671721518039703,0.9868974685668945,0,0,0,0,0,0,0,0,0,0,0,0,0,0
7.146494388580322,2.0,0.02075672149658203,-0.08154843747615814,-0.020966053009033203,0.08146870136260986,-0.8358484506607056,0.24625809490680695,-0.022593017667531967,-0.527346134185791,0.03,1.2280611991882324,-0.10470766574144363,0.32211124897003174,0.007775592617690563,0.0853314995765686,-0.13671721518039703,0.9868974685668945,0,0,0,0,0,0,0,0,0,0,0,0,0,0
7.148618936538696,2.0,0.02075672149658203,-0.08154843747615814,-0.020966053009033203,0.08146870136260986,-0.8358484506607056,0.24625809490680695,-0.022593017667531967,-0.527346134185791,0.03,1.2280611991882324,-0.10470766574144363,0.32211124897003174,0.007775592617690563,0.0853314995765686,-0.13671721518039703,0.9868974685668945,0,0,0,0,0,0,0,0,0,0,0,0,0,0
7.149878025054932,2.0,0.02075672149658203,-0.08154843747615814,-0.020966053009033203,0.08146870136260986,-0.8358484506607056,0.24625809490680695,-0.022593017667531967,-0.527346134185791,0.03,1.2280611991882324,-0.10470766574144363,0.32211124897003174,0.007775592617690563,0.0853314995765686,-0.13671721518039703,0.9868974685668945,0,0,0,0,0,0,0,0,0,0,0,0,0,0
7.153513669967651,2.0,0.02075672149658203,-0.08154843747615814,-0.020966053009033203,0.08146870136260986,-0.8358484506607056,0.24625809490680695,-0.022593017667531967,-0.527346134185791,0.03,1.2280611991882324,-0.10470766574144363,0.32211124897003174,0.007775592617690563,0.0853314995765686,-0.13671721518039703,0.9868974685668945,0,0,0,0,0,0,0,0,0,0,0,0,0,0
7.15557599067688,2.0,0.02075672149658203,-0.08154843747615814,-0.020966053009033203,0.08146870136260986,-0.8358484506607056,0.24625809490680695,-0.022593017667531967,-0.527346134185791,0.03,1.2280611991882324,-0.10470766574144363,0.32211124897003174,0.007775592617690563,0.0853314995765686,-0.13671721518039703,0.9868974685668945,0,0,0,0,0,0,0,0,0,0,0,0,0,0
7.1569154262542725,2.0,0.028328359127044678,-0.08153842389583588,-0.028841137886047363,0.08150133490562439,-0.7483466267585754,0.3275386691093445,0.41160348057746887,-0.5522828698158264,0.03,1.2280492782592773,-0.10473056137561798,0.322033554315567,0.007968464866280556,0.0854075700044632,-0.13573844730854034,0.9870244264602661,0,0,0,0,0,0,0,0,0,0,0,0,0,0
7.158269643783569,2.0,0.03381317853927612,-0.08152441680431366,-0.03473466634750366,0.08146971464157104,-1.0932872295379639,0.38501328229904175,0.3482531011104584,-0.6406870484352112,0.03,1.2280492782592773,-0.10473056137561798,0.322033554315567,0.007968464866280556,0.0854075700044632,-0.13573844730854034,0.9870244264602661,0,0,0,0,0,0,0,0,0,0,0,0,0,0
7.160958290100098,2.0,0.03731799125671387,-0.08152441680431366,-0.03821343183517456,0.08148466050624847,-1.6506993770599365,0.42014268040657043,-0.24151673913002014,-0.6448314785957336,0.03,1.2280492782592773,-0.10473056137561798,0.322033554315567,0.007968464866280556,0.0854075700044632,-0.13573844730854034,0.9870244264602661,0,0,0,0,0,0,0,0,0,0,0,0,0,0
7.162374258041382,2.0,0.03731799125671387,-0.08152441680431366,-0.03821343183517456,0.08148466050624847,-1.6506993770599365,0.42014268040657043,-0.24151673913002014,-0.6448314785957336,0.03,1.2280492782592773,-0.10473056137561798,0.322033554315567,0.007968464866280556,0.0854075700044632,-0.13573844730854034,0.9870244264602661,0,0,0,0,0,0,0,0,0,0,0,0,0,0
7.163506269454956,2.0,0.03731799125671387,-0.08152441680431366,-0.03821343183517456,0.08148466050624847,-1.6506993770599365,0.42014268040657043,-0.24151673913002014,-0.6448314785957336,0.03,1.2280492782592773,-0.10473056137561798,0.322033554315567,0.007968464866280556,0.0854075700044632,-0.13573844730854034,0.9870244264602661,0,0,0,0,0,0,0,0,0,0,0,0,0,0
7.165579557418823,2.0,0.03731799125671387,-0.08152441680431366,-0.03821343183517456,0.08148466050624847,-1.6506993770599365,0.42014268040657043,-0.24151673913002014,-0.6448314785957336,0.03,1.2280492782592773,-0.10473056137561798,0.322033554315567,0.007968464866280556,0.0854075700044632,-0.13573844730854034,0.9870244264602661,0,0,0,0,0,0,0,0,0,0,0,0,0,0
7.16726541519165,2.0,0.03731799125671387,-0.08152441680431366,-0.03821343183517456,0.08148466050624847,-1.6506993770599365,0.42014268040657043,-0.24151673913002014,-0.6448314785957336,0.03,1.2280492782592773,-0.10473056137561798,0.322033554315567,0.007968464866280556,0.0854075700044632,-0.13573844730854034,0.9870244264602661,0,0,0,0,0,0,0,0,0,0,0,0,0,0
7.1687867641448975,2.0,0.03828167915344238,-0.08153627812862396,-0.039417266845703125,0.08147397637367249,-1.7329849004745483,0.408565878868103,-0.0985119417309761,-0.6868016719818115,0.03,1.2280161380767822,-0.10476133227348328,0.3219393789768219,0.007999577559530735,0.08548177778720856,-0.13520503044128418,0.9870909452438354,0,0,0,0,0,0,0,0,0,0,0,0,0,0
7.169895887374878,2.0,0.03828167915344238,-0.08153627812862396,-0.039417266845703125,0.08147397637367249,-1.7329849004745483,0.408565878868103,-0.0985119417309761,-0.6868016719818115,0.03,1.2280161380767822,-0.10476133227348328,0.3219393789768219,0.007999577559530735,0.08548177778720856,-0.13520503044128418,0.9870909452438354,0,0,0,0,0,0,0,0,0,0,0,0,0,0
7.171442031860352,2.0,0.03828167915344238,-0.08153627812862396,-0.039417266845703125,0.08147397637367249,-1.7329849004745483,0.408565878868103,-0.0985119417309761,-0.6868016719818115,0.03,1.2280161380767822,-0.10476133227348328,0.3219393789768219,0.007999577559530735,0.08548177778720856,-0.13520503044128418,0.9870909452438354,0,0,0,0,0,0,0,0,0,0,0,0,0,0
7.172505140304565,2.0,0.03828167915344238,-0.08153627812862396,-0.039417266845703125,0.08147397637367249,-1.7329849004745483,0.408565878868103,-0.0985119417309761,-0.6868016719818115,0.03,1.2280161380767822,-0.10476133227348328,0.3219393789768219,0.007999577559530735,0.08548177778720856,-0.13520503044128418,0.9870909452438354,0,0,0,0,0,0,0,0,0,0,0,0,0,0
7.174006462097168,2.0,0.03828167915344238,-0.08153627812862396,-0.039417266845703125,0.08147397637367249,-1.7329849004745483,0.408565878868103,-0.0985119417309761,-0.6868016719818115,0.03,1.2280161380767822,-0.10476133227348328,0.3219393789768219,0.007999577559530735,0.08548177778720856,-0.13520503044128418,0.9870909452438354,0,0,0,0,0,0,0,0,0,0,0,0,0,0
7.175104141235352,2.0,0.03828167915344238,-0.08153627812862396,-0.039417266845703125,0.08147397637367249,-1.7329849004745483,0.408565878868103,-0.0985119417309761,-0.6868016719818115,0.03,1.2280161380767822,-0.10476133227348328,0.3219393789768219,0.007999577559530735,0.08548177778720856,-0.13520503044128418,0.9870909452438354,0,0,0,0,0,0,0,0,0,0,0,0,0,0
7.176179647445679,2.0,0.03828167915344238,-0.08153627812862396,-0.039417266845703125,0.08147397637367249,-1.7329849004745483,0.408565878868103,-0.0985119417309761,-0.6868016719818115,0.03,1.2280161380767822,-0.10476133227348328,0.3219393789768219,0.007999577559530735,0.08548177778720856,-0.13520503044128418,0.9870909452438354,0,0,0,0,0,0,0,0,0,0,0,0,0,0
7.177468776702881,2.0,0.03828167915344238,-0.08153627812862396,-0.039417266845703125,0.08147397637367249,-1.7329849004745483,0.408565878868103,-0.0985119417309761,-0.6868016719818115,0.03,1.2280161380767822,-0.10476133227348328,0.3219393789768219,0.007999577559530735,0.08548177778720856,-0.13520503044128418,0.9870909452438354,0,0,0,0,0,0,0,0,0,0,0,0,0,0
7.178655385971069,2.0,0.03828167915344238,-0.08153627812862396,-0.039417266845703125,0.08147397637367249,-1.7329849004745483,0.408565878868103,-0.0985119417309761,-0.6868016719818115,0.03,1.2280161380767822,-0.10476133227348328,0.3219393789768219,0.007999577559530735,0.08548177778720856,-0.13520503044128418,0.9870909452438354,0,0,0,0,0,0,0,0,0,0,0,0,0,0
7.1797614097595215,2.0,0.03828167915344238,-0.08153627812862396,-0.039417266845703125,0.08147397637367249,-1.7329849004745483,0.408565878868103,-0.0985119417309761,-0.6868016719818115,0.03,1.2280161380767822,-0.10476133227348328,0.3219393789768219,0.007999577559530735,0.08548177778720856,-0.13520503044128418,0.9870909452438354,0,0,0,0,0,0,0,0,0,0,0,0,0,0
7.180854320526123,2.0,0.03828167915344238,-0.08153627812862396,-0.039417266845703125,0.08147397637367249,-1.7329849004745483,0.408565878868103,-0.0985119417309761,-0.6868016719818115,0.03,1.2280161380767822,-0.10476133227348328,0.3219393789768219,0.007999577559530735,0.08548177778720856,-0.13520503044128418,0.9870909452438354,0,0,0,0,0,0,0,0,0,0,0,0,0,0
7.182034254074097,2.0,0.03828167915344238,-0.08153627812862396,-0.039417266845703125,0.08147397637367249,-1.7329849004745483,0.408565878868103,-0.0985119417309761,-0.6868016719818115,0.03,1.2280161380767822,-0.10476133227348328,0.3219393789768219,0.007999577559530735,0.08548177778720856,-0.13520503044128418,0.9870909452438354,0,0,0,0,0,0,0,0,0,0,0,0,0,0
7.183117866516113,2.0,0.03828167915344238,-0.08153627812862396,-0.039417266845703125,0.08147397637367249,-1.7329849004745483,0.408565878868103,-0.0985119417309761,-0.6868016719818115,0.03,1.2280161380767822,-0.10476133227348328,0.3219393789768219,0.007999577559530735,0.08548177778720856,-0.13520503044128418,0.9870909452438354,0,0,0,0,0,0,0,0,0,0,0,0,0,0
7.184353351593018,2.0,0.03828167915344238,-0.08153627812862396,-0.039417266845703125,0.08147397637367249,-1.7329849004745483,0.408565878868103,-0.0985119417309761,-0.6868016719818115,0.03,1.2280161380767822,-0.10476133227348328,0.3219393789768219,0.007999577559530735,0.08548177778720856,-0.13520503044128418,0.9870909452438354,0,0,0,0,0,0,0,0,0,0,0,0,0,0
7.185675859451294,2.0,0.03828167915344238,-0.08153627812862396,-0.039417266845703125,0.08147397637367249,-1.7329849004745483,0.408565878868103,-0.0985119417309761,-0.6868016719818115,0.03,1.2280161380767822,-0.10476133227348328,0.3219393789768219,0.007999577559530735,0.08548177778720856,-0.13520503044128418,0.9870909452438354,0,0,0,0,0,0,0,0,0,0,0,0,0,0
7.186838150024414,2.0,0.03828167915344238,-0.08153627812862396,-0.039417266845703125,0.08147397637367249,-1.7329849004745483,0.408565878868103,-0.0985119417309761,-0.6868016719818115,0.03,1.2280161380767822,-0.10476133227348328,0.3219393789768219,0.007999577559530735,0.08548177778720856,-0.13520503044128418,0.9870909452438354,0,0,0,0,0,0,0,0,0,0,0,0,0,0
7.187933444976807,2.0,0.03828167915344238,-0.08153627812862396,-0.039417266845703125,0.08147397637367249,-1.7329849004745483,0.408565878868103,-0.0985119417309761,-0.6868016719818115,0.03,1.2280161380767822,-0.10476133227348328,0.3219393789768219,0.007999577559530735,0.08548177778720856,-0.13520503044128418,0.9870909452438354,0,0,0,0,0,0,0,0,0,0,0,0,0,0
7.189396381378174,2.0,0.03828167915344238,-0.08153627812862396,-0.039417266845703125,0.08147397637367249,-1.7329849004745483,0.408565878868103,-0.0985119417309761,-0.6868016719818115,0.03,1.2280161380767822,-0.10476133227348328,0.3219393789768219,0.007999577559530735,0.08548177778720856,-0.13520503044128418,0.9870909452438354,0,0,0,0,0,0,0,0,0,0,0,0,0,0
7.1908791065216064,2.0,0.03828167915344238,-0.08153627812862396,-0.039417266845703125,0.08147397637367249,-1.7329849004745483,0.408565878868103,-0.0985119417309761,-0.6868016719818115,0.03,1.2280161380767822,-0.10476133227348328,0.3219393789768219,0.007999577559530735,0.08548177778720856,-0.13520503044128418,0.9870909452438354,0,0,0,0,0,0,0,0,0,0,0,0,0,0
7.193965673446655,2.0,0.047320157289505005,-0.08160173892974854,-0.049701571464538574,0.08152760565280914,-2.943063497543335,0.4584881663322449,-0.11342598497867584,-0.7236433029174805,0.03,1.228021264076233,-0.10470958799123764,0.3218737244606018,0.008035735227167606,0.08593127876520157,-0.13219597935676575,0.987459123134613,0,0,0,0,0,0,0,0,0,0,0,0,0,0
7.1951584815979,2.0,0.047320157289505005,-0.08160173892974854,-0.049701571464538574,0.08152760565280914,-2.943063497543335,0.4584881663322449,-0.11342598497867584,-0.7236433029174805,0.03,1.228021264076233,-0.10470958799123764,0.3218737244606018,0.008035735227167606,0.08593127876520157,-0.13219597935676575,0.987459123134613,0,0,0,0,0,0,0,0,0,0,0,0,0,0
7.196314573287964,2.0,0.047320157289505005,-0.08160173892974854,-0.049701571464538574,0.08152760565280914,-2.943063497543335,0.4584881663322449,-0.11342598497867584,-0.7236433029174805,0.03,1.228021264076233,-0.10470958799123764,0.3218737244606018,0.008035735227167606,0.08593127876520157,-0.13219597935676575,0.987459123134613,0,0,0,0,0,0,0,0,0,0,0,0,0,0
7.197424411773682,2.0,0.047320157289505005,-0.08160173892974854,-0.049701571464538574,0.08152760565280914,-2.943063497543335,0.4584881663322449,-0.11342598497867584,-0.7236433029174805,0.03,1.228021264076233,-0.10470958799123764,0.3218737244606018,0.008035735227167606,0.08593127876520157,-0.13219597935676575,0.987459123134613,0,0,0,0,0,0,0,0,0,0,0,0,0,0
7.200594663619995,2.0,0.047320157289505005,-0.08160173892974854,-0.049701571464538574,0.08152760565280914,-2.943063497543335,0.4584881663322449,-0.11342598497867584,-0.7236433029174805,0.03,1.228021264076233,-0.10470958799123764,0.3218737244606018,0.008035735227167606,0.08593127876520157,-0.13219597935676575,0.987459123134613,0,0,0,0,0,0,0,0,0,0,0,0,0,0
7.20185661315918,2.0,0.047320157289505005,-0.08160173892974854,-0.049701571464538574,0.08152760565280914,-2.943063497543335,0.4584881663322449,-0.11342598497867584,-0.7236433029174805,0.03,1.228021264076233,-0.10470958799123764,0.3218737244606018,0.008035735227167606,0.08593127876520157,-0.13219597935676575,0.987459123134613,0,0,0,0,0,0,0,0,0,0,0,0,0,0
7.203039646148682,2.0,0.047320157289505005,-0.08160173892974854,-0.049701571464538574,0.08152760565280914,-2.943063497543335,0.4584881663322449,-0.11342598497867584,-0.7236433029174805,0.03,1.228021264076233,-0.10470958799123764,0.3218737244606018,0.008035735227167606,0.08593127876520157,-0.13219597935676575,0.987459123134613,0,0,0,0,0,0,0,0,0,0,0,0,0,0
7.204431056976318,2.0,0.048108749091625214,-0.08161616325378418,-0.0509527325630188,0.08151793479919434,-3.142803907394409,0.4474412202835083,-0.06413741409778595,-0.7470420598983765,0.03,1.228021264076233,-0.10470958799123764,0.3218737244606018,0.008035735227167606,0.08593127876520157,-0.13219597935676575,0.987459123134613,0,0,0,0,0,0,0,0,0,0,0,0,0,0
7.206172466278076,2.0,0.05122609809041023,-0.08161380887031555,-0.05383533239364624,0.08153130114078522,-3.0988106727600098,0.47854191064834595,-0.07126573473215103,-0.7625044584274292,0.03,1.228025197982788,-0.10465309023857117,0.32192137837409973,0.008578705601394176,0.08600880205631256,-0.1275167614221573,0.9880629181861877,0,0,0,0,0,0,0,0,0,0,0,0,0,0
7.207342624664307,2.0,0.05122609809041023,-0.08161380887031555,-0.05383533239364624,0.08153130114078522,-3.0988106727600098,0.47854191064834595,-0.07126573473215103,-0.7625044584274292,0.03,1.228025197982788,-0.10465309023857117,0.32192137837409973,0.008578705601394176,0.08600880205631256,-0.1275167614221573,0.9880629181861877,0,0,0,0,0,0,0,0,0,0,0,0,0,0
7.208823204040527,2.0,0.05122609809041023,-0.08161380887031555,-0.05383533239364624,0.08153130114078522,-3.0988106727600098,0.47854191064834595,-0.07126573473215103,-0.7625044584274292,0.03,1.228025197982788,-0.10465309023857117,0.32192137837409973,0.008578705601394176,0.08600880205631256,-0.1275167614221573,0.9880629181861877,0,0,0,0,0,0,0,0,0,0,0,0,0,0
7.209956645965576,2.0,0.05122609809041023,-0.08161380887031555,-0.05383533239364624,0.08153130114078522,-3.0988106727600098,0.47854191064834595,-0.07126573473215103,-0.7625044584274292,0.03,1.228025197982788,-0.10465309023857117,0.32192137837409973,0.008578705601394176,0.08600880205631256,-0.1275167614221573,0.9880629181861877,0,0,0,0,0,0,0,0,0,0,0,0,0,0
7.211425304412842,2.0,0.05122609809041023,-0.08161380887031555,-0.05383533239364624,0.08153130114078522,-3.0988106727600098,0.47854191064834595,-0.07126573473215103,-0.7625044584274292,0.03,1.228025197982788,-0.10465309023857117,0.32192137837409973,0.008578705601394176,0.08600880205631256,-0.1275167614221573,0.9880629181861877,0,0,0,0,0,0,0,0,0,0,0,0,0,0
7.212498903274536,2.0,0.05122609809041023,-0.08161380887031555,-0.05383533239364624,0.08153130114078522,-3.0988106727600098,0.47854191064834595,-0.07126573473215103,-0.7625044584274292,0.03,1.2280408143997192,-0.10465903580188751,0.3219109773635864,0.008576367050409317,0.08622955530881882,-0.12667779624462128,0.9881516098976135,0,0,0,0,0,0,0,0,0,0,0,0,0,0
7.213614463806152,2.0,0.05122609809041023,-0.08161380887031555,-0.05383533239364624,0.08153130114078522,-3.0988106727600098,0.47854191064834595,-0.07126573473215103,-0.7625044584274292,0.03,1.2280408143997192,-0.10465903580188751,0.3219109773635864,0.008576367050409317,0.08622955530881882,-0.12667779624462128,0.9881516098976135,0,0,0,0,0,0,0,0,0,0,0,0,0,0
7.214739799499512,2.0,0.05122609809041023,-0.08161380887031555,-0.05383533239364624,0.08153130114078522,-3.0988106727600098,0.47854191064834595,-0.07126573473215103,-0.7625044584274292,0.03,1.2280408143997192,-0.10465903580188751,0.3219109773635864,0.008576367050409317,0.08622955530881882,-0.12667779624462128,0.9881516098976135,0,0,0,0,0,0,0,0,0,0,0,0,0,0
7.216256380081177,2.0,0.05524284765124321,-0.08164657652378082,-0.05803292989730835,0.08152802288532257,-3.369584321975708,0.47258931398391724,-0.35476627945899963,-0.8057985305786133,0.03,1.2280882596969604,-0.10465335100889206,0.3217986822128296,0.008812000043690205,0.0864468663930893,-0.12200421839952469,0.988718569278717,0,0,0,0,0,0,0,0,0,0,0,0,0,0
7.218464136123657,2.0,0.05801099166274071,-0.08161236345767975,-0.06057471036911011,0.08153074979782104,-3.6136460304260254,0.5606224536895752,-0.523177981376648,-0.8312831521034241,0.03,1.2281709909439087,-0.10461901128292084,0.3218369483947754,0.010278288275003433,0.08661158382892609,-0.11366614699363708,0.9896831512451172,0,0,0,0,0,0,0,0,0,0,0,0,0,0
7.219597578048706,2.0,0.05850886180996895,-0.08161984384059906,-0.061068594455718994,0.08152872323989868,-3.7619261741638184,0.5219791531562805,-0.6807839274406433,-0.8368354439735413,0.03,1.2281696796417236,-0.10463239997625351,0.3218212127685547,0.010175159201025963,0.08674981445074081,-0.11424779891967773,0.989605188369751,0,0,0,0,0,0,0,0,0,0,0,0,0,0
7.220741271972656,2.0,0.05850886180996895,-0.08161984384059906,-0.061068594455718994,0.08152872323989868,-3.7619261741638184,0.5219791531562805,-0.6807839274406433,-0.8368354439735413,0.03,1.2281696796417236,-0.10463239997625351,0.3218212127685547,0.010175159201025963,0.08674981445074081,-0.11424779891967773,0.989605188369751,0,0,0,0,0,0,0,0,0,0,0,0,0,0
7.222550392150879,2.0,0.05850886180996895,-0.08161984384059906,-0.061068594455718994,0.08152872323989868,-3.7619261741638184,0.5219791531562805,-0.6807839274406433,-0.8368354439735413,0.03,1.2281696796417236,-0.10463239997625351,0.3218212127685547,0.010175159201025963,0.08674981445074081,-0.11424779891967773,0.989605188369751,0,0,0,0,0,0,0,0,0,0,0,0,0,0
7.224511623382568,2.0,0.05850886180996895,-0.08161984384059906,-0.061068594455718994,0.08152872323989868,-3.7619261741638184,0.5219791531562805,-0.6807839274406433,-0.8368354439735413,0.03,1.2281696796417236,-0.10463239997625351,0.3218212127685547,0.010175159201025963,0.08674981445074081,-0.11424779891967773,0.989605188369751,0,0,0,0,0,0,0,0,0,0,0,0,0,0
7.225787162780762,2.0,0.05850886180996895,-0.08161984384059906,-0.061068594455718994,0.08152872323989868,-3.7619261741638184,0.5219791531562805,-0.6807839274406433,-0.8368354439735413,0.03,1.2281696796417236,-0.10463239997625351,0.3218212127685547,0.010175159201025963,0.08674981445074081,-0.11424779891967773,0.989605188369751,0,0,0,0,0,0,0,0,0,0,0,0,0,0
7.227124452590942,2.0,0.05850886180996895,-0.08161984384059906,-0.061068594455718994,0.08152872323989868,-3.7619261741638184,0.5219791531562805,-0.6807839274406433,-0.8368354439735413,0.03,1.2281696796417236,-0.10463239997625351,0.3218212127685547,0.010175159201025963,0.08674981445074081,-0.11424779891967773,0.989605188369751,0,0,0,0,0,0,0,0,0,0,0,0,0,0
7.228454828262329,2.0,0.05850886180996895,-0.08161984384059906,-0.061068594455718994,0.08152872323989868,-3.7619261741638184,0.5219791531562805,-0.6807839274406433,-0.8368354439735413,0.03,1.2281696796417236,-0.10463239997625351,0.3218212127685547,0.010175159201025963,0.08674981445074081,-0.11424779891967773,0.989605188369751,0,0,0,0,0,0,0,0,0,0,0,0,0,0
7.22976279258728,2.0,0.05850886180996895,-0.08161984384059906,-0.061068594455718994,0.08152872323989868,-3.7619261741638184,0.5219791531562805,-0.6807839274406433,-0.8368354439735413,0.03,1.2281696796417236,-0.10463239997625351,0.3218212127685547,0.010175159201025963,0.08674981445074081,-0.11424779891967773,0.989605188369751,0,0,0,0,0,0,0,0,0,0,0,0,0,0
7.231100082397461,2.0,0.05850886180996895,-0.08161984384059906,-0.061068594455718994,0.08152872323989868,-3.7619261741638184,0.5219791531562805,-0.6807839274406433,-0.8368354439735413,0.03,1.2281696796417236,-0.10463239997625351,0.3218212127685547,0.010175159201025963,0.08674981445074081,-0.11424779891967773,0.989605188369751,0,0,0,0,0,0,0,0,0,0,0,0,0,0
7.23233437538147,2.0,0.05850886180996895,-0.08161984384059906,-0.061068594455718994,0.08152872323989868,-3.7619261741638184,0.5219791531562805,-0.6807839274406433,-0.8368354439735413,0.03,1.2281696796417236,-0.10463239997625351,0.3218212127685547,0.010175159201025963,0.08674981445074081,-0.11424779891967773,0.989605188369751,0,0,0,0,0,0,0,0,0,0,0,0,0,0
7.233690977096558,2.0,0.05850886180996895,-0.08161984384059906,-0.061068594455718994,0.08152872323989868,-3.7619261741638184,0.5219791531562805,-0.6807839274406433,-0.8368354439735413,0.03,1.2281696796417236,-0.10463239997625351,0.3218212127685547,0.010175159201025963,0.08674981445074081,-0.11424779891967773,0.989605188369751,0,0,0,0,0,0,0,0,0,0,0,0,0,0
7.234811067581177,2.0,0.05850886180996895,-0.08161984384059906,-0.061068594455718994,0.08152872323989868,-3.7619261741638184,0.5219791531562805,-0.6807839274406433,-0.8368354439735413,0.03,1.2281696796417236,-0.10463239997625351,0.3218212127685547,0.010175159201025963,0.08674981445074081,-0.11424779891967773,0.989605188369751,0,0,0,0,0,0,0,0,0,0,0,0,0,0
7.2362401485443115,2.0,0.05850886180996895,-0.08161984384059906,-0.061068594455718994,0.08152872323989868,-3.7619261741638184,0.5219791531562805,-0.6807839274406433,-0.8368354439735413,0.03,1.2281696796417236,-0.10463239997625351,0.3218212127685547,0.010175159201025963,0.08674981445074081,-0.11424779891967773,0.989605188369751,0,0,0,0,0,0,0,0,0,0,0,0,0,0
7.237514019012451,2.0,0.05850886180996895,-0.08161984384059906,-0.061068594455718994,0.08152872323989868,-3.7619261741638184,0.5219791531562805,-0.6807839274406433,-0.8368354439735413,0.03,1.2281696796417236,-0.10463239997625351,0.3218212127685547,0.010175159201025963,0.08674981445074081,-0.11424779891967773,0.989605188369751,0,0,0,0,0,0,0,0,0,0,0,0,0,0
7.239943981170654,2.0,0.05850886180996895,-0.08161984384059906,-0.061068594455718994,0.08152872323989868,-3.7619261741638184,0.5219791531562805,-0.6807839274406433,-0.8368354439735413,0.03,1.2281696796417236,-0.10463239997625351,0.3218212127685547,0.010175159201025963,0.08674981445074081,-0.11424779891967773,0.989605188369751,0,0,0,0,0,0,0,0,0,0,0,0,0,0
7.241464853286743,2.0,0.05850886180996895,-0.08161984384059906,-0.061068594455718994,0.08152872323989868,-3.7619261741638184,0.5219791531562805,-0.6807839274406433,-0.8368354439735413,0.03,1.2281948328018188,-0.10475999116897583,0.32161980867385864,0.01058632880449295,0.08671363443136215,-0.11260773241519928,0.989791989326477,0,0,0,0,0,0,0,0,0,0,0,0,0,0
7.2434327602386475,2.0,0.05850886180996895,-0.08161984384059906,-0.061068594455718994,0.08152872323989868,-3.7619261741638184,0.5219791531562805,-0.6807839274406433,-0.8368354439735413,0.03,1.2281948328018188,-0.10475999116897583,0.32161980867385864,0.01058632880449295,0.08671363443136215,-0.11260773241519928,0.989791989326477,0,0,0,0,0,0,0,0,0,0,0,0,0,0
7.244932413101196,2.0,0.05850886180996895,-0.08161984384059906,-0.061068594455718994,0.08152872323989868,-3.7619261741638184,0.5219791531562805,-0.6807839274406433,-0.8368354439735413,0.03,1.2281948328018188,-0.10475999116897583,0.32161980867385864,0.01058632880449295,0.08671363443136215,-0.11260773241519928,0.989791989326477,0,0,0,0,0,0,0,0,0,0,0,0,0,0
7.24644923210144,2.0,0.05850886180996895,-0.08161984384059906,-0.061068594455718994,0.08152872323989868,-3.7619261741638184,0.5219791531562805,-0.6807839274406433,-0.8368354439735413,0.03,1.2281948328018188,-0.10475999116897583,0.32161980867385864,0.01058632880449295,0.08671363443136215,-0.11260773241519928,0.989791989326477,0,0,0,0,0,0,0,0,0,0,0,0,0,0
7.248823881149292,2.0,0.05850886180996895,-0.08161984384059906,-0.061068594455718994,0.08152872323989868,-3.7619261741638184,0.5219791531562805,-0.6807839274406433,-0.8368354439735413,0.03,1.2281948328018188,-0.10475999116897583,0.32161980867385864,0.01058632880449295,0.08671363443136215,-0.11260773241519928,0.989791989326477,0,0,0,0,0,0,0,0,0,0,0,0,0,0
7.25064492225647,2.0,0.05850886180996895,-0.08161984384059906,-0.061068594455718994,0.08152872323989868,-3.7619261741638184,0.5219791531562805,-0.6807839274406433,-0.8368354439735413,0.03,1.2281948328018188,-0.10475999116897583,0.32161980867385864,0.01058632880449295,0.08671363443136215,-0.11260773241519928,0.989791989326477,0,0,0,0,0,0,0,0,0,0,0,0,0,0
7.2526044845581055,2.0,0.05850886180996895,-0.08161984384059906,-0.061068594455718994,0.08152872323989868,-3.7619261741638184,0.5219791531562805,-0.6807839274406433,-0.8368354439735413,0.03,1.2281948328018188,-0.10475999116897583,0.32161980867385864,0.01058632880449295,0.08671363443136215,-0.11260773241519928,0.989791989326477,0,0,0,0,0,0,0,0,0,0,0,0,0,0
7.253954887390137,2.0,0.05850886180996895,-0.08161984384059906,-0.061068594455718994,0.08152872323989868,-3.7619261741638184,0.5219791531562805,-0.6807839274406433,-0.8368354439735413,0.03,1.2281948328018188,-0.10475999116897583,0.32161980867385864,0.01058632880449295,0.08671363443136215,-0.11260773241519928,0.989791989326477,0,0,0,0,0,0,0,0,0,0,0,0,0,0
7.255088567733765,2.0,0.05850886180996895,-0.08161984384059906,-0.061068594455718994,0.08152872323989868,-3.7619261741638184,0.5219791531562805,-0.6807839274406433,-0.8368354439735413,0.03,1.2281948328018188,-0.10475999116897583,0.32161980867385864,0.01058632880449295,0.08671363443136215,-0.11260773241519928,0.989791989326477,0,0,0,0,0,0,0,0,0,0,0,0,0,0
7.256326198577881,2.0,0.05850886180996895,-0.08161984384059906,-0.061068594455718994,0.08152872323989868,-3.7619261741638184,0.5219791531562805,-0.6807839274406433,-0.8368354439735413,0.03,1.2281948328018188,-0.10475999116897583,0.32161980867385864,0.01058632880449295,0.08671363443136215,-0.11260773241519928,0.989791989326477,0,0,0,0,0,0,0,0,0,0,0,0,0,0
7.257580995559692,2.0,0.05850886180996895,-0.08161984384059906,-0.061068594455718994,0.08152872323989868,-3.7619261741638184,0.5219791531562805,-0.6807839274406433,-0.8368354439735413,0.03,1.2281948328018188,-0.10475999116897583,0.32161980867385864,0.01058632880449295,0.08671363443136215,-0.11260773241519928,0.989791989326477,0,0,0,0,0,0,0,0,0,0,0,0,0,0
7.259238243103027,2.0,0.05850886180996895,-0.08161984384059906,-0.061068594455718994,0.08152872323989868,-3.7619261741638184,0.5219791531562805,-0.6807839274406433,-0.8368354439735413,0.03,1.2281948328018188,-0.10475999116897583,0.32161980867385864,0.01058632880449295,0.08671363443136215,-0.11260773241519928,0.989791989326477,0,0,0,0,0,0,0,0,0,0,0,0,0,0
7.260420560836792,2.0,0.05850886180996895,-0.08161984384059906,-0.061068594455718994,0.08152872323989868,-3.7619261741638184,0.5219791531562805,-0.6807839274406433,-0.8368354439735413,0.03,1.2281948328018188,-0.10475999116897583,0.32161980867385864,0.01058632880449295,0.08671363443136215,-0.11260773241519928,0.989791989326477,0,0,0,0,0,0,0,0,0,0,0,0,0,0
7.261524200439453,2.0,0.05850886180996895,-0.08161984384059906,-0.061068594455718994,0.08152872323989868,-3.7619261741638184,0.5219791531562805,-0.6807839274406433,-0.8368354439735413,0.03,1.2281948328018188,-0.10475999116897583,0.32161980867385864,0.01058632880449295,0.08671363443136215,-0.11260773241519928,0.989791989326477,0,0,0,0,0,0,0,0,0,0,0,0,0,0
7.262661457061768,2.0,0.05850886180996895,-0.08161984384059906,-0.061068594455718994,0.08152872323989868,-3.7619261741638184,0.5219791531562805,-0.6807839274406433,-0.8368354439735413,0.03,1.2281948328018188,-0.10475999116897583,0.32161980867385864,0.01058632880449295,0.08671363443136215,-0.11260773241519928,0.989791989326477,0,0,0,0,0,0,0,0,0,0,0,0,0,0
7.263798713684082,2.0,0.05850886180996895,-0.08161984384059906,-0.061068594455718994,0.08152872323989868,-3.7619261741638184,0.5219791531562805,-0.6807839274406433,-0.8368354439735413,0.03,1.2281948328018188,-0.10475999116897583,0.32161980867385864,0.01058632880449295,0.08671363443136215,-0.11260773241519928,0.989791989326477,0,0,0,0,0,0,0,0,0,0,0,0,0,0
7.264984369277954,2.0,0.05850886180996895,-0.08161984384059906,-0.061068594455718994,0.08152872323989868,-3.7619261741638184,0.5219791531562805,-0.6807839274406433,-0.8368354439735413,0.03,1.2281948328018188,-0.10475999116897583,0.32161980867385864,0.01058632880449295,0.08671363443136215,-0.11260773241519928,0.989791989326477,0,0,0,0,0,0,0,0,0,0,0,0,0,0
7.266235589981079,2.0,0.05850886180996895,-0.08161984384059906,-0.061068594455718994,0.08152872323989868,-3.7619261741638184,0.5219791531562805,-0.6807839274406433,-0.8368354439735413,0.03,1.2281948328018188,-0.10475999116897583,0.32161980867385864,0.01058632880449295,0.08671363443136215,-0.11260773241519928,0.989791989326477,0,0,0,0,0,0,0,0,0,0,0,0,0,0
7.2673139572143555,2.0,0.05850886180996895,-0.08161984384059906,-0.061068594455718994,0.08152872323989868,-3.7619261741638184,0.5219791531562805,-0.6807839274406433,-0.8368354439735413,0.03,1.2281948328018188,-0.10475999116897583,0.32161980867385864,0.01058632880449295,0.08671363443136215,-0.11260773241519928,0.989791989326477,0,0,0,0,0,0,0,0,0,0,0,0,0,0
7.268419504165649,2.0,0.05850886180996895,-0.08161984384059906,-0.061068594455718994,0.08152872323989868,-3.7619261741638184,0.5219791531562805,-0.6807839274406433,-0.8368354439735413,0.03,1.2281948328018188,-0.10475999116897583,0.32161980867385864,0.01058632880449295,0.08671363443136215,-0.11260773241519928,0.989791989326477,0,0,0,0,0,0,0,0,0,0,0,0,0,0
7.269495010375977,2.0,0.05850886180996895,-0.08161984384059906,-0.061068594455718994,0.08152872323989868,-3.7619261741638184,0.5219791531562805,-0.6807839274406433,-0.8368354439735413,0.03,1.2281948328018188,-0.10475999116897583,0.32161980867385864,0.01058632880449295,0.08671363443136215,-0.11260773241519928,0.989791989326477,0,0,0,0,0,0,0,0,0,0,0,0,0,0
7.270584344863892,2.0,0.05850886180996895,-0.08161984384059906,-0.061068594455718994,0.08152872323989868,-3.7619261741638184,0.5219791531562805,-0.6807839274406433,-0.8368354439735413,0.03,1.2281948328018188,-0.10475999116897583,0.32161980867385864,0.01058632880449295,0.08671363443136215,-0.11260773241519928,0.989791989326477,0,0,0,0,0,0,0,0,0,0,0,0,0,0
7.27175235748291,2.0,0.05850886180996895,-0.08161984384059906,-0.061068594455718994,0.08152872323989868,-3.7619261741638184,0.5219791531562805,-0.6807839274406433,-0.8368354439735413,0.03,1.2281948328018188,-0.10475999116897583,0.32161980867385864,0.01058632880449295,0.08671363443136215,-0.11260773241519928,0.989791989326477,0,0,0,0,0,0,0,0,0,0,0,0,0,0
7.272973537445068,2.0,0.05850886180996895,-0.08161984384059906,-0.061068594455718994,0.08152872323989868,-3.7619261741638184,0.5219791531562805,-0.6807839274406433,-0.8368354439735413,0.03,1.2281948328018188,-0.10475999116897583,0.32161980867385864,0.01058632880449295,0.08671363443136215,-0.11260773241519928,0.989791989326477,0,0,0,0,0,0,0,0,0,0,0,0,0,0
7.274049758911133,2.0,0.05850886180996895,-0.08161984384059906,-0.061068594455718994,0.08152872323989868,-3.7619261741638184,0.5219791531562805,-0.6807839274406433,-0.8368354439735413,0.03,1.2281948328018188,-0.10475999116897583,0.32161980867385864,0.01058632880449295,0.08671363443136215,-0.11260773241519928,0.989791989326477,0,0,0,0,0,0,0,0,0,0,0,0,0,0
7.275300979614258,2.0,0.05850886180996895,-0.08161984384059906,-0.061068594455718994,0.08152872323989868,-3.7619261741638184,0.5219791531562805,-0.6807839274406433,-0.8368354439735413,0.03,1.2281948328018188,-0.10475999116897583,0.32161980867385864,0.01058632880449295,0.08671363443136215,-0.11260773241519928,0.989791989326477,0,0,0,0,0,0,0,0,0,0,0,0,0,0
7.27660346031189,2.0,0.05850886180996895,-0.08161984384059906,-0.061068594455718994,0.08152872323989868,-3.7619261741638184,0.5219791531562805,-0.6807839274406433,-0.8368354439735413,0.03,1.2281948328018188,-0.10475999116897583,0.32161980867385864,0.01058632880449295,0.08671363443136215,-0.11260773241519928,0.989791989326477,0,0,0,0,0,0,0,0,0,0,0,0,0,0
7.277991533279419,2.0,0.05850886180996895,-0.08161984384059906,-0.061068594455718994,0.08152872323989868,-3.7619261741638184,0.5219791531562805,-0.6807839274406433,-0.8368354439735413,0.03,1.2281948328018188,-0.10475999116897583,0.32161980867385864,0.01058632880449295,0.08671363443136215,-0.11260773241519928,0.989791989326477,0,0,0,0,0,0,0,0,0,0,0,0,0,0
7.280000448226929,2.0,0.05850886180996895,-0.08161984384059906,-0.061068594455718994,0.08152872323989868,-3.7619261741638184,0.5219791531562805,-0.6807839274406433,-0.8368354439735413,0.03,1.2281948328018188,-0.10475999116897583,0.32161980867385864,0.01058632880449295,0.08671363443136215,-0.11260773241519928,0.989791989326477,0,0,0,0,0,0,0,0,0,0,0,0,0,0
7.281341791152954,2.0,0.05850886180996895,-0.08161984384059906,-0.061068594455718994,0.08152872323989868,-3.7619261741638184,0.5219791531562805,-0.6807839274406433,-0.8368354439735413,0.03,1.2281948328018188,-0.10475999116897583,0.32161980867385864,0.01058632880449295,0.08671363443136215,-0.11260773241519928,0.989791989326477,0,0,0,0,0,0,0,0,0,0,0,0,0,0
7.282512664794922,2.0,0.05850886180996895,-0.08161984384059906,-0.061068594455718994,0.08152872323989868,-3.7619261741638184,0.5219791531562805,-0.6807839274406433,-0.8368354439735413,0.03,1.2281948328018188,-0.10475999116897583,0.32161980867385864,0.01058632880449295,0.08671363443136215,-0.11260773241519928,0.989791989326477,0,0,0,0,0,0,0,0,0,0,0,0,0,0
7.2837135791778564,2.0,0.05850886180996895,-0.08161984384059906,-0.061068594455718994,0.08152872323989868,-3.7619261741638184,0.5219791531562805,-0.6807839274406433,-0.8368354439735413,0.03,1.2281948328018188,-0.10475999116897583,0.32161980867385864,0.01058632880449295,0.08671363443136215,-0.11260773241519928,0.989791989326477,0,0,0,0,0,0,0,0,0,0,0,0,0,0
7.285194635391235,2.0,0.05850886180996895,-0.08161984384059906,-0.061068594455718994,0.08152872323989868,-3.7619261741638184,0.5219791531562805,-0.6807839274406433,-0.8368354439735413,0.03,1.2281948328018188,-0.10475999116897583,0.32161980867385864,0.01058632880449295,0.08671363443136215,-0.11260773241519928,0.989791989326477,0,0,0,0,0,0,0,0,0,0,0,0,0,0
7.286463260650635,2.0,0.05850886180996895,-0.08161984384059906,-0.061068594455718994,0.08152872323989868,-3.7619261741638184,0.5219791531562805,-0.6807839274406433,-0.8368354439735413,0.03,1.2281948328018188,-0.10475999116897583,0.32161980867385864,0.01058632880449295,0.08671363443136215,-0.11260773241519928,0.989791989326477,0,0,0,0,0,0,0,0,0,0,0,0,0,0
7.2876036167144775,2.0,0.05850886180996895,-0.08161984384059906,-0.061068594455718994,0.08152872323989868,-3.7619261741638184,0.5219791531562805,-0.6807839274406433,-0.8368354439735413,0.03,1.2281948328018188,-0.10475999116897583,0.32161980867385864,0.01058632880449295,0.08671363443136215,-0.11260773241519928,0.989791989326477,0,0,0,0,0,0,0,0,0,0,0,0,0,0
7.288662433624268,2.0,0.05850886180996895,-0.08161984384059906,-0.061068594455718994,0.08152872323989868,-3.7619261741638184,0.5219791531562805,-0.6807839274406433,-0.8368354439735413,0.03,1.2281948328018188,-0.10475999116897583,0.32161980867385864,0.01058632880449295,0.08671363443136215,-0.11260773241519928,0.989791989326477,0,0,0,0,0,0,0,0,0,0,0,0,0,0
7.289729118347168,2.0,0.05850886180996895,-0.08161984384059906,-0.061068594455718994,0.08152872323989868,-3.7619261741638184,0.5219791531562805,-0.6807839274406433,-0.8368354439735413,0.03,1.2281948328018188,-0.10475999116897583,0.32161980867385864,0.01058632880449295,0.08671363443136215,-0.11260773241519928,0.989791989326477,0,0,0,0,0,0,0,0,0,0,0,0,0,0
7.291010856628418,2.0,0.05850886180996895,-0.08161984384059906,-0.061068594455718994,0.08152872323989868,-3.7619261741638184,0.5219791531562805,-0.6807839274406433,-0.8368354439735413,0.03,1.2281948328018188,-0.10475999116897583,0.32161980867385864,0.01058632880449295,0.08671363443136215,-0.11260773241519928,0.989791989326477,0,0,0,0,0,0,0,0,0,0,0,0,0,0
7.2922139167785645,2.0,0.05850886180996895,-0.08161984384059906,-0.061068594455718994,0.08152872323989868,-3.7619261741638184,0.5219791531562805,-0.6807839274406433,-0.8368354439735413,0.03,1.2281948328018188,-0.10475999116897583,0.32161980867385864,0.01058632880449295,0.08671363443136215,-0.11260773241519928,0.989791989326477,0,0,0,0,0,0,0,0,0,0,0,0,0,0
7.293303728103638,2.0,0.05850886180996895,-0.08161984384059906,-0.061068594455718994,0.08152872323989868,-3.7619261741638184,0.5219791531562805,-0.6807839274406433,-0.8368354439735413,0.03,1.2281948328018188,-0.10475999116897583,0.32161980867385864,0.01058632880449295,0.08671363443136215,-0.11260773241519928,0.989791989326477,0,0,0,0,0,0,0,0,0,0,0,0,0,0
7.294497966766357,2.0,0.05850886180996895,-0.08161984384059906,-0.061068594455718994,0.08152872323989868,-3.7619261741638184,0.5219791531562805,-0.6807839274406433,-0.8368354439735413,0.03,1.2281948328018188,-0.10475999116897583,0.32161980867385864,0.01058632880449295,0.08671363443136215,-0.11260773241519928,0.989791989326477,0,0,0,0,0,0,0,0,0,0,0,0,0,0
7.295715808868408,2.0,0.05850886180996895,-0.08161984384059906,-0.061068594455718994,0.08152872323989868,-3.7619261741638184,0.5219791531562805,-0.6807839274406433,-0.8368354439735413,0.03,1.2281948328018188,-0.10475999116897583,0.32161980867385864,0.01058632880449295,0.08671363443136215,-0.11260773241519928,0.989791989326477,0,0,0,0,0,0,0,0,0,0,0,0,0,0
7.2971351146698,2.0,0.05850886180996895,-0.08161984384059906,-0.061068594455718994,0.08152872323989868,-3.7619261741638184,0.5219791531562805,-0.6807839274406433,-0.8368354439735413,0.03,1.2281948328018188,-0.10475999116897583,0.32161980867385864,0.01058632880449295,0.08671363443136215,-0.11260773241519928,0.989791989326477,0,0,0,0,0,0,0,0,0,0,0,0,0,0
7.298837184906006,2.0,0.05850886180996895,-0.08161984384059906,-0.061068594455718994,0.08152872323989868,-3.7619261741638184,0.5219791531562805,-0.6807839274406433,-0.8368354439735413,0.03,1.2281948328018188,-0.10475999116897583,0.32161980867385864,0.01058632880449295,0.08671363443136215,-0.11260773241519928,0.989791989326477,0,0,0,0,0,0,0,0,0,0,0,0,0,0
7.30042290687561,2.0,0.05850886180996895,-0.08161984384059906,-0.061068594455718994,0.08152872323989868,-3.7619261741638184,0.5219791531562805,-0.6807839274406433,-0.8368354439735413,0.03,1.2281948328018188,-0.10475999116897583,0.32161980867385864,0.01058632880449295,0.08671363443136215,-0.11260773241519928,0.989791989326477,0,0,0,0,0,0,0,0,0,0,0,0,0,0
7.302607536315918,2.0,0.05850886180996895,-0.08161984384059906,-0.061068594455718994,0.08152872323989868,-3.7619261741638184,0.5219791531562805,-0.6807839274406433,-0.8368354439735413,0.03,1.2281948328018188,-0.10475999116897583,0.32161980867385864,0.01058632880449295,0.08671363443136215,-0.11260773241519928,0.989791989326477,0,0,0,0,0,0,0,0,0,0,0,0,0,0
7.303988218307495,2.0,0.05850886180996895,-0.08161984384059906,-0.061068594455718994,0.08152872323989868,-3.7619261741638184,0.5219791531562805,-0.6807839274406433,-0.8368354439735413,0.03,1.2281948328018188,-0.10475999116897583,0.32161980867385864,0.01058632880449295,0.08671363443136215,-0.11260773241519928,0.989791989326477,0,0,0,0,0,0,0,0,0,0,0,0,0,0
7.305190801620483,2.0,0.05850886180996895,-0.08161984384059906,-0.061068594455718994,0.08152872323989868,-3.7619261741638184,0.5219791531562805,-0.6807839274406433,-0.8368354439735413,0.03,1.2281948328018188,-0.10475999116897583,0.32161980867385864,0.01058632880449295,0.08671363443136215,-0.11260773241519928,0.989791989326477,0,0,0,0,0,0,0,0,0,0,0,0,0,0
7.306318283081055,2.0,0.05850886180996895,-0.08161984384059906,-0.061068594455718994,0.08152872323989868,-3.7619261741638184,0.5219791531562805,-0.6807839274406433,-0.8368354439735413,0.03,1.2281948328018188,-0.10475999116897583,0.32161980867385864,0.01058632880449295,0.08671363443136215,-0.11260773241519928,0.989791989326477,0,0,0,0,0,0,0,0,0,0,0,0,0,0
7.307426929473877,2.0,0.05850886180996895,-0.08161984384059906,-0.061068594455718994,0.08152872323989868,-3.7619261741638184,0.5219791531562805,-0.6807839274406433,-0.8368354439735413,0.03,1.2281948328018188,-0.10475999116897583,0.32161980867385864,0.01058632880449295,0.08671363443136215,-0.11260773241519928,0.989791989326477,0,0,0,0,0,0,0,0,0,0,0,0,0,0
7.308635711669922,2.0,0.05850886180996895,-0.08161984384059906,-0.061068594455718994,0.08152872323989868,-3.7619261741638184,0.5219791531562805,-0.6807839274406433,-0.8368354439735413,0.03,1.2281948328018188,-0.10475999116897583,0.32161980867385864,0.01058632880449295,0.08671363443136215,-0.11260773241519928,0.989791989326477,0,0,0,0,0,0,0,0,0,0,0,0,0,0
7.3098838329315186,2.0,0.05850886180996895,-0.08161984384059906,-0.061068594455718994,0.08152872323989868,-3.7619261741638184,0.5219791531562805,-0.6807839274406433,-0.8368354439735413,0.03,1.2281948328018188,-0.10475999116897583,0.32161980867385864,0.01058632880449295,0.08671363443136215,-0.11260773241519928,0.989791989326477,0,0,0,0,0,0,0,0,0,0,0,0,0,0
7.3112616539001465,2.0,0.05850886180996895,-0.08161984384059906,-0.061068594455718994,0.08152872323989868,-3.7619261741638184,0.5219791531562805,-0.6807839274406433,-0.8368354439735413,0.03,1.2281948328018188,-0.10475999116897583,0.32161980867385864,0.01058632880449295,0.08671363443136215,-0.11260773241519928,0.989791989326477,0,0,0,0,0,0,0,0,0,0,0,0,0,0
7.314014673233032,2.0,0.0613836906850338,-0.08163844048976898,-0.06393921375274658,0.08153074979782104,-3.9676566123962402,0.5262075662612915,-0.8263773918151855,-0.8638401031494141,0.03,1.2281948328018188,-0.10475999116897583,0.32161980867385864,0.01058632880449295,0.08671363443136215,-0.11260773241519928,0.989791989326477,0,0,0,0,0,0,0,0,0,0,0,0,0,0
7.3159708976745605,2.0,0.06288140267133713,-0.0816076248884201,-0.06579625606536865,0.08153074979782104,-4.451904773712158,0.598172664642334,-0.9851335287094116,-0.8813708424568176,0.03,1.2281948328018188,-0.10475999116897583,0.32161980867385864,0.01058632880449295,0.08671363443136215,-0.11260773241519928,0.989791989326477,0,0,0,0,0,0,0,0,0,0,0,0,0,0
7.317039966583252,2.0,0.06520283967256546,-0.08161169290542603,-0.06808343529701233,0.08153040707111359,-4.356757640838623,0.5943950414657593,-0.858397901058197,-0.9034241437911987,0.03,1.2281948328018188,-0.10475999116897583,0.32161980867385864,0.01058632880449295,0.08671363443136215,-0.11260773241519928,0.989791989326477,0,0,0,0,0,0,0,0,0,0,0,0,0,0
7.31850528717041,2.0,0.06700471043586731,-0.08159355819225311,-0.06992083787918091,0.08153533935546875,-4.488499164581299,0.6642764210700989,-0.9430567622184753,-0.9124304056167603,0.03,1.2281948328018188,-0.10475999116897583,0.32161980867385864,0.01058632880449295,0.08671363443136215,-0.11260773241519928,0.989791989326477,0,0,0,0,0,0,0,0,0,0,0,0,0,0
7.3203654289245605,2.0,0.06747259944677353,-0.08161911368370056,-0.07045426964759827,0.08153043687343597,-4.6660661697387695,0.6199086308479309,-1.0156598091125488,-0.9264589548110962,0.03,1.2281948328018188,-0.10475999116897583,0.32161980867385864,0.01058632880449295,0.08671363443136215,-0.11260773241519928,0.989791989326477,0,0,0,0,0,0,0,0,0,0,0,0,0,0
7.322406768798828,3.0,0.07108906656503677,-0.08160461485385895,-0.07421213388442993,0.08151501417160034,-4.765029430389404,-0.5435147285461426,-0.993920624256134,0.25419068336486816,0.03,1.2281814813613892,-0.10471365600824356,0.3218035399913788,0.010351060889661312,0.08682755380868912,-0.11285800486803055,0.9897560477256775,0,0,0,0,0,0,0,0,0,0,0,0,0,0
7.325781345367432,3.0,0.07108906656503677,-0.08160461485385895,-0.07421213388442993,0.08151501417160034,-4.765029430389404,-0.5435147285461426,-0.993920624256134,0.25419068336486816,0.03,1.2281814813613892,-0.10471365600824356,0.3218035399913788,0.010351060889661312,0.08682755380868912,-0.11285800486803055,0.9897560477256775,0,0,0,0,0,0,0,0,0,0,0,0,0,0
7.327931642532349,3.0,0.07108906656503677,-0.08160461485385895,-0.07421213388442993,0.08151501417160034,-4.765029430389404,-0.5435147285461426,-0.993920624256134,0.25419068336486816,0.03,1.2281814813613892,-0.10471365600824356,0.3218035399913788,0.010351060889661312,0.08682755380868912,-0.11285800486803055,0.9897560477256775,0,0,0,0,0,0,0,0,0,0,0,0,0,0
7.329955816268921,3.0,0.07108906656503677,-0.08160461485385895,-0.07421213388442993,0.08151501417160034,-4.765029430389404,-0.5435147285461426,-0.993920624256134,0.25419068336486816,0.03,1.2281814813613892,-0.10471365600824356,0.3218035399913788,0.010351060889661312,0.08682755380868912,-0.11285800486803055,0.9897560477256775,0,0,0,0,0,0,0,0,0,0,0,0,0,0
7.331425905227661,3.0,0.07108906656503677,-0.08160461485385895,-0.07421213388442993,0.08151501417160034,-4.765029430389404,-0.5435147285461426,-0.993920624256134,0.25419068336486816,0.03,1.2281814813613892,-0.10471365600824356,0.3218035399913788,0.010351060889661312,0.08682755380868912,-0.11285800486803055,0.9897560477256775,0,0,0,0,0,0,0,0,0,0,0,0,0,0
7.332848787307739,3.0,0.07108906656503677,-0.08160461485385895,-0.07421213388442993,0.08151501417160034,-4.765029430389404,-0.5435147285461426,-0.993920624256134,0.25419068336486816,0.03,1.2281814813613892,-0.10471365600824356,0.3218035399913788,0.010351060889661312,0.08682755380868912,-0.11285800486803055,0.9897560477256775,0,0,0,0,0,0,0,0,0,0,0,0,0,0
7.334019422531128,3.0,0.07108906656503677,-0.08160461485385895,-0.07421213388442993,0.08151501417160034,-4.765029430389404,-0.5435147285461426,-0.993920624256134,0.25419068336486816,0.03,1.2281814813613892,-0.10471365600824356,0.3218035399913788,0.010351060889661312,0.08682755380868912,-0.11285800486803055,0.9897560477256775,0,0,0,0,0,0,0,0,0,0,0,0,0,0
7.335347652435303,3.0,0.07108906656503677,-0.08160461485385895,-0.07421213388442993,0.08151501417160034,-4.765029430389404,-0.5435147285461426,-0.993920624256134,0.25419068336486816,0.03,1.2281814813613892,-0.10471365600824356,0.3218035399913788,0.010351060889661312,0.08682755380868912,-0.11285800486803055,0.9897560477256775,0,0,0,0,0,0,0,0,0,0,0,0,0,0
7.336958408355713,3.0,0.07108906656503677,-0.08160461485385895,-0.07421213388442993,0.08151501417160034,-4.765029430389404,-0.5435147285461426,-0.993920624256134,0.25419068336486816,0.03,1.2281814813613892,-0.10471365600824356,0.3218035399913788,0.010351060889661312,0.08682755380868912,-0.11285800486803055,0.9897560477256775,0,0,0,0,0,0,0,0,0,0,0,0,0,0
7.338059425354004,3.0,0.07108906656503677,-0.08160461485385895,-0.07421213388442993,0.08151501417160034,-4.765029430389404,-0.5435147285461426,-0.993920624256134,0.25419068336486816,0.03,1.2281814813613892,-0.10471365600824356,0.3218035399913788,0.010351060889661312,0.08682755380868912,-0.11285800486803055,0.9897560477256775,0,0,0,0,0,0,0,0,0,0,0,0,0,0
7.33924126625061,3.0,0.07108906656503677,-0.08160461485385895,-0.07421213388442993,0.08151501417160034,-4.765029430389404,-0.5435147285461426,-0.993920624256134,0.25419068336486816,0.03,1.2281814813613892,-0.10471365600824356,0.3218035399913788,0.010351060889661312,0.08682755380868912,-0.11285800486803055,0.9897560477256775,0,0,0,0,0,0,0,0,0,0,0,0,0,0
7.340730428695679,3.0,0.07108906656503677,-0.08160461485385895,-0.07421213388442993,0.08151501417160034,-4.765029430389404,-0.5435147285461426,-0.993920624256134,0.25419068336486816,0.03,1.2281814813613892,-0.10471365600824356,0.3218035399913788,0.010351060889661312,0.08682755380868912,-0.11285800486803055,0.9897560477256775,0,0,0,0,0,0,0,0,0,0,0,0,0,0
7.3419506549835205,3.0,0.07108906656503677,-0.08160461485385895,-0.07421213388442993,0.08151501417160034,-4.765029430389404,-0.5435147285461426,-0.993920624256134,0.25419068336486816,0.03,1.2281814813613892,-0.10471365600824356,0.3218035399913788,0.010351060889661312,0.08682755380868912,-0.11285800486803055,0.9897560477256775,0,0,0,0,0,0,0,0,0,0,0,0,0,0
7.3432252407073975,3.0,0.07108906656503677,-0.08160461485385895,-0.07421213388442993,0.08151501417160034,-4.765029430389404,-0.5435147285461426,-0.993920624256134,0.25419068336486816,0.03,1.2281814813613892,-0.10471365600824356,0.3218035399913788,0.010351060889661312,0.08682755380868912,-0.11285800486803055,0.9897560477256775,0,0,0,0,0,0,0,0,0,0,0,0,0,0
7.34431266784668,3.0,0.07108906656503677,-0.08160461485385895,-0.07421213388442993,0.08151501417160034,-4.765029430389404,-0.5435147285461426,-0.993920624256134,0.25419068336486816,0.03,1.2281814813613892,-0.10471365600824356,0.3218035399913788,0.010351060889661312,0.08682755380868912,-0.11285800486803055,0.9897560477256775,0,0,0,0,0,0,0,0,0,0,0,0,0,0
7.345409154891968,3.0,0.07108906656503677,-0.08160461485385895,-0.07421213388442993,0.08151501417160034,-4.765029430389404,-0.5435147285461426,-0.993920624256134,0.25419068336486816,0.03,1.2281814813613892,-0.10471365600824356,0.3218035399913788,0.010351060889661312,0.08682755380868912,-0.11285800486803055,0.9897560477256775,0,0,0,0,0,0,0,0,0,0,0,0,0,0
7.346612453460693,3.0,0.07108906656503677,-0.08160461485385895,-0.07421213388442993,0.08151501417160034,-4.765029430389404,-0.5435147285461426,-0.993920624256134,0.25419068336486816,0.03,1.2281814813613892,-0.10471365600824356,0.3218035399913788,0.010351060889661312,0.08682755380868912,-0.11285800486803055,0.9897560477256775,0,0,0,0,0,0,0,0,0,0,0,0,0,0
7.347697019577026,3.0,0.07108906656503677,-0.08160461485385895,-0.07421213388442993,0.08151501417160034,-4.765029430389404,-0.5435147285461426,-0.993920624256134,0.25419068336486816,0.03,1.2281814813613892,-0.10471365600824356,0.3218035399913788,0.010351060889661312,0.08682755380868912,-0.11285800486803055,0.9897560477256775,0,0,0,0,0,0,0,0,0,0,0,0,0,0
7.348952770233154,3.0,0.07145079225301743,-0.08141390979290009,-0.07462728023529053,0.08136032521724701,-4.154136657714844,-1.7516223192214966,-0.30450665950775146,1.524268627166748,0.03,1.2281814813613892,-0.10471365600824356,0.3218035399913788,0.010351060889661312,0.08682755380868912,-0.11285800486803055,0.9897560477256775,0,0,0,0,0,0,0,0,0,0,0,0,0,0
7.350090503692627,3.0,0.07074972987174988,-0.06913207471370697,-0.07219153642654419,0.06827384233474731,-0.7944574356079102,-4.37723970413208,1.1579393148422241,3.214097023010254,0.03,1.2282429933547974,-0.10495679825544357,0.321646124124527,0.00947605911642313,0.0867326483130455,-0.11636202782392502,0.9893672466278076,0,0,0,0,0,0,0,0,0,0,0,0,0,0
7.351183652877808,3.0,0.07074972987174988,-0.06913207471370697,-0.07219153642654419,0.06827384233474731,-0.7944574356079102,-4.37723970413208,1.1579393148422241,3.214097023010254,0.03,1.2282429933547974,-0.10495679825544357,0.321646124124527,0.00947605911642313,0.0867326483130455,-0.11636202782392502,0.9893672466278076,0,0,0,0,0,0,0,0,0,0,0,0,0,0
7.352341413497925,3.0,0.07074972987174988,-0.06913207471370697,-0.07219153642654419,0.06827384233474731,-0.7944574356079102,-4.37723970413208,1.1579393148422241,3.214097023010254,0.03,1.2282429933547974,-0.10495679825544357,0.321646124124527,0.00947605911642313,0.0867326483130455,-0.11636202782392502,0.9893672466278076,0,0,0,0,0,0,0,0,0,0,0,0,0,0
7.353433132171631,3.0,0.07074972987174988,-0.06913207471370697,-0.07219153642654419,0.06827384233474731,-0.7944574356079102,-4.37723970413208,1.1579393148422241,3.214097023010254,0.03,1.2282429933547974,-0.10495679825544357,0.321646124124527,0.00947605911642313,0.0867326483130455,-0.11636202782392502,0.9893672466278076,0,0,0,0,0,0,0,0,0,0,0,0,0,0
7.354710578918457,3.0,0.07074972987174988,-0.06913207471370697,-0.07219153642654419,0.06827384233474731,-0.7944574356079102,-4.37723970413208,1.1579393148422241,3.214097023010254,0.03,1.2282429933547974,-0.10495679825544357,0.321646124124527,0.00947605911642313,0.0867326483130455,-0.11636202782392502,0.9893672466278076,0,0,0,0,0,0,0,0,0,0,0,0,0,0
7.356665372848511,3.0,0.07074972987174988,-0.06913207471370697,-0.07219153642654419,0.06827384233474731,-0.7944574356079102,-4.37723970413208,1.1579393148422241,3.214097023010254,0.03,1.2282429933547974,-0.10495679825544357,0.321646124124527,0.00947605911642313,0.0867326483130455,-0.11636202782392502,0.9893672466278076,0,0,0,0,0,0,0,0,0,0,0,0,0,0
7.357970714569092,3.0,0.07074972987174988,-0.06913207471370697,-0.07219153642654419,0.06827384233474731,-0.7944574356079102,-4.37723970413208,1.1579393148422241,3.214097023010254,0.03,1.2282429933547974,-0.10495679825544357,0.321646124124527,0.00947605911642313,0.0867326483130455,-0.11636202782392502,0.9893672466278076,0,0,0,0,0,0,0,0,0,0,0,0,0,0
7.3595592975616455,3.0,0.07074972987174988,-0.06913207471370697,-0.07219153642654419,0.06827384233474731,-0.7944574356079102,-4.37723970413208,1.1579393148422241,3.214097023010254,0.03,1.2282429933547974,-0.10495679825544357,0.321646124124527,0.00947605911642313,0.0867326483130455,-0.11636202782392502,0.9893672466278076,0,0,0,0,0,0,0,0,0,0,0,0,0,0
7.361506462097168,3.0,0.07074972987174988,-0.06913207471370697,-0.07219153642654419,0.06827384233474731,-0.7944574356079102,-4.37723970413208,1.1579393148422241,3.214097023010254,0.03,1.2282429933547974,-0.10495679825544357,0.321646124124527,0.00947605911642313,0.0867326483130455,-0.11636202782392502,0.9893672466278076,0,0,0,0,0,0,0,0,0,0,0,0,0,0
7.362875699996948,3.0,0.07074972987174988,-0.06913207471370697,-0.07219153642654419,0.06827384233474731,-0.7944574356079102,-4.37723970413208,1.1579393148422241,3.214097023010254,0.03,1.2282429933547974,-0.10495679825544357,0.321646124124527,0.00947605911642313,0.0867326483130455,-0.11636202782392502,0.9893672466278076,0,0,0,0,0,0,0,0,0,0,0,0,0,0
7.364065408706665,3.0,0.07074972987174988,-0.06913207471370697,-0.07219153642654419,0.06827384233474731,-0.7944574356079102,-4.37723970413208,1.1579393148422241,3.214097023010254,0.03,1.2282429933547974,-0.10495679825544357,0.321646124124527,0.00947605911642313,0.0867326483130455,-0.11636202782392502,0.9893672466278076,0,0,0,0,0,0,0,0,0,0,0,0,0,0
7.365298748016357,3.0,0.07074972987174988,-0.06913207471370697,-0.07219153642654419,0.06827384233474731,-0.7944574356079102,-4.37723970413208,1.1579393148422241,3.214097023010254,0.03,1.2282429933547974,-0.10495679825544357,0.321646124124527,0.00947605911642313,0.0867326483130455,-0.11636202782392502,0.9893672466278076,0,0,0,0,0,0,0,0,0,0,0,0,0,0
7.366573333740234,3.0,0.07074972987174988,-0.06913207471370697,-0.07219153642654419,0.06827384233474731,-0.7944574356079102,-4.37723970413208,1.1579393148422241,3.214097023010254,0.03,1.2282429933547974,-0.10495679825544357,0.321646124124527,0.00947605911642313,0.0867326483130455,-0.11636202782392502,0.9893672466278076,0,0,0,0,0,0,0,0,0,0,0,0,0,0
7.367919206619263,3.0,0.07074972987174988,-0.06913207471370697,-0.07219153642654419,0.06827384233474731,-0.7944574356079102,-4.37723970413208,1.1579393148422241,3.214097023010254,0.03,1.2282429933547974,-0.10495679825544357,0.321646124124527,0.00947605911642313,0.0867326483130455,-0.11636202782392502,0.9893672466278076,0,0,0,0,0,0,0,0,0,0,0,0,0,0
7.369318962097168,3.0,0.07074972987174988,-0.06913207471370697,-0.07219153642654419,0.06827384233474731,-0.7944574356079102,-4.37723970413208,1.1579393148422241,3.214097023010254,0.03,1.2282429933547974,-0.10495679825544357,0.321646124124527,0.00947605911642313,0.0867326483130455,-0.11636202782392502,0.9893672466278076,0,0,0,0,0,0,0,0,0,0,0,0,0,0
7.370758056640625,3.0,0.07074972987174988,-0.06913207471370697,-0.07219153642654419,0.06827384233474731,-0.7944574356079102,-4.37723970413208,1.1579393148422241,3.214097023010254,0.03,1.2282429933547974,-0.10495679825544357,0.321646124124527,0.00947605911642313,0.0867326483130455,-0.11636202782392502,0.9893672466278076,0,0,0,0,0,0,0,0,0,0,0,0,0,0
7.371872186660767,3.0,0.07074972987174988,-0.06913207471370697,-0.07219153642654419,0.06827384233474731,-0.7944574356079102,-4.37723970413208,1.1579393148422241,3.214097023010254,0.03,1.2282429933547974,-0.10495679825544357,0.321646124124527,0.00947605911642313,0.0867326483130455,-0.11636202782392502,0.9893672466278076,0,0,0,0,0,0,0,0,0,0,0,0,0,0
7.3733015060424805,3.0,0.07067951560020447,-0.06837044656276703,-0.07195329666137695,0.06746000051498413,-0.7889621257781982,-4.297576427459717,1.0968300104141235,3.116035223007202,0.03,1.2282429933547974,-0.10495679825544357,0.321646124124527,0.00947605911642313,0.0867326483130455,-0.11636202782392502,0.9893672466278076,0,0,0,0,0,0,0,0,0,0,0,0,0,0
7.375570774078369,3.0,0.06889595836400986,-0.05330485850572586,-0.0677492618560791,0.051146745681762695,0.28680405020713806,-4.319042205810547,0.3972005546092987,2.0983288288116455,0.03,1.2283623218536377,-0.10503365099430084,0.32168877124786377,0.009279807098209858,0.08549086004495621,-0.11731399595737457,0.989364743232727,0,0,0,0,0,0,0,0,0,0,0,0,0,0
7.3774261474609375,3.0,0.06756411492824554,-0.04323235899209976,-0.06642061471939087,0.04095184803009033,0.594208300113678,-5.011268615722656,0.7714024782180786,2.7034823894500732,0.03,1.2284656763076782,-0.10530172288417816,0.32189857959747314,0.01233677938580513,0.08247482776641846,-0.11581917852163315,0.9897634387016296,0,0,0,0,0,0,0,0,0,0,0,0,0,0
7.37852668762207,3.0,0.06743135303258896,-0.041350044310092926,-0.0662379264831543,0.0391654372215271,0.7465747594833374,-5.561142444610596,0.9227356910705566,3.4320228099823,0.03,1.2284656763076782,-0.10530172288417816,0.32189857959747314,0.01233677938580513,0.08247482776641846,-0.11581917852163315,0.9897634387016296,0,0,0,0,0,0,0,0,0,0,0,0,0,0
7.379629135131836,3.0,0.06743135303258896,-0.041350044310092926,-0.0662379264831543,0.0391654372215271,0.7465747594833374,-5.561142444610596,0.9227356910705566,3.4320228099823,0.03,1.2284656763076782,-0.10530172288417816,0.32189857959747314,0.01233677938580513,0.08247482776641846,-0.11581917852163315,0.9897634387016296,0,0,0,0,0,0,0,0,0,0,0,0,0,0
7.38078761100769,3.0,0.06743135303258896,-0.041350044310092926,-0.0662379264831543,0.0391654372215271,0.7465747594833374,-5.561142444610596,0.9227356910705566,3.4320228099823,0.03,1.2284656763076782,-0.10530172288417816,0.32189857959747314,0.01233677938580513,0.08247482776641846,-0.11581917852163315,0.9897634387016296,0,0,0,0,0,0,0,0,0,0,0,0,0,0
7.382120847702026,3.0,0.06743135303258896,-0.041350044310092926,-0.0662379264831543,0.0391654372215271,0.7465747594833374,-5.561142444610596,0.9227356910705566,3.4320228099823,0.03,1.2284656763076782,-0.10530172288417816,0.32189857959747314,0.01233677938580513,0.08247482776641846,-0.11581917852163315,0.9897634387016296,0,0,0,0,0,0,0,0,0,0,0,0,0,0
7.383558988571167,3.0,0.06620890647172928,-0.0321994423866272,-0.0651177167892456,0.030154943466186523,0.40615883469581604,-5.766145706176758,0.7240397930145264,3.6730973720550537,0.03,1.2284656763076782,-0.10530172288417816,0.32189857959747314,0.01233677938580513,0.08247482776641846,-0.11581917852163315,0.9897634387016296,0,0,0,0,0,0,0,0,0,0,0,0,0,0
7.387268781661987,3.0,0.06611791253089905,-0.03146233409643173,-0.06494730710983276,0.029399871826171875,0.3956688940525055,-5.7731547355651855,0.7048288583755493,3.630098581314087,0.03,1.2285962104797363,-0.10564170777797699,0.32212117314338684,0.0180501826107502,0.08054714649915695,-0.08463381230831146,0.9929872155189514,0,0,0,0,0,0,0,0,0,0,0,0,0,0
7.389277696609497,3.0,0.06591546535491943,-0.028846055269241333,-0.06469959020614624,0.026578664779663086,0.37826019525527954,-5.208465099334717,0.5484273433685303,2.8047595024108887,0.03,1.2285962104797363,-0.10564170777797699,0.32212117314338684,0.0180501826107502,0.08054714649915695,-0.08463381230831146,0.9929872155189514,0,0,0,0,0,0,0,0,0,0,0,0,0,0
7.391424179077148,3.0,0.0654812604188919,-0.025951221585273743,-0.06430333852767944,0.023869037628173828,0.18688155710697174,-5.625836372375488,0.46261629462242126,3.4756174087524414,0.03,1.2285962104797363,-0.10564170777797699,0.32212117314338684,0.0180501826107502,0.08054714649915695,-0.08463381230831146,0.9929872155189514,0,0,0,0,0,0,0,0,0,0,0,0,0,0
7.392729997634888,3.0,0.06467954814434052,-0.018369421362876892,-0.06359678506851196,0.015464603900909424,-0.04489254951477051,-5.7847466468811035,0.19415533542633057,2.550273895263672,0.03,1.2286416292190552,-0.10574080049991608,0.32228729128837585,0.017572222277522087,0.0792447179555893,-0.08247669786214828,0.9932819604873657,0,0,0,0,0,0,0,0,0,0,0,0,0,0
7.394052982330322,3.0,0.06450437009334564,-0.015990272164344788,-0.06342297792434692,0.013270258903503418,-0.08392307907342911,-6.569862365722656,0.1551664024591446,3.8628125190734863,0.03,1.2286335229873657,-0.10585449635982513,0.3225116729736328,0.008951286785304546,0.07551448792219162,-0.11060849577188492,0.9909507036209106,0,0,0,0,0,0,0,0,0,0,0,0,0,0
7.396063327789307,3.0,0.06425750255584717,-0.012068092823028564,-0.06317991018295288,0.008985340595245361,-0.19122587144374847,-6.636667251586914,0.04510130360722542,3.4714393615722656,0.03,1.2286335229873657,-0.10585449635982513,0.3225116729736328,0.008951286785304546,0.07551448792219162,-0.11060849577188492,0.9909507036209106,0,0,0,0,0,0,0,0,0,0,0,0,0,0
7.398024082183838,3.0,0.06425750255584717,-0.012068092823028564,-0.06317991018295288,0.008985340595245361,-0.19122587144374847,-6.636667251586914,0.04510130360722542,3.4714393615722656,0.03,1.2286335229873657,-0.10585449635982513,0.3225116729736328,0.008951286785304546,0.07551448792219162,-0.11060849577188492,0.9909507036209106,0,0,0,0,0,0,0,0,0,0,0,0,0,0
7.39953351020813,3.0,0.06425750255584717,-0.012068092823028564,-0.06317991018295288,0.008985340595245361,-0.19122587144374847,-6.636667251586914,0.04510130360722542,3.4714393615722656,0.03,1.2286335229873657,-0.10585449635982513,0.3225116729736328,0.008951286785304546,0.07551448792219162,-0.11060849577188492,0.9909507036209106,0,0,0,0,0,0,0,0,0,0,0,0,0,0
7.400609493255615,3.0,0.06425750255584717,-0.012068092823028564,-0.06317991018295288,0.008985340595245361,-0.19122587144374847,-6.636667251586914,0.04510130360722542,3.4714393615722656,0.03,1.2286335229873657,-0.10585449635982513,0.3225116729736328,0.008951286785304546,0.07551448792219162,-0.11060849577188492,0.9909507036209106,0,0,0,0,0,0,0,0,0,0,0,0,0,0
7.401889801025391,3.0,0.06425750255584717,-0.012068092823028564,-0.06317991018295288,0.008985340595245361,-0.19122587144374847,-6.636667251586914,0.04510130360722542,3.4714393615722656,0.03,1.2286335229873657,-0.10585449635982513,0.3225116729736328,0.008951286785304546,0.07551448792219162,-0.11060849577188492,0.9909507036209106,0,0,0,0,0,0,0,0,0,0,0,0,0,0
7.404691457748413,3.0,0.06415140628814697,-0.010271891951560974,-0.06312721967697144,0.007371425628662109,-0.2622075080871582,-6.74979829788208,0.045064929872751236,3.8742127418518066,0.03,1.2286335229873657,-0.10585449635982513,0.3225116729736328,0.008951286785304546,0.07551448792219162,-0.11060849577188492,0.9909507036209106,0,0,0,0,0,0,0,0,0,0,0,0,0,0
7.405891180038452,3.0,0.06402605772018433,-0.008091621100902557,-0.06309002637863159,0.004539310932159424,-0.38110166788101196,-6.576565742492676,0.05467281490564346,3.149528980255127,0.03,1.2286335229873657,-0.10585449635982513,0.3225116729736328,0.008951286785304546,0.07551448792219162,-0.11060849577188492,0.9909507036209106,0,0,0,0,0,0,0,0,0,0,0,0,0,0
7.40721583366394,3.0,0.06390027701854706,-0.002844966948032379,-0.063029944896698,0.0002554655075073242,-0.4402438700199127,-6.861108303070068,-0.02820715308189392,3.504408836364746,0.03,1.2286335229873657,-0.10585449635982513,0.3225116729736328,0.008951286785304546,0.07551448792219162,-0.11060849577188492,0.9909507036209106,0,0,0,0,0,0,0,0,0,0,0,0,0,0
7.411327600479126,3.0,0.06369978189468384,0.004930831491947174,-0.0629422664642334,-0.007331252098083496,-0.7670431733131409,-7.18874454498291,-0.32359424233436584,4.637084484100342,0.03,1.2286258935928345,-0.10590485483407974,0.32263994216918945,0.008515888825058937,0.07444382458925247,-0.11308803409337997,0.9907556176185608,0,0,0,0,0,0,0,0,0,0,0,0,0,0
7.412817001342773,3.0,0.06365857273340225,0.006821528077125549,-0.06294369697570801,-0.009286642074584961,-0.9205169081687927,-7.2410054206848145,-0.3979280889034271,4.4766998291015625,0.03,1.228618860244751,-0.10589957982301712,0.32286083698272705,0.012541748583316803,0.07302303612232208,-0.08630342781543732,0.9935100078582764,0,0,0,0,0,0,0,0,0,0,0,0,0,0
7.414231300354004,3.0,0.06366261094808578,0.01262567937374115,-0.0630180835723877,-0.016429424285888672,-1.212630271911621,-8.166923522949219,-0.6448055505752563,4.538869857788086,0.03,1.2285207509994507,-0.1061180904507637,0.3231794834136963,0.015839561820030212,0.07051816582679749,-0.07330390810966492,0.9946873784065247,0,0,0,0,0,0,0,0,0,0,0,0,0,0
7.418478727340698,3.0,0.06366334110498428,0.013696938753128052,-0.06303709745407104,-0.017003893852233887,-1.2930727005004883,-8.808588027954102,-0.6815917491912842,4.0666632652282715,0.03,1.2285207509994507,-0.1061180904507637,0.3231794834136963,0.015839561820030212,0.07051816582679749,-0.07330390810966492,0.9946873784065247,0,0,0,0,0,0,0,0,0,0,0,0,0,0
7.420750617980957,3.0,0.0636603832244873,0.01419880986213684,-0.06303328275680542,-0.017616868019104004,-1.389244556427002,-8.646249771118164,-0.755686342716217,4.727747440338135,0.03,1.2284648418426514,-0.10621453076601028,0.32317695021629333,0.014736603945493698,0.06954401731491089,-0.07949474453926086,0.9942972660064697,0,0,0,0,0,0,0,0,0,0,0,0,0,0
7.422292232513428,3.0,0.0636603832244873,0.01419880986213684,-0.06303328275680542,-0.017616868019104004,-1.389244556427002,-8.646249771118164,-0.755686342716217,4.727747440338135,0.03,1.2284128665924072,-0.10626276582479477,0.3233339190483093,0.013985933735966682,0.06818724423646927,-0.08090030401945114,0.9942887425422668,0,0,0,0,0,0,0,0,0,0,0,0,0,0
7.423482894897461,3.0,0.0636603832244873,0.01419880986213684,-0.06303328275680542,-0.017616868019104004,-1.389244556427002,-8.646249771118164,-0.755686342716217,4.727747440338135,0.03,1.2284128665924072,-0.10626276582479477,0.3233339190483093,0.013985933735966682,0.06818724423646927,-0.08090030401945114,0.9942887425422668,0,0,0,0,0,0,0,0,0,0,0,0,0,0
7.425006151199341,3.0,0.0636603832244873,0.01419880986213684,-0.06303328275680542,-0.017616868019104004,-1.389244556427002,-8.646249771118164,-0.755686342716217,4.727747440338135,0.03,1.2284128665924072,-0.10626276582479477,0.3233339190483093,0.013985933735966682,0.06818724423646927,-0.08090030401945114,0.9942887425422668,0,0,0,0,0,0,0,0,0,0,0,0,0,0
7.426431894302368,3.0,0.0636603832244873,0.01419880986213684,-0.06303328275680542,-0.017616868019104004,-1.389244556427002,-8.646249771118164,-0.755686342716217,4.727747440338135,0.03,1.2284128665924072,-0.10626276582479477,0.3233339190483093,0.013985933735966682,0.06818724423646927,-0.08090030401945114,0.9942887425422668,0,0,0,0,0,0,0,0,0,0,0,0,0,0
7.4288105964660645,3.0,0.0636603832244873,0.01419880986213684,-0.06303328275680542,-0.017616868019104004,-1.389244556427002,-8.646249771118164,-0.755686342716217,4.727747440338135,0.03,1.2284128665924072,-0.10626276582479477,0.3233339190483093,0.013985933735966682,0.06818724423646927,-0.08090030401945114,0.9942887425422668,0,0,0,0,0,0,0,0,0,0,0,0,0,0
7.430671215057373,3.0,0.0636603832244873,0.01419880986213684,-0.06303328275680542,-0.017616868019104004,-1.389244556427002,-8.646249771118164,-0.755686342716217,4.727747440338135,0.03,1.2284104824066162,-0.10644299536943436,0.32362815737724304,0.008539041504263878,0.06591133028268814,-0.09988661110401154,0.9927766919136047,0,0,0,0,0,0,0,0,0,0,0,0,0,0
7.431788206100464,3.0,0.0636603832244873,0.01419880986213684,-0.06303328275680542,-0.017616868019104004,-1.389244556427002,-8.646249771118164,-0.755686342716217,4.727747440338135,0.03,1.2282689809799194,-0.10635608434677124,0.32394975423812866,0.008978869765996933,0.06294310837984085,-0.08853638917207718,0.9940417408943176,0,0,0,0,0,0,0,0,0,0,0,0,0,0
7.4329822063446045,3.0,0.0636603832244873,0.01419880986213684,-0.06303328275680542,-0.017616868019104004,-1.389244556427002,-8.646249771118164,-0.755686342716217,4.727747440338135,0.03,1.2282689809799194,-0.10635608434677124,0.32394975423812866,0.008978869765996933,0.06294310837984085,-0.08853638917207718,0.9940417408943176,0,0,0,0,0,0,0,0,0,0,0,0,0,0
7.4346301555633545,3.0,0.0636603832244873,0.01419880986213684,-0.06303328275680542,-0.017616868019104004,-1.389244556427002,-8.646249771118164,-0.755686342716217,4.727747440338135,0.03,1.2282689809799194,-0.10635608434677124,0.32394975423812866,0.008978869765996933,0.06294310837984085,-0.08853638917207718,0.9940417408943176,0,0,0,0,0,0,0,0,0,0,0,0,0,0
7.4357945919036865,3.0,0.0636603832244873,0.01419880986213684,-0.06303328275680542,-0.017616868019104004,-1.389244556427002,-8.646249771118164,-0.755686342716217,4.727747440338135,0.03,1.2282689809799194,-0.10635608434677124,0.32394975423812866,0.008978869765996933,0.06294310837984085,-0.08853638917207718,0.9940417408943176,0,0,0,0,0,0,0,0,0,0,0,0,0,0
7.4370434284210205,3.0,0.0636603832244873,0.01419880986213684,-0.06303328275680542,-0.017616868019104004,-1.389244556427002,-8.646249771118164,-0.755686342716217,4.727747440338135,0.03,1.2282689809799194,-0.10635608434677124,0.32394975423812866,0.008978869765996933,0.06294310837984085,-0.08853638917207718,0.9940417408943176,0,0,0,0,0,0,0,0,0,0,0,0,0,0
7.438169717788696,3.0,0.0636603832244873,0.01419880986213684,-0.06303328275680542,-0.017616868019104004,-1.389244556427002,-8.646249771118164,-0.755686342716217,4.727747440338135,0.03,1.2282689809799194,-0.10635608434677124,0.32394975423812866,0.008978869765996933,0.06294310837984085,-0.08853638917207718,0.9940417408943176,0,0,0,0,0,0,0,0,0,0,0,0,0,0
7.439267873764038,3.0,0.0636603832244873,0.01419880986213684,-0.06303328275680542,-0.017616868019104004,-1.389244556427002,-8.646249771118164,-0.755686342716217,4.727747440338135,0.03,1.2282689809799194,-0.10635608434677124,0.32394975423812866,0.008978869765996933,0.06294310837984085,-0.08853638917207718,0.9940417408943176,0,0,0,0,0,0,0,0,0,0,0,0,0,0
7.440327882766724,3.0,0.0636603832244873,0.01419880986213684,-0.06303328275680542,-0.017616868019104004,-1.389244556427002,-8.646249771118164,-0.755686342716217,4.727747440338135,0.03,1.2282689809799194,-0.10635608434677124,0.32394975423812866,0.008978869765996933,0.06294310837984085,-0.08853638917207718,0.9940417408943176,0,0,0,0,0,0,0,0,0,0,0,0,0,0
7.4414637088775635,3.0,0.0636603832244873,0.01419880986213684,-0.06303328275680542,-0.017616868019104004,-1.389244556427002,-8.646249771118164,-0.755686342716217,4.727747440338135,0.03,1.2280315160751343,-0.10644394904375076,0.3242656886577606,0.011554302647709846,0.059027936309576035,-0.07744425535202026,0.9951806664466858,0,0,0,0,0,0,0,0,0,0,0,0,0,0
7.442525148391724,3.0,0.0636603832244873,0.01419880986213684,-0.06303328275680542,-0.017616868019104004,-1.389244556427002,-8.646249771118164,-0.755686342716217,4.727747440338135,0.03,1.2277876138687134,-0.10660120099782944,0.3245900273323059,0.015134827233850956,0.05587777867913246,-0.05224659666419029,0.9969547986984253,0,0,0,0,0,0,0,0,0,0,0,0,0,0
7.443608999252319,3.0,0.0636603832244873,0.01419880986213684,-0.06303328275680542,-0.017616868019104004,-1.389244556427002,-8.646249771118164,-0.755686342716217,4.727747440338135,0.03,1.2275335788726807,-0.10626085847616196,0.32504937052726746,0.011553844437003136,0.05264975130558014,-0.06117909774184227,0.9966702461242676,0,0,0,0,0,0,0,0,0,0,0,0,0,0
7.4447808265686035,3.0,0.0636603832244873,0.01419880986213684,-0.06303328275680542,-0.017616868019104004,-1.389244556427002,-8.646249771118164,-0.755686342716217,4.727747440338135,0.03,1.2275335788726807,-0.10626085847616196,0.32504937052726746,0.011553844437003136,0.05264975130558014,-0.06117909774184227,0.9966702461242676,0,0,0,0,0,0,0,0,0,0,0,0,0,0
7.445878267288208,3.0,0.0636603832244873,0.01419880986213684,-0.06303328275680542,-0.017616868019104004,-1.389244556427002,-8.646249771118164,-0.755686342716217,4.727747440338135,0.03,1.2275335788726807,-0.10626085847616196,0.32504937052726746,0.011553844437003136,0.05264975130558014,-0.06117909774184227,0.9966702461242676,0,0,0,0,0,0,0,0,0,0,0,0,0,0
7.447099447250366,3.0,0.0636603832244873,0.01419880986213684,-0.06303328275680542,-0.017616868019104004,-1.389244556427002,-8.646249771118164,-0.755686342716217,4.727747440338135,0.03,1.2275335788726807,-0.10626085847616196,0.32504937052726746,0.011553844437003136,0.05264975130558014,-0.06117909774184227,0.9966702461242676,0,0,0,0,0,0,0,0,0,0,0,0,0,0
7.448270082473755,3.0,0.0636603832244873,0.01419880986213684,-0.06303328275680542,-0.017616868019104004,-1.389244556427002,-8.646249771118164,-0.755686342716217,4.727747440338135,0.03,1.2275335788726807,-0.10626085847616196,0.32504937052726746,0.011553844437003136,0.05264975130558014,-0.06117909774184227,0.9966702461242676,0,0,0,0,0,0,0,0,0,0,0,0,0,0
7.449451208114624,3.0,0.0636603832244873,0.01419880986213684,-0.06303328275680542,-0.017616868019104004,-1.389244556427002,-8.646249771118164,-0.755686342716217,4.727747440338135,0.03,1.2275335788726807,-0.10626085847616196,0.32504937052726746,0.011553844437003136,0.05264975130558014,-0.06117909774184227,0.9966702461242676,0,0,0,0,0,0,0,0,0,0,0,0,0,0
7.452429533004761,3.0,0.0636603832244873,0.01419880986213684,-0.06303328275680542,-0.017616868019104004,-1.389244556427002,-8.646249771118164,-0.755686342716217,4.727747440338135,0.03,1.2275335788726807,-0.10626085847616196,0.32504937052726746,0.011553844437003136,0.05264975130558014,-0.06117909774184227,0.9966702461242676,0,0,0,0,0,0,0,0,0,0,0,0,0,0
7.454039573669434,3.0,0.0636603832244873,0.01419880986213684,-0.06303328275680542,-0.017616868019104004,-1.389244556427002,-8.646249771118164,-0.755686342716217,4.727747440338135,0.03,1.2271796464920044,-0.10626022517681122,0.32563379406929016,0.004348169080913067,0.04812413454055786,-0.09388560056686401,0.9944097995758057,0,0,0,0,0,0,0,0,0,0,0,0,0,0
7.455319881439209,3.0,0.0636603832244873,0.01419880986213684,-0.06303328275680542,-0.017616868019104004,-1.389244556427002,-8.646249771118164,-0.755686342716217,4.727747440338135,0.03,1.2271796464920044,-0.10626022517681122,0.32563379406929016,0.004348169080913067,0.04812413454055786,-0.09388560056686401,0.9944097995758057,0,0,0,0,0,0,0,0,0,0,0,0,0,0
7.456622362136841,3.0,0.0636603832244873,0.01419880986213684,-0.06303328275680542,-0.017616868019104004,-1.389244556427002,-8.646249771118164,-0.755686342716217,4.727747440338135,0.03,1.2271796464920044,-0.10626022517681122,0.32563379406929016,0.004348169080913067,0.04812413454055786,-0.09388560056686401,0.9944097995758057,0,0,0,0,0,0,0,0,0,0,0,0,0,0
7.457807540893555,3.0,0.0636603832244873,0.01419880986213684,-0.06303328275680542,-0.017616868019104004,-1.389244556427002,-8.646249771118164,-0.755686342716217,4.727747440338135,0.03,1.2271796464920044,-0.10626022517681122,0.32563379406929016,0.004348169080913067,0.04812413454055786,-0.09388560056686401,0.9944097995758057,0,0,0,0,0,0,0,0,0,0,0,0,0,0
7.460631847381592,3.0,0.0636603832244873,0.01419880986213684,-0.06303328275680542,-0.017616868019104004,-1.389244556427002,-8.646249771118164,-0.755686342716217,4.727747440338135,0.03,1.2271796464920044,-0.10626022517681122,0.32563379406929016,0.004348169080913067,0.04812413454055786,-0.09388560056686401,0.9944097995758057,0,0,0,0,0,0,0,0,0,0,0,0,0,0
7.462623834609985,3.0,0.0636603832244873,0.01419880986213684,-0.06303328275680542,-0.017616868019104004,-1.389244556427002,-8.646249771118164,-0.755686342716217,4.727747440338135,0.03,1.226976752281189,-0.10612348467111588,0.32614973187446594,0.0011315179290249944,0.04540516063570976,-0.11305636912584305,0.9925500154495239,0,0,0,0,0,0,0,0,0,0,0,0,0,0
7.464024782180786,3.0,0.0636603832244873,0.01419880986213684,-0.06303328275680542,-0.017616868019104004,-1.389244556427002,-8.646249771118164,-0.755686342716217,4.727747440338135,0.03,1.226976752281189,-0.10612348467111588,0.32614973187446594,0.0011315179290249944,0.04540516063570976,-0.11305636912584305,0.9925500154495239,0,0,0,0,0,0,0,0,0,0,0,0,0,0
7.466684579849243,3.0,0.0636603832244873,0.01419880986213684,-0.06303328275680542,-0.017616868019104004,-1.389244556427002,-8.646249771118164,-0.755686342716217,4.727747440338135,0.03,1.226976752281189,-0.10612348467111588,0.32614973187446594,0.0011315179290249944,0.04540516063570976,-0.11305636912584305,0.9925500154495239,0,0,0,0,0,0,0,0,0,0,0,0,0,0
7.468279123306274,3.0,0.0636603832244873,0.01419880986213684,-0.06303328275680542,-0.017616868019104004,-1.389244556427002,-8.646249771118164,-0.755686342716217,4.727747440338135,0.03,1.226976752281189,-0.10612348467111588,0.32614973187446594,0.0011315179290249944,0.04540516063570976,-0.11305636912584305,0.9925500154495239,0,0,0,0,0,0,0,0,0,0,0,0,0,0
7.470249176025391,3.0,0.06414340436458588,0.03946208953857422,-0.06486815214157104,-0.04442238807678223,-4.076111793518066,-11.130624771118164,-2.2702107429504395,6.093796253204346,0.03,1.226976752281189,-0.10612348467111588,0.32614973187446594,0.0011315179290249944,0.04540516063570976,-0.11305636912584305,0.9925500154495239,0,0,0,0,0,0,0,0,0,0,0,0,0,0
7.471513271331787,3.0,0.0659351497888565,0.058500319719314575,-0.06820139288902283,-0.06262868642807007,-7.135138988494873,-13.842607498168945,-4.006432056427002,9.300802230834961,0.03,1.226976752281189,-0.10612348467111588,0.32614973187446594,0.0011315179290249944,0.04540516063570976,-0.11305636912584305,0.9925500154495239,0,0,0,0,0,0,0,0,0,0,0,0,0,0
7.472617149353027,3.0,0.0659351497888565,0.058500319719314575,-0.06820139288902283,-0.06262868642807007,-7.135138988494873,-13.842607498168945,-4.006432056427002,9.300802230834961,0.03,1.226976752281189,-0.10612348467111588,0.32614973187446594,0.0011315179290249944,0.04540516063570976,-0.11305636912584305,0.9925500154495239,0,0,0,0,0,0,0,0,0,0,0,0,0,0
7.473956823348999,3.0,0.0659351497888565,0.058500319719314575,-0.06820139288902283,-0.06262868642807007,-7.135138988494873,-13.842607498168945,-4.006432056427002,9.300802230834961,0.03,1.226976752281189,-0.10612348467111588,0.32614973187446594,0.0011315179290249944,0.04540516063570976,-0.11305636912584305,0.9925500154495239,0,0,0,0,0,0,0,0,0,0,0,0,0,0
7.4752912521362305,3.0,0.0659351497888565,0.058500319719314575,-0.06820139288902283,-0.06262868642807007,-7.135138988494873,-13.842607498168945,-4.006432056427002,9.300802230834961,0.03,1.226976752281189,-0.10612348467111588,0.32614973187446594,0.0011315179290249944,0.04540516063570976,-0.11305636912584305,0.9925500154495239,0,0,0,0,0,0,0,0,0,0,0,0,0,0
7.477595806121826,3.0,0.0659351497888565,0.058500319719314575,-0.06820139288902283,-0.06262868642807007,-7.135138988494873,-13.842607498168945,-4.006432056427002,9.300802230834961,0.03,1.226976752281189,-0.10612348467111588,0.32614973187446594,0.0011315179290249944,0.04540516063570976,-0.11305636912584305,0.9925500154495239,0,0,0,0,0,0,0,0,0,0,0,0,0,0
7.479723691940308,3.0,0.0659351497888565,0.058500319719314575,-0.06820139288902283,-0.06262868642807007,-7.135138988494873,-13.842607498168945,-4.006432056427002,9.300802230834961,0.03,1.226976752281189,-0.10612348467111588,0.32614973187446594,0.0011315179290249944,0.04540516063570976,-0.11305636912584305,0.9925500154495239,0,0,0,0,0,0,0,0,0,0,0,0,0,0
7.4809043407440186,3.0,0.0659351497888565,0.058500319719314575,-0.06820139288902283,-0.06262868642807007,-7.135138988494873,-13.842607498168945,-4.006432056427002,9.300802230834961,0.03,1.226976752281189,-0.10612348467111588,0.32614973187446594,0.0011315179290249944,0.04540516063570976,-0.11305636912584305,0.9925500154495239,0,0,0,0,0,0,0,0,0,0,0,0,0,0
7.48208475112915,3.0,0.0659351497888565,0.058500319719314575,-0.06820139288902283,-0.06262868642807007,-7.135138988494873,-13.842607498168945,-4.006432056427002,9.300802230834961,0.03,1.226976752281189,-0.10612348467111588,0.32614973187446594,0.0011315179290249944,0.04540516063570976,-0.11305636912584305,0.9925500154495239,0,0,0,0,0,0,0,0,0,0,0,0,0,0
7.483484506607056,3.0,0.0659351497888565,0.058500319719314575,-0.06820139288902283,-0.06262868642807007,-7.135138988494873,-13.842607498168945,-4.006432056427002,9.300802230834961,0.03,1.226976752281189,-0.10612348467111588,0.32614973187446594,0.0011315179290249944,0.04540516063570976,-0.11305636912584305,0.9925500154495239,0,0,0,0,0,0,0,0,0,0,0,0,0,0
7.484955787658691,3.0,0.0659351497888565,0.058500319719314575,-0.06820139288902283,-0.06262868642807007,-7.135138988494873,-13.842607498168945,-4.006432056427002,9.300802230834961,0.03,1.226976752281189,-0.10612348467111588,0.32614973187446594,0.0011315179290249944,0.04540516063570976,-0.11305636912584305,0.9925500154495239,0,0,0,0,0,0,0,0,0,0,0,0,0,0
7.4865875244140625,3.0,0.0659351497888565,0.058500319719314575,-0.06820139288902283,-0.06262868642807007,-7.135138988494873,-13.842607498168945,-4.006432056427002,9.300802230834961,0.03,1.226976752281189,-0.10612348467111588,0.32614973187446594,0.0011315179290249944,0.04540516063570976,-0.11305636912584305,0.9925500154495239,0,0,0,0,0,0,0,0,0,0,0,0,0,0
7.488018989562988,3.0,0.0659351497888565,0.058500319719314575,-0.06820139288902283,-0.06262868642807007,-7.135138988494873,-13.842607498168945,-4.006432056427002,9.300802230834961,0.03,1.226976752281189,-0.10612348467111588,0.32614973187446594,0.0011315179290249944,0.04540516063570976,-0.11305636912584305,0.9925500154495239,0,0,0,0,0,0,0,0,0,0,0,0,0,0
7.48912239074707,3.0,0.06665074825286865,0.06220829486846924,-0.06906247138977051,-0.06591600179672241,-7.553048133850098,-13.718448638916016,-4.215419292449951,9.492106437683105,0.03,1.2260247468948364,-0.10605766624212265,0.3269211947917938,0.007176253013312817,0.03984694182872772,-0.05808544158935547,0.9974903464317322,0,0,0,0,0,0,0,0,0,0,0,0,0,0
7.493615627288818,3.0,0.06665074825286865,0.06220829486846924,-0.06906247138977051,-0.06591600179672241,-7.553048133850098,-13.718448638916016,-4.215419292449951,9.492106437683105,0.03,1.2260247468948364,-0.10605766624212265,0.3269211947917938,0.007176253013312817,0.03984694182872772,-0.05808544158935547,0.9974903464317322,0,0,0,0,0,0,0,0,0,0,0,0,0,0
7.495015621185303,3.0,0.06665074825286865,0.06220829486846924,-0.06906247138977051,-0.06591600179672241,-7.553048133850098,-13.718448638916016,-4.215419292449951,9.492106437683105,0.03,1.2260247468948364,-0.10605766624212265,0.3269211947917938,0.007176253013312817,0.03984694182872772,-0.05808544158935547,0.9974903464317322,0,0,0,0,0,0,0,0,0,0,0,0,0,0
7.496296405792236,3.0,0.06665074825286865,0.06220829486846924,-0.06906247138977051,-0.06591600179672241,-7.553048133850098,-13.718448638916016,-4.215419292449951,9.492106437683105,0.03,1.225646734237671,-0.10599005222320557,0.32746317982673645,0.010584386996924877,0.03792913630604744,-0.037278033792972565,0.9985288381576538,0,0,0,0,0,0,0,0,0,0,0,0,0,0
7.500886917114258,3.0,0.06665074825286865,0.06220829486846924,-0.06906247138977051,-0.06591600179672241,-7.553048133850098,-13.718448638916016,-4.215419292449951,9.492106437683105,0.03,1.225646734237671,-0.10599005222320557,0.32746317982673645,0.010584386996924877,0.03792913630604744,-0.037278033792972565,0.9985288381576538,0,0,0,0,0,0,0,0,0,0,0,0,0,0
7.502198219299316,3.0,0.06665074825286865,0.06220829486846924,-0.06906247138977051,-0.06591600179672241,-7.553048133850098,-13.718448638916016,-4.215419292449951,9.492106437683105,0.03,1.225646734237671,-0.10599005222320557,0.32746317982673645,0.010584386996924877,0.03792913630604744,-0.037278033792972565,0.9985288381576538,0,0,0,0,0,0,0,0,0,0,0,0,0,0
7.5033698081970215,3.0,0.06665074825286865,0.06220829486846924,-0.06906247138977051,-0.06591600179672241,-7.553048133850098,-13.718448638916016,-4.215419292449951,9.492106437683105,0.03,1.225646734237671,-0.10599005222320557,0.32746317982673645,0.010584386996924877,0.03792913630604744,-0.037278033792972565,0.9985288381576538,0,0,0,0,0,0,0,0,0,0,0,0,0,0
7.504810094833374,3.0,0.06665074825286865,0.06220829486846924,-0.06906247138977051,-0.06591600179672241,-7.553048133850098,-13.718448638916016,-4.215419292449951,9.492106437683105,0.03,1.225646734237671,-0.10599005222320557,0.32746317982673645,0.010584386996924877,0.03792913630604744,-0.037278033792972565,0.9985288381576538,0,0,0,0,0,0,0,0,0,0,0,0,0,0
7.506848573684692,3.0,0.06665074825286865,0.06220829486846924,-0.06906247138977051,-0.06591600179672241,-7.553048133850098,-13.718448638916016,-4.215419292449951,9.492106437683105,0.03,1.225646734237671,-0.10599005222320557,0.32746317982673645,0.010584386996924877,0.03792913630604744,-0.037278033792972565,0.9985288381576538,0,0,0,0,0,0,0,0,0,0,0,0,0,0
7.508745431900024,4.0,0.05904379114508629,0.07587362825870514,-0.05871927738189697,-0.07780706882476807,5.370265007019043,-9.075225830078125,5.889255523681641,6.240398406982422,0.03,1.225646734237671,-0.10599005222320557,0.32746317982673645,0.010584386996924877,0.03792913630604744,-0.037278033792972565,0.9985288381576538,0,0,0,0,0,0,0,0,0,0,0,0,0,0
7.5106823444366455,4.0,0.05904379114508629,0.07587362825870514,-0.05871927738189697,-0.07780706882476807,5.370265007019043,-9.075225830078125,5.889255523681641,6.240398406982422,0.03,1.225646734237671,-0.10599005222320557,0.32746317982673645,0.010584386996924877,0.03792913630604744,-0.037278033792972565,0.9985288381576538,0,0,0,0,0,0,0,0,0,0,0,0,0,0
7.5119078159332275,4.0,0.05904379114508629,0.07587362825870514,-0.05871927738189697,-0.07780706882476807,5.370265007019043,-9.075225830078125,5.889255523681641,6.240398406982422,0.03,1.225646734237671,-0.10599005222320557,0.32746317982673645,0.010584386996924877,0.03792913630604744,-0.037278033792972565,0.9985288381576538,0,0,0,0,0,0,0,0,0,0,0,0,0,0
7.513408660888672,4.0,0.05904379114508629,0.07587362825870514,-0.05871927738189697,-0.07780706882476807,5.370265007019043,-9.075225830078125,5.889255523681641,6.240398406982422,0.03,1.225646734237671,-0.10599005222320557,0.32746317982673645,0.010584386996924877,0.03792913630604744,-0.037278033792972565,0.9985288381576538,0,0,0,0,0,0,0,0,0,0,0,0,0,0
7.5148398876190186,4.0,0.05904379114508629,0.07587362825870514,-0.05871927738189697,-0.07780706882476807,5.370265007019043,-9.075225830078125,5.889255523681641,6.240398406982422,0.03,1.225646734237671,-0.10599005222320557,0.32746317982673645,0.010584386996924877,0.03792913630604744,-0.037278033792972565,0.9985288381576538,0,0,0,0,0,0,0,0,0,0,0,0,0,0
7.516110181808472,4.0,0.05904379114508629,0.07587362825870514,-0.05871927738189697,-0.07780706882476807,5.370265007019043,-9.075225830078125,5.889255523681641,6.240398406982422,0.03,1.225646734237671,-0.10599005222320557,0.32746317982673645,0.010584386996924877,0.03792913630604744,-0.037278033792972565,0.9985288381576538,0,0,0,0,0,0,0,0,0,0,0,0,0,0
7.5173563957214355,4.0,0.05904379114508629,0.07587362825870514,-0.05871927738189697,-0.07780706882476807,5.370265007019043,-9.075225830078125,5.889255523681641,6.240398406982422,0.03,1.225646734237671,-0.10599005222320557,0.32746317982673645,0.010584386996924877,0.03792913630604744,-0.037278033792972565,0.9985288381576538,0,0,0,0,0,0,0,0,0,0,0,0,0,0
7.518777132034302,4.0,0.05904379114508629,0.07587362825870514,-0.05871927738189697,-0.07780706882476807,5.370265007019043,-9.075225830078125,5.889255523681641,6.240398406982422,0.03,1.225646734237671,-0.10599005222320557,0.32746317982673645,0.010584386996924877,0.03792913630604744,-0.037278033792972565,0.9985288381576538,0,0,0,0,0,0,0,0,0,0,0,0,0,0
7.519883632659912,4.0,0.05904379114508629,0.07587362825870514,-0.05871927738189697,-0.07780706882476807,5.370265007019043,-9.075225830078125,5.889255523681641,6.240398406982422,0.03,1.225646734237671,-0.10599005222320557,0.32746317982673645,0.010584386996924877,0.03792913630604744,-0.037278033792972565,0.9985288381576538,0,0,0,0,0,0,0,0,0,0,0,0,0,0
7.5216028690338135,4.0,0.05904379114508629,0.07587362825870514,-0.05871927738189697,-0.07780706882476807,5.370265007019043,-9.075225830078125,5.889255523681641,6.240398406982422,0.03,1.225646734237671,-0.10599005222320557,0.32746317982673645,0.010584386996924877,0.03792913630604744,-0.037278033792972565,0.9985288381576538,0,0,0,0,0,0,0,0,0,0,0,0,0,0
7.522845983505249,4.0,0.05904379114508629,0.07587362825870514,-0.05871927738189697,-0.07780706882476807,5.370265007019043,-9.075225830078125,5.889255523681641,6.240398406982422,0.03,1.225646734237671,-0.10599005222320557,0.32746317982673645,0.010584386996924877,0.03792913630604744,-0.037278033792972565,0.9985288381576538,0,0,0,0,0,0,0,0,0,0,0,0,0,0
7.52423357963562,4.0,0.05904379114508629,0.07587362825870514,-0.05871927738189697,-0.07780706882476807,5.370265007019043,-9.075225830078125,5.889255523681641,6.240398406982422,0.03,1.225646734237671,-0.10599005222320557,0.32746317982673645,0.010584386996924877,0.03792913630604744,-0.037278033792972565,0.9985288381576538,0,0,0,0,0,0,0,0,0,0,0,0,0,0
7.525380611419678,4.0,0.05904379114508629,0.07587362825870514,-0.05871927738189697,-0.07780706882476807,5.370265007019043,-9.075225830078125,5.889255523681641,6.240398406982422,0.03,1.225646734237671,-0.10599005222320557,0.32746317982673645,0.010584386996924877,0.03792913630604744,-0.037278033792972565,0.9985288381576538,0,0,0,0,0,0,0,0,0,0,0,0,0,0
7.52646541595459,4.0,0.05904379114508629,0.07587362825870514,-0.05871927738189697,-0.07780706882476807,5.370265007019043,-9.075225830078125,5.889255523681641,6.240398406982422,0.03,1.225646734237671,-0.10599005222320557,0.32746317982673645,0.010584386996924877,0.03792913630604744,-0.037278033792972565,0.9985288381576538,0,0,0,0,0,0,0,0,0,0,0,0,0,0
7.5277440547943115,4.0,0.05904379114508629,0.07587362825870514,-0.05871927738189697,-0.07780706882476807,5.370265007019043,-9.075225830078125,5.889255523681641,6.240398406982422,0.03,1.225646734237671,-0.10599005222320557,0.32746317982673645,0.010584386996924877,0.03792913630604744,-0.037278033792972565,0.9985288381576538,0,0,0,0,0,0,0,0,0,0,0,0,0,0
7.52895188331604,4.0,0.05904379114508629,0.07587362825870514,-0.05871927738189697,-0.07780706882476807,5.370265007019043,-9.075225830078125,5.889255523681641,6.240398406982422,0.03,1.225646734237671,-0.10599005222320557,0.32746317982673645,0.010584386996924877,0.03792913630604744,-0.037278033792972565,0.9985288381576538,0,0,0,0,0,0,0,0,0,0,0,0,0,0
7.530054092407227,4.0,0.05904379114508629,0.07587362825870514,-0.05871927738189697,-0.07780706882476807,5.370265007019043,-9.075225830078125,5.889255523681641,6.240398406982422,0.03,1.225646734237671,-0.10599005222320557,0.32746317982673645,0.010584386996924877,0.03792913630604744,-0.037278033792972565,0.9985288381576538,0,0,0,0,0,0,0,0,0,0,0,0,0,0
7.5312700271606445,4.0,0.05904379114508629,0.07587362825870514,-0.05871927738189697,-0.07780706882476807,5.370265007019043,-9.075225830078125,5.889255523681641,6.240398406982422,0.03,1.225646734237671,-0.10599005222320557,0.32746317982673645,0.010584386996924877,0.03792913630604744,-0.037278033792972565,0.9985288381576538,0,0,0,0,0,0,0,0,0,0,0,0,0,0
7.532384872436523,4.0,0.05904379114508629,0.07587362825870514,-0.05871927738189697,-0.07780706882476807,5.370265007019043,-9.075225830078125,5.889255523681641,6.240398406982422,0.03,1.225646734237671,-0.10599005222320557,0.32746317982673645,0.010584386996924877,0.03792913630604744,-0.037278033792972565,0.9985288381576538,0,0,0,0,0,0,0,0,0,0,0,0,0,0
7.533472299575806,4.0,0.05904379114508629,0.07587362825870514,-0.05871927738189697,-0.07780706882476807,5.370265007019043,-9.075225830078125,5.889255523681641,6.240398406982422,0.03,1.225646734237671,-0.10599005222320557,0.32746317982673645,0.010584386996924877,0.03792913630604744,-0.037278033792972565,0.9985288381576538,0,0,0,0,0,0,0,0,0,0,0,0,0,0
7.535194635391235,4.0,0.05904379114508629,0.07587362825870514,-0.05871927738189697,-0.07780706882476807,5.370265007019043,-9.075225830078125,5.889255523681641,6.240398406982422,0.03,1.225646734237671,-0.10599005222320557,0.32746317982673645,0.010584386996924877,0.03792913630604744,-0.037278033792972565,0.9985288381576538,0,0,0,0,0,0,0,0,0,0,0,0,0,0
7.537064552307129,4.0,0.05904379114508629,0.07587362825870514,-0.05871927738189697,-0.07780706882476807,5.370265007019043,-9.075225830078125,5.889255523681641,6.240398406982422,0.03,1.225646734237671,-0.10599005222320557,0.32746317982673645,0.010584386996924877,0.03792913630604744,-0.037278033792972565,0.9985288381576538,0,0,0,0,0,0,0,0,0,0,0,0,0,0
7.541517019271851,4.0,0.05904379114508629,0.07587362825870514,-0.05871927738189697,-0.07780706882476807,5.370265007019043,-9.075225830078125,5.889255523681641,6.240398406982422,0.03,1.225646734237671,-0.10599005222320557,0.32746317982673645,0.010584386996924877,0.03792913630604744,-0.037278033792972565,0.9985288381576538,0,0,0,0,0,0,0,0,0,0,0,0,0,0
7.542665243148804,4.0,0.05904379114508629,0.07587362825870514,-0.05871927738189697,-0.07780706882476807,5.370265007019043,-9.075225830078125,5.889255523681641,6.240398406982422,0.03,1.224471092224121,-0.10587244480848312,0.328384667634964,0.0045152995735406876,0.033207930624485016,-0.05625500902533531,0.9978538155555725,0,0,0,0,0,0,0,0,0,0,0,0,0,0
7.54431676864624,4.0,0.036662936210632324,0.08180767297744751,-0.03526949882507324,-0.08306586742401123,7.133734226226807,-3.9289653301239014,5.025966167449951,1.4846757650375366,0.03,1.2236472368240356,-0.10593760758638382,0.3291747272014618,-0.002932867733761668,0.029760858044028282,-0.11819342523813248,0.992540180683136,0,0,0,0,0,0,0,0,0,0,0,0,0,0
7.545654058456421,4.0,0.0320468544960022,0.08283568918704987,-0.030629396438598633,-0.08388644456863403,5.3165740966796875,-3.0176994800567627,5.285232067108154,0.9310930967330933,0.03,1.2234220504760742,-0.10565021634101868,0.3294324278831482,-0.002137024886906147,0.028395643457770348,-0.11394914239645004,0.9930784702301025,0,0,0,0,0,0,0,0,0,0,0,0,0,0
7.5482094287872314,1.0,0.012997269630432129,0.08649119734764099,-0.009004771709442139,-0.08663219213485718,4.943336009979248,-0.3749796748161316,2.724424362182617,-0.9175857305526733,0.03,1.2234220504760742,-0.10565021634101868,0.3294324278831482,-0.002137024886906147,0.028395643457770348,-0.11394914239645004,0.9930784702301025,0,0,0,0,0,0,0,0,0,0,0,0,0,0
7.5500805377960205,1.0,0.012997269630432129,0.08649119734764099,-0.009004771709442139,-0.08663219213485718,4.943336009979248,-0.3749796748161316,2.724424362182617,-0.9175857305526733,0.03,1.223407506942749,-0.10552175343036652,0.3297736346721649,0.0004930751165375113,0.027495386078953743,-0.1071808710694313,0.9938591718673706,0,0,0,0,0,0,0,0,0,0,0,0,0,0
7.551652431488037,1.0,0.012997269630432129,0.08649119734764099,-0.009004771709442139,-0.08663219213485718,4.943336009979248,-0.3749796748161316,2.724424362182617,-0.9175857305526733,0.03,1.223407506942749,-0.10552175343036652,0.3297736346721649,0.0004930751165375113,0.027495386078953743,-0.1071808710694313,0.9938591718673706,0,0,0,0,0,0,0,0,0,0,0,0,0,0
7.553008794784546,1.0,0.012997269630432129,0.08649119734764099,-0.009004771709442139,-0.08663219213485718,4.943336009979248,-0.3749796748161316,2.724424362182617,-0.9175857305526733,0.03,1.223407506942749,-0.10552175343036652,0.3297736346721649,0.0004930751165375113,0.027495386078953743,-0.1071808710694313,0.9938591718673706,0,0,0,0,0,0,0,0,0,0,0,0,0,0
7.554627418518066,1.0,0.012997269630432129,0.08649119734764099,-0.009004771709442139,-0.08663219213485718,4.943336009979248,-0.3749796748161316,2.724424362182617,-0.9175857305526733,0.03,1.223407506942749,-0.10552175343036652,0.3297736346721649,0.0004930751165375113,0.027495386078953743,-0.1071808710694313,0.9938591718673706,0,0,0,0,0,0,0,0,0,0,0,0,0,0
7.555993318557739,1.0,0.012997269630432129,0.08649119734764099,-0.009004771709442139,-0.08663219213485718,4.943336009979248,-0.3749796748161316,2.724424362182617,-0.9175857305526733,0.03,1.223407506942749,-0.10552175343036652,0.3297736346721649,0.0004930751165375113,0.027495386078953743,-0.1071808710694313,0.9938591718673706,0,0,0,0,0,0,0,0,0,0,0,0,0,0
7.5571677684783936,1.0,0.012997269630432129,0.08649119734764099,-0.009004771709442139,-0.08663219213485718,4.943336009979248,-0.3749796748161316,2.724424362182617,-0.9175857305526733,0.03,1.223407506942749,-0.10552175343036652,0.3297736346721649,0.0004930751165375113,0.027495386078953743,-0.1071808710694313,0.9938591718673706,0,0,0,0,0,0,0,0,0,0,0,0,0,0
7.558335065841675,1.0,0.012997269630432129,0.08649119734764099,-0.009004771709442139,-0.08663219213485718,4.943336009979248,-0.3749796748161316,2.724424362182617,-0.9175857305526733,0.03,1.223407506942749,-0.10552175343036652,0.3297736346721649,0.0004930751165375113,0.027495386078953743,-0.1071808710694313,0.9938591718673706,0,0,0,0,0,0,0,0,0,0,0,0,0,0
7.5594706535339355,1.0,0.012997269630432129,0.08649119734764099,-0.009004771709442139,-0.08663219213485718,4.943336009979248,-0.3749796748161316,2.724424362182617,-0.9175857305526733,0.03,1.223407506942749,-0.10552175343036652,0.3297736346721649,0.0004930751165375113,0.027495386078953743,-0.1071808710694313,0.9938591718673706,0,0,0,0,0,0,0,0,0,0,0,0,0,0
7.560777425765991,1.0,0.012997269630432129,0.08649119734764099,-0.009004771709442139,-0.08663219213485718,4.943336009979248,-0.3749796748161316,2.724424362182617,-0.9175857305526733,0.03,1.223407506942749,-0.10552175343036652,0.3297736346721649,0.0004930751165375113,0.027495386078953743,-0.1071808710694313,0.9938591718673706,0,0,0,0,0,0,0,0,0,0,0,0,0,0
7.56211256980896,1.0,0.012997269630432129,0.08649119734764099,-0.009004771709442139,-0.08663219213485718,4.943336009979248,-0.3749796748161316,2.724424362182617,-0.9175857305526733,0.03,1.223407506942749,-0.10552175343036652,0.3297736346721649,0.0004930751165375113,0.027495386078953743,-0.1071808710694313,0.9938591718673706,0,0,0,0,0,0,0,0,0,0,0,0,0,0
7.5646562576293945,1.0,0.012997269630432129,0.08649119734764099,-0.009004771709442139,-0.08663219213485718,4.943336009979248,-0.3749796748161316,2.724424362182617,-0.9175857305526733,0.03,1.223407506942749,-0.10552175343036652,0.3297736346721649,0.0004930751165375113,0.027495386078953743,-0.1071808710694313,0.9938591718673706,0,0,0,0,0,0,0,0,0,0,0,0,0,0
7.566507577896118,1.0,0.012997269630432129,0.08649119734764099,-0.009004771709442139,-0.08663219213485718,4.943336009979248,-0.3749796748161316,2.724424362182617,-0.9175857305526733,0.03,1.223407506942749,-0.10552175343036652,0.3297736346721649,0.0004930751165375113,0.027495386078953743,-0.1071808710694313,0.9938591718673706,0,0,0,0,0,0,0,0,0,0,0,0,0,0
7.568034410476685,1.0,0.012997269630432129,0.08649119734764099,-0.009004771709442139,-0.08663219213485718,4.943336009979248,-0.3749796748161316,2.724424362182617,-0.9175857305526733,0.03,1.223407506942749,-0.10552175343036652,0.3297736346721649,0.0004930751165375113,0.027495386078953743,-0.1071808710694313,0.9938591718673706,0,0,0,0,0,0,0,0,0,0,0,0,0,0
7.569265604019165,1.0,0.012997269630432129,0.08649119734764099,-0.009004771709442139,-0.08663219213485718,4.943336009979248,-0.3749796748161316,2.724424362182617,-0.9175857305526733,0.03,1.223407506942749,-0.10552175343036652,0.3297736346721649,0.0004930751165375113,0.027495386078953743,-0.1071808710694313,0.9938591718673706,0,0,0,0,0,0,0,0,0,0,0,0,0,0
7.570363283157349,1.0,0.012997269630432129,0.08649119734764099,-0.009004771709442139,-0.08663219213485718,4.943336009979248,-0.3749796748161316,2.724424362182617,-0.9175857305526733,0.03,1.223407506942749,-0.10552175343036652,0.3297736346721649,0.0004930751165375113,0.027495386078953743,-0.1071808710694313,0.9938591718673706,0,0,0,0,0,0,0,0,0,0,0,0,0,0
7.571515798568726,1.0,0.012997269630432129,0.08649119734764099,-0.009004771709442139,-0.08663219213485718,4.943336009979248,-0.3749796748161316,2.724424362182617,-0.9175857305526733,0.03,1.223407506942749,-0.10552175343036652,0.3297736346721649,0.0004930751165375113,0.027495386078953743,-0.1071808710694313,0.9938591718673706,0,0,0,0,0,0,0,0,0,0,0,0,0,0
7.5735602378845215,1.0,0.012997269630432129,0.08649119734764099,-0.009004771709442139,-0.08663219213485718,4.943336009979248,-0.3749796748161316,2.724424362182617,-0.9175857305526733,0.03,1.223407506942749,-0.10552175343036652,0.3297736346721649,0.0004930751165375113,0.027495386078953743,-0.1071808710694313,0.9938591718673706,0,0,0,0,0,0,0,0,0,0,0,0,0,0
7.574778079986572,1.0,0.012997269630432129,0.08649119734764099,-0.009004771709442139,-0.08663219213485718,4.943336009979248,-0.3749796748161316,2.724424362182617,-0.9175857305526733,0.03,1.223407506942749,-0.10552175343036652,0.3297736346721649,0.0004930751165375113,0.027495386078953743,-0.1071808710694313,0.9938591718673706,0,0,0,0,0,0,0,0,0,0,0,0,0,0
7.576137542724609,1.0,0.0017220377922058105,0.08652457594871521,0.0016072988510131836,-0.08547496795654297,-0.710385799407959,3.734722137451172,-2.2784252166748047,-4.030981540679932,0.03,1.223407506942749,-0.10552175343036652,0.3297736346721649,0.0004930751165375113,0.027495386078953743,-0.1071808710694313,0.9938591718673706,0,0,0,0,0,0,0,0,0,0,0,0,0,0
7.577414512634277,1.0,0.002396702766418457,0.08007641136646271,-0.00019216537475585938,-0.07814031839370728,1.1063132286071777,5.451430320739746,1.0944039821624756,-5.026761531829834,0.03,1.2245734930038452,-0.10555313527584076,0.3299664556980133,0.011315706185996532,0.02671291120350361,-0.06808513402938843,0.997257649898529,0,0,0,0,0,0,0,0,0,0,0,0,0,0
7.578517913818359,1.0,0.002396702766418457,0.08007641136646271,-0.00019216537475585938,-0.07814031839370728,1.1063132286071777,5.451430320739746,1.0944039821624756,-5.026761531829834,0.03,1.2245734930038452,-0.10555313527584076,0.3299664556980133,0.011315706185996532,0.02671291120350361,-0.06808513402938843,0.997257649898529,0,0,0,0,0,0,0,0,0,0,0,0,0,0
7.5801708698272705,1.0,0.002396702766418457,0.08007641136646271,-0.00019216537475585938,-0.07814031839370728,1.1063132286071777,5.451430320739746,1.0944039821624756,-5.026761531829834,0.03,1.2245734930038452,-0.10555313527584076,0.3299664556980133,0.011315706185996532,0.02671291120350361,-0.06808513402938843,0.997257649898529,0,0,0,0,0,0,0,0,0,0,0,0,0,0
7.581264495849609,1.0,0.002396702766418457,0.08007641136646271,-0.00019216537475585938,-0.07814031839370728,1.1063132286071777,5.451430320739746,1.0944039821624756,-5.026761531829834,0.03,1.2245734930038452,-0.10555313527584076,0.3299664556980133,0.011315706185996532,0.02671291120350361,-0.06808513402938843,0.997257649898529,0,0,0,0,0,0,0,0,0,0,0,0,0,0
7.583561658859253,1.0,0.002396702766418457,0.08007641136646271,-0.00019216537475585938,-0.07814031839370728,1.1063132286071777,5.451430320739746,1.0944039821624756,-5.026761531829834,0.03,1.2245734930038452,-0.10555313527584076,0.3299664556980133,0.011315706185996532,0.02671291120350361,-0.06808513402938843,0.997257649898529,0,0,0,0,0,0,0,0,0,0,0,0,0,0
7.584801197052002,1.0,0.002396702766418457,0.08007641136646271,-0.00019216537475585938,-0.07814031839370728,1.1063132286071777,5.451430320739746,1.0944039821624756,-5.026761531829834,0.03,1.2245734930038452,-0.10555313527584076,0.3299664556980133,0.011315706185996532,0.02671291120350361,-0.06808513402938843,0.997257649898529,0,0,0,0,0,0,0,0,0,0,0,0,0,0
7.58755087852478,1.0,0.002396702766418457,0.08007641136646271,-0.00019216537475585938,-0.07814031839370728,1.1063132286071777,5.451430320739746,1.0944039821624756,-5.026761531829834,0.03,1.2245734930038452,-0.10555313527584076,0.3299664556980133,0.011315706185996532,0.02671291120350361,-0.06808513402938843,0.997257649898529,0,0,0,0,0,0,0,0,0,0,0,0,0,0
7.588624954223633,1.0,0.002396702766418457,0.08007641136646271,-0.00019216537475585938,-0.07814031839370728,1.1063132286071777,5.451430320739746,1.0944039821624756,-5.026761531829834,0.03,1.2245734930038452,-0.10555313527584076,0.3299664556980133,0.011315706185996532,0.02671291120350361,-0.06808513402938843,0.997257649898529,0,0,0,0,0,0,0,0,0,0,0,0,0,0
7.589759826660156,1.0,0.002396702766418457,0.08007641136646271,-0.00019216537475585938,-0.07814031839370728,1.1063132286071777,5.451430320739746,1.0944039821624756,-5.026761531829834,0.03,1.2245734930038452,-0.10555313527584076,0.3299664556980133,0.011315706185996532,0.02671291120350361,-0.06808513402938843,0.997257649898529,0,0,0,0,0,0,0,0,0,0,0,0,0,0
7.591867685317993,1.0,0.002396702766418457,0.08007641136646271,-0.00019216537475585938,-0.07814031839370728,1.1063132286071777,5.451430320739746,1.0944039821624756,-5.026761531829834,0.03,1.2245734930038452,-0.10555313527584076,0.3299664556980133,0.011315706185996532,0.02671291120350361,-0.06808513402938843,0.997257649898529,0,0,0,0,0,0,0,0,0,0,0,0,0,0
7.5929648876190186,1.0,0.002396702766418457,0.08007641136646271,-0.00019216537475585938,-0.07814031839370728,1.1063132286071777,5.451430320739746,1.0944039821624756,-5.026761531829834,0.03,1.2245734930038452,-0.10555313527584076,0.3299664556980133,0.011315706185996532,0.02671291120350361,-0.06808513402938843,0.997257649898529,0,0,0,0,0,0,0,0,0,0,0,0,0,0
7.594398498535156,1.0,0.002396702766418457,0.08007641136646271,-0.00019216537475585938,-0.07814031839370728,1.1063132286071777,5.451430320739746,1.0944039821624756,-5.026761531829834,0.03,1.2245734930038452,-0.10555313527584076,0.3299664556980133,0.011315706185996532,0.02671291120350361,-0.06808513402938843,0.997257649898529,0,0,0,0,0,0,0,0,0,0,0,0,0,0
7.597471237182617,1.0,0.002396702766418457,0.08007641136646271,-0.00019216537475585938,-0.07814031839370728,1.1063132286071777,5.451430320739746,1.0944039821624756,-5.026761531829834,0.03,1.2245734930038452,-0.10555313527584076,0.3299664556980133,0.011315706185996532,0.02671291120350361,-0.06808513402938843,0.997257649898529,0,0,0,0,0,0,0,0,0,0,0,0,0,0
7.600055694580078,1.0,0.003674805164337158,0.07197974622249603,-0.0026383399963378906,-0.06917601823806763,2.3840878009796143,5.563009262084961,2.6745545864105225,-3.5572826862335205,0.03,1.2252122163772583,-0.1059080958366394,0.32978200912475586,0.011972527951002121,0.029054688289761543,-0.09189185500144958,0.9952731132507324,0,0,0,0,0,0,0,0,0,0,0,0,0,0
7.601368188858032,1.0,0.003674805164337158,0.07197974622249603,-0.0026383399963378906,-0.06917601823806763,2.3840878009796143,5.563009262084961,2.6745545864105225,-3.5572826862335205,0.03,1.2252122163772583,-0.1059080958366394,0.32978200912475586,0.011972527951002121,0.029054688289761543,-0.09189185500144958,0.9952731132507324,0,0,0,0,0,0,0,0,0,0,0,0,0,0
7.602493047714233,1.0,0.003674805164337158,0.07197974622249603,-0.0026383399963378906,-0.06917601823806763,2.3840878009796143,5.563009262084961,2.6745545864105225,-3.5572826862335205,0.03,1.2252122163772583,-0.1059080958366394,0.32978200912475586,0.011972527951002121,0.029054688289761543,-0.09189185500144958,0.9952731132507324,0,0,0,0,0,0,0,0,0,0,0,0,0,0
7.603693962097168,1.0,0.003674805164337158,0.07197974622249603,-0.0026383399963378906,-0.06917601823806763,2.3840878009796143,5.563009262084961,2.6745545864105225,-3.5572826862335205,0.03,1.2252122163772583,-0.1059080958366394,0.32978200912475586,0.011972527951002121,0.029054688289761543,-0.09189185500144958,0.9952731132507324,0,0,0,0,0,0,0,0,0,0,0,0,0,0
7.604825973510742,1.0,0.003674805164337158,0.07197974622249603,-0.0026383399963378906,-0.06917601823806763,2.3840878009796143,5.563009262084961,2.6745545864105225,-3.5572826862335205,0.03,1.2252122163772583,-0.1059080958366394,0.32978200912475586,0.011972527951002121,0.029054688289761543,-0.09189185500144958,0.9952731132507324,0,0,0,0,0,0,0,0,0,0,0,0,0,0
7.606092214584351,1.0,0.003674805164337158,0.07197974622249603,-0.0026383399963378906,-0.06917601823806763,2.3840878009796143,5.563009262084961,2.6745545864105225,-3.5572826862335205,0.03,1.2252122163772583,-0.1059080958366394,0.32978200912475586,0.011972527951002121,0.029054688289761543,-0.09189185500144958,0.9952731132507324,0,0,0,0,0,0,0,0,0,0,0,0,0,0
7.607180118560791,1.0,0.003674805164337158,0.07197974622249603,-0.0026383399963378906,-0.06917601823806763,2.3840878009796143,5.563009262084961,2.6745545864105225,-3.5572826862335205,0.03,1.2252122163772583,-0.1059080958366394,0.32978200912475586,0.011972527951002121,0.029054688289761543,-0.09189185500144958,0.9952731132507324,0,0,0,0,0,0,0,0,0,0,0,0,0,0
7.608274221420288,1.0,0.003674805164337158,0.07197974622249603,-0.0026383399963378906,-0.06917601823806763,2.3840878009796143,5.563009262084961,2.6745545864105225,-3.5572826862335205,0.03,1.226450800895691,-0.10628001391887665,0.3286190629005432,0.010243085213005543,0.03513854742050171,-0.09982074052095413,0.9943320155143738,0,0,0,0,0,0,0,0,0,0,0,0,0,0
7.609363555908203,1.0,0.003674805164337158,0.07197974622249603,-0.0026383399963378906,-0.06917601823806763,2.3840878009796143,5.563009262084961,2.6745545864105225,-3.5572826862335205,0.03,1.226450800895691,-0.10628001391887665,0.3286190629005432,0.010243085213005543,0.03513854742050171,-0.09982074052095413,0.9943320155143738,0,0,0,0,0,0,0,0,0,0,0,0,0,0
7.610481023788452,1.0,0.003674805164337158,0.07197974622249603,-0.0026383399963378906,-0.06917601823806763,2.3840878009796143,5.563009262084961,2.6745545864105225,-3.5572826862335205,0.03,1.226450800895691,-0.10628001391887665,0.3286190629005432,0.010243085213005543,0.03513854742050171,-0.09982074052095413,0.9943320155143738,0,0,0,0,0,0,0,0,0,0,0,0,0,0
7.611562013626099,1.0,0.003674805164337158,0.07197974622249603,-0.0026383399963378906,-0.06917601823806763,2.3840878009796143,5.563009262084961,2.6745545864105225,-3.5572826862335205,0.03,1.226450800895691,-0.10628001391887665,0.3286190629005432,0.010243085213005543,0.03513854742050171,-0.09982074052095413,0.9943320155143738,0,0,0,0,0,0,0,0,0,0,0,0,0,0
7.61263370513916,1.0,0.003674805164337158,0.07197974622249603,-0.0026383399963378906,-0.06917601823806763,2.3840878009796143,5.563009262084961,2.6745545864105225,-3.5572826862335205,0.03,1.226450800895691,-0.10628001391887665,0.3286190629005432,0.010243085213005543,0.03513854742050171,-0.09982074052095413,0.9943320155143738,0,0,0,0,0,0,0,0,0,0,0,0,0,0
7.613801002502441,1.0,0.003674805164337158,0.07197974622249603,-0.0026383399963378906,-0.06917601823806763,2.3840878009796143,5.563009262084961,2.6745545864105225,-3.5572826862335205,0.03,1.226450800895691,-0.10628001391887665,0.3286190629005432,0.010243085213005543,0.03513854742050171,-0.09982074052095413,0.9943320155143738,0,0,0,0,0,0,0,0,0,0,0,0,0,0
7.615037202835083,1.0,0.003674805164337158,0.07197974622249603,-0.0026383399963378906,-0.06917601823806763,2.3840878009796143,5.563009262084961,2.6745545864105225,-3.5572826862335205,0.03,1.226450800895691,-0.10628001391887665,0.3286190629005432,0.010243085213005543,0.03513854742050171,-0.09982074052095413,0.9943320155143738,0,0,0,0,0,0,0,0,0,0,0,0,0,0
7.616125106811523,1.0,0.003674805164337158,0.07197974622249603,-0.0026383399963378906,-0.06917601823806763,2.3840878009796143,5.563009262084961,2.6745545864105225,-3.5572826862335205,0.03,1.226450800895691,-0.10628001391887665,0.3286190629005432,0.010243085213005543,0.03513854742050171,-0.09982074052095413,0.9943320155143738,0,0,0,0,0,0,0,0,0,0,0,0,0,0
7.617906332015991,1.0,0.003674805164337158,0.07197974622249603,-0.0026383399963378906,-0.06917601823806763,2.3840878009796143,5.563009262084961,2.6745545864105225,-3.5572826862335205,0.03,1.226450800895691,-0.10628001391887665,0.3286190629005432,0.010243085213005543,0.03513854742050171,-0.09982074052095413,0.9943320155143738,0,0,0,0,0,0,0,0,0,0,0,0,0,0
7.619720458984375,1.0,0.003674805164337158,0.07197974622249603,-0.0026383399963378906,-0.06917601823806763,2.3840878009796143,5.563009262084961,2.6745545864105225,-3.5572826862335205,0.03,1.226450800895691,-0.10628001391887665,0.3286190629005432,0.010243085213005543,0.03513854742050171,-0.09982074052095413,0.9943320155143738,0,0,0,0,0,0,0,0,0,0,0,0,0,0
7.621250629425049,1.0,0.003956317901611328,0.05915910005569458,-0.0015591979026794434,-0.056350529193878174,2.467569351196289,4.063457489013672,1.1872992515563965,-2.977301597595215,0.03,1.226450800895691,-0.10628001391887665,0.3286190629005432,0.010243085213005543,0.03513854742050171,-0.09982074052095413,0.9943320155143738,0,0,0,0,0,0,0,0,0,0,0,0,0,0
7.622748374938965,1.0,0.003956317901611328,0.05915910005569458,-0.0015591979026794434,-0.056350529193878174,2.467569351196289,4.063457489013672,1.1872992515563965,-2.977301597595215,0.03,1.226450800895691,-0.10628001391887665,0.3286190629005432,0.010243085213005543,0.03513854742050171,-0.09982074052095413,0.9943320155143738,0,0,0,0,0,0,0,0,0,0,0,0,0,0
7.6247782707214355,1.0,0.003956317901611328,0.05915910005569458,-0.0015591979026794434,-0.056350529193878174,2.467569351196289,4.063457489013672,1.1872992515563965,-2.977301597595215,0.03,1.226450800895691,-0.10628001391887665,0.3286190629005432,0.010243085213005543,0.03513854742050171,-0.09982074052095413,0.9943320155143738,0,0,0,0,0,0,0,0,0,0,0,0,0,0
7.626102924346924,1.0,0.003956317901611328,0.05915910005569458,-0.0015591979026794434,-0.056350529193878174,2.467569351196289,4.063457489013672,1.1872992515563965,-2.977301597595215,0.03,1.226450800895691,-0.10628001391887665,0.3286190629005432,0.010243085213005543,0.03513854742050171,-0.09982074052095413,0.9943320155143738,0,0,0,0,0,0,0,0,0,0,0,0,0,0
7.63028359413147,1.0,0.0037813186645507812,0.05451321601867676,-0.0010446906089782715,-0.051355838775634766,2.346167802810669,4.669694423675537,0.9290780425071716,-3.048271417617798,0.03,1.2281341552734375,-0.1073995977640152,0.3265294134616852,0.015296421013772488,0.0465911366045475,-0.08289451897144318,0.9953511357307434,0,0,0,0,0,0,0,0,0,0,0,0,0,0
7.631885528564453,1.0,0.0037813186645507812,0.05451321601867676,-0.0010446906089782715,-0.051355838775634766,2.346167802810669,4.669694423675537,0.9290780425071716,-3.048271417617798,0.03,1.2281341552734375,-0.1073995977640152,0.3265294134616852,0.015296421013772488,0.0465911366045475,-0.08289451897144318,0.9953511357307434,0,0,0,0,0,0,0,0,0,0,0,0,0,0
7.633189678192139,1.0,0.0037813186645507812,0.05451321601867676,-0.0010446906089782715,-0.051355838775634766,2.346167802810669,4.669694423675537,0.9290780425071716,-3.048271417617798,0.03,1.2281341552734375,-0.1073995977640152,0.3265294134616852,0.015296421013772488,0.0465911366045475,-0.08289451897144318,0.9953511357307434,0,0,0,0,0,0,0,0,0,0,0,0,0,0
7.634287357330322,1.0,0.0037813186645507812,0.05451321601867676,-0.0010446906089782715,-0.051355838775634766,2.346167802810669,4.669694423675537,0.9290780425071716,-3.048271417617798,0.03,1.2281341552734375,-0.1073995977640152,0.3265294134616852,0.015296421013772488,0.0465911366045475,-0.08289451897144318,0.9953511357307434,0,0,0,0,0,0,0,0,0,0,0,0,0,0
7.636820077896118,1.0,0.0037813186645507812,0.05451321601867676,-0.0010446906089782715,-0.051355838775634766,2.346167802810669,4.669694423675537,0.9290780425071716,-3.048271417617798,0.03,1.2281341552734375,-0.1073995977640152,0.3265294134616852,0.015296421013772488,0.0465911366045475,-0.08289451897144318,0.9953511357307434,0,0,0,0,0,0,0,0,0,0,0,0,0,0
7.638273477554321,1.0,0.0037813186645507812,0.05451321601867676,-0.0010446906089782715,-0.051355838775634766,2.346167802810669,4.669694423675537,0.9290780425071716,-3.048271417617798,0.03,1.2281341552734375,-0.1073995977640152,0.3265294134616852,0.015296421013772488,0.0465911366045475,-0.08289451897144318,0.9953511357307434,0,0,0,0,0,0,0,0,0,0,0,0,0,0
7.639577627182007,1.0,0.0037813186645507812,0.05451321601867676,-0.0010446906089782715,-0.051355838775634766,2.346167802810669,4.669694423675537,0.9290780425071716,-3.048271417617798,0.03,1.2281341552734375,-0.1073995977640152,0.3265294134616852,0.015296421013772488,0.0465911366045475,-0.08289451897144318,0.9953511357307434,0,0,0,0,0,0,0,0,0,0,0,0,0,0
7.640647649765015,1.0,0.0037813186645507812,0.05451321601867676,-0.0010446906089782715,-0.051355838775634766,2.346167802810669,4.669694423675537,0.9290780425071716,-3.048271417617798,0.03,1.2281341552734375,-0.1073995977640152,0.3265294134616852,0.015296421013772488,0.0465911366045475,-0.08289451897144318,0.9953511357307434,0,0,0,0,0,0,0,0,0,0,0,0,0,0
7.641992807388306,1.0,0.0037813186645507812,0.05451321601867676,-0.0010446906089782715,-0.051355838775634766,2.346167802810669,4.669694423675537,0.9290780425071716,-3.048271417617798,0.03,1.2281341552734375,-0.1073995977640152,0.3265294134616852,0.015296421013772488,0.0465911366045475,-0.08289451897144318,0.9953511357307434,0,0,0,0,0,0,0,0,0,0,0,0,0,0
7.643379211425781,1.0,0.0037813186645507812,0.05451321601867676,-0.0010446906089782715,-0.051355838775634766,2.346167802810669,4.669694423675537,0.9290780425071716,-3.048271417617798,0.03,1.2281341552734375,-0.1073995977640152,0.3265294134616852,0.015296421013772488,0.0465911366045475,-0.08289451897144318,0.9953511357307434,0,0,0,0,0,0,0,0,0,0,0,0,0,0
7.645429611206055,1.0,0.0037813186645507812,0.05451321601867676,-0.0010446906089782715,-0.051355838775634766,2.346167802810669,4.669694423675537,0.9290780425071716,-3.048271417617798,0.03,1.2281341552734375,-0.1073995977640152,0.3265294134616852,0.015296421013772488,0.0465911366045475,-0.08289451897144318,0.9953511357307434,0,0,0,0,0,0,0,0,0,0,0,0,0,0
7.64695930480957,1.0,0.0037813186645507812,0.05451321601867676,-0.0010446906089782715,-0.051355838775634766,2.346167802810669,4.669694423675537,0.9290780425071716,-3.048271417617798,0.03,1.2281341552734375,-0.1073995977640152,0.3265294134616852,0.015296421013772488,0.0465911366045475,-0.08289451897144318,0.9953511357307434,0,0,0,0,0,0,0,0,0,0,0,0,0,0
7.6487953662872314,1.0,0.0037813186645507812,0.05451321601867676,-0.0010446906089782715,-0.051355838775634766,2.346167802810669,4.669694423675537,0.9290780425071716,-3.048271417617798,0.03,1.2281341552734375,-0.1073995977640152,0.3265294134616852,0.015296421013772488,0.0465911366045475,-0.08289451897144318,0.9953511357307434,0,0,0,0,0,0,0,0,0,0,0,0,0,0
7.6500632762908936,1.0,0.0037813186645507812,0.05451321601867676,-0.0010446906089782715,-0.051355838775634766,2.346167802810669,4.669694423675537,0.9290780425071716,-3.048271417617798,0.03,1.2281341552734375,-0.1073995977640152,0.3265294134616852,0.015296421013772488,0.0465911366045475,-0.08289451897144318,0.9953511357307434,0,0,0,0,0,0,0,0,0,0,0,0,0,0
7.651524543762207,1.0,0.0037813186645507812,0.05451321601867676,-0.0010446906089782715,-0.051355838775634766,2.346167802810669,4.669694423675537,0.9290780425071716,-3.048271417617798,0.03,1.2281341552734375,-0.1073995977640152,0.3265294134616852,0.015296421013772488,0.0465911366045475,-0.08289451897144318,0.9953511357307434,0,0,0,0,0,0,0,0,0,0,0,0,0,0
7.653012037277222,1.0,0.0037813186645507812,0.05451321601867676,-0.0010446906089782715,-0.051355838775634766,2.346167802810669,4.669694423675537,0.9290780425071716,-3.048271417617798,0.03,1.228769063949585,-0.10775554180145264,0.32523709535598755,0.00847720354795456,0.05613022670149803,-0.130880668759346,0.9897716641426086,0,0,0,0,0,0,0,0,0,0,0,0,0,0
7.65447211265564,1.0,0.0037813186645507812,0.05451321601867676,-0.0010446906089782715,-0.051355838775634766,2.346167802810669,4.669694423675537,0.9290780425071716,-3.048271417617798,0.03,1.228769063949585,-0.10775554180145264,0.32523709535598755,0.00847720354795456,0.05613022670149803,-0.130880668759346,0.9897716641426086,0,0,0,0,0,0,0,0,0,0,0,0,0,0
7.656459331512451,1.0,0.0037813186645507812,0.05451321601867676,-0.0010446906089782715,-0.051355838775634766,2.346167802810669,4.669694423675537,0.9290780425071716,-3.048271417617798,0.03,1.228769063949585,-0.10775554180145264,0.32523709535598755,0.00847720354795456,0.05613022670149803,-0.130880668759346,0.9897716641426086,0,0,0,0,0,0,0,0,0,0,0,0,0,0
7.65786075592041,1.0,0.0037813186645507812,0.05451321601867676,-0.0010446906089782715,-0.051355838775634766,2.346167802810669,4.669694423675537,0.9290780425071716,-3.048271417617798,0.03,1.228769063949585,-0.10775554180145264,0.32523709535598755,0.00847720354795456,0.05613022670149803,-0.130880668759346,0.9897716641426086,0,0,0,0,0,0,0,0,0,0,0,0,0,0
7.660259962081909,1.0,0.0037813186645507812,0.05451321601867676,-0.0010446906089782715,-0.051355838775634766,2.346167802810669,4.669694423675537,0.9290780425071716,-3.048271417617798,0.03,1.228769063949585,-0.10775554180145264,0.32523709535598755,0.00847720354795456,0.05613022670149803,-0.130880668759346,0.9897716641426086,0,0,0,0,0,0,0,0,0,0,0,0,0,0
7.661359548568726,1.0,0.0037813186645507812,0.05451321601867676,-0.0010446906089782715,-0.051355838775634766,2.346167802810669,4.669694423675537,0.9290780425071716,-3.048271417617798,0.03,1.228769063949585,-0.10775554180145264,0.32523709535598755,0.00847720354795456,0.05613022670149803,-0.130880668759346,0.9897716641426086,0,0,0,0,0,0,0,0,0,0,0,0,0,0
7.662424325942993,1.0,0.0037813186645507812,0.05451321601867676,-0.0010446906089782715,-0.051355838775634766,2.346167802810669,4.669694423675537,0.9290780425071716,-3.048271417617798,0.03,1.228769063949585,-0.10775554180145264,0.32523709535598755,0.00847720354795456,0.05613022670149803,-0.130880668759346,0.9897716641426086,0,0,0,0,0,0,0,0,0,0,0,0,0,0
7.665240526199341,1.0,0.0037813186645507812,0.05451321601867676,-0.0010446906089782715,-0.051355838775634766,2.346167802810669,4.669694423675537,0.9290780425071716,-3.048271417617798,0.03,1.228769063949585,-0.10775554180145264,0.32523709535598755,0.00847720354795456,0.05613022670149803,-0.130880668759346,0.9897716641426086,0,0,0,0,0,0,0,0,0,0,0,0,0,0
7.666456460952759,1.0,0.0037813186645507812,0.05451321601867676,-0.0010446906089782715,-0.051355838775634766,2.346167802810669,4.669694423675537,0.9290780425071716,-3.048271417617798,0.03,1.228769063949585,-0.10775554180145264,0.32523709535598755,0.00847720354795456,0.05613022670149803,-0.130880668759346,0.9897716641426086,0,0,0,0,0,0,0,0,0,0,0,0,0,0
7.6677000522613525,1.0,0.0037813186645507812,0.05451321601867676,-0.0010446906089782715,-0.051355838775634766,2.346167802810669,4.669694423675537,0.9290780425071716,-3.048271417617798,0.03,1.228769063949585,-0.10775554180145264,0.32523709535598755,0.00847720354795456,0.05613022670149803,-0.130880668759346,0.9897716641426086,0,0,0,0,0,0,0,0,0,0,0,0,0,0
7.668891191482544,1.0,0.0037813186645507812,0.05451321601867676,-0.0010446906089782715,-0.051355838775634766,2.346167802810669,4.669694423675537,0.9290780425071716,-3.048271417617798,0.03,1.228769063949585,-0.10775554180145264,0.32523709535598755,0.00847720354795456,0.05613022670149803,-0.130880668759346,0.9897716641426086,0,0,0,0,0,0,0,0,0,0,0,0,0,0
7.672232389450073,1.0,0.0037813186645507812,0.05451321601867676,-0.0010446906089782715,-0.051355838775634766,2.346167802810669,4.669694423675537,0.9290780425071716,-3.048271417617798,0.03,1.228769063949585,-0.10775554180145264,0.32523709535598755,0.00847720354795456,0.05613022670149803,-0.130880668759346,0.9897716641426086,0,0,0,0,0,0,0,0,0,0,0,0,0,0
7.673745155334473,1.0,0.0037813186645507812,0.05451321601867676,-0.0010446906089782715,-0.051355838775634766,2.346167802810669,4.669694423675537,0.9290780425071716,-3.048271417617798,0.03,1.228769063949585,-0.10775554180145264,0.32523709535598755,0.00847720354795456,0.05613022670149803,-0.130880668759346,0.9897716641426086,0,0,0,0,0,0,0,0,0,0,0,0,0,0
7.675131559371948,1.0,0.0037813186645507812,0.05451321601867676,-0.0010446906089782715,-0.051355838775634766,2.346167802810669,4.669694423675537,0.9290780425071716,-3.048271417617798,0.03,1.228769063949585,-0.10775554180145264,0.32523709535598755,0.00847720354795456,0.05613022670149803,-0.130880668759346,0.9897716641426086,0,0,0,0,0,0,0,0,0,0,0,0,0,0
7.676485776901245,1.0,0.0037813186645507812,0.05451321601867676,-0.0010446906089782715,-0.051355838775634766,2.346167802810669,4.669694423675537,0.9290780425071716,-3.048271417617798,0.03,1.228769063949585,-0.10775554180145264,0.32523709535598755,0.00847720354795456,0.05613022670149803,-0.130880668759346,0.9897716641426086,0,0,0,0,0,0,0,0,0,0,0,0,0,0
7.679842233657837,1.0,0.0037813186645507812,0.05451321601867676,-0.0010446906089782715,-0.051355838775634766,2.346167802810669,4.669694423675537,0.9290780425071716,-3.048271417617798,0.03,1.2288693189620972,-0.1078374832868576,0.32446497678756714,0.013640234246850014,0.062297720462083817,-0.11914432793855667,0.9908267855644226,0,0,0,0,0,0,0,0,0,0,0,0,0,0
7.680950880050659,1.0,0.00342714786529541,0.0407772958278656,-0.0009600520133972168,-0.03481853008270264,2.1421403884887695,5.789010524749756,0.9785354137420654,-1.5312151908874512,0.03,1.2290524244308472,-0.1080482080578804,0.323733925819397,0.013414124958217144,0.06814286857843399,-0.12467699497938156,0.9897637963294983,0,0,0,0,0,0,0,0,0,0,0,0,0,0
7.6837427616119385,1.0,0.00342714786529541,0.0407772958278656,-0.0009600520133972168,-0.03481853008270264,2.1421403884887695,5.789010524749756,0.9785354137420654,-1.5312151908874512,0.03,1.2290524244308472,-0.1080482080578804,0.323733925819397,0.013414124958217144,0.06814286857843399,-0.12467699497938156,0.9897637963294983,0,0,0,0,0,0,0,0,0,0,0,0,0,0
7.684986114501953,1.0,0.00342714786529541,0.0407772958278656,-0.0009600520133972168,-0.03481853008270264,2.1421403884887695,5.789010524749756,0.9785354137420654,-1.5312151908874512,0.03,1.2290524244308472,-0.1080482080578804,0.323733925819397,0.013414124958217144,0.06814286857843399,-0.12467699497938156,0.9897637963294983,0,0,0,0,0,0,0,0,0,0,0,0,0,0
7.6861302852630615,1.0,0.00342714786529541,0.0407772958278656,-0.0009600520133972168,-0.03481853008270264,2.1421403884887695,5.789010524749756,0.9785354137420654,-1.5312151908874512,0.03,1.2290524244308472,-0.1080482080578804,0.323733925819397,0.013414124958217144,0.06814286857843399,-0.12467699497938156,0.9897637963294983,0,0,0,0,0,0,0,0,0,0,0,0,0,0
7.687645435333252,1.0,0.003128349781036377,0.023970723152160645,-0.0005252361297607422,-0.017441987991333008,2.031484603881836,6.067831516265869,0.5884889364242554,-1.1592212915420532,0.03,1.2290524244308472,-0.1080482080578804,0.323733925819397,0.013414124958217144,0.06814286857843399,-0.12467699497938156,0.9897637963294983,0,0,0,0,0,0,0,0,0,0,0,0,0,0
7.688719749450684,1.0,0.003128349781036377,0.023970723152160645,-0.0005252361297607422,-0.017441987991333008,2.031484603881836,6.067831516265869,0.5884889364242554,-1.1592212915420532,0.03,1.2290524244308472,-0.1080482080578804,0.323733925819397,0.013414124958217144,0.06814286857843399,-0.12467699497938156,0.9897637963294983,0,0,0,0,0,0,0,0,0,0,0,0,0,0
7.690327167510986,1.0,0.003128349781036377,0.023970723152160645,-0.0005252361297607422,-0.017441987991333008,2.031484603881836,6.067831516265869,0.5884889364242554,-1.1592212915420532,0.03,1.2290524244308472,-0.1080482080578804,0.323733925819397,0.013414124958217144,0.06814286857843399,-0.12467699497938156,0.9897637963294983,0,0,0,0,0,0,0,0,0,0,0,0,0,0
7.691693067550659,1.0,0.002984285354614258,0.019379988312721252,-0.0004482865333557129,-0.013115882873535156,1.9268808364868164,4.836857318878174,0.5638110637664795,-0.5306911468505859,0.03,1.229020118713379,-0.10810456424951553,0.32224041223526,0.014238362200558186,0.08056449145078659,-0.13481605052947998,0.9874873161315918,0,0,0,0,0,0,0,0,0,0,0,0,0,0
7.6934754848480225,1.0,0.002984285354614258,0.019379988312721252,-0.0004482865333557129,-0.013115882873535156,1.9268808364868164,4.836857318878174,0.5638110637664795,-0.5306911468505859,0.03,1.229020118713379,-0.10810456424951553,0.32224041223526,0.014238362200558186,0.08056449145078659,-0.13481605052947998,0.9874873161315918,0,0,0,0,0,0,0,0,0,0,0,0,0,0
7.695149898529053,1.0,0.002984285354614258,0.019379988312721252,-0.0004482865333557129,-0.013115882873535156,1.9268808364868164,4.836857318878174,0.5638110637664795,-0.5306911468505859,0.03,1.229020118713379,-0.10810456424951553,0.32224041223526,0.014238362200558186,0.08056449145078659,-0.13481605052947998,0.9874873161315918,0,0,0,0,0,0,0,0,0,0,0,0,0,0
7.696231842041016,1.0,0.002984285354614258,0.019379988312721252,-0.0004482865333557129,-0.013115882873535156,1.9268808364868164,4.836857318878174,0.5638110637664795,-0.5306911468505859,0.03,1.229020118713379,-0.10810456424951553,0.32224041223526,0.014238362200558186,0.08056449145078659,-0.13481605052947998,0.9874873161315918,0,0,0,0,0,0,0,0,0,0,0,0,0,0
7.697357892990112,1.0,0.002984285354614258,0.019379988312721252,-0.0004482865333557129,-0.013115882873535156,1.9268808364868164,4.836857318878174,0.5638110637664795,-0.5306911468505859,0.03,1.229020118713379,-0.10810456424951553,0.32224041223526,0.014238362200558186,0.08056449145078659,-0.13481605052947998,0.9874873161315918,0,0,0,0,0,0,0,0,0,0,0,0,0,0
7.698439359664917,1.0,0.002984285354614258,0.019379988312721252,-0.0004482865333557129,-0.013115882873535156,1.9268808364868164,4.836857318878174,0.5638110637664795,-0.5306911468505859,0.03,1.229020118713379,-0.10810456424951553,0.32224041223526,0.014238362200558186,0.08056449145078659,-0.13481605052947998,0.9874873161315918,0,0,0,0,0,0,0,0,0,0,0,0,0,0
7.699669599533081,1.0,0.002984285354614258,0.019379988312721252,-0.0004482865333557129,-0.013115882873535156,1.9268808364868164,4.836857318878174,0.5638110637664795,-0.5306911468505859,0.03,1.229020118713379,-0.10810456424951553,0.32224041223526,0.014238362200558186,0.08056449145078659,-0.13481605052947998,0.9874873161315918,0,0,0,0,0,0,0,0,0,0,0,0,0,0
7.700729608535767,1.0,0.002984285354614258,0.019379988312721252,-0.0004482865333557129,-0.013115882873535156,1.9268808364868164,4.836857318878174,0.5638110637664795,-0.5306911468505859,0.03,1.229020118713379,-0.10810456424951553,0.32224041223526,0.014238362200558186,0.08056449145078659,-0.13481605052947998,0.9874873161315918,0,0,0,0,0,0,0,0,0,0,0,0,0,0
7.701805830001831,1.0,0.002984285354614258,0.019379988312721252,-0.0004482865333557129,-0.013115882873535156,1.9268808364868164,4.836857318878174,0.5638110637664795,-0.5306911468505859,0.03,1.229020118713379,-0.10810456424951553,0.32224041223526,0.014238362200558186,0.08056449145078659,-0.13481605052947998,0.9874873161315918,0,0,0,0,0,0,0,0,0,0,0,0,0,0
7.702929496765137,1.0,0.002984285354614258,0.019379988312721252,-0.0004482865333557129,-0.013115882873535156,1.9268808364868164,4.836857318878174,0.5638110637664795,-0.5306911468505859,0.03,1.229020118713379,-0.10810456424951553,0.32224041223526,0.014238362200558186,0.08056449145078659,-0.13481605052947998,0.9874873161315918,0,0,0,0,0,0,0,0,0,0,0,0,0,0
7.704427003860474,1.0,0.002984285354614258,0.019379988312721252,-0.0004482865333557129,-0.013115882873535156,1.9268808364868164,4.836857318878174,0.5638110637664795,-0.5306911468505859,0.03,1.229020118713379,-0.10810456424951553,0.32224041223526,0.014238362200558186,0.08056449145078659,-0.13481605052947998,0.9874873161315918,0,0,0,0,0,0,0,0,0,0,0,0,0,0
7.7056050300598145,1.0,0.002984285354614258,0.019379988312721252,-0.0004482865333557129,-0.013115882873535156,1.9268808364868164,4.836857318878174,0.5638110637664795,-0.5306911468505859,0.03,1.229020118713379,-0.10810456424951553,0.32224041223526,0.014238362200558186,0.08056449145078659,-0.13481605052947998,0.9874873161315918,0,0,0,0,0,0,0,0,0,0,0,0,0,0
7.706935405731201,1.0,0.002984285354614258,0.019379988312721252,-0.0004482865333557129,-0.013115882873535156,1.9268808364868164,4.836857318878174,0.5638110637664795,-0.5306911468505859,0.03,1.229020118713379,-0.10810456424951553,0.32224041223526,0.014238362200558186,0.08056449145078659,-0.13481605052947998,0.9874873161315918,0,0,0,0,0,0,0,0,0,0,0,0,0,0
7.713953495025635,1.0,0.002565145492553711,0.006704941391944885,-0.0004749298095703125,-0.0008764863014221191,1.6273999214172363,4.989248275756836,0.663025975227356,-0.8537029027938843,0.03,1.2287505865097046,-0.10785567760467529,0.32168668508529663,0.020645232871174812,0.08584395796060562,-0.10860025137662888,0.9901568293571472,0,0,0,0,0,0,0,0,0,0,0,0,0,0
7.715737342834473,1.0,0.0023722052574157715,0.0023282840847969055,-0.00047194957733154297,0.0029259920120239258,1.4795167446136475,4.0387187004089355,0.6410778164863586,-0.5169004797935486,0.03,1.2287604808807373,-0.10782688856124878,0.32121777534484863,0.020355235785245895,0.09144552052021027,-0.10591421276330948,0.9899523258209229,0,0,0,0,0,0,0,0,0,0,0,0,0,0
7.7177040576934814,1.0,0.002193152904510498,-0.002895057201385498,-0.0004718899726867676,0.007795214653015137,1.3364721536636353,4.8195953369140625,0.6566669344902039,-1.369364619255066,0.03,1.22837495803833,-0.10765358060598373,0.32020166516304016,0.026807179674506187,0.09836632758378983,-0.08429932594299316,0.9912109375,0,0,0,0,0,0,0,0,0,0,0,0,0,0
7.719168424606323,1.0,0.002193152904510498,-0.002895057201385498,-0.0004718899726867676,0.007795214653015137,1.3364721536636353,4.8195953369140625,0.6566669344902039,-1.369364619255066,0.03,1.22837495803833,-0.10765358060598373,0.32020166516304016,0.026807179674506187,0.09836632758378983,-0.08429932594299316,0.9912109375,0,0,0,0,0,0,0,0,0,0,0,0,0,0
7.720271110534668,1.0,0.002193152904510498,-0.002895057201385498,-0.0004718899726867676,0.007795214653015137,1.3364721536636353,4.8195953369140625,0.6566669344902039,-1.369364619255066,0.03,1.22837495803833,-0.10765358060598373,0.32020166516304016,0.026807179674506187,0.09836632758378983,-0.08429932594299316,0.9912109375,0,0,0,0,0,0,0,0,0,0,0,0,0,0
7.72192645072937,1.0,0.002193152904510498,-0.002895057201385498,-0.0004718899726867676,0.007795214653015137,1.3364721536636353,4.8195953369140625,0.6566669344902039,-1.369364619255066,0.03,1.22837495803833,-0.10765358060598373,0.32020166516304016,0.026807179674506187,0.09836632758378983,-0.08429932594299316,0.9912109375,0,0,0,0,0,0,0,0,0,0,0,0,0,0
7.723226547241211,1.0,0.002193152904510498,-0.002895057201385498,-0.0004718899726867676,0.007795214653015137,1.3364721536636353,4.8195953369140625,0.6566669344902039,-1.369364619255066,0.03,1.22837495803833,-0.10765358060598373,0.32020166516304016,0.026807179674506187,0.09836632758378983,-0.08429932594299316,0.9912109375,0,0,0,0,0,0,0,0,0,0,0,0,0,0
7.724649906158447,1.0,0.002193152904510498,-0.002895057201385498,-0.0004718899726867676,0.007795214653015137,1.3364721536636353,4.8195953369140625,0.6566669344902039,-1.369364619255066,0.03,1.22837495803833,-0.10765358060598373,0.32020166516304016,0.026807179674506187,0.09836632758378983,-0.08429932594299316,0.9912109375,0,0,0,0,0,0,0,0,0,0,0,0,0,0
7.726027965545654,1.0,0.002193152904510498,-0.002895057201385498,-0.0004718899726867676,0.007795214653015137,1.3364721536636353,4.8195953369140625,0.6566669344902039,-1.369364619255066,0.03,1.22837495803833,-0.10765358060598373,0.32020166516304016,0.026807179674506187,0.09836632758378983,-0.08429932594299316,0.9912109375,0,0,0,0,0,0,0,0,0,0,0,0,0,0
7.727434158325195,1.0,0.002193152904510498,-0.002895057201385498,-0.0004718899726867676,0.007795214653015137,1.3364721536636353,4.8195953369140625,0.6566669344902039,-1.369364619255066,0.03,1.22837495803833,-0.10765358060598373,0.32020166516304016,0.026807179674506187,0.09836632758378983,-0.08429932594299316,0.9912109375,0,0,0,0,0,0,0,0,0,0,0,0,0,0
7.728964805603027,1.0,0.002193152904510498,-0.002895057201385498,-0.0004718899726867676,0.007795214653015137,1.3364721536636353,4.8195953369140625,0.6566669344902039,-1.369364619255066,0.03,1.22837495803833,-0.10765358060598373,0.32020166516304016,0.026807179674506187,0.09836632758378983,-0.08429932594299316,0.9912109375,0,0,0,0,0,0,0,0,0,0,0,0,0,0
7.730240821838379,1.0,0.002193152904510498,-0.002895057201385498,-0.0004718899726867676,0.007795214653015137,1.3364721536636353,4.8195953369140625,0.6566669344902039,-1.369364619255066,0.03,1.22837495803833,-0.10765358060598373,0.32020166516304016,0.026807179674506187,0.09836632758378983,-0.08429932594299316,0.9912109375,0,0,0,0,0,0,0,0,0,0,0,0,0,0
7.731417417526245,1.0,0.002193152904510498,-0.002895057201385498,-0.0004718899726867676,0.007795214653015137,1.3364721536636353,4.8195953369140625,0.6566669344902039,-1.369364619255066,0.03,1.22837495803833,-0.10765358060598373,0.32020166516304016,0.026807179674506187,0.09836632758378983,-0.08429932594299316,0.9912109375,0,0,0,0,0,0,0,0,0,0,0,0,0,0
7.732830047607422,1.0,0.002193152904510498,-0.002895057201385498,-0.0004718899726867676,0.007795214653015137,1.3364721536636353,4.8195953369140625,0.6566669344902039,-1.369364619255066,0.03,1.22837495803833,-0.10765358060598373,0.32020166516304016,0.026807179674506187,0.09836632758378983,-0.08429932594299316,0.9912109375,0,0,0,0,0,0,0,0,0,0,0,0,0,0
7.7347095012664795,1.0,0.002193152904510498,-0.002895057201385498,-0.0004718899726867676,0.007795214653015137,1.3364721536636353,4.8195953369140625,0.6566669344902039,-1.369364619255066,0.03,1.22837495803833,-0.10765358060598373,0.32020166516304016,0.026807179674506187,0.09836632758378983,-0.08429932594299316,0.9912109375,0,0,0,0,0,0,0,0,0,0,0,0,0,0
7.735780715942383,1.0,0.002193152904510498,-0.002895057201385498,-0.0004718899726867676,0.007795214653015137,1.3364721536636353,4.8195953369140625,0.6566669344902039,-1.369364619255066,0.03,1.22837495803833,-0.10765358060598373,0.32020166516304016,0.026807179674506187,0.09836632758378983,-0.08429932594299316,0.9912109375,0,0,0,0,0,0,0,0,0,0,0,0,0,0
7.738635778427124,1.0,0.002193152904510498,-0.002895057201385498,-0.0004718899726867676,0.007795214653015137,1.3364721536636353,4.8195953369140625,0.6566669344902039,-1.369364619255066,0.03,1.22837495803833,-0.10765358060598373,0.32020166516304016,0.026807179674506187,0.09836632758378983,-0.08429932594299316,0.9912109375,0,0,0,0,0,0,0,0,0,0,0,0,0,0
7.740039110183716,1.0,0.002193152904510498,-0.002895057201385498,-0.0004718899726867676,0.007795214653015137,1.3364721536636353,4.8195953369140625,0.6566669344902039,-1.369364619255066,0.03,1.22837495803833,-0.10765358060598373,0.32020166516304016,0.026807179674506187,0.09836632758378983,-0.08429932594299316,0.9912109375,0,0,0,0,0,0,0,0,0,0,0,0,0,0
7.741473436355591,1.0,0.002193152904510498,-0.002895057201385498,-0.0004718899726867676,0.007795214653015137,1.3364721536636353,4.8195953369140625,0.6566669344902039,-1.369364619255066,0.03,1.22837495803833,-0.10765358060598373,0.32020166516304016,0.026807179674506187,0.09836632758378983,-0.08429932594299316,0.9912109375,0,0,0,0,0,0,0,0,0,0,0,0,0,0
7.742814302444458,1.0,0.002193152904510498,-0.002895057201385498,-0.0004718899726867676,0.007795214653015137,1.3364721536636353,4.8195953369140625,0.6566669344902039,-1.369364619255066,0.03,1.22837495803833,-0.10765358060598373,0.32020166516304016,0.026807179674506187,0.09836632758378983,-0.08429932594299316,0.9912109375,0,0,0,0,0,0,0,0,0,0,0,0,0,0
7.744786262512207,1.0,0.002193152904510498,-0.002895057201385498,-0.0004718899726867676,0.007795214653015137,1.3364721536636353,4.8195953369140625,0.6566669344902039,-1.369364619255066,0.03,1.22837495803833,-0.10765358060598373,0.32020166516304016,0.026807179674506187,0.09836632758378983,-0.08429932594299316,0.9912109375,0,0,0,0,0,0,0,0,0,0,0,0,0,0
7.746047019958496,1.0,0.002193152904510498,-0.002895057201385498,-0.0004718899726867676,0.007795214653015137,1.3364721536636353,4.8195953369140625,0.6566669344902039,-1.369364619255066,0.03,1.22837495803833,-0.10765358060598373,0.32020166516304016,0.026807179674506187,0.09836632758378983,-0.08429932594299316,0.9912109375,0,0,0,0,0,0,0,0,0,0,0,0,0,0
7.748470306396484,1.0,0.002193152904510498,-0.002895057201385498,-0.0004718899726867676,0.007795214653015137,1.3364721536636353,4.8195953369140625,0.6566669344902039,-1.369364619255066,0.03,1.22837495803833,-0.10765358060598373,0.32020166516304016,0.026807179674506187,0.09836632758378983,-0.08429932594299316,0.9912109375,0,0,0,0,0,0,0,0,0,0,0,0,0,0
7.749765396118164,1.0,0.002193152904510498,-0.002895057201385498,-0.0004718899726867676,0.007795214653015137,1.3364721536636353,4.8195953369140625,0.6566669344902039,-1.369364619255066,0.03,1.22837495803833,-0.10765358060598373,0.32020166516304016,0.026807179674506187,0.09836632758378983,-0.08429932594299316,0.9912109375,0,0,0,0,0,0,0,0,0,0,0,0,0,0
7.752664804458618,1.0,0.002193152904510498,-0.002895057201385498,-0.0004718899726867676,0.007795214653015137,1.3364721536636353,4.8195953369140625,0.6566669344902039,-1.369364619255066,0.03,1.22837495803833,-0.10765358060598373,0.32020166516304016,0.026807179674506187,0.09836632758378983,-0.08429932594299316,0.9912109375,0,0,0,0,0,0,0,0,0,0,0,0,0,0
7.753734350204468,1.0,0.002193152904510498,-0.002895057201385498,-0.0004718899726867676,0.007795214653015137,1.3364721536636353,4.8195953369140625,0.6566669344902039,-1.369364619255066,0.03,1.22837495803833,-0.10765358060598373,0.32020166516304016,0.026807179674506187,0.09836632758378983,-0.08429932594299316,0.9912109375,0,0,0,0,0,0,0,0,0,0,0,0,0,0
7.754938364028931,1.0,0.002193152904510498,-0.002895057201385498,-0.0004718899726867676,0.007795214653015137,1.3364721536636353,4.8195953369140625,0.6566669344902039,-1.369364619255066,0.03,1.22837495803833,-0.10765358060598373,0.32020166516304016,0.026807179674506187,0.09836632758378983,-0.08429932594299316,0.9912109375,0,0,0,0,0,0,0,0,0,0,0,0,0,0
7.756962776184082,1.0,0.002193152904510498,-0.002895057201385498,-0.0004718899726867676,0.007795214653015137,1.3364721536636353,4.8195953369140625,0.6566669344902039,-1.369364619255066,0.03,1.22837495803833,-0.10765358060598373,0.32020166516304016,0.026807179674506187,0.09836632758378983,-0.08429932594299316,0.9912109375,0,0,0,0,0,0,0,0,0,0,0,0,0,0
7.758882999420166,1.0,0.002193152904510498,-0.002895057201385498,-0.0004718899726867676,0.007795214653015137,1.3364721536636353,4.8195953369140625,0.6566669344902039,-1.369364619255066,0.03,1.22837495803833,-0.10765358060598373,0.32020166516304016,0.026807179674506187,0.09836632758378983,-0.08429932594299316,0.9912109375,0,0,0,0,0,0,0,0,0,0,0,0,0,0
7.760802507400513,1.0,0.002193152904510498,-0.002895057201385498,-0.0004718899726867676,0.007795214653015137,1.3364721536636353,4.8195953369140625,0.6566669344902039,-1.369364619255066,0.03,1.22837495803833,-0.10765358060598373,0.32020166516304016,0.026807179674506187,0.09836632758378983,-0.08429932594299316,0.9912109375,0,0,0,0,0,0,0,0,0,0,0,0,0,0
7.76218843460083,1.0,0.002193152904510498,-0.002895057201385498,-0.0004718899726867676,0.007795214653015137,1.3364721536636353,4.8195953369140625,0.6566669344902039,-1.369364619255066,0.03,1.22837495803833,-0.10765358060598373,0.32020166516304016,0.026807179674506187,0.09836632758378983,-0.08429932594299316,0.9912109375,0,0,0,0,0,0,0,0,0,0,0,0,0,0
7.763490915298462,1.0,0.002193152904510498,-0.002895057201385498,-0.0004718899726867676,0.007795214653015137,1.3364721536636353,4.8195953369140625,0.6566669344902039,-1.369364619255066,0.03,1.22837495803833,-0.10765358060598373,0.32020166516304016,0.026807179674506187,0.09836632758378983,-0.08429932594299316,0.9912109375,0,0,0,0,0,0,0,0,0,0,0,0,0,0
7.766386032104492,1.0,0.002193152904510498,-0.002895057201385498,-0.0004718899726867676,0.007795214653015137,1.3364721536636353,4.8195953369140625,0.6566669344902039,-1.369364619255066,0.03,1.22837495803833,-0.10765358060598373,0.32020166516304016,0.026807179674506187,0.09836632758378983,-0.08429932594299316,0.9912109375,0,0,0,0,0,0,0,0,0,0,0,0,0,0
7.7675940990448,1.0,0.002193152904510498,-0.002895057201385498,-0.0004718899726867676,0.007795214653015137,1.3364721536636353,4.8195953369140625,0.6566669344902039,-1.369364619255066,0.03,1.22837495803833,-0.10765358060598373,0.32020166516304016,0.026807179674506187,0.09836632758378983,-0.08429932594299316,0.9912109375,0,0,0,0,0,0,0,0,0,0,0,0,0,0
7.770002841949463,1.0,0.0016974806785583496,-0.019001826643943787,-0.0004801154136657715,0.023889660835266113,1.047805905342102,4.513622760772705,0.6682197451591492,-0.3782464265823364,0.03,1.2283233404159546,-0.1077406257390976,0.3199318051338196,0.024629991501569748,0.10156598687171936,-0.09610211104154587,0.9898697137832642,0,0,0,0,0,0,0,0,0,0,0,0,0,0
7.771164417266846,1.0,0.0016974806785583496,-0.019001826643943787,-0.0004801154136657715,0.023889660835266113,1.047805905342102,4.513622760772705,0.6682197451591492,-0.3782464265823364,0.03,1.2283233404159546,-0.1077406257390976,0.3199318051338196,0.024629991501569748,0.10156598687171936,-0.09610211104154587,0.9898697137832642,0,0,0,0,0,0,0,0,0,0,0,0,0,0
7.773166179656982,1.0,0.0016974806785583496,-0.019001826643943787,-0.0004801154136657715,0.023889660835266113,1.047805905342102,4.513622760772705,0.6682197451591492,-0.3782464265823364,0.03,1.2283233404159546,-0.1077406257390976,0.3199318051338196,0.024629991501569748,0.10156598687171936,-0.09610211104154587,0.9898697137832642,0,0,0,0,0,0,0,0,0,0,0,0,0,0
7.774709463119507,1.0,0.0015982389450073242,-0.021958328783512115,-0.0005335211753845215,0.02663952112197876,0.9802865982055664,3.7752060890197754,0.7327362298965454,-0.34947460889816284,0.03,1.228333592414856,-0.10758963972330093,0.319706529378891,0.024709345772862434,0.10402463376522064,-0.09788854420185089,0.9894373416900635,0,0,0,0,0,0,0,0,0,0,0,0,0,0
7.775961875915527,1.0,0.0013809800148010254,-0.02867767959833145,-0.0005308389663696289,0.03248363733291626,0.7919051647186279,2.8384833335876465,0.7431215643882751,-0.32206663489341736,0.03,1.2283800840377808,-0.10757366567850113,0.3196071684360504,0.024669984355568886,0.10630709677934647,-0.10057186335325241,0.9889265298843384,0,0,0,0,0,0,0,0,0,0,0,0,0,0
7.7772393226623535,1.0,0.0013809800148010254,-0.02867767959833145,-0.0005308389663696289,0.03248363733291626,0.7919051647186279,2.8384833335876465,0.7431215643882751,-0.32206663489341736,0.03,1.2283800840377808,-0.10757366567850113,0.3196071684360504,0.024669984355568886,0.10630709677934647,-0.10057186335325241,0.9889265298843384,0,0,0,0,0,0,0,0,0,0,0,0,0,0
7.778376579284668,1.0,0.0013809800148010254,-0.02867767959833145,-0.0005308389663696289,0.03248363733291626,0.7919051647186279,2.8384833335876465,0.7431215643882751,-0.32206663489341736,0.03,1.2283800840377808,-0.10757366567850113,0.3196071684360504,0.024669984355568886,0.10630709677934647,-0.10057186335325241,0.9889265298843384,0,0,0,0,0,0,0,0,0,0,0,0,0,0
7.779537200927734,1.0,0.0013809800148010254,-0.02867767959833145,-0.0005308389663696289,0.03248363733291626,0.7919051647186279,2.8384833335876465,0.7431215643882751,-0.32206663489341736,0.03,1.2283800840377808,-0.10757366567850113,0.3196071684360504,0.024669984355568886,0.10630709677934647,-0.10057186335325241,0.9889265298843384,0,0,0,0,0,0,0,0,0,0,0,0,0,0
7.7805962562561035,1.0,0.0013809800148010254,-0.02867767959833145,-0.0005308389663696289,0.03248363733291626,0.7919051647186279,2.8384833335876465,0.7431215643882751,-0.32206663489341736,0.03,1.2283800840377808,-0.10757366567850113,0.3196071684360504,0.024669984355568886,0.10630709677934647,-0.10057186335325241,0.9889265298843384,0,0,0,0,0,0,0,0,0,0,0,0,0,0
7.781774520874023,1.0,0.0013809800148010254,-0.02867767959833145,-0.0005308389663696289,0.03248363733291626,0.7919051647186279,2.8384833335876465,0.7431215643882751,-0.32206663489341736,0.03,1.2283800840377808,-0.10757366567850113,0.3196071684360504,0.024669984355568886,0.10630709677934647,-0.10057186335325241,0.9889265298843384,0,0,0,0,0,0,0,0,0,0,0,0,0,0
7.782854080200195,1.0,0.0013809800148010254,-0.02867767959833145,-0.0005308389663696289,0.03248363733291626,0.7919051647186279,2.8384833335876465,0.7431215643882751,-0.32206663489341736,0.03,1.2283800840377808,-0.10757366567850113,0.3196071684360504,0.024669984355568886,0.10630709677934647,-0.10057186335325241,0.9889265298843384,0,0,0,0,0,0,0,0,0,0,0,0,0,0
7.783979177474976,1.0,0.0013809800148010254,-0.02867767959833145,-0.0005308389663696289,0.03248363733291626,0.7919051647186279,2.8384833335876465,0.7431215643882751,-0.32206663489341736,0.03,1.2283800840377808,-0.10757366567850113,0.3196071684360504,0.024669984355568886,0.10630709677934647,-0.10057186335325241,0.9889265298843384,0,0,0,0,0,0,0,0,0,0,0,0,0,0
7.7852160930633545,1.0,0.0013809800148010254,-0.02867767959833145,-0.0005308389663696289,0.03248363733291626,0.7919051647186279,2.8384833335876465,0.7431215643882751,-0.32206663489341736,0.03,1.2283800840377808,-0.10757366567850113,0.3196071684360504,0.024669984355568886,0.10630709677934647,-0.10057186335325241,0.9889265298843384,0,0,0,0,0,0,0,0,0,0,0,0,0,0
7.786464691162109,1.0,0.0013809800148010254,-0.02867767959833145,-0.0005308389663696289,0.03248363733291626,0.7919051647186279,2.8384833335876465,0.7431215643882751,-0.32206663489341736,0.03,1.2283800840377808,-0.10757366567850113,0.3196071684360504,0.024669984355568886,0.10630709677934647,-0.10057186335325241,0.9889265298843384,0,0,0,0,0,0,0,0,0,0,0,0,0,0
7.787590026855469,1.0,0.0013809800148010254,-0.02867767959833145,-0.0005308389663696289,0.03248363733291626,0.7919051647186279,2.8384833335876465,0.7431215643882751,-0.32206663489341736,0.03,1.2283800840377808,-0.10757366567850113,0.3196071684360504,0.024669984355568886,0.10630709677934647,-0.10057186335325241,0.9889265298843384,0,0,0,0,0,0,0,0,0,0,0,0,0,0
7.789157390594482,1.0,0.0013809800148010254,-0.02867767959833145,-0.0005308389663696289,0.03248363733291626,0.7919051647186279,2.8384833335876465,0.7431215643882751,-0.32206663489341736,0.03,1.2283800840377808,-0.10757366567850113,0.3196071684360504,0.024669984355568886,0.10630709677934647,-0.10057186335325241,0.9889265298843384,0,0,0,0,0,0,0,0,0,0,0,0,0,0
7.790980815887451,1.0,0.0013809800148010254,-0.02867767959833145,-0.0005308389663696289,0.03248363733291626,0.7919051647186279,2.8384833335876465,0.7431215643882751,-0.32206663489341736,0.03,1.2282800674438477,-0.10749971866607666,0.3194237947463989,0.029439251869916916,0.10635625571012497,-0.0747179463505745,0.9910797476768494,0,0,0,0,0,0,0,0,0,0,0,0,0,0
7.7927587032318115,1.0,0.0013809800148010254,-0.02867767959833145,-0.0005308389663696289,0.03248363733291626,0.7919051647186279,2.8384833335876465,0.7431215643882751,-0.32206663489341736,0.03,1.2282800674438477,-0.10749971866607666,0.3194237947463989,0.029439251869916916,0.10635625571012497,-0.0747179463505745,0.9910797476768494,0,0,0,0,0,0,0,0,0,0,0,0,0,0
7.7946789264678955,1.0,0.0013809800148010254,-0.02867767959833145,-0.0005308389663696289,0.03248363733291626,0.7919051647186279,2.8384833335876465,0.7431215643882751,-0.32206663489341736,0.03,1.2282800674438477,-0.10749971866607666,0.3194237947463989,0.029439251869916916,0.10635625571012497,-0.0747179463505745,0.9910797476768494,0,0,0,0,0,0,0,0,0,0,0,0,0,0
7.795892953872681,1.0,0.0013809800148010254,-0.02867767959833145,-0.0005308389663696289,0.03248363733291626,0.7919051647186279,2.8384833335876465,0.7431215643882751,-0.32206663489341736,0.03,1.2282800674438477,-0.10749971866607666,0.3194237947463989,0.029439251869916916,0.10635625571012497,-0.0747179463505745,0.9910797476768494,0,0,0,0,0,0,0,0,0,0,0,0,0,0
7.797704458236694,1.0,0.0013737678527832031,-0.03220038861036301,-0.0004909634590148926,0.03568941354751587,0.833595335483551,3.4526522159576416,0.6805611848831177,-0.8295977115631104,0.03,1.2282800674438477,-0.10749971866607666,0.3194237947463989,0.029439251869916916,0.10635625571012497,-0.0747179463505745,0.9910797476768494,0,0,0,0,0,0,0,0,0,0,0,0,0,0
7.798835039138794,1.0,0.001236557960510254,-0.04221915453672409,-0.0004609227180480957,0.04442310333251953,0.70630943775177,2.5210678577423096,0.6506217122077942,-0.8217430710792542,0.03,1.2282145023345947,-0.10759786516427994,0.31935396790504456,0.03037736564874649,0.10627899318933487,-0.07472280412912369,0.9910593628883362,0,0,0,0,0,0,0,0,0,0,0,0,0,0
7.80010461807251,1.0,0.001236557960510254,-0.04221915453672409,-0.0004609227180480957,0.04442310333251953,0.70630943775177,2.5210678577423096,0.6506217122077942,-0.8217430710792542,0.03,1.2282145023345947,-0.10759786516427994,0.31935396790504456,0.03037736564874649,0.10627899318933487,-0.07472280412912369,0.9910593628883362,0,0,0,0,0,0,0,0,0,0,0,0,0,0
7.801649570465088,1.0,0.001236557960510254,-0.04221915453672409,-0.0004609227180480957,0.04442310333251953,0.70630943775177,2.5210678577423096,0.6506217122077942,-0.8217430710792542,0.03,1.2282145023345947,-0.10759786516427994,0.31935396790504456,0.03037736564874649,0.10627899318933487,-0.07472280412912369,0.9910593628883362,0,0,0,0,0,0,0,0,0,0,0,0,0,0
7.803200960159302,1.0,0.001236557960510254,-0.04221915453672409,-0.0004609227180480957,0.04442310333251953,0.70630943775177,2.5210678577423096,0.6506217122077942,-0.8217430710792542,0.03,1.2282145023345947,-0.10759786516427994,0.31935396790504456,0.03037736564874649,0.10627899318933487,-0.07472280412912369,0.9910593628883362,0,0,0,0,0,0,0,0,0,0,0,0,0,0
7.804584503173828,1.0,0.001236557960510254,-0.04221915453672409,-0.0004609227180480957,0.04442310333251953,0.70630943775177,2.5210678577423096,0.6506217122077942,-0.8217430710792542,0.03,1.2282145023345947,-0.10759786516427994,0.31935396790504456,0.03037736564874649,0.10627899318933487,-0.07472280412912369,0.9910593628883362,0,0,0,0,0,0,0,0,0,0,0,0,0,0
7.805809497833252,1.0,0.0013037919998168945,-0.052430108189582825,-0.00047212839126586914,0.0536273717880249,0.8947333097457886,1.7651273012161255,0.695737361907959,-1.1208442449569702,0.03,1.228315830230713,-0.10772045701742172,0.31951531767845154,0.025784162804484367,0.10655324906110764,-0.0911937803030014,0.9897804260253906,0,0,0,0,0,0,0,0,0,0,0,0,0,0
7.808309316635132,1.0,0.0013533830642700195,-0.05930386483669281,-0.0004107356071472168,0.05974555015563965,0.9307946562767029,0.5746550559997559,0.6261042356491089,-0.6302265524864197,0.03,1.2283252477645874,-0.10768890380859375,0.3195652663707733,0.025305399671196938,0.10642296820878983,-0.09328638017177582,0.989611804485321,0,0,0,0,0,0,0,0,0,0,0,0,0,0
7.809472560882568,1.0,0.0013446807861328125,-0.06275233626365662,-0.00042808055877685547,0.06317174434661865,0.8891689777374268,1.3530380725860596,0.6755629181861877,-1.0411217212677002,0.03,1.2282235622406006,-0.10747906565666199,0.3194439709186554,0.030141424387693405,0.10552799701690674,-0.07002563774585724,0.9914897084236145,0,0,0,0,0,0,0,0,0,0,0,0,0,0
7.810619831085205,1.0,0.0013446807861328125,-0.06275233626365662,-0.00042808055877685547,0.06317174434661865,0.8891689777374268,1.3530380725860596,0.6755629181861877,-1.0411217212677002,0.03,1.2282235622406006,-0.10747906565666199,0.3194439709186554,0.030141424387693405,0.10552799701690674,-0.07002563774585724,0.9914897084236145,0,0,0,0,0,0,0,0,0,0,0,0,0,0
7.811740159988403,1.0,0.0013446807861328125,-0.06275233626365662,-0.00042808055877685547,0.06317174434661865,0.8891689777374268,1.3530380725860596,0.6755629181861877,-1.0411217212677002,0.03,1.2282235622406006,-0.10747906565666199,0.3194439709186554,0.030141424387693405,0.10552799701690674,-0.07002563774585724,0.9914897084236145,0,0,0,0,0,0,0,0,0,0,0,0,0,0
7.812831163406372,1.0,0.0013446807861328125,-0.06275233626365662,-0.00042808055877685547,0.06317174434661865,0.8891689777374268,1.3530380725860596,0.6755629181861877,-1.0411217212677002,0.03,1.2282235622406006,-0.10747906565666199,0.3194439709186554,0.030141424387693405,0.10552799701690674,-0.07002563774585724,0.9914897084236145,0,0,0,0,0,0,0,0,0,0,0,0,0,0
7.814119338989258,1.0,0.0013446807861328125,-0.06275233626365662,-0.00042808055877685547,0.06317174434661865,0.8891689777374268,1.3530380725860596,0.6755629181861877,-1.0411217212677002,0.03,1.2282235622406006,-0.10747906565666199,0.3194439709186554,0.030141424387693405,0.10552799701690674,-0.07002563774585724,0.9914897084236145,0,0,0,0,0,0,0,0,0,0,0,0,0,0
7.815212965011597,1.0,0.0013446807861328125,-0.06275233626365662,-0.00042808055877685547,0.06317174434661865,0.8891689777374268,1.3530380725860596,0.6755629181861877,-1.0411217212677002,0.03,1.2282235622406006,-0.10747906565666199,0.3194439709186554,0.030141424387693405,0.10552799701690674,-0.07002563774585724,0.9914897084236145,0,0,0,0,0,0,0,0,0,0,0,0,0,0
7.816449880599976,1.0,0.0013446807861328125,-0.06275233626365662,-0.00042808055877685547,0.06317174434661865,0.8891689777374268,1.3530380725860596,0.6755629181861877,-1.0411217212677002,0.03,1.2282235622406006,-0.10747906565666199,0.3194439709186554,0.030141424387693405,0.10552799701690674,-0.07002563774585724,0.9914897084236145,0,0,0,0,0,0,0,0,0,0,0,0,0,0
7.81846022605896,1.0,0.0013446807861328125,-0.06275233626365662,-0.00042808055877685547,0.06317174434661865,0.8891689777374268,1.3530380725860596,0.6755629181861877,-1.0411217212677002,0.03,1.2282235622406006,-0.10747906565666199,0.3194439709186554,0.030141424387693405,0.10552799701690674,-0.07002563774585724,0.9914897084236145,0,0,0,0,0,0,0,0,0,0,0,0,0,0
7.819638729095459,1.0,0.0013446807861328125,-0.06275233626365662,-0.00042808055877685547,0.06317174434661865,0.8891689777374268,1.3530380725860596,0.6755629181861877,-1.0411217212677002,0.03,1.2282235622406006,-0.10747906565666199,0.3194439709186554,0.030141424387693405,0.10552799701690674,-0.07002563774585724,0.9914897084236145,0,0,0,0,0,0,0,0,0,0,0,0,0,0
7.822020530700684,1.0,0.0013446807861328125,-0.06275233626365662,-0.00042808055877685547,0.06317174434661865,0.8891689777374268,1.3530380725860596,0.6755629181861877,-1.0411217212677002,0.03,1.2282235622406006,-0.10747906565666199,0.3194439709186554,0.030141424387693405,0.10552799701690674,-0.07002563774585724,0.9914897084236145,0,0,0,0,0,0,0,0,0,0,0,0,0,0
7.823213338851929,1.0,0.0013446807861328125,-0.06275233626365662,-0.00042808055877685547,0.06317174434661865,0.8891689777374268,1.3530380725860596,0.6755629181861877,-1.0411217212677002,0.03,1.2282235622406006,-0.10747906565666199,0.3194439709186554,0.030141424387693405,0.10552799701690674,-0.07002563774585724,0.9914897084236145,0,0,0,0,0,0,0,0,0,0,0,0,0,0
7.824451446533203,1.0,0.0013446807861328125,-0.06275233626365662,-0.00042808055877685547,0.06317174434661865,0.8891689777374268,1.3530380725860596,0.6755629181861877,-1.0411217212677002,0.03,1.2282235622406006,-0.10747906565666199,0.3194439709186554,0.030141424387693405,0.10552799701690674,-0.07002563774585724,0.9914897084236145,0,0,0,0,0,0,0,0,0,0,0,0,0,0
7.825849294662476,1.0,0.0013446807861328125,-0.06275233626365662,-0.00042808055877685547,0.06317174434661865,0.8891689777374268,1.3530380725860596,0.6755629181861877,-1.0411217212677002,0.03,1.2282235622406006,-0.10747906565666199,0.3194439709186554,0.030141424387693405,0.10552799701690674,-0.07002563774585724,0.9914897084236145,0,0,0,0,0,0,0,0,0,0,0,0,0,0
7.827763080596924,1.0,0.0013446807861328125,-0.06275233626365662,-0.00042808055877685547,0.06317174434661865,0.8891689777374268,1.3530380725860596,0.6755629181861877,-1.0411217212677002,0.03,1.2282235622406006,-0.10747906565666199,0.3194439709186554,0.030141424387693405,0.10552799701690674,-0.07002563774585724,0.9914897084236145,0,0,0,0,0,0,0,0,0,0,0,0,0,0
7.829156160354614,1.0,0.0013446807861328125,-0.06275233626365662,-0.00042808055877685547,0.06317174434661865,0.8891689777374268,1.3530380725860596,0.6755629181861877,-1.0411217212677002,0.03,1.2282235622406006,-0.10747906565666199,0.3194439709186554,0.030141424387693405,0.10552799701690674,-0.07002563774585724,0.9914897084236145,0,0,0,0,0,0,0,0,0,0,0,0,0,0
7.830449819564819,1.0,0.0013446807861328125,-0.06275233626365662,-0.00042808055877685547,0.06317174434661865,0.8891689777374268,1.3530380725860596,0.6755629181861877,-1.0411217212677002,0.03,1.2282235622406006,-0.10747906565666199,0.3194439709186554,0.030141424387693405,0.10552799701690674,-0.07002563774585724,0.9914897084236145,0,0,0,0,0,0,0,0,0,0,0,0,0,0
7.831977844238281,1.0,0.0013446807861328125,-0.06275233626365662,-0.00042808055877685547,0.06317174434661865,0.8891689777374268,1.3530380725860596,0.6755629181861877,-1.0411217212677002,0.03,1.2282235622406006,-0.10747906565666199,0.3194439709186554,0.030141424387693405,0.10552799701690674,-0.07002563774585724,0.9914897084236145,0,0,0,0,0,0,0,0,0,0,0,0,0,0
7.833068370819092,1.0,0.0013446807861328125,-0.06275233626365662,-0.00042808055877685547,0.06317174434661865,0.8891689777374268,1.3530380725860596,0.6755629181861877,-1.0411217212677002,0.03,1.2282235622406006,-0.10747906565666199,0.3194439709186554,0.030141424387693405,0.10552799701690674,-0.07002563774585724,0.9914897084236145,0,0,0,0,0,0,0,0,0,0,0,0,0,0
7.835628986358643,1.0,0.0013446807861328125,-0.06275233626365662,-0.00042808055877685547,0.06317174434661865,0.8891689777374268,1.3530380725860596,0.6755629181861877,-1.0411217212677002,0.03,1.2282235622406006,-0.10747906565666199,0.3194439709186554,0.030141424387693405,0.10552799701690674,-0.07002563774585724,0.9914897084236145,0,0,0,0,0,0,0,0,0,0,0,0,0,0
7.836936712265015,1.0,0.0013446807861328125,-0.06275233626365662,-0.00042808055877685547,0.06317174434661865,0.8891689777374268,1.3530380725860596,0.6755629181861877,-1.0411217212677002,0.03,1.2282235622406006,-0.10747906565666199,0.3194439709186554,0.030141424387693405,0.10552799701690674,-0.07002563774585724,0.9914897084236145,0,0,0,0,0,0,0,0,0,0,0,0,0,0
7.838457345962524,1.0,0.0013446807861328125,-0.06275233626365662,-0.00042808055877685547,0.06317174434661865,0.8891689777374268,1.3530380725860596,0.6755629181861877,-1.0411217212677002,0.03,1.2282235622406006,-0.10747906565666199,0.3194439709186554,0.030141424387693405,0.10552799701690674,-0.07002563774585724,0.9914897084236145,0,0,0,0,0,0,0,0,0,0,0,0,0,0
7.8397297859191895,1.0,0.0013446807861328125,-0.06275233626365662,-0.00042808055877685547,0.06317174434661865,0.8891689777374268,1.3530380725860596,0.6755629181861877,-1.0411217212677002,0.03,1.2282235622406006,-0.10747906565666199,0.3194439709186554,0.030141424387693405,0.10552799701690674,-0.07002563774585724,0.9914897084236145,0,0,0,0,0,0,0,0,0,0,0,0,0,0
7.8416900634765625,1.0,0.0013446807861328125,-0.06275233626365662,-0.00042808055877685547,0.06317174434661865,0.8891689777374268,1.3530380725860596,0.6755629181861877,-1.0411217212677002,0.03,1.2282235622406006,-0.10747906565666199,0.3194439709186554,0.030141424387693405,0.10552799701690674,-0.07002563774585724,0.9914897084236145,0,0,0,0,0,0,0,0,0,0,0,0,0,0
7.8435378074646,1.0,0.0013446807861328125,-0.06275233626365662,-0.00042808055877685547,0.06317174434661865,0.8891689777374268,1.3530380725860596,0.6755629181861877,-1.0411217212677002,0.03,1.2282235622406006,-0.10747906565666199,0.3194439709186554,0.030141424387693405,0.10552799701690674,-0.07002563774585724,0.9914897084236145,0,0,0,0,0,0,0,0,0,0,0,0,0,0
7.844852685928345,1.0,0.0013446807861328125,-0.06275233626365662,-0.00042808055877685547,0.06317174434661865,0.8891689777374268,1.3530380725860596,0.6755629181861877,-1.0411217212677002,0.03,1.2282235622406006,-0.10747906565666199,0.3194439709186554,0.030141424387693405,0.10552799701690674,-0.07002563774585724,0.9914897084236145,0,0,0,0,0,0,0,0,0,0,0,0,0,0
7.8461387157440186,1.0,0.0013446807861328125,-0.06275233626365662,-0.00042808055877685547,0.06317174434661865,0.8891689777374268,1.3530380725860596,0.6755629181861877,-1.0411217212677002,0.03,1.2282235622406006,-0.10747906565666199,0.3194439709186554,0.030141424387693405,0.10552799701690674,-0.07002563774585724,0.9914897084236145,0,0,0,0,0,0,0,0,0,0,0,0,0,0
7.847569465637207,1.0,0.0013446807861328125,-0.06275233626365662,-0.00042808055877685547,0.06317174434661865,0.8891689777374268,1.3530380725860596,0.6755629181861877,-1.0411217212677002,0.03,1.2282235622406006,-0.10747906565666199,0.3194439709186554,0.030141424387693405,0.10552799701690674,-0.07002563774585724,0.9914897084236145,0,0,0,0,0,0,0,0,0,0,0,0,0,0
7.848920106887817,1.0,0.0013446807861328125,-0.06275233626365662,-0.00042808055877685547,0.06317174434661865,0.8891689777374268,1.3530380725860596,0.6755629181861877,-1.0411217212677002,0.03,1.2282235622406006,-0.10747906565666199,0.3194439709186554,0.030141424387693405,0.10552799701690674,-0.07002563774585724,0.9914897084236145,0,0,0,0,0,0,0,0,0,0,0,0,0,0
7.850390672683716,1.0,0.0013446807861328125,-0.06275233626365662,-0.00042808055877685547,0.06317174434661865,0.8891689777374268,1.3530380725860596,0.6755629181861877,-1.0411217212677002,0.03,1.2282235622406006,-0.10747906565666199,0.3194439709186554,0.030141424387693405,0.10552799701690674,-0.07002563774585724,0.9914897084236145,0,0,0,0,0,0,0,0,0,0,0,0,0,0
7.851454973220825,1.0,0.0013446807861328125,-0.06275233626365662,-0.00042808055877685547,0.06317174434661865,0.8891689777374268,1.3530380725860596,0.6755629181861877,-1.0411217212677002,0.03,1.2282235622406006,-0.10747906565666199,0.3194439709186554,0.030141424387693405,0.10552799701690674,-0.07002563774585724,0.9914897084236145,0,0,0,0,0,0,0,0,0,0,0,0,0,0
7.8526105880737305,1.0,0.0013446807861328125,-0.06275233626365662,-0.00042808055877685547,0.06317174434661865,0.8891689777374268,1.3530380725860596,0.6755629181861877,-1.0411217212677002,0.03,1.2282235622406006,-0.10747906565666199,0.3194439709186554,0.030141424387693405,0.10552799701690674,-0.07002563774585724,0.9914897084236145,0,0,0,0,0,0,0,0,0,0,0,0,0,0
7.856190204620361,2.0,0.0013945698738098145,-0.08110316097736359,-0.0004966855049133301,0.08126011490821838,0.009854140691459179,-0.5302518010139465,-0.1746072769165039,0.5523738265037537,0.03,1.2282263040542603,-0.10756257176399231,0.3194887936115265,0.02772756665945053,0.10533744096755981,-0.07601669430732727,0.9911391139030457,0,0,0,0,0,0,0,0,0,0,0,0,0,0
7.85806679725647,2.0,0.0013945698738098145,-0.08110316097736359,-0.0004966855049133301,0.08126011490821838,0.009854140691459179,-0.5302518010139465,-0.1746072769165039,0.5523738265037537,0.03,1.2282263040542603,-0.10756257176399231,0.3194887936115265,0.02772756665945053,0.10533744096755981,-0.07601669430732727,0.9911391139030457,0,0,0,0,0,0,0,0,0,0,0,0,0,0
7.859199047088623,2.0,0.0013945698738098145,-0.08110316097736359,-0.0004966855049133301,0.08126011490821838,0.009854140691459179,-0.5302518010139465,-0.1746072769165039,0.5523738265037537,0.03,1.2282263040542603,-0.10756257176399231,0.3194887936115265,0.02772756665945053,0.10533744096755981,-0.07601669430732727,0.9911391139030457,0,0,0,0,0,0,0,0,0,0,0,0,0,0
7.8603692054748535,2.0,0.0013945698738098145,-0.08110316097736359,-0.0004966855049133301,0.08126011490821838,0.009854140691459179,-0.5302518010139465,-0.1746072769165039,0.5523738265037537,0.03,1.2282263040542603,-0.10756257176399231,0.3194887936115265,0.02772756665945053,0.10533744096755981,-0.07601669430732727,0.9911391139030457,0,0,0,0,0,0,0,0,0,0,0,0,0,0
7.861450672149658,2.0,0.0013945698738098145,-0.08110316097736359,-0.0004966855049133301,0.08126011490821838,0.009854140691459179,-0.5302518010139465,-0.1746072769165039,0.5523738265037537,0.03,1.2282263040542603,-0.10756257176399231,0.3194887936115265,0.02772756665945053,0.10533744096755981,-0.07601669430732727,0.9911391139030457,0,0,0,0,0,0,0,0,0,0,0,0,0,0
7.862813949584961,2.0,0.003491222858428955,-0.08380596339702606,-0.002778291702270508,0.08393235504627228,-0.6317710876464844,-1.6704723834991455,-0.418793648481369,1.6557793617248535,0.03,1.2282263040542603,-0.10756257176399231,0.3194887936115265,0.02772756665945053,0.10533744096755981,-0.07601669430732727,0.9911391139030457,0,0,0,0,0,0,0,0,0,0,0,0,0,0
7.863901138305664,2.0,0.003491222858428955,-0.08380596339702606,-0.002778291702270508,0.08393235504627228,-0.6317710876464844,-1.6704723834991455,-0.418793648481369,1.6557793617248535,0.03,1.2282263040542603,-0.10756257176399231,0.3194887936115265,0.02772756665945053,0.10533744096755981,-0.07601669430732727,0.9911391139030457,0,0,0,0,0,0,0,0,0,0,0,0,0,0
7.864989280700684,2.0,0.003491222858428955,-0.08380596339702606,-0.002778291702270508,0.08393235504627228,-0.6317710876464844,-1.6704723834991455,-0.418793648481369,1.6557793617248535,0.03,1.2282263040542603,-0.10756257176399231,0.3194887936115265,0.02772756665945053,0.10533744096755981,-0.07601669430732727,0.9911391139030457,0,0,0,0,0,0,0,0,0,0,0,0,0,0
7.86607813835144,2.0,0.003491222858428955,-0.08380596339702606,-0.002778291702270508,0.08393235504627228,-0.6317710876464844,-1.6704723834991455,-0.418793648481369,1.6557793617248535,0.03,1.2282263040542603,-0.10756257176399231,0.3194887936115265,0.02772756665945053,0.10533744096755981,-0.07601669430732727,0.9911391139030457,0,0,0,0,0,0,0,0,0,0,0,0,0,0
7.867281436920166,2.0,0.003491222858428955,-0.08380596339702606,-0.002778291702270508,0.08393235504627228,-0.6317710876464844,-1.6704723834991455,-0.418793648481369,1.6557793617248535,0.03,1.2282263040542603,-0.10756257176399231,0.3194887936115265,0.02772756665945053,0.10533744096755981,-0.07601669430732727,0.9911391139030457,0,0,0,0,0,0,0,0,0,0,0,0,0,0
7.868350982666016,2.0,0.003491222858428955,-0.08380596339702606,-0.002778291702270508,0.08393235504627228,-0.6317710876464844,-1.6704723834991455,-0.418793648481369,1.6557793617248535,0.03,1.2282263040542603,-0.10756257176399231,0.3194887936115265,0.02772756665945053,0.10533744096755981,-0.07601669430732727,0.9911391139030457,0,0,0,0,0,0,0,0,0,0,0,0,0,0
7.869703054428101,2.0,0.003491222858428955,-0.08380596339702606,-0.002778291702270508,0.08393235504627228,-0.6317710876464844,-1.6704723834991455,-0.418793648481369,1.6557793617248535,0.03,1.2282263040542603,-0.10756257176399231,0.3194887936115265,0.02772756665945053,0.10533744096755981,-0.07601669430732727,0.9911391139030457,0,0,0,0,0,0,0,0,0,0,0,0,0,0
7.872332572937012,2.0,0.003491222858428955,-0.08380596339702606,-0.002778291702270508,0.08393235504627228,-0.6317710876464844,-1.6704723834991455,-0.418793648481369,1.6557793617248535,0.03,1.2282263040542603,-0.10756257176399231,0.3194887936115265,0.02772756665945053,0.10533744096755981,-0.07601669430732727,0.9911391139030457,0,0,0,0,0,0,0,0,0,0,0,0,0,0
7.87682843208313,2.0,0.0040438175201416016,-0.08380451798439026,-0.0037363767623901367,0.08395248651504517,-0.6108842492103577,-1.4564496278762817,-0.5568332672119141,1.5743882656097412,0.03,1.2282263040542603,-0.10756257176399231,0.3194887936115265,0.02772756665945053,0.10533744096755981,-0.07601669430732727,0.9911391139030457,0,0,0,0,0,0,0,0,0,0,0,0,0,0
7.87890100479126,2.0,0.009198427200317383,-0.08173651993274689,-0.008889496326446533,0.0817829817533493,-0.43115004897117615,0.7946727871894836,0.042635031044483185,-0.9921228885650635,0.03,1.2282336950302124,-0.10754726827144623,0.3194373548030853,0.030915502458810806,0.10547064989805222,-0.06593785434961319,0.9917522072792053,0,0,0,0,0,0,0,0,0,0,0,0,0,0
7.880136251449585,2.0,0.00950843095779419,-0.08163027465343475,-0.009199678897857666,0.08163180947303772,-0.4869736433029175,0.8365315198898315,0.052470047026872635,-1.0651668310165405,0.03,1.2282277345657349,-0.10754180699586868,0.3194065988063812,0.03203747048974037,0.1054023951292038,-0.06127340346574783,0.9920229911804199,0,0,0,0,0,0,0,0,0,0,0,0,0,0
7.88157844543457,2.0,0.012335002422332764,-0.08133496344089508,-0.0126190185546875,0.08120732009410858,0.055239349603652954,0.738213062286377,0.5445470213890076,-0.9859393835067749,0.03,1.2281945943832397,-0.10753300040960312,0.3194955587387085,0.029387079179286957,0.10499467700719833,-0.06631898134946823,0.9918237328529358,0,0,0,0,0,0,0,0,0,0,0,0,0,0
7.883004903793335,2.0,0.012335002422332764,-0.08133496344089508,-0.0126190185546875,0.08120732009410858,0.055239349603652954,0.738213062286377,0.5445470213890076,-0.9859393835067749,0.03,1.2281945943832397,-0.10753300040960312,0.3194955587387085,0.029387079179286957,0.10499467700719833,-0.06631898134946823,0.9918237328529358,0,0,0,0,0,0,0,0,0,0,0,0,0,0
7.885257244110107,2.0,0.012335002422332764,-0.08133496344089508,-0.0126190185546875,0.08120732009410858,0.055239349603652954,0.738213062286377,0.5445470213890076,-0.9859393835067749,0.03,1.2281945943832397,-0.10753300040960312,0.3194955587387085,0.029387079179286957,0.10499467700719833,-0.06631898134946823,0.9918237328529358,0,0,0,0,0,0,0,0,0,0,0,0,0,0
7.886836051940918,2.0,0.012335002422332764,-0.08133496344089508,-0.0126190185546875,0.08120732009410858,0.055239349603652954,0.738213062286377,0.5445470213890076,-0.9859393835067749,0.03,1.2281945943832397,-0.10753300040960312,0.3194955587387085,0.029387079179286957,0.10499467700719833,-0.06631898134946823,0.9918237328529358,0,0,0,0,0,0,0,0,0,0,0,0,0,0
7.887977838516235,2.0,0.013874948024749756,-0.08139121532440186,-0.013897299766540527,0.08124089241027832,0.19551275670528412,0.6518887877464294,0.7122431993484497,-0.9201895594596863,0.03,1.2281945943832397,-0.10753300040960312,0.3194955587387085,0.029387079179286957,0.10499467700719833,-0.06631898134946823,0.9918237328529358,0,0,0,0,0,0,0,0,0,0,0,0,0,0
7.889076232910156,2.0,0.013874948024749756,-0.08139121532440186,-0.013897299766540527,0.08124089241027832,0.19551275670528412,0.6518887877464294,0.7122431993484497,-0.9201895594596863,0.03,1.2281945943832397,-0.10753300040960312,0.3194955587387085,0.029387079179286957,0.10499467700719833,-0.06631898134946823,0.9918237328529358,0,0,0,0,0,0,0,0,0,0,0,0,0,0
7.890591144561768,2.0,0.013874948024749756,-0.08139121532440186,-0.013897299766540527,0.08124089241027832,0.19551275670528412,0.6518887877464294,0.7122431993484497,-0.9201895594596863,0.03,1.2281945943832397,-0.10753300040960312,0.3194955587387085,0.029387079179286957,0.10499467700719833,-0.06631898134946823,0.9918237328529358,0,0,0,0,0,0,0,0,0,0,0,0,0,0
7.891681671142578,2.0,0.013874948024749756,-0.08139121532440186,-0.013897299766540527,0.08124089241027832,0.19551275670528412,0.6518887877464294,0.7122431993484497,-0.9201895594596863,0.03,1.2281945943832397,-0.10753300040960312,0.3194955587387085,0.029387079179286957,0.10499467700719833,-0.06631898134946823,0.9918237328529358,0,0,0,0,0,0,0,0,0,0,0,0,0,0
7.892937898635864,2.0,0.013874948024749756,-0.08139121532440186,-0.013897299766540527,0.08124089241027832,0.19551275670528412,0.6518887877464294,0.7122431993484497,-0.9201895594596863,0.03,1.2281945943832397,-0.10753300040960312,0.3194955587387085,0.029387079179286957,0.10499467700719833,-0.06631898134946823,0.9918237328529358,0,0,0,0,0,0,0,0,0,0,0,0,0,0
7.894000291824341,2.0,0.013874948024749756,-0.08139121532440186,-0.013897299766540527,0.08124089241027832,0.19551275670528412,0.6518887877464294,0.7122431993484497,-0.9201895594596863,0.03,1.2281945943832397,-0.10753300040960312,0.3194955587387085,0.029387079179286957,0.10499467700719833,-0.06631898134946823,0.9918237328529358,0,0,0,0,0,0,0,0,0,0,0,0,0,0
7.895083665847778,2.0,0.013874948024749756,-0.08139121532440186,-0.013897299766540527,0.08124089241027832,0.19551275670528412,0.6518887877464294,0.7122431993484497,-0.9201895594596863,0.03,1.2281945943832397,-0.10753300040960312,0.3194955587387085,0.029387079179286957,0.10499467700719833,-0.06631898134946823,0.9918237328529358,0,0,0,0,0,0,0,0,0,0,0,0,0,0
7.896788120269775,2.0,0.018453240394592285,-0.08207622170448303,-0.01860678195953369,0.08195772767066956,-0.16609317064285278,0.15974061191082,0.2754587233066559,-0.3262869715690613,0.03,1.2280529737472534,-0.10733954608440399,0.31947892904281616,0.020672699436545372,0.10516103357076645,-0.1042545884847641,0.9887592196464539,0,0,0,0,0,0,0,0,0,0,0,0,0,0
7.897851467132568,2.0,0.018453240394592285,-0.08207622170448303,-0.01860678195953369,0.08195772767066956,-0.16609317064285278,0.15974061191082,0.2754587233066559,-0.3262869715690613,0.03,1.2280529737472534,-0.10733954608440399,0.31947892904281616,0.020672699436545372,0.10516103357076645,-0.1042545884847641,0.9887592196464539,0,0,0,0,0,0,0,0,0,0,0,0,0,0
7.899046182632446,2.0,0.018453240394592285,-0.08207622170448303,-0.01860678195953369,0.08195772767066956,-0.16609317064285278,0.15974061191082,0.2754587233066559,-0.3262869715690613,0.03,1.2280529737472534,-0.10733954608440399,0.31947892904281616,0.020672699436545372,0.10516103357076645,-0.1042545884847641,0.9887592196464539,0,0,0,0,0,0,0,0,0,0,0,0,0,0
7.900135040283203,2.0,0.018453240394592285,-0.08207622170448303,-0.01860678195953369,0.08195772767066956,-0.16609317064285278,0.15974061191082,0.2754587233066559,-0.3262869715690613,0.03,1.2280529737472534,-0.10733954608440399,0.31947892904281616,0.020672699436545372,0.10516103357076645,-0.1042545884847641,0.9887592196464539,0,0,0,0,0,0,0,0,0,0,0,0,0,0
7.9012181758880615,2.0,0.018453240394592285,-0.08207622170448303,-0.01860678195953369,0.08195772767066956,-0.16609317064285278,0.15974061191082,0.2754587233066559,-0.3262869715690613,0.03,1.2280529737472534,-0.10733954608440399,0.31947892904281616,0.020672699436545372,0.10516103357076645,-0.1042545884847641,0.9887592196464539,0,0,0,0,0,0,0,0,0,0,0,0,0,0
7.9023096561431885,2.0,0.018453240394592285,-0.08207622170448303,-0.01860678195953369,0.08195772767066956,-0.16609317064285278,0.15974061191082,0.2754587233066559,-0.3262869715690613,0.03,1.2280529737472534,-0.10733954608440399,0.31947892904281616,0.020672699436545372,0.10516103357076645,-0.1042545884847641,0.9887592196464539,0,0,0,0,0,0,0,0,0,0,0,0,0,0
7.903862476348877,2.0,0.018453240394592285,-0.08207622170448303,-0.01860678195953369,0.08195772767066956,-0.16609317064285278,0.15974061191082,0.2754587233066559,-0.3262869715690613,0.03,1.2280529737472534,-0.10733954608440399,0.31947892904281616,0.020672699436545372,0.10516103357076645,-0.1042545884847641,0.9887592196464539,0,0,0,0,0,0,0,0,0,0,0,0,0,0
7.9076995849609375,2.0,0.018453240394592285,-0.08207622170448303,-0.01860678195953369,0.08195772767066956,-0.16609317064285278,0.15974061191082,0.2754587233066559,-0.3262869715690613,0.03,1.2280529737472534,-0.10733954608440399,0.31947892904281616,0.020672699436545372,0.10516103357076645,-0.1042545884847641,0.9887592196464539,0,0,0,0,0,0,0,0,0,0,0,0,0,0
7.908809423446655,2.0,0.018453240394592285,-0.08207622170448303,-0.01860678195953369,0.08195772767066956,-0.16609317064285278,0.15974061191082,0.2754587233066559,-0.3262869715690613,0.03,1.2280529737472534,-0.10733954608440399,0.31947892904281616,0.020672699436545372,0.10516103357076645,-0.1042545884847641,0.9887592196464539,0,0,0,0,0,0,0,0,0,0,0,0,0,0
7.909955024719238,2.0,0.018453240394592285,-0.08207622170448303,-0.01860678195953369,0.08195772767066956,-0.16609317064285278,0.15974061191082,0.2754587233066559,-0.3262869715690613,0.03,1.2280529737472534,-0.10733954608440399,0.31947892904281616,0.020672699436545372,0.10516103357076645,-0.1042545884847641,0.9887592196464539,0,0,0,0,0,0,0,0,0,0,0,0,0,0
7.911348819732666,2.0,0.018453240394592285,-0.08207622170448303,-0.01860678195953369,0.08195772767066956,-0.16609317064285278,0.15974061191082,0.2754587233066559,-0.3262869715690613,0.03,1.2280529737472534,-0.10733954608440399,0.31947892904281616,0.020672699436545372,0.10516103357076645,-0.1042545884847641,0.9887592196464539,0,0,0,0,0,0,0,0,0,0,0,0,0,0
7.9134461879730225,2.0,0.022786855697631836,-0.08193868398666382,-0.023001134395599365,0.0818358063697815,-0.8803093433380127,0.3354812562465668,-0.10955686122179031,-0.513776421546936,0.03,1.228171706199646,-0.10743381828069687,0.3194609582424164,0.028661411255598068,0.10506192594766617,-0.07255896925926208,0.991400957107544,0,0,0,0,0,0,0,0,0,0,0,0,0,0
7.914623022079468,2.0,0.022786855697631836,-0.08193868398666382,-0.023001134395599365,0.0818358063697815,-0.8803093433380127,0.3354812562465668,-0.10955686122179031,-0.513776421546936,0.03,1.228171706199646,-0.10743381828069687,0.3194609582424164,0.028661411255598068,0.10506192594766617,-0.07255896925926208,0.991400957107544,0,0,0,0,0,0,0,0,0,0,0,0,0,0
7.916324138641357,2.0,0.026836931705474854,-0.08201004564762115,-0.027774810791015625,0.08189760148525238,-1.0113826990127563,0.27742108702659607,0.46183785796165466,-0.4891194999217987,0.03,1.2282493114471436,-0.1074756383895874,0.31943124532699585,0.031228289008140564,0.10501012951135635,-0.06067558005452156,0.9921271800994873,0,0,0,0,0,0,0,0,0,0,0,0,0,0
7.917593002319336,2.0,0.026836931705474854,-0.08201004564762115,-0.027774810791015625,0.08189760148525238,-1.0113826990127563,0.27742108702659607,0.46183785796165466,-0.4891194999217987,0.03,1.2282493114471436,-0.1074756383895874,0.31943124532699585,0.031228289008140564,0.10501012951135635,-0.06067558005452156,0.9921271800994873,0,0,0,0,0,0,0,0,0,0,0,0,0,0
7.918984651565552,2.0,0.026836931705474854,-0.08201004564762115,-0.027774810791015625,0.08189760148525238,-1.0113826990127563,0.27742108702659607,0.46183785796165466,-0.4891194999217987,0.03,1.2282493114471436,-0.1074756383895874,0.31943124532699585,0.031228289008140564,0.10501012951135635,-0.06067558005452156,0.9921271800994873,0,0,0,0,0,0,0,0,0,0,0,0,0,0
7.920558929443359,2.0,0.026836931705474854,-0.08201004564762115,-0.027774810791015625,0.08189760148525238,-1.0113826990127563,0.27742108702659607,0.46183785796165466,-0.4891194999217987,0.03,1.2282493114471436,-0.1074756383895874,0.31943124532699585,0.031228289008140564,0.10501012951135635,-0.06067558005452156,0.9921271800994873,0,0,0,0,0,0,0,0,0,0,0,0,0,0
7.921650648117065,2.0,0.026836931705474854,-0.08201004564762115,-0.027774810791015625,0.08189760148525238,-1.0113826990127563,0.27742108702659607,0.46183785796165466,-0.4891194999217987,0.03,1.2282493114471436,-0.1074756383895874,0.31943124532699585,0.031228289008140564,0.10501012951135635,-0.06067558005452156,0.9921271800994873,0,0,0,0,0,0,0,0,0,0,0,0,0,0
7.923959732055664,2.0,0.026836931705474854,-0.08201004564762115,-0.027774810791015625,0.08189760148525238,-1.0113826990127563,0.27742108702659607,0.46183785796165466,-0.4891194999217987,0.03,1.2282493114471436,-0.1074756383895874,0.31943124532699585,0.031228289008140564,0.10501012951135635,-0.06067558005452156,0.9921271800994873,0,0,0,0,0,0,0,0,0,0,0,0,0,0
7.925171136856079,2.0,0.026836931705474854,-0.08201004564762115,-0.027774810791015625,0.08189760148525238,-1.0113826990127563,0.27742108702659607,0.46183785796165466,-0.4891194999217987,0.03,1.2282493114471436,-0.1074756383895874,0.31943124532699585,0.031228289008140564,0.10501012951135635,-0.06067558005452156,0.9921271800994873,0,0,0,0,0,0,0,0,0,0,0,0,0,0
7.927278995513916,2.0,0.026836931705474854,-0.08201004564762115,-0.027774810791015625,0.08189760148525238,-1.0113826990127563,0.27742108702659607,0.46183785796165466,-0.4891194999217987,0.03,1.2282493114471436,-0.1074756383895874,0.31943124532699585,0.031228289008140564,0.10501012951135635,-0.06067558005452156,0.9921271800994873,0,0,0,0,0,0,0,0,0,0,0,0,0,0
7.929998874664307,2.0,0.026836931705474854,-0.08201004564762115,-0.027774810791015625,0.08189760148525238,-1.0113826990127563,0.27742108702659607,0.46183785796165466,-0.4891194999217987,0.03,1.2282493114471436,-0.1074756383895874,0.31943124532699585,0.031228289008140564,0.10501012951135635,-0.06067558005452156,0.9921271800994873,0,0,0,0,0,0,0,0,0,0,0,0,0,0
7.931988477706909,2.0,0.026836931705474854,-0.08201004564762115,-0.027774810791015625,0.08189760148525238,-1.0113826990127563,0.27742108702659607,0.46183785796165466,-0.4891194999217987,0.03,1.2282493114471436,-0.1074756383895874,0.31943124532699585,0.031228289008140564,0.10501012951135635,-0.06067558005452156,0.9921271800994873,0,0,0,0,0,0,0,0,0,0,0,0,0,0
7.933079242706299,2.0,0.026836931705474854,-0.08201004564762115,-0.027774810791015625,0.08189760148525238,-1.0113826990127563,0.27742108702659607,0.46183785796165466,-0.4891194999217987,0.03,1.2282493114471436,-0.1074756383895874,0.31943124532699585,0.031228289008140564,0.10501012951135635,-0.06067558005452156,0.9921271800994873,0,0,0,0,0,0,0,0,0,0,0,0,0,0
7.9342710971832275,2.0,0.026836931705474854,-0.08201004564762115,-0.027774810791015625,0.08189760148525238,-1.0113826990127563,0.27742108702659607,0.46183785796165466,-0.4891194999217987,0.03,1.2282493114471436,-0.1074756383895874,0.31943124532699585,0.031228289008140564,0.10501012951135635,-0.06067558005452156,0.9921271800994873,0,0,0,0,0,0,0,0,0,0,0,0,0,0
7.93554162979126,2.0,0.026836931705474854,-0.08201004564762115,-0.027774810791015625,0.08189760148525238,-1.0113826990127563,0.27742108702659607,0.46183785796165466,-0.4891194999217987,0.03,1.2282493114471436,-0.1074756383895874,0.31943124532699585,0.031228289008140564,0.10501012951135635,-0.06067558005452156,0.9921271800994873,0,0,0,0,0,0,0,0,0,0,0,0,0,0
7.9377570152282715,2.0,0.026836931705474854,-0.08201004564762115,-0.027774810791015625,0.08189760148525238,-1.0113826990127563,0.27742108702659607,0.46183785796165466,-0.4891194999217987,0.03,1.2282493114471436,-0.1074756383895874,0.31943124532699585,0.031228289008140564,0.10501012951135635,-0.06067558005452156,0.9921271800994873,0,0,0,0,0,0,0,0,0,0,0,0,0,0
7.939234256744385,2.0,0.026836931705474854,-0.08201004564762115,-0.027774810791015625,0.08189760148525238,-1.0113826990127563,0.27742108702659607,0.46183785796165466,-0.4891194999217987,0.03,1.2282493114471436,-0.1074756383895874,0.31943124532699585,0.031228289008140564,0.10501012951135635,-0.06067558005452156,0.9921271800994873,0,0,0,0,0,0,0,0,0,0,0,0,0,0
7.940814256668091,2.0,0.028327584266662598,-0.08200742304325104,-0.02929544448852539,0.08189697563648224,-1.006179690361023,0.3030434250831604,0.31687259674072266,-0.5025749206542969,0.03,1.2282493114471436,-0.1074756383895874,0.31943124532699585,0.031228289008140564,0.10501012951135635,-0.06067558005452156,0.9921271800994873,0,0,0,0,0,0,0,0,0,0,0,0,0,0
7.942065954208374,2.0,0.029837846755981445,-0.08196164667606354,-0.031217634677886963,0.08189651370048523,-1.1114885807037354,0.34868910908699036,0.6245191097259521,-0.5224606990814209,0.03,1.2282493114471436,-0.1074756383895874,0.31943124532699585,0.031228289008140564,0.10501012951135635,-0.06067558005452156,0.9921271800994873,0,0,0,0,0,0,0,0,0,0,0,0,0,0
7.943190097808838,2.0,0.029837846755981445,-0.08196164667606354,-0.031217634677886963,0.08189651370048523,-1.1114885807037354,0.34868910908699036,0.6245191097259521,-0.5224606990814209,0.03,1.2282493114471436,-0.1074756383895874,0.31943124532699585,0.031228289008140564,0.10501012951135635,-0.06067558005452156,0.9921271800994873,0,0,0,0,0,0,0,0,0,0,0,0,0,0
7.945279598236084,2.0,0.029837846755981445,-0.08196164667606354,-0.031217634677886963,0.08189651370048523,-1.1114885807037354,0.34868910908699036,0.6245191097259521,-0.5224606990814209,0.03,1.2282493114471436,-0.1074756383895874,0.31943124532699585,0.031228289008140564,0.10501012951135635,-0.06067558005452156,0.9921271800994873,0,0,0,0,0,0,0,0,0,0,0,0,0,0
7.946877717971802,2.0,0.029837846755981445,-0.08196164667606354,-0.031217634677886963,0.08189651370048523,-1.1114885807037354,0.34868910908699036,0.6245191097259521,-0.5224606990814209,0.03,1.2282493114471436,-0.1074756383895874,0.31943124532699585,0.031228289008140564,0.10501012951135635,-0.06067558005452156,0.9921271800994873,0,0,0,0,0,0,0,0,0,0,0,0,0,0
7.947943449020386,2.0,0.03120630979537964,-0.08195047080516815,-0.032597362995147705,0.08187761902809143,-1.025307536125183,0.37572261691093445,0.6577005982398987,-0.5715393424034119,0.03,1.228150725364685,-0.10743337869644165,0.31937381625175476,0.032030776143074036,0.10477539151906967,-0.05460737273097038,0.9924788475036621,0,0,0,0,0,0,0,0,0,0,0,0,0,0
7.949029922485352,2.0,0.03120630979537964,-0.08195047080516815,-0.032597362995147705,0.08187761902809143,-1.025307536125183,0.37572261691093445,0.6577005982398987,-0.5715393424034119,0.03,1.228150725364685,-0.10743337869644165,0.31937381625175476,0.032030776143074036,0.10477539151906967,-0.05460737273097038,0.9924788475036621,0,0,0,0,0,0,0,0,0,0,0,0,0,0
7.950104236602783,2.0,0.03120630979537964,-0.08195047080516815,-0.032597362995147705,0.08187761902809143,-1.025307536125183,0.37572261691093445,0.6577005982398987,-0.5715393424034119,0.03,1.228150725364685,-0.10743337869644165,0.31937381625175476,0.032030776143074036,0.10477539151906967,-0.05460737273097038,0.9924788475036621,0,0,0,0,0,0,0,0,0,0,0,0,0,0
7.9511895179748535,2.0,0.03120630979537964,-0.08195047080516815,-0.032597362995147705,0.08187761902809143,-1.025307536125183,0.37572261691093445,0.6577005982398987,-0.5715393424034119,0.03,1.228150725364685,-0.10743337869644165,0.31937381625175476,0.032030776143074036,0.10477539151906967,-0.05460737273097038,0.9924788475036621,0,0,0,0,0,0,0,0,0,0,0,0,0,0
7.952298402786255,2.0,0.03120630979537964,-0.08195047080516815,-0.032597362995147705,0.08187761902809143,-1.025307536125183,0.37572261691093445,0.6577005982398987,-0.5715393424034119,0.03,1.228150725364685,-0.10743337869644165,0.31937381625175476,0.032030776143074036,0.10477539151906967,-0.05460737273097038,0.9924788475036621,0,0,0,0,0,0,0,0,0,0,0,0,0,0
7.953384160995483,2.0,0.03120630979537964,-0.08195047080516815,-0.032597362995147705,0.08187761902809143,-1.025307536125183,0.37572261691093445,0.6577005982398987,-0.5715393424034119,0.03,1.228150725364685,-0.10743337869644165,0.31937381625175476,0.032030776143074036,0.10477539151906967,-0.05460737273097038,0.9924788475036621,0,0,0,0,0,0,0,0,0,0,0,0,0,0
7.954476594924927,2.0,0.03120630979537964,-0.08195047080516815,-0.032597362995147705,0.08187761902809143,-1.025307536125183,0.37572261691093445,0.6577005982398987,-0.5715393424034119,0.03,1.228150725364685,-0.10743337869644165,0.31937381625175476,0.032030776143074036,0.10477539151906967,-0.05460737273097038,0.9924788475036621,0,0,0,0,0,0,0,0,0,0,0,0,0,0
7.955568075180054,2.0,0.03120630979537964,-0.08195047080516815,-0.032597362995147705,0.08187761902809143,-1.025307536125183,0.37572261691093445,0.6577005982398987,-0.5715393424034119,0.03,1.228150725364685,-0.10743337869644165,0.31937381625175476,0.032030776143074036,0.10477539151906967,-0.05460737273097038,0.9924788475036621,0,0,0,0,0,0,0,0,0,0,0,0,0,0
7.956945419311523,2.0,0.03120630979537964,-0.08195047080516815,-0.032597362995147705,0.08187761902809143,-1.025307536125183,0.37572261691093445,0.6577005982398987,-0.5715393424034119,0.03,1.228150725364685,-0.10743337869644165,0.31937381625175476,0.032030776143074036,0.10477539151906967,-0.05460737273097038,0.9924788475036621,0,0,0,0,0,0,0,0,0,0,0,0,0,0
7.958156108856201,2.0,0.03120630979537964,-0.08195047080516815,-0.032597362995147705,0.08187761902809143,-1.025307536125183,0.37572261691093445,0.6577005982398987,-0.5715393424034119,0.03,1.228150725364685,-0.10743337869644165,0.31937381625175476,0.032030776143074036,0.10477539151906967,-0.05460737273097038,0.9924788475036621,0,0,0,0,0,0,0,0,0,0,0,0,0,0
7.9594831466674805,2.0,0.03120630979537964,-0.08195047080516815,-0.032597362995147705,0.08187761902809143,-1.025307536125183,0.37572261691093445,0.6577005982398987,-0.5715393424034119,0.03,1.228150725364685,-0.10743337869644165,0.31937381625175476,0.032030776143074036,0.10477539151906967,-0.05460737273097038,0.9924788475036621,0,0,0,0,0,0,0,0,0,0,0,0,0,0
7.961215496063232,2.0,0.03120630979537964,-0.08195047080516815,-0.032597362995147705,0.08187761902809143,-1.025307536125183,0.37572261691093445,0.6577005982398987,-0.5715393424034119,0.03,1.228150725364685,-0.10743337869644165,0.31937381625175476,0.032030776143074036,0.10477539151906967,-0.05460737273097038,0.9924788475036621,0,0,0,0,0,0,0,0,0,0,0,0,0,0
7.963115215301514,2.0,0.03120630979537964,-0.08195047080516815,-0.032597362995147705,0.08187761902809143,-1.025307536125183,0.37572261691093445,0.6577005982398987,-0.5715393424034119,0.03,1.228150725364685,-0.10743337869644165,0.31937381625175476,0.032030776143074036,0.10477539151906967,-0.05460737273097038,0.9924788475036621,0,0,0,0,0,0,0,0,0,0,0,0,0,0
7.965514421463013,2.0,0.03120630979537964,-0.08195047080516815,-0.032597362995147705,0.08187761902809143,-1.025307536125183,0.37572261691093445,0.6577005982398987,-0.5715393424034119,0.03,1.228150725364685,-0.10743337869644165,0.31937381625175476,0.032030776143074036,0.10477539151906967,-0.05460737273097038,0.9924788475036621,0,0,0,0,0,0,0,0,0,0,0,0,0,0
7.9667158126831055,2.0,0.03120630979537964,-0.08195047080516815,-0.032597362995147705,0.08187761902809143,-1.025307536125183,0.37572261691093445,0.6577005982398987,-0.5715393424034119,0.03,1.228150725364685,-0.10743337869644165,0.31937381625175476,0.032030776143074036,0.10477539151906967,-0.05460737273097038,0.9924788475036621,0,0,0,0,0,0,0,0,0,0,0,0,0,0
7.967918634414673,2.0,0.03120630979537964,-0.08195047080516815,-0.032597362995147705,0.08187761902809143,-1.025307536125183,0.37572261691093445,0.6577005982398987,-0.5715393424034119,0.03,1.228150725364685,-0.10743337869644165,0.31937381625175476,0.032030776143074036,0.10477539151906967,-0.05460737273097038,0.9924788475036621,0,0,0,0,0,0,0,0,0,0,0,0,0,0
7.97001314163208,2.0,0.03120630979537964,-0.08195047080516815,-0.032597362995147705,0.08187761902809143,-1.025307536125183,0.37572261691093445,0.6577005982398987,-0.5715393424034119,0.03,1.228150725364685,-0.10743337869644165,0.31937381625175476,0.032030776143074036,0.10477539151906967,-0.05460737273097038,0.9924788475036621,0,0,0,0,0,0,0,0,0,0,0,0,0,0
7.971812009811401,2.0,0.03120630979537964,-0.08195047080516815,-0.032597362995147705,0.08187761902809143,-1.025307536125183,0.37572261691093445,0.6577005982398987,-0.5715393424034119,0.03,1.228150725364685,-0.10743337869644165,0.31937381625175476,0.032030776143074036,0.10477539151906967,-0.05460737273097038,0.9924788475036621,0,0,0,0,0,0,0,0,0,0,0,0,0,0
7.973219871520996,2.0,0.03120630979537964,-0.08195047080516815,-0.032597362995147705,0.08187761902809143,-1.025307536125183,0.37572261691093445,0.6577005982398987,-0.5715393424034119,0.03,1.228150725364685,-0.10743337869644165,0.31937381625175476,0.032030776143074036,0.10477539151906967,-0.05460737273097038,0.9924788475036621,0,0,0,0,0,0,0,0,0,0,0,0,0,0
7.974486827850342,2.0,0.03120630979537964,-0.08195047080516815,-0.032597362995147705,0.08187761902809143,-1.025307536125183,0.37572261691093445,0.6577005982398987,-0.5715393424034119,0.03,1.228150725364685,-0.10743337869644165,0.31937381625175476,0.032030776143074036,0.10477539151906967,-0.05460737273097038,0.9924788475036621,0,0,0,0,0,0,0,0,0,0,0,0,0,0
7.975583791732788,2.0,0.03120630979537964,-0.08195047080516815,-0.032597362995147705,0.08187761902809143,-1.025307536125183,0.37572261691093445,0.6577005982398987,-0.5715393424034119,0.03,1.228150725364685,-0.10743337869644165,0.31937381625175476,0.032030776143074036,0.10477539151906967,-0.05460737273097038,0.9924788475036621,0,0,0,0,0,0,0,0,0,0,0,0,0,0
7.977093935012817,2.0,0.03120630979537964,-0.08195047080516815,-0.032597362995147705,0.08187761902809143,-1.025307536125183,0.37572261691093445,0.6577005982398987,-0.5715393424034119,0.03,1.228150725364685,-0.10743337869644165,0.31937381625175476,0.032030776143074036,0.10477539151906967,-0.05460737273097038,0.9924788475036621,0,0,0,0,0,0,0,0,0,0,0,0,0,0
7.978365898132324,2.0,0.03120630979537964,-0.08195047080516815,-0.032597362995147705,0.08187761902809143,-1.025307536125183,0.37572261691093445,0.6577005982398987,-0.5715393424034119,0.03,1.228150725364685,-0.10743337869644165,0.31937381625175476,0.032030776143074036,0.10477539151906967,-0.05460737273097038,0.9924788475036621,0,0,0,0,0,0,0,0,0,0,0,0,0,0
7.979482173919678,2.0,0.03120630979537964,-0.08195047080516815,-0.032597362995147705,0.08187761902809143,-1.025307536125183,0.37572261691093445,0.6577005982398987,-0.5715393424034119,0.03,1.228150725364685,-0.10743337869644165,0.31937381625175476,0.032030776143074036,0.10477539151906967,-0.05460737273097038,0.9924788475036621,0,0,0,0,0,0,0,0,0,0,0,0,0,0
7.980676889419556,2.0,0.03120630979537964,-0.08195047080516815,-0.032597362995147705,0.08187761902809143,-1.025307536125183,0.37572261691093445,0.6577005982398987,-0.5715393424034119,0.03,1.228150725364685,-0.10743337869644165,0.31937381625175476,0.032030776143074036,0.10477539151906967,-0.05460737273097038,0.9924788475036621,0,0,0,0,0,0,0,0,0,0,0,0,0,0
7.982068061828613,2.0,0.03120630979537964,-0.08195047080516815,-0.032597362995147705,0.08187761902809143,-1.025307536125183,0.37572261691093445,0.6577005982398987,-0.5715393424034119,0.03,1.228150725364685,-0.10743337869644165,0.31937381625175476,0.032030776143074036,0.10477539151906967,-0.05460737273097038,0.9924788475036621,0,0,0,0,0,0,0,0,0,0,0,0,0,0
7.9845192432403564,2.0,0.03120630979537964,-0.08195047080516815,-0.032597362995147705,0.08187761902809143,-1.025307536125183,0.37572261691093445,0.6577005982398987,-0.5715393424034119,0.03,1.228150725364685,-0.10743337869644165,0.31937381625175476,0.032030776143074036,0.10477539151906967,-0.05460737273097038,0.9924788475036621,0,0,0,0,0,0,0,0,0,0,0,0,0,0
7.98558235168457,2.0,0.03120630979537964,-0.08195047080516815,-0.032597362995147705,0.08187761902809143,-1.025307536125183,0.37572261691093445,0.6577005982398987,-0.5715393424034119,0.03,1.228150725364685,-0.10743337869644165,0.31937381625175476,0.032030776143074036,0.10477539151906967,-0.05460737273097038,0.9924788475036621,0,0,0,0,0,0,0,0,0,0,0,0,0,0
7.987921953201294,2.0,0.03120630979537964,-0.08195047080516815,-0.032597362995147705,0.08187761902809143,-1.025307536125183,0.37572261691093445,0.6577005982398987,-0.5715393424034119,0.03,1.228150725364685,-0.10743337869644165,0.31937381625175476,0.032030776143074036,0.10477539151906967,-0.05460737273097038,0.9924788475036621,0,0,0,0,0,0,0,0,0,0,0,0,0,0
7.989058017730713,2.0,0.03120630979537964,-0.08195047080516815,-0.032597362995147705,0.08187761902809143,-1.025307536125183,0.37572261691093445,0.6577005982398987,-0.5715393424034119,0.03,1.228150725364685,-0.10743337869644165,0.31937381625175476,0.032030776143074036,0.10477539151906967,-0.05460737273097038,0.9924788475036621,0,0,0,0,0,0,0,0,0,0,0,0,0,0
7.990999937057495,2.0,0.03120630979537964,-0.08195047080516815,-0.032597362995147705,0.08187761902809143,-1.025307536125183,0.37572261691093445,0.6577005982398987,-0.5715393424034119,0.03,1.228150725364685,-0.10743337869644165,0.31937381625175476,0.032030776143074036,0.10477539151906967,-0.05460737273097038,0.9924788475036621,0,0,0,0,0,0,0,0,0,0,0,0,0,0
7.992978096008301,2.0,0.03120630979537964,-0.08195047080516815,-0.032597362995147705,0.08187761902809143,-1.025307536125183,0.37572261691093445,0.6577005982398987,-0.5715393424034119,0.03,1.228150725364685,-0.10743337869644165,0.31937381625175476,0.032030776143074036,0.10477539151906967,-0.05460737273097038,0.9924788475036621,0,0,0,0,0,0,0,0,0,0,0,0,0,0
7.994088411331177,2.0,0.03120630979537964,-0.08195047080516815,-0.032597362995147705,0.08187761902809143,-1.025307536125183,0.37572261691093445,0.6577005982398987,-0.5715393424034119,0.03,1.228150725364685,-0.10743337869644165,0.31937381625175476,0.032030776143074036,0.10477539151906967,-0.05460737273097038,0.9924788475036621,0,0,0,0,0,0,0,0,0,0,0,0,0,0
7.9966676235198975,2.0,0.03120630979537964,-0.08195047080516815,-0.032597362995147705,0.08187761902809143,-1.025307536125183,0.37572261691093445,0.6577005982398987,-0.5715393424034119,0.03,1.228150725364685,-0.10743337869644165,0.31937381625175476,0.032030776143074036,0.10477539151906967,-0.05460737273097038,0.9924788475036621,0,0,0,0,0,0,0,0,0,0,0,0,0,0
7.997788429260254,2.0,0.03120630979537964,-0.08195047080516815,-0.032597362995147705,0.08187761902809143,-1.025307536125183,0.37572261691093445,0.6577005982398987,-0.5715393424034119,0.03,1.228150725364685,-0.10743337869644165,0.31937381625175476,0.032030776143074036,0.10477539151906967,-0.05460737273097038,0.9924788475036621,0,0,0,0,0,0,0,0,0,0,0,0,0,0
8.000526428222656,2.0,0.03120630979537964,-0.08195047080516815,-0.032597362995147705,0.08187761902809143,-1.025307536125183,0.37572261691093445,0.6577005982398987,-0.5715393424034119,0.03,1.228150725364685,-0.10743337869644165,0.31937381625175476,0.032030776143074036,0.10477539151906967,-0.05460737273097038,0.9924788475036621,0,0,0,0,0,0,0,0,0,0,0,0,0,0
8.00179934501648,2.0,0.03120630979537964,-0.08195047080516815,-0.032597362995147705,0.08187761902809143,-1.025307536125183,0.37572261691093445,0.6577005982398987,-0.5715393424034119,0.03,1.228150725364685,-0.10743337869644165,0.31937381625175476,0.032030776143074036,0.10477539151906967,-0.05460737273097038,0.9924788475036621,0,0,0,0,0,0,0,0,0,0,0,0,0,0
8.004352569580078,2.0,0.03120630979537964,-0.08195047080516815,-0.032597362995147705,0.08187761902809143,-1.025307536125183,0.37572261691093445,0.6577005982398987,-0.5715393424034119,0.03,1.228150725364685,-0.10743337869644165,0.31937381625175476,0.032030776143074036,0.10477539151906967,-0.05460737273097038,0.9924788475036621,0,0,0,0,0,0,0,0,0,0,0,0,0,0
8.006345748901367,2.0,0.03120630979537964,-0.08195047080516815,-0.032597362995147705,0.08187761902809143,-1.025307536125183,0.37572261691093445,0.6577005982398987,-0.5715393424034119,0.03,1.228150725364685,-0.10743337869644165,0.31937381625175476,0.032030776143074036,0.10477539151906967,-0.05460737273097038,0.9924788475036621,0,0,0,0,0,0,0,0,0,0,0,0,0,0
8.010163307189941,2.0,0.03794407844543457,-0.0819593220949173,-0.039064764976501465,0.08189696073532104,-1.9342461824417114,0.4141615927219391,-0.4874003529548645,-0.5769007802009583,0.03,1.2281959056854248,-0.10745751857757568,0.3193989098072052,0.031785886734724045,0.10488457977771759,-0.055607300251722336,0.9924196600914001,0,0,0,0,0,0,0,0,0,0,0,0,0,0
8.01213788986206,2.0,0.03794407844543457,-0.0819593220949173,-0.039064764976501465,0.08189696073532104,-1.9342461824417114,0.4141615927219391,-0.4874003529548645,-0.5769007802009583,0.03,1.2281959056854248,-0.10745751857757568,0.3193989098072052,0.031785886734724045,0.10488457977771759,-0.055607300251722336,0.9924196600914001,0,0,0,0,0,0,0,0,0,0,0,0,0,0
8.013231754302979,2.0,0.03794407844543457,-0.0819593220949173,-0.039064764976501465,0.08189696073532104,-1.9342461824417114,0.4141615927219391,-0.4874003529548645,-0.5769007802009583,0.03,1.2281959056854248,-0.10745751857757568,0.3193989098072052,0.031785886734724045,0.10488457977771759,-0.055607300251722336,0.9924196600914001,0,0,0,0,0,0,0,0,0,0,0,0,0,0
8.014293909072876,2.0,0.03794407844543457,-0.0819593220949173,-0.039064764976501465,0.08189696073532104,-1.9342461824417114,0.4141615927219391,-0.4874003529548645,-0.5769007802009583,0.03,1.2281959056854248,-0.10745751857757568,0.3193989098072052,0.031785886734724045,0.10488457977771759,-0.055607300251722336,0.9924196600914001,0,0,0,0,0,0,0,0,0,0,0,0,0,0
8.016751050949097,2.0,0.0384289026260376,-0.08198375999927521,-0.03947418928146362,0.08189696073532104,-1.8456635475158691,0.36586880683898926,-0.48201242089271545,-0.5808936357498169,0.03,1.2281959056854248,-0.10745751857757568,0.3193989098072052,0.031785886734724045,0.10488457977771759,-0.055607300251722336,0.9924196600914001,0,0,0,0,0,0,0,0,0,0,0,0,0,0
8.017863273620605,2.0,0.04010206460952759,-0.08197765052318573,-0.041603922843933105,0.08189292252063751,-2.330998420715332,0.43625232577323914,-0.413992315530777,-0.5980914831161499,0.03,1.2282358407974243,-0.10754553228616714,0.31934237480163574,0.03131229057908058,0.10507074743509293,-0.058540139347314835,0.9922463297843933,0,0,0,0,0,0,0,0,0,0,0,0,0,0
8.019699335098267,2.0,0.04010206460952759,-0.08197765052318573,-0.041603922843933105,0.08189292252063751,-2.330998420715332,0.43625232577323914,-0.413992315530777,-0.5980914831161499,0.03,1.2282358407974243,-0.10754553228616714,0.31934237480163574,0.03131229057908058,0.10507074743509293,-0.058540139347314835,0.9922463297843933,0,0,0,0,0,0,0,0,0,0,0,0,0,0
8.020918130874634,2.0,0.04010206460952759,-0.08197765052318573,-0.041603922843933105,0.08189292252063751,-2.330998420715332,0.43625232577323914,-0.413992315530777,-0.5980914831161499,0.03,1.2282358407974243,-0.10754553228616714,0.31934237480163574,0.03131229057908058,0.10507074743509293,-0.058540139347314835,0.9922463297843933,0,0,0,0,0,0,0,0,0,0,0,0,0,0
8.022027969360352,2.0,0.04010206460952759,-0.08197765052318573,-0.041603922843933105,0.08189292252063751,-2.330998420715332,0.43625232577323914,-0.413992315530777,-0.5980914831161499,0.03,1.2282358407974243,-0.10754553228616714,0.31934237480163574,0.03131229057908058,0.10507074743509293,-0.058540139347314835,0.9922463297843933,0,0,0,0,0,0,0,0,0,0,0,0,0,0
8.024517059326172,2.0,0.0405542254447937,-0.08201119303703308,-0.04182279109954834,0.08189131319522858,-2.6572394371032715,0.36724427342414856,-0.6718915700912476,-0.6026543378829956,0.03,1.2282358407974243,-0.10754553228616714,0.31934237480163574,0.03131229057908058,0.10507074743509293,-0.058540139347314835,0.9922463297843933,0,0,0,0,0,0,0,0,0,0,0,0,0,0
8.025708675384521,2.0,0.042860329151153564,-0.08202137053012848,-0.04484838247299194,0.08189724385738373,-2.839708089828491,0.39531752467155457,-0.2939416170120239,-0.6124815344810486,0.03,1.2282321453094482,-0.10759817808866501,0.3192785680294037,0.03004169836640358,0.10516853630542755,-0.06312082707881927,0.9919943809509277,0,0,0,0,0,0,0,0,0,0,0,0,0,0
8.027104139328003,2.0,0.042860329151153564,-0.08202137053012848,-0.04484838247299194,0.08189724385738373,-2.839708089828491,0.39531752467155457,-0.2939416170120239,-0.6124815344810486,0.03,1.2282321453094482,-0.10759817808866501,0.3192785680294037,0.03004169836640358,0.10516853630542755,-0.06312082707881927,0.9919943809509277,0,0,0,0,0,0,0,0,0,0,0,0,0,0
8.028273344039917,2.0,0.045342445373535156,-0.08203747868537903,-0.047945499420166016,0.08189697563648224,-2.9205236434936523,0.41437017917633057,0.07264348864555359,-0.6388040781021118,0.03,1.2282263040542603,-0.10761775076389313,0.3192802667617798,0.029912032186985016,0.10517580807209015,-0.06350449472665787,0.9919730424880981,0,0,0,0,0,0,0,0,0,0,0,0,0,0
8.029592752456665,2.0,0.0458376407623291,-0.08207312226295471,-0.048563361167907715,0.08189696073532104,-3.1919682025909424,0.34807389974594116,0.12073705345392227,-0.6428497433662415,0.03,1.2282263040542603,-0.10761775076389313,0.3192802667617798,0.029912032186985016,0.10517580807209015,-0.06350449472665787,0.9919730424880981,0,0,0,0,0,0,0,0,0,0,0,0,0,0
8.030765771865845,2.0,0.0458376407623291,-0.08207312226295471,-0.048563361167907715,0.08189696073532104,-3.1919682025909424,0.34807389974594116,0.12073705345392227,-0.6428497433662415,0.03,1.2282263040542603,-0.10761775076389313,0.3192802667617798,0.029912032186985016,0.10517580807209015,-0.06350449472665787,0.9919730424880981,0,0,0,0,0,0,0,0,0,0,0,0,0,0
8.031840801239014,2.0,0.0458376407623291,-0.08207312226295471,-0.048563361167907715,0.08189696073532104,-3.1919682025909424,0.34807389974594116,0.12073705345392227,-0.6428497433662415,0.03,1.2282263040542603,-0.10761775076389313,0.3192802667617798,0.029912032186985016,0.10517580807209015,-0.06350449472665787,0.9919730424880981,0,0,0,0,0,0,0,0,0,0,0,0,0,0
8.033083438873291,2.0,0.0458376407623291,-0.08207312226295471,-0.048563361167907715,0.08189696073532104,-3.1919682025909424,0.34807389974594116,0.12073705345392227,-0.6428497433662415,0.03,1.2282263040542603,-0.10761775076389313,0.3192802667617798,0.029912032186985016,0.10517580807209015,-0.06350449472665787,0.9919730424880981,0,0,0,0,0,0,0,0,0,0,0,0,0,0
8.034156799316406,2.0,0.0458376407623291,-0.08207312226295471,-0.048563361167907715,0.08189696073532104,-3.1919682025909424,0.34807389974594116,0.12073705345392227,-0.6428497433662415,0.03,1.2282263040542603,-0.10761775076389313,0.3192802667617798,0.029912032186985016,0.10517580807209015,-0.06350449472665787,0.9919730424880981,0,0,0,0,0,0,0,0,0,0,0,0,0,0
8.03535532951355,2.0,0.0458376407623291,-0.08207312226295471,-0.048563361167907715,0.08189696073532104,-3.1919682025909424,0.34807389974594116,0.12073705345392227,-0.6428497433662415,0.03,1.2282263040542603,-0.10761775076389313,0.3192802667617798,0.029912032186985016,0.10517580807209015,-0.06350449472665787,0.9919730424880981,0,0,0,0,0,0,0,0,0,0,0,0,0,0
8.036503553390503,2.0,0.0458376407623291,-0.08207312226295471,-0.048563361167907715,0.08189696073532104,-3.1919682025909424,0.34807389974594116,0.12073705345392227,-0.6428497433662415,0.03,1.2282263040542603,-0.10761775076389313,0.3192802667617798,0.029912032186985016,0.10517580807209015,-0.06350449472665787,0.9919730424880981,0,0,0,0,0,0,0,0,0,0,0,0,0,0
8.038017749786377,2.0,0.0458376407623291,-0.08207312226295471,-0.048563361167907715,0.08189696073532104,-3.1919682025909424,0.34807389974594116,0.12073705345392227,-0.6428497433662415,0.03,1.2282263040542603,-0.10761775076389313,0.3192802667617798,0.029912032186985016,0.10517580807209015,-0.06350449472665787,0.9919730424880981,0,0,0,0,0,0,0,0,0,0,0,0,0,0
8.039129734039307,2.0,0.0458376407623291,-0.08207312226295471,-0.048563361167907715,0.08189696073532104,-3.1919682025909424,0.34807389974594116,0.12073705345392227,-0.6428497433662415,0.03,1.2282263040542603,-0.10761775076389313,0.3192802667617798,0.029912032186985016,0.10517580807209015,-0.06350449472665787,0.9919730424880981,0,0,0,0,0,0,0,0,0,0,0,0,0,0
8.042500972747803,2.0,0.0458376407623291,-0.08207312226295471,-0.048563361167907715,0.08189696073532104,-3.1919682025909424,0.34807389974594116,0.12073705345392227,-0.6428497433662415,0.03,1.2282263040542603,-0.10761775076389313,0.3192802667617798,0.029912032186985016,0.10517580807209015,-0.06350449472665787,0.9919730424880981,0,0,0,0,0,0,0,0,0,0,0,0,0,0
8.045769214630127,2.0,0.046386897563934326,-0.08204451203346252,-0.0492175817489624,0.08189696073532104,-3.220986843109131,0.4221639931201935,-0.03618798032402992,-0.6468504071235657,0.03,1.2282085418701172,-0.1075151115655899,0.3193264603614807,0.03052382916212082,0.10500148683786392,-0.06028085574507713,0.9921740293502808,0,0,0,0,0,0,0,0,0,0,0,0,0,0
8.04746413230896,2.0,0.047499775886535645,-0.08205793797969818,-0.050455570220947266,0.08189696073532104,-3.1889045238494873,0.40856480598449707,0.05900422856211662,-0.6548360586166382,0.03,1.2282085418701172,-0.1075151115655899,0.3193264603614807,0.03052382916212082,0.10500148683786392,-0.06028085574507713,0.9921740293502808,0,0,0,0,0,0,0,0,0,0,0,0,0,0
8.048566341400146,2.0,0.048028524965047836,-0.08207492530345917,-0.051065266132354736,0.08189696073532104,-3.075263023376465,0.38213443756103516,0.2703409492969513,-0.6588287949562073,0.03,1.2281501293182373,-0.10737834870815277,0.3192727267742157,0.032258108258247375,0.10490608960390091,-0.048646360635757446,0.9927676916122437,0,0,0,0,0,0,0,0,0,0,0,0,0,0
8.049828290939331,2.0,0.04990435391664505,-0.08207449316978455,-0.05314147472381592,0.08189696073532104,-3.2149744033813477,0.3995586037635803,0.2966495752334595,-0.6727865934371948,0.03,1.2281361818313599,-0.10741400718688965,0.31921273469924927,0.0332145057618618,0.10483670979738235,-0.042948074638843536,0.9930063486099243,0,0,0,0,0,0,0,0,0,0,0,0,0,0
8.051349401473999,2.0,0.051274996250867844,-0.0820748507976532,-0.05461007356643677,0.08191248774528503,-3.4640052318573,0.4052773118019104,-0.020980212837457657,-0.6838318705558777,0.03,1.2281361818313599,-0.10741400718688965,0.31921273469924927,0.0332145057618618,0.10483670979738235,-0.042948074638843536,0.9930063486099243,0,0,0,0,0,0,0,0,0,0,0,0,0,0
8.057018280029297,2.0,0.05505145341157913,-0.08207383751869202,-0.05771827697753906,0.08189831674098969,-3.704746723175049,0.4340389668941498,-0.3780873417854309,-0.7178357839584351,0.03,1.2281653881072998,-0.1076631024479866,0.3191286623477936,0.030847949907183647,0.10527203232049942,-0.060906291007995605,0.9920970797538757,0,0,0,0,0,0,0,0,0,0,0,0,0,0
8.058153629302979,2.0,0.05681933835148811,-0.08206413686275482,-0.059896767139434814,0.08189724385738373,-4.040982246398926,0.44916272163391113,-0.5619382262229919,-0.7210600972175598,0.03,1.2282050848007202,-0.10764791816473007,0.31917035579681396,0.02917799912393093,0.1056390032172203,-0.06795230507850647,0.9916509985923767,0,0,0,0,0,0,0,0,0,0,0,0,0,0
8.05991506576538,2.0,0.05784992501139641,-0.08207400143146515,-0.060799241065979004,0.08189699053764343,-4.2399210929870605,0.45471444725990295,-0.347563236951828,-0.7321308255195618,0.03,1.2282050848007202,-0.10764791816473007,0.31917035579681396,0.02917799912393093,0.1056390032172203,-0.06795230507850647,0.9916509985923767,0,0,0,0,0,0,0,0,0,0,0,0,0,0
8.061232089996338,2.0,0.05840592458844185,-0.08207337558269501,-0.061397671699523926,0.08191674947738647,-4.035679817199707,0.45705553889274597,-0.5948793888092041,-0.6965958476066589,0.03,1.2282050848007202,-0.10764791816473007,0.31917035579681396,0.02917799912393093,0.1056390032172203,-0.06795230507850647,0.9916509985923767,0,0,0,0,0,0,0,0,0,0,0,0,0,0
8.062572479248047,2.0,0.05840592458844185,-0.08207337558269501,-0.061397671699523926,0.08191674947738647,-4.035679817199707,0.45705553889274597,-0.5948793888092041,-0.6965958476066589,0.03,1.2282050848007202,-0.10764791816473007,0.31917035579681396,0.02917799912393093,0.1056390032172203,-0.06795230507850647,0.9916509985923767,0,0,0,0,0,0,0,0,0,0,0,0,0,0
8.06366777420044,2.0,0.05840592458844185,-0.08207337558269501,-0.061397671699523926,0.08191674947738647,-4.035679817199707,0.45705553889274597,-0.5948793888092041,-0.6965958476066589,0.03,1.2282050848007202,-0.10764791816473007,0.31917035579681396,0.02917799912393093,0.1056390032172203,-0.06795230507850647,0.9916509985923767,0,0,0,0,0,0,0,0,0,0,0,0,0,0
8.064814567565918,2.0,0.05840592458844185,-0.08207337558269501,-0.061397671699523926,0.08191674947738647,-4.035679817199707,0.45705553889274597,-0.5948793888092041,-0.6965958476066589,0.03,1.2282050848007202,-0.10764791816473007,0.31917035579681396,0.02917799912393093,0.1056390032172203,-0.06795230507850647,0.9916509985923767,0,0,0,0,0,0,0,0,0,0,0,0,0,0
8.066116571426392,2.0,0.05840592458844185,-0.08207337558269501,-0.061397671699523926,0.08191674947738647,-4.035679817199707,0.45705553889274597,-0.5948793888092041,-0.6965958476066589,0.03,1.2282050848007202,-0.10764791816473007,0.31917035579681396,0.02917799912393093,0.1056390032172203,-0.06795230507850647,0.9916509985923767,0,0,0,0,0,0,0,0,0,0,0,0,0,0
8.067192316055298,2.0,0.05840592458844185,-0.08207337558269501,-0.061397671699523926,0.08191674947738647,-4.035679817199707,0.45705553889274597,-0.5948793888092041,-0.6965958476066589,0.03,1.2282050848007202,-0.10764791816473007,0.31917035579681396,0.02917799912393093,0.1056390032172203,-0.06795230507850647,0.9916509985923767,0,0,0,0,0,0,0,0,0,0,0,0,0,0
8.068537950515747,2.0,0.06026409566402435,-0.08207440376281738,-0.06375867128372192,0.08195126056671143,-4.235531806945801,0.46664586663246155,-0.5663862228393555,-0.6876035332679749,0.03,1.2281849384307861,-0.10766994953155518,0.3190888464450836,0.028604811057448387,0.10568403452634811,-0.07031888514757156,0.991497814655304,0,0,0,0,0,0,0,0,0,0,0,0,0,0
8.069694757461548,2.0,0.06193511560559273,-0.08205848932266235,-0.0653952956199646,0.08192725479602814,-4.012713432312012,0.5166608691215515,-0.06306853145360947,-0.7460837364196777,0.03,1.2281886339187622,-0.10766779631376266,0.31910622119903564,0.027752447873353958,0.1058446392416954,-0.07396392524242401,0.9912397265434265,0,0,0,0,0,0,0,0,0,0,0,0,0,0
8.070753574371338,2.0,0.06324639171361923,-0.08207383751869202,-0.06682902574539185,0.08194597065448761,-4.306175231933594,0.4910089671611786,-0.2903664708137512,-0.7250198721885681,0.03,1.2281886339187622,-0.10766779631376266,0.31910622119903564,0.027752447873353958,0.1058446392416954,-0.07396392524242401,0.9912397265434265,0,0,0,0,0,0,0,0,0,0,0,0,0,0
8.07194972038269,2.0,0.06324639171361923,-0.08207383751869202,-0.06682902574539185,0.08194597065448761,-4.306175231933594,0.4910089671611786,-0.2903664708137512,-0.7250198721885681,0.03,1.2281886339187622,-0.10766779631376266,0.31910622119903564,0.027752447873353958,0.1058446392416954,-0.07396392524242401,0.9912397265434265,0,0,0,0,0,0,0,0,0,0,0,0,0,0
8.073009967803955,2.0,0.06324639171361923,-0.08207383751869202,-0.06682902574539185,0.08194597065448761,-4.306175231933594,0.4910089671611786,-0.2903664708137512,-0.7250198721885681,0.03,1.2281886339187622,-0.10766779631376266,0.31910622119903564,0.027752447873353958,0.1058446392416954,-0.07396392524242401,0.9912397265434265,0,0,0,0,0,0,0,0,0,0,0,0,0,0
8.074476480484009,2.0,0.06324639171361923,-0.08207383751869202,-0.06682902574539185,0.08194597065448761,-4.306175231933594,0.4910089671611786,-0.2903664708137512,-0.7250198721885681,0.03,1.2281886339187622,-0.10766779631376266,0.31910622119903564,0.027752447873353958,0.1058446392416954,-0.07396392524242401,0.9912397265434265,0,0,0,0,0,0,0,0,0,0,0,0,0,0
8.079005002975464,2.0,0.06324639171361923,-0.08207383751869202,-0.06682902574539185,0.08194597065448761,-4.306175231933594,0.4910089671611786,-0.2903664708137512,-0.7250198721885681,0.03,1.2282137870788574,-0.10766315460205078,0.31914669275283813,0.027641218155622482,0.10586301982402802,-0.07386714220046997,0.9912480115890503,0,0,0,0,0,0,0,0,0,0,0,0,0,0
8.08065915107727,2.0,0.06324639171361923,-0.08207383751869202,-0.06682902574539185,0.08194597065448761,-4.306175231933594,0.4910089671611786,-0.2903664708137512,-0.7250198721885681,0.03,1.2282137870788574,-0.10766315460205078,0.31914669275283813,0.027641218155622482,0.10586301982402802,-0.07386714220046997,0.9912480115890503,0,0,0,0,0,0,0,0,0,0,0,0,0,0
8.08178186416626,2.0,0.06324639171361923,-0.08207383751869202,-0.06682902574539185,0.08194597065448761,-4.306175231933594,0.4910089671611786,-0.2903664708137512,-0.7250198721885681,0.03,1.2281936407089233,-0.10773356258869171,0.31909236311912537,0.027666494250297546,0.10580360144376755,-0.07463393360376358,0.9911962747573853,0,0,0,0,0,0,0,0,0,0,0,0,0,0
8.08295202255249,2.0,0.06324639171361923,-0.08207383751869202,-0.06682902574539185,0.08194597065448761,-4.306175231933594,0.4910089671611786,-0.2903664708137512,-0.7250198721885681,0.03,1.2281936407089233,-0.10773356258869171,0.31909236311912537,0.027666494250297546,0.10580360144376755,-0.07463393360376358,0.9911962747573853,0,0,0,0,0,0,0,0,0,0,0,0,0,0
8.084090232849121,2.0,0.06324639171361923,-0.08207383751869202,-0.06682902574539185,0.08194597065448761,-4.306175231933594,0.4910089671611786,-0.2903664708137512,-0.7250198721885681,0.03,1.2281936407089233,-0.10773356258869171,0.31909236311912537,0.027666494250297546,0.10580360144376755,-0.07463393360376358,0.9911962747573853,0,0,0,0,0,0,0,0,0,0,0,0,0,0
8.085779666900635,2.0,0.06324639171361923,-0.08207383751869202,-0.06682902574539185,0.08194597065448761,-4.306175231933594,0.4910089671611786,-0.2903664708137512,-0.7250198721885681,0.03,1.2281936407089233,-0.10773356258869171,0.31909236311912537,0.027666494250297546,0.10580360144376755,-0.07463393360376358,0.9911962747573853,0,0,0,0,0,0,0,0,0,0,0,0,0,0
8.08737063407898,2.0,0.06324639171361923,-0.08207383751869202,-0.06682902574539185,0.08194597065448761,-4.306175231933594,0.4910089671611786,-0.2903664708137512,-0.7250198721885681,0.03,1.2282023429870605,-0.10781361907720566,0.3190574049949646,0.02725989744067192,0.10596272349357605,-0.07546094805002213,0.9911278486251831,0,0,0,0,0,0,0,0,0,0,0,0,0,0
8.088481903076172,2.0,0.06324639171361923,-0.08207383751869202,-0.06682902574539185,0.08194597065448761,-4.306175231933594,0.4910089671611786,-0.2903664708137512,-0.7250198721885681,0.03,1.2282023429870605,-0.10781361907720566,0.3190574049949646,0.02725989744067192,0.10596272349357605,-0.07546094805002213,0.9911278486251831,0,0,0,0,0,0,0,0,0,0,0,0,0,0
8.089930534362793,2.0,0.06324639171361923,-0.08207383751869202,-0.06682902574539185,0.08194597065448761,-4.306175231933594,0.4910089671611786,-0.2903664708137512,-0.7250198721885681,0.03,1.2282023429870605,-0.10781361907720566,0.3190574049949646,0.02725989744067192,0.10596272349357605,-0.07546094805002213,0.9911278486251831,0,0,0,0,0,0,0,0,0,0,0,0,0,0
8.091400623321533,2.0,0.06324639171361923,-0.08207383751869202,-0.06682902574539185,0.08194597065448761,-4.306175231933594,0.4910089671611786,-0.2903664708137512,-0.7250198721885681,0.03,1.2282023429870605,-0.10781361907720566,0.3190574049949646,0.02725989744067192,0.10596272349357605,-0.07546094805002213,0.9911278486251831,0,0,0,0,0,0,0,0,0,0,0,0,0,0
8.092546939849854,2.0,0.06324639171361923,-0.08207383751869202,-0.06682902574539185,0.08194597065448761,-4.306175231933594,0.4910089671611786,-0.2903664708137512,-0.7250198721885681,0.03,1.2282277345657349,-0.10788578540086746,0.3190557360649109,0.026712516322731972,0.10587265342473984,-0.0776670053601265,0.9909819960594177,0,0,0,0,0,0,0,0,0,0,0,0,0,0
8.093638181686401,2.0,0.06324639171361923,-0.08207383751869202,-0.06682902574539185,0.08194597065448761,-4.306175231933594,0.4910089671611786,-0.2903664708137512,-0.7250198721885681,0.03,1.2282277345657349,-0.10788578540086746,0.3190557360649109,0.026712516322731972,0.10587265342473984,-0.0776670053601265,0.9909819960594177,0,0,0,0,0,0,0,0,0,0,0,0,0,0
8.096467733383179,2.0,0.06324639171361923,-0.08207383751869202,-0.06682902574539185,0.08194597065448761,-4.306175231933594,0.4910089671611786,-0.2903664708137512,-0.7250198721885681,0.03,1.2282277345657349,-0.10788578540086746,0.3190557360649109,0.026712516322731972,0.10587265342473984,-0.0776670053601265,0.9909819960594177,0,0,0,0,0,0,0,0,0,0,0,0,0,0
8.098098039627075,2.0,0.06324639171361923,-0.08207383751869202,-0.06682902574539185,0.08194597065448761,-4.306175231933594,0.4910089671611786,-0.2903664708137512,-0.7250198721885681,0.03,1.2282277345657349,-0.10788578540086746,0.3190557360649109,0.026712516322731972,0.10587265342473984,-0.0776670053601265,0.9909819960594177,0,0,0,0,0,0,0,0,0,0,0,0,0,0
8.100883722305298,2.0,0.06324639171361923,-0.08207383751869202,-0.06682902574539185,0.08194597065448761,-4.306175231933594,0.4910089671611786,-0.2903664708137512,-0.7250198721885681,0.03,1.2282277345657349,-0.10788578540086746,0.3190557360649109,0.026712516322731972,0.10587265342473984,-0.0776670053601265,0.9909819960594177,0,0,0,0,0,0,0,0,0,0,0,0,0,0
8.102057933807373,2.0,0.06324639171361923,-0.08207383751869202,-0.06682902574539185,0.08194597065448761,-4.306175231933594,0.4910089671611786,-0.2903664708137512,-0.7250198721885681,0.03,1.2282277345657349,-0.10788578540086746,0.3190557360649109,0.026712516322731972,0.10587265342473984,-0.0776670053601265,0.9909819960594177,0,0,0,0,0,0,0,0,0,0,0,0,0,0
8.104168891906738,3.0,0.07113143801689148,-0.08207418024539948,-0.0745648443698883,0.08195732533931732,-4.643033981323242,-0.84200119972229,-0.5630151033401489,0.6515561938285828,0.03,1.228328824043274,-0.10801184177398682,0.31908711791038513,0.024326980113983154,0.10484877973794937,-0.08202026784420013,0.9908014535903931,0,0,0,0,0,0,0,0,0,0,0,0,0,0
8.105297327041626,3.0,0.07113143801689148,-0.08207418024539948,-0.0745648443698883,0.08195732533931732,-4.643033981323242,-0.84200119972229,-0.5630151033401489,0.6515561938285828,0.03,1.228328824043274,-0.10801184177398682,0.31908711791038513,0.024326980113983154,0.10484877973794937,-0.08202026784420013,0.9908014535903931,0,0,0,0,0,0,0,0,0,0,0,0,0,0
8.106809616088867,3.0,0.07113143801689148,-0.08207418024539948,-0.0745648443698883,0.08195732533931732,-4.643033981323242,-0.84200119972229,-0.5630151033401489,0.6515561938285828,0.03,1.228328824043274,-0.10801184177398682,0.31908711791038513,0.024326980113983154,0.10484877973794937,-0.08202026784420013,0.9908014535903931,0,0,0,0,0,0,0,0,0,0,0,0,0,0
8.108104467391968,3.0,0.07113143801689148,-0.08207418024539948,-0.0745648443698883,0.08195732533931732,-4.643033981323242,-0.84200119972229,-0.5630151033401489,0.6515561938285828,0.03,1.228328824043274,-0.10801184177398682,0.31908711791038513,0.024326980113983154,0.10484877973794937,-0.08202026784420013,0.9908014535903931,0,0,0,0,0,0,0,0,0,0,0,0,0,0
8.110400915145874,3.0,0.07113143801689148,-0.08207418024539948,-0.0745648443698883,0.08195732533931732,-4.643033981323242,-0.84200119972229,-0.5630151033401489,0.6515561938285828,0.03,1.228328824043274,-0.10801184177398682,0.31908711791038513,0.024326980113983154,0.10484877973794937,-0.08202026784420013,0.9908014535903931,0,0,0,0,0,0,0,0,0,0,0,0,0,0
8.112773180007935,3.0,0.07113143801689148,-0.08207418024539948,-0.0745648443698883,0.08195732533931732,-4.643033981323242,-0.84200119972229,-0.5630151033401489,0.6515561938285828,0.03,1.228328824043274,-0.10801184177398682,0.31908711791038513,0.024326980113983154,0.10484877973794937,-0.08202026784420013,0.9908014535903931,0,0,0,0,0,0,0,0,0,0,0,0,0,0
8.11387300491333,3.0,0.07113143801689148,-0.08207418024539948,-0.0745648443698883,0.08195732533931732,-4.643033981323242,-0.84200119972229,-0.5630151033401489,0.6515561938285828,0.03,1.228328824043274,-0.10801184177398682,0.31908711791038513,0.024326980113983154,0.10484877973794937,-0.08202026784420013,0.9908014535903931,0,0,0,0,0,0,0,0,0,0,0,0,0,0
8.115007400512695,3.0,0.07113143801689148,-0.08207418024539948,-0.0745648443698883,0.08195732533931732,-4.643033981323242,-0.84200119972229,-0.5630151033401489,0.6515561938285828,0.03,1.228328824043274,-0.10801184177398682,0.31908711791038513,0.024326980113983154,0.10484877973794937,-0.08202026784420013,0.9908014535903931,0,0,0,0,0,0,0,0,0,0,0,0,0,0
8.116127967834473,3.0,0.07113143801689148,-0.08207418024539948,-0.0745648443698883,0.08195732533931732,-4.643033981323242,-0.84200119972229,-0.5630151033401489,0.6515561938285828,0.03,1.228328824043274,-0.10801184177398682,0.31908711791038513,0.024326980113983154,0.10484877973794937,-0.08202026784420013,0.9908014535903931,0,0,0,0,0,0,0,0,0,0,0,0,0,0
8.117295742034912,3.0,0.07113143801689148,-0.08207418024539948,-0.0745648443698883,0.08195732533931732,-4.643033981323242,-0.84200119972229,-0.5630151033401489,0.6515561938285828,0.03,1.228328824043274,-0.10801184177398682,0.31908711791038513,0.024326980113983154,0.10484877973794937,-0.08202026784420013,0.9908014535903931,0,0,0,0,0,0,0,0,0,0,0,0,0,0
8.118566274642944,3.0,0.07113143801689148,-0.08207418024539948,-0.0745648443698883,0.08195732533931732,-4.643033981323242,-0.84200119972229,-0.5630151033401489,0.6515561938285828,0.03,1.228328824043274,-0.10801184177398682,0.31908711791038513,0.024326980113983154,0.10484877973794937,-0.08202026784420013,0.9908014535903931,0,0,0,0,0,0,0,0,0,0,0,0,0,0
8.119683265686035,3.0,0.07113143801689148,-0.08207418024539948,-0.0745648443698883,0.08195732533931732,-4.643033981323242,-0.84200119972229,-0.5630151033401489,0.6515561938285828,0.03,1.228328824043274,-0.10801184177398682,0.31908711791038513,0.024326980113983154,0.10484877973794937,-0.08202026784420013,0.9908014535903931,0,0,0,0,0,0,0,0,0,0,0,0,0,0
8.12081265449524,3.0,0.07113143801689148,-0.08207418024539948,-0.0745648443698883,0.08195732533931732,-4.643033981323242,-0.84200119972229,-0.5630151033401489,0.6515561938285828,0.03,1.228328824043274,-0.10801184177398682,0.31908711791038513,0.024326980113983154,0.10484877973794937,-0.08202026784420013,0.9908014535903931,0,0,0,0,0,0,0,0,0,0,0,0,0,0
8.122170686721802,3.0,0.07113143801689148,-0.08207418024539948,-0.0745648443698883,0.08195732533931732,-4.643033981323242,-0.84200119972229,-0.5630151033401489,0.6515561938285828,0.03,1.228328824043274,-0.10801184177398682,0.31908711791038513,0.024326980113983154,0.10484877973794937,-0.08202026784420013,0.9908014535903931,0,0,0,0,0,0,0,0,0,0,0,0,0,0
8.12331748008728,3.0,0.07113143801689148,-0.08207418024539948,-0.0745648443698883,0.08195732533931732,-4.643033981323242,-0.84200119972229,-0.5630151033401489,0.6515561938285828,0.03,1.228328824043274,-0.10801184177398682,0.31908711791038513,0.024326980113983154,0.10484877973794937,-0.08202026784420013,0.9908014535903931,0,0,0,0,0,0,0,0,0,0,0,0,0,0
8.124524116516113,3.0,0.07113143801689148,-0.08207418024539948,-0.0745648443698883,0.08195732533931732,-4.643033981323242,-0.84200119972229,-0.5630151033401489,0.6515561938285828,0.03,1.228328824043274,-0.10801184177398682,0.31908711791038513,0.024326980113983154,0.10484877973794937,-0.08202026784420013,0.9908014535903931,0,0,0,0,0,0,0,0,0,0,0,0,0,0
8.125662803649902,3.0,0.07113143801689148,-0.08207418024539948,-0.0745648443698883,0.08195732533931732,-4.643033981323242,-0.84200119972229,-0.5630151033401489,0.6515561938285828,0.03,1.228328824043274,-0.10801184177398682,0.31908711791038513,0.024326980113983154,0.10484877973794937,-0.08202026784420013,0.9908014535903931,0,0,0,0,0,0,0,0,0,0,0,0,0,0
8.126984596252441,3.0,0.07113143801689148,-0.08207418024539948,-0.0745648443698883,0.08195732533931732,-4.643033981323242,-0.84200119972229,-0.5630151033401489,0.6515561938285828,0.03,1.228328824043274,-0.10801184177398682,0.31908711791038513,0.024326980113983154,0.10484877973794937,-0.08202026784420013,0.9908014535903931,0,0,0,0,0,0,0,0,0,0,0,0,0,0
8.128050088882446,3.0,0.07113143801689148,-0.08207418024539948,-0.0745648443698883,0.08195732533931732,-4.643033981323242,-0.84200119972229,-0.5630151033401489,0.6515561938285828,0.03,1.228328824043274,-0.10801184177398682,0.31908711791038513,0.024326980113983154,0.10484877973794937,-0.08202026784420013,0.9908014535903931,0,0,0,0,0,0,0,0,0,0,0,0,0,0
8.129149913787842,3.0,0.07113143801689148,-0.08207418024539948,-0.0745648443698883,0.08195732533931732,-4.643033981323242,-0.84200119972229,-0.5630151033401489,0.6515561938285828,0.03,1.228328824043274,-0.10801184177398682,0.31908711791038513,0.024326980113983154,0.10484877973794937,-0.08202026784420013,0.9908014535903931,0,0,0,0,0,0,0,0,0,0,0,0,0,0
8.131755352020264,3.0,0.07113143801689148,-0.08207418024539948,-0.0745648443698883,0.08195732533931732,-4.643033981323242,-0.84200119972229,-0.5630151033401489,0.6515561938285828,0.03,1.228328824043274,-0.10801184177398682,0.31908711791038513,0.024326980113983154,0.10484877973794937,-0.08202026784420013,0.9908014535903931,0,0,0,0,0,0,0,0,0,0,0,0,0,0
8.132898330688477,3.0,0.07113143801689148,-0.08207418024539948,-0.0745648443698883,0.08195732533931732,-4.643033981323242,-0.84200119972229,-0.5630151033401489,0.6515561938285828,0.03,1.228328824043274,-0.10801184177398682,0.31908711791038513,0.024326980113983154,0.10484877973794937,-0.08202026784420013,0.9908014535903931,0,0,0,0,0,0,0,0,0,0,0,0,0,0
8.134330987930298,3.0,0.07113143801689148,-0.08207418024539948,-0.0745648443698883,0.08195732533931732,-4.643033981323242,-0.84200119972229,-0.5630151033401489,0.6515561938285828,0.03,1.228328824043274,-0.10801184177398682,0.31908711791038513,0.024326980113983154,0.10484877973794937,-0.08202026784420013,0.9908014535903931,0,0,0,0,0,0,0,0,0,0,0,0,0,0
8.13543963432312,3.0,0.07113143801689148,-0.08207418024539948,-0.0745648443698883,0.08195732533931732,-4.643033981323242,-0.84200119972229,-0.5630151033401489,0.6515561938285828,0.03,1.228328824043274,-0.10801184177398682,0.31908711791038513,0.024326980113983154,0.10484877973794937,-0.08202026784420013,0.9908014535903931,0,0,0,0,0,0,0,0,0,0,0,0,0,0
8.136625528335571,3.0,0.07113143801689148,-0.08207418024539948,-0.0745648443698883,0.08195732533931732,-4.643033981323242,-0.84200119972229,-0.5630151033401489,0.6515561938285828,0.03,1.228328824043274,-0.10801184177398682,0.31908711791038513,0.024326980113983154,0.10484877973794937,-0.08202026784420013,0.9908014535903931,0,0,0,0,0,0,0,0,0,0,0,0,0,0
8.13805341720581,3.0,0.07113143801689148,-0.08207418024539948,-0.0745648443698883,0.08195732533931732,-4.643033981323242,-0.84200119972229,-0.5630151033401489,0.6515561938285828,0.03,1.228328824043274,-0.10801184177398682,0.31908711791038513,0.024326980113983154,0.10484877973794937,-0.08202026784420013,0.9908014535903931,0,0,0,0,0,0,0,0,0,0,0,0,0,0
8.139973640441895,3.0,0.07113143801689148,-0.08207418024539948,-0.0745648443698883,0.08195732533931732,-4.643033981323242,-0.84200119972229,-0.5630151033401489,0.6515561938285828,0.03,1.228328824043274,-0.10801184177398682,0.31908711791038513,0.024326980113983154,0.10484877973794937,-0.08202026784420013,0.9908014535903931,0,0,0,0,0,0,0,0,0,0,0,0,0,0
8.141741752624512,3.0,0.07113143801689148,-0.08207418024539948,-0.0745648443698883,0.08195732533931732,-4.643033981323242,-0.84200119972229,-0.5630151033401489,0.6515561938285828,0.03,1.228328824043274,-0.10801184177398682,0.31908711791038513,0.024326980113983154,0.10484877973794937,-0.08202026784420013,0.9908014535903931,0,0,0,0,0,0,0,0,0,0,0,0,0,0
8.143005132675171,3.0,0.07113143801689148,-0.08207418024539948,-0.0745648443698883,0.08195732533931732,-4.643033981323242,-0.84200119972229,-0.5630151033401489,0.6515561938285828,0.03,1.228328824043274,-0.10801184177398682,0.31908711791038513,0.024326980113983154,0.10484877973794937,-0.08202026784420013,0.9908014535903931,0,0,0,0,0,0,0,0,0,0,0,0,0,0
8.144896268844604,3.0,0.07113143801689148,-0.08207418024539948,-0.0745648443698883,0.08195732533931732,-4.643033981323242,-0.84200119972229,-0.5630151033401489,0.6515561938285828,0.03,1.228328824043274,-0.10801184177398682,0.31908711791038513,0.024326980113983154,0.10484877973794937,-0.08202026784420013,0.9908014535903931,0,0,0,0,0,0,0,0,0,0,0,0,0,0
8.146260499954224,3.0,0.07113143801689148,-0.08207418024539948,-0.0745648443698883,0.08195732533931732,-4.643033981323242,-0.84200119972229,-0.5630151033401489,0.6515561938285828,0.03,1.228328824043274,-0.10801184177398682,0.31908711791038513,0.024326980113983154,0.10484877973794937,-0.08202026784420013,0.9908014535903931,0,0,0,0,0,0,0,0,0,0,0,0,0,0
8.147419691085815,3.0,0.07113143801689148,-0.08207418024539948,-0.0745648443698883,0.08195732533931732,-4.643033981323242,-0.84200119972229,-0.5630151033401489,0.6515561938285828,0.03,1.228328824043274,-0.10801184177398682,0.31908711791038513,0.024326980113983154,0.10484877973794937,-0.08202026784420013,0.9908014535903931,0,0,0,0,0,0,0,0,0,0,0,0,0,0
8.148605108261108,3.0,0.07113143801689148,-0.08207418024539948,-0.0745648443698883,0.08195732533931732,-4.643033981323242,-0.84200119972229,-0.5630151033401489,0.6515561938285828,0.03,1.228328824043274,-0.10801184177398682,0.31908711791038513,0.024326980113983154,0.10484877973794937,-0.08202026784420013,0.9908014535903931,0,0,0,0,0,0,0,0,0,0,0,0,0,0
8.149746894836426,3.0,0.07113143801689148,-0.08207418024539948,-0.0745648443698883,0.08195732533931732,-4.643033981323242,-0.84200119972229,-0.5630151033401489,0.6515561938285828,0.03,1.228328824043274,-0.10801184177398682,0.31908711791038513,0.024326980113983154,0.10484877973794937,-0.08202026784420013,0.9908014535903931,0,0,0,0,0,0,0,0,0,0,0,0,0,0
8.150959968566895,3.0,0.07113143801689148,-0.08207418024539948,-0.0745648443698883,0.08195732533931732,-4.643033981323242,-0.84200119972229,-0.5630151033401489,0.6515561938285828,0.03,1.228328824043274,-0.10801184177398682,0.31908711791038513,0.024326980113983154,0.10484877973794937,-0.08202026784420013,0.9908014535903931,0,0,0,0,0,0,0,0,0,0,0,0,0,0
8.153175354003906,3.0,0.07113143801689148,-0.08207418024539948,-0.0745648443698883,0.08195732533931732,-4.643033981323242,-0.84200119972229,-0.5630151033401489,0.6515561938285828,0.03,1.228328824043274,-0.10801184177398682,0.31908711791038513,0.024326980113983154,0.10484877973794937,-0.08202026784420013,0.9908014535903931,0,0,0,0,0,0,0,0,0,0,0,0,0,0
8.15427303314209,3.0,0.07113143801689148,-0.08207418024539948,-0.0745648443698883,0.08195732533931732,-4.643033981323242,-0.84200119972229,-0.5630151033401489,0.6515561938285828,0.03,1.228328824043274,-0.10801184177398682,0.31908711791038513,0.024326980113983154,0.10484877973794937,-0.08202026784420013,0.9908014535903931,0,0,0,0,0,0,0,0,0,0,0,0,0,0
8.156789064407349,3.0,0.07123306393623352,-0.07892031967639923,-0.07487797737121582,0.07936328649520874,-2.9569389820098877,-3.4802334308624268,1.2499920129776,3.766491413116455,0.03,1.228328824043274,-0.10801184177398682,0.31908711791038513,0.024326980113983154,0.10484877973794937,-0.08202026784420013,0.9908014535903931,0,0,0,0,0,0,0,0,0,0,0,0,0,0
8.160265922546387,3.0,0.06900987029075623,-0.0559503510594368,-0.0680314302444458,0.053974807262420654,0.14687414467334747,-3.863771915435791,0.35874414443969727,2.3731167316436768,0.03,1.2284592390060425,-0.10802611708641052,0.31915703415870667,0.023066703230142593,0.10340233147144318,-0.08326099067926407,0.9908801913261414,0,0,0,0,0,0,0,0,0,0,0,0,0,0
8.16171407699585,3.0,0.06900987029075623,-0.0559503510594368,-0.0680314302444458,0.053974807262420654,0.14687414467334747,-3.863771915435791,0.35874414443969727,2.3731167316436768,0.03,1.2284592390060425,-0.10802611708641052,0.31915703415870667,0.023066703230142593,0.10340233147144318,-0.08326099067926407,0.9908801913261414,0,0,0,0,0,0,0,0,0,0,0,0,0,0
8.164878606796265,3.0,0.06900987029075623,-0.0559503510594368,-0.0680314302444458,0.053974807262420654,0.14687414467334747,-3.863771915435791,0.35874414443969727,2.3731167316436768,0.03,1.2284592390060425,-0.10802611708641052,0.31915703415870667,0.023066703230142593,0.10340233147144318,-0.08326099067926407,0.9908801913261414,0,0,0,0,0,0,0,0,0,0,0,0,0,0
8.165981531143188,3.0,0.06900987029075623,-0.0559503510594368,-0.0680314302444458,0.053974807262420654,0.14687414467334747,-3.863771915435791,0.35874414443969727,2.3731167316436768,0.03,1.2284592390060425,-0.10802611708641052,0.31915703415870667,0.023066703230142593,0.10340233147144318,-0.08326099067926407,0.9908801913261414,0,0,0,0,0,0,0,0,0,0,0,0,0,0
8.167094945907593,3.0,0.06900987029075623,-0.0559503510594368,-0.0680314302444458,0.053974807262420654,0.14687414467334747,-3.863771915435791,0.35874414443969727,2.3731167316436768,0.03,1.2284592390060425,-0.10802611708641052,0.31915703415870667,0.023066703230142593,0.10340233147144318,-0.08326099067926407,0.9908801913261414,0,0,0,0,0,0,0,0,0,0,0,0,0,0
8.16851258277893,3.0,0.06900987029075623,-0.0559503510594368,-0.0680314302444458,0.053974807262420654,0.14687414467334747,-3.863771915435791,0.35874414443969727,2.3731167316436768,0.03,1.2284592390060425,-0.10802611708641052,0.31915703415870667,0.023066703230142593,0.10340233147144318,-0.08326099067926407,0.9908801913261414,0,0,0,0,0,0,0,0,0,0,0,0,0,0
8.170015096664429,3.0,0.06900987029075623,-0.0559503510594368,-0.0680314302444458,0.053974807262420654,0.14687414467334747,-3.863771915435791,0.35874414443969727,2.3731167316436768,0.03,1.2284592390060425,-0.10802611708641052,0.31915703415870667,0.023066703230142593,0.10340233147144318,-0.08326099067926407,0.9908801913261414,0,0,0,0,0,0,0,0,0,0,0,0,0,0
8.171647071838379,3.0,0.06900987029075623,-0.0559503510594368,-0.0680314302444458,0.053974807262420654,0.14687414467334747,-3.863771915435791,0.35874414443969727,2.3731167316436768,0.03,1.2284592390060425,-0.10802611708641052,0.31915703415870667,0.023066703230142593,0.10340233147144318,-0.08326099067926407,0.9908801913261414,0,0,0,0,0,0,0,0,0,0,0,0,0,0
8.17271375656128,3.0,0.06900987029075623,-0.0559503510594368,-0.0680314302444458,0.053974807262420654,0.14687414467334747,-3.863771915435791,0.35874414443969727,2.3731167316436768,0.03,1.2284592390060425,-0.10802611708641052,0.31915703415870667,0.023066703230142593,0.10340233147144318,-0.08326099067926407,0.9908801913261414,0,0,0,0,0,0,0,0,0,0,0,0,0,0
8.175353765487671,3.0,0.06900987029075623,-0.0559503510594368,-0.0680314302444458,0.053974807262420654,0.14687414467334747,-3.863771915435791,0.35874414443969727,2.3731167316436768,0.03,1.2284592390060425,-0.10802611708641052,0.31915703415870667,0.023066703230142593,0.10340233147144318,-0.08326099067926407,0.9908801913261414,0,0,0,0,0,0,0,0,0,0,0,0,0,0
8.176449537277222,3.0,0.06900987029075623,-0.0559503510594368,-0.0680314302444458,0.053974807262420654,0.14687414467334747,-3.863771915435791,0.35874414443969727,2.3731167316436768,0.03,1.2284592390060425,-0.10802611708641052,0.31915703415870667,0.023066703230142593,0.10340233147144318,-0.08326099067926407,0.9908801913261414,0,0,0,0,0,0,0,0,0,0,0,0,0,0
8.17771863937378,3.0,0.06900987029075623,-0.0559503510594368,-0.0680314302444458,0.053974807262420654,0.14687414467334747,-3.863771915435791,0.35874414443969727,2.3731167316436768,0.03,1.2284592390060425,-0.10802611708641052,0.31915703415870667,0.023066703230142593,0.10340233147144318,-0.08326099067926407,0.9908801913261414,0,0,0,0,0,0,0,0,0,0,0,0,0,0
8.178955078125,3.0,0.06900987029075623,-0.0559503510594368,-0.0680314302444458,0.053974807262420654,0.14687414467334747,-3.863771915435791,0.35874414443969727,2.3731167316436768,0.03,1.2284592390060425,-0.10802611708641052,0.31915703415870667,0.023066703230142593,0.10340233147144318,-0.08326099067926407,0.9908801913261414,0,0,0,0,0,0,0,0,0,0,0,0,0,0
8.18014669418335,3.0,0.06874731928110123,-0.05300072580575943,-0.06747099757194519,0.05007660388946533,0.43158286809921265,-4.53965425491333,0.43693026900291443,0.7923483848571777,0.03,1.2285236120224,-0.10809975862503052,0.3191976249217987,0.024421805515885353,0.1022205725312233,-0.0765276625752449,0.9915130734443665,0,0,0,0,0,0,0,0,0,0,0,0,0,0
8.182137727737427,3.0,0.06806445866823196,-0.04773935675621033,-0.06679642200469971,0.04462927579879761,0.6512725353240967,-5.4977593421936035,0.7712876200675964,2.42031192779541,0.03,1.228588342666626,-0.1081571877002716,0.3192591369152069,0.02502421662211418,0.10116269439458847,-0.0734933465719223,0.9918360114097595,0,0,0,0,0,0,0,0,0,0,0,0,0,0
8.183849334716797,3.0,0.06806445866823196,-0.04773935675621033,-0.06679642200469971,0.04462927579879761,0.6512725353240967,-5.4977593421936035,0.7712876200675964,2.42031192779541,0.03,1.228588342666626,-0.1081571877002716,0.3192591369152069,0.02502421662211418,0.10116269439458847,-0.0734933465719223,0.9918360114097595,0,0,0,0,0,0,0,0,0,0,0,0,0,0
8.185224771499634,3.0,0.06806445866823196,-0.04773935675621033,-0.06679642200469971,0.04462927579879761,0.6512725353240967,-5.4977593421936035,0.7712876200675964,2.42031192779541,0.03,1.228588342666626,-0.1081571877002716,0.3192591369152069,0.02502421662211418,0.10116269439458847,-0.0734933465719223,0.9918360114097595,0,0,0,0,0,0,0,0,0,0,0,0,0,0
8.186659097671509,3.0,0.06806445866823196,-0.04773935675621033,-0.06679642200469971,0.04462927579879761,0.6512725353240967,-5.4977593421936035,0.7712876200675964,2.42031192779541,0.03,1.228588342666626,-0.1081571877002716,0.3192591369152069,0.02502421662211418,0.10116269439458847,-0.0734933465719223,0.9918360114097595,0,0,0,0,0,0,0,0,0,0,0,0,0,0
8.188080072402954,3.0,0.06806445866823196,-0.04773935675621033,-0.06679642200469971,0.04462927579879761,0.6512725353240967,-5.4977593421936035,0.7712876200675964,2.42031192779541,0.03,1.228588342666626,-0.1081571877002716,0.3192591369152069,0.02502421662211418,0.10116269439458847,-0.0734933465719223,0.9918360114097595,0,0,0,0,0,0,0,0,0,0,0,0,0,0
8.189195394515991,3.0,0.06806445866823196,-0.04773935675621033,-0.06679642200469971,0.04462927579879761,0.6512725353240967,-5.4977593421936035,0.7712876200675964,2.42031192779541,0.03,1.228588342666626,-0.1081571877002716,0.3192591369152069,0.02502421662211418,0.10116269439458847,-0.0734933465719223,0.9918360114097595,0,0,0,0,0,0,0,0,0,0,0,0,0,0
8.190490007400513,3.0,0.06806445866823196,-0.04773935675621033,-0.06679642200469971,0.04462927579879761,0.6512725353240967,-5.4977593421936035,0.7712876200675964,2.42031192779541,0.03,1.228588342666626,-0.1081571877002716,0.3192591369152069,0.02502421662211418,0.10116269439458847,-0.0734933465719223,0.9918360114097595,0,0,0,0,0,0,0,0,0,0,0,0,0,0
8.192827224731445,3.0,0.06696400046348572,-0.03833889216184616,-0.06570792198181152,0.03462660312652588,0.7327386140823364,-5.957481861114502,0.9434083104133606,3.032841920852661,0.03,1.228588342666626,-0.1081571877002716,0.3192591369152069,0.02502421662211418,0.10116269439458847,-0.0734933465719223,0.9918360114097595,0,0,0,0,0,0,0,0,0,0,0,0,0,0
8.19492220878601,3.0,0.0664573684334755,-0.03442509472370148,-0.06522667407989502,0.03136688470840454,0.6173269748687744,-6.000694274902344,0.8460593223571777,3.0577313899993896,0.03,1.2285572290420532,-0.1083461195230484,0.31942057609558105,0.02490629069507122,0.09925264120101929,-0.07968548685312271,0.9915537238121033,0,0,0,0,0,0,0,0,0,0,0,0,0,0
8.196133136749268,3.0,0.0664573684334755,-0.03442509472370148,-0.06522667407989502,0.03136688470840454,0.6173269748687744,-6.000694274902344,0.8460593223571777,3.0577313899993896,0.03,1.2285572290420532,-0.1083461195230484,0.31942057609558105,0.02490629069507122,0.09925264120101929,-0.07968548685312271,0.9915537238121033,0,0,0,0,0,0,0,0,0,0,0,0,0,0
8.197309017181396,3.0,0.0664573684334755,-0.03442509472370148,-0.06522667407989502,0.03136688470840454,0.6173269748687744,-6.000694274902344,0.8460593223571777,3.0577313899993896,0.03,1.2285572290420532,-0.1083461195230484,0.31942057609558105,0.02490629069507122,0.09925264120101929,-0.07968548685312271,0.9915537238121033,0,0,0,0,0,0,0,0,0,0,0,0,0,0
8.198524713516235,3.0,0.0664573684334755,-0.03442509472370148,-0.06522667407989502,0.03136688470840454,0.6173269748687744,-6.000694274902344,0.8460593223571777,3.0577313899993896,0.03,1.2285572290420532,-0.1083461195230484,0.31942057609558105,0.02490629069507122,0.09925264120101929,-0.07968548685312271,0.9915537238121033,0,0,0,0,0,0,0,0,0,0,0,0,0,0
8.200722217559814,3.0,0.06621929258108139,-0.03239787369966507,-0.06509417295455933,0.029336154460906982,0.6226836442947388,-5.749420642852783,0.8213154077529907,2.7299790382385254,0.03,1.2285572290420532,-0.1083461195230484,0.31942057609558105,0.02490629069507122,0.09925264120101929,-0.07968548685312271,0.9915537238121033,0,0,0,0,0,0,0,0,0,0,0,0,0,0
8.20421290397644,3.0,0.0655512660741806,-0.02693162113428116,-0.06442111730575562,0.024016380310058594,0.39771708846092224,-5.637728214263916,0.5712030529975891,2.86604905128479,0.03,1.2286715507507324,-0.10859944671392441,0.31956636905670166,0.016696207225322723,0.0977829098701477,-0.10958394408226013,0.9890152812004089,0,0,0,0,0,0,0,0,0,0,0,0,0,0
8.205334663391113,3.0,0.0655512660741806,-0.02693162113428116,-0.06442111730575562,0.024016380310058594,0.39771708846092224,-5.637728214263916,0.5712030529975891,2.86604905128479,0.03,1.2286715507507324,-0.10859944671392441,0.31956636905670166,0.016696207225322723,0.0977829098701477,-0.10958394408226013,0.9890152812004089,0,0,0,0,0,0,0,0,0,0,0,0,0,0
8.206437349319458,3.0,0.0655512660741806,-0.02693162113428116,-0.06442111730575562,0.024016380310058594,0.39771708846092224,-5.637728214263916,0.5712030529975891,2.86604905128479,0.03,1.2286715507507324,-0.10859944671392441,0.31956636905670166,0.016696207225322723,0.0977829098701477,-0.10958394408226013,0.9890152812004089,0,0,0,0,0,0,0,0,0,0,0,0,0,0
8.207524538040161,3.0,0.0655512660741806,-0.02693162113428116,-0.06442111730575562,0.024016380310058594,0.39771708846092224,-5.637728214263916,0.5712030529975891,2.86604905128479,0.03,1.2286715507507324,-0.10859944671392441,0.31956636905670166,0.016696207225322723,0.0977829098701477,-0.10958394408226013,0.9890152812004089,0,0,0,0,0,0,0,0,0,0,0,0,0,0
8.208589792251587,3.0,0.0655512660741806,-0.02693162113428116,-0.06442111730575562,0.024016380310058594,0.39771708846092224,-5.637728214263916,0.5712030529975891,2.86604905128479,0.03,1.2286715507507324,-0.10859944671392441,0.31956636905670166,0.016696207225322723,0.0977829098701477,-0.10958394408226013,0.9890152812004089,0,0,0,0,0,0,0,0,0,0,0,0,0,0
8.209930658340454,3.0,0.0655512660741806,-0.02693162113428116,-0.06442111730575562,0.024016380310058594,0.39771708846092224,-5.637728214263916,0.5712030529975891,2.86604905128479,0.03,1.2286715507507324,-0.10859944671392441,0.31956636905670166,0.016696207225322723,0.0977829098701477,-0.10958394408226013,0.9890152812004089,0,0,0,0,0,0,0,0,0,0,0,0,0,0
8.21101713180542,3.0,0.0655512660741806,-0.02693162113428116,-0.06442111730575562,0.024016380310058594,0.39771708846092224,-5.637728214263916,0.5712030529975891,2.86604905128479,0.03,1.2286715507507324,-0.10859944671392441,0.31956636905670166,0.016696207225322723,0.0977829098701477,-0.10958394408226013,0.9890152812004089,0,0,0,0,0,0,0,0,0,0,0,0,0,0
8.212105989456177,3.0,0.0655512660741806,-0.02693162113428116,-0.06442111730575562,0.024016380310058594,0.39771708846092224,-5.637728214263916,0.5712030529975891,2.86604905128479,0.03,1.2286715507507324,-0.10859944671392441,0.31956636905670166,0.016696207225322723,0.0977829098701477,-0.10958394408226013,0.9890152812004089,0,0,0,0,0,0,0,0,0,0,0,0,0,0
8.213263988494873,3.0,0.0655512660741806,-0.02693162113428116,-0.06442111730575562,0.024016380310058594,0.39771708846092224,-5.637728214263916,0.5712030529975891,2.86604905128479,0.03,1.2286715507507324,-0.10859944671392441,0.31956636905670166,0.016696207225322723,0.0977829098701477,-0.10958394408226013,0.9890152812004089,0,0,0,0,0,0,0,0,0,0,0,0,0,0
8.21451711654663,3.0,0.0655512660741806,-0.02693162113428116,-0.06442111730575562,0.024016380310058594,0.39771708846092224,-5.637728214263916,0.5712030529975891,2.86604905128479,0.03,1.2286715507507324,-0.10859944671392441,0.31956636905670166,0.016696207225322723,0.0977829098701477,-0.10958394408226013,0.9890152812004089,0,0,0,0,0,0,0,0,0,0,0,0,0,0
8.215630054473877,3.0,0.06505891680717468,-0.02311040461063385,-0.06398701667785645,0.02002882957458496,0.1627025455236435,-6.071394920349121,0.4479460120201111,2.9741878509521484,0.03,1.2287527322769165,-0.10870075970888138,0.3197517395019531,0.01812366023659706,0.09433342516422272,-0.09959977120161057,0.9903801083564758,0,0,0,0,0,0,0,0,0,0,0,0,0,0
8.21669626235962,3.0,0.06505891680717468,-0.02311040461063385,-0.06398701667785645,0.02002882957458496,0.1627025455236435,-6.071394920349121,0.4479460120201111,2.9741878509521484,0.03,1.2287527322769165,-0.10870075970888138,0.3197517395019531,0.01812366023659706,0.09433342516422272,-0.09959977120161057,0.9903801083564758,0,0,0,0,0,0,0,0,0,0,0,0,0,0
8.217864751815796,3.0,0.06505891680717468,-0.02311040461063385,-0.06398701667785645,0.02002882957458496,0.1627025455236435,-6.071394920349121,0.4479460120201111,2.9741878509521484,0.03,1.2287527322769165,-0.10870075970888138,0.3197517395019531,0.01812366023659706,0.09433342516422272,-0.09959977120161057,0.9903801083564758,0,0,0,0,0,0,0,0,0,0,0,0,0,0
8.221552848815918,3.0,0.06505891680717468,-0.02311040461063385,-0.06398701667785645,0.02002882957458496,0.1627025455236435,-6.071394920349121,0.4479460120201111,2.9741878509521484,0.03,1.2287527322769165,-0.10870075970888138,0.3197517395019531,0.01812366023659706,0.09433342516422272,-0.09959977120161057,0.9903801083564758,0,0,0,0,0,0,0,0,0,0,0,0,0,0
8.223164558410645,3.0,0.06427793204784393,-0.012961983680725098,-0.06330740451812744,0.009314239025115967,-0.08623047173023224,-6.7927327156066895,0.3032081127166748,3.0836148262023926,0.03,1.2288177013397217,-0.1087278500199318,0.3199027180671692,0.01948379911482334,0.09304192662239075,-0.09294469654560089,0.9911230206489563,0,0,0,0,0,0,0,0,0,0,0,0,0,0
8.224706649780273,3.0,0.06427793204784393,-0.012961983680725098,-0.06330740451812744,0.009314239025115967,-0.08623047173023224,-6.7927327156066895,0.3032081127166748,3.0836148262023926,0.03,1.2288177013397217,-0.1087278500199318,0.3199027180671692,0.01948379911482334,0.09304192662239075,-0.09294469654560089,0.9911230206489563,0,0,0,0,0,0,0,0,0,0,0,0,0,0
8.22600269317627,3.0,0.0641046017408371,-0.009800545871257782,-0.0632440447807312,0.005939602851867676,-0.20263482630252838,-6.869475841522217,0.25360366702079773,3.055776596069336,0.03,1.2288177013397217,-0.1087278500199318,0.3199027180671692,0.01948379911482334,0.09304192662239075,-0.09294469654560089,0.9911230206489563,0,0,0,0,0,0,0,0,0,0,0,0,0,0
8.227306604385376,3.0,0.0641046017408371,-0.009800545871257782,-0.0632440447807312,0.005939602851867676,-0.20263482630252838,-6.869475841522217,0.25360366702079773,3.055776596069336,0.03,1.2288177013397217,-0.1087278500199318,0.3199027180671692,0.01948379911482334,0.09304192662239075,-0.09294469654560089,0.9911230206489563,0,0,0,0,0,0,0,0,0,0,0,0,0,0
8.229356288909912,3.0,0.06398272514343262,-0.007192522287368774,-0.06321096420288086,0.003340482711791992,-0.284898042678833,-6.594554901123047,0.24265308678150177,2.7489213943481445,0.03,1.2288177013397217,-0.1087278500199318,0.3199027180671692,0.01948379911482334,0.09304192662239075,-0.09294469654560089,0.9911230206489563,0,0,0,0,0,0,0,0,0,0,0,0,0,0
8.23174524307251,3.0,0.06371843814849854,0.0013346895575523376,-0.06315279006958008,-0.005176961421966553,-0.5632740259170532,-7.068538188934326,0.0880318209528923,3.2298834323883057,0.03,1.2288898229599,-0.10874878615140915,0.3202626705169678,0.018264489248394966,0.09044745564460754,-0.09666762501001358,0.9910302758216858,0,0,0,0,0,0,0,0,0,0,0,0,0,0
8.232912302017212,3.0,0.06371843814849854,0.0013346895575523376,-0.06315279006958008,-0.005176961421966553,-0.5632740259170532,-7.068538188934326,0.0880318209528923,3.2298834323883057,0.03,1.2288898229599,-0.10874878615140915,0.3202626705169678,0.018264489248394966,0.09044745564460754,-0.09666762501001358,0.9910302758216858,0,0,0,0,0,0,0,0,0,0,0,0,0,0
8.235629796981812,3.0,0.06371843814849854,0.0013346895575523376,-0.06315279006958008,-0.005176961421966553,-0.5632740259170532,-7.068538188934326,0.0880318209528923,3.2298834323883057,0.03,1.2288898229599,-0.10874878615140915,0.3202626705169678,0.018264489248394966,0.09044745564460754,-0.09666762501001358,0.9910302758216858,0,0,0,0,0,0,0,0,0,0,0,0,0,0
8.236711740493774,3.0,0.06371843814849854,0.0013346895575523376,-0.06315279006958008,-0.005176961421966553,-0.5632740259170532,-7.068538188934326,0.0880318209528923,3.2298834323883057,0.03,1.2288898229599,-0.10874878615140915,0.3202626705169678,0.018264489248394966,0.09044745564460754,-0.09666762501001358,0.9910302758216858,0,0,0,0,0,0,0,0,0,0,0,0,0,0
8.237817287445068,3.0,0.06371843814849854,0.0013346895575523376,-0.06315279006958008,-0.005176961421966553,-0.5632740259170532,-7.068538188934326,0.0880318209528923,3.2298834323883057,0.03,1.2288898229599,-0.10874878615140915,0.3202626705169678,0.018264489248394966,0.09044745564460754,-0.09666762501001358,0.9910302758216858,0,0,0,0,0,0,0,0,0,0,0,0,0,0
8.238935470581055,3.0,0.06371843814849854,0.0013346895575523376,-0.06315279006958008,-0.005176961421966553,-0.5632740259170532,-7.068538188934326,0.0880318209528923,3.2298834323883057,0.03,1.2288898229599,-0.10874878615140915,0.3202626705169678,0.018264489248394966,0.09044745564460754,-0.09666762501001358,0.9910302758216858,0,0,0,0,0,0,0,0,0,0,0,0,0,0
8.240505456924438,3.0,0.06366099417209625,0.010974571108818054,-0.06321674585342407,-0.015085935592651367,-1.016470193862915,-8.263103485107422,-0.2954787313938141,3.878450393676758,0.03,1.2288898229599,-0.10874878615140915,0.3202626705169678,0.018264489248394966,0.09044745564460754,-0.09666762501001358,0.9910302758216858,0,0,0,0,0,0,0,0,0,0,0,0,0,0
8.241724014282227,3.0,0.06366099417209625,0.010974571108818054,-0.06321674585342407,-0.015085935592651367,-1.016470193862915,-8.263103485107422,-0.2954787313938141,3.878450393676758,0.03,1.2288898229599,-0.10874878615140915,0.3202626705169678,0.018264489248394966,0.09044745564460754,-0.09666762501001358,0.9910302758216858,0,0,0,0,0,0,0,0,0,0,0,0,0,0
8.242814540863037,3.0,0.06366099417209625,0.010974571108818054,-0.06321674585342407,-0.015085935592651367,-1.016470193862915,-8.263103485107422,-0.2954787313938141,3.878450393676758,0.03,1.2288898229599,-0.10874878615140915,0.3202626705169678,0.018264489248394966,0.09044745564460754,-0.09666762501001358,0.9910302758216858,0,0,0,0,0,0,0,0,0,0,0,0,0,0
8.243915796279907,3.0,0.06366346031427383,0.01316438615322113,-0.06325334310531616,-0.017631590366363525,-1.1537832021713257,-8.356230735778809,-0.3688087463378906,3.6072893142700195,0.03,1.2288898229599,-0.10874878615140915,0.3202626705169678,0.018264489248394966,0.09044745564460754,-0.09666762501001358,0.9910302758216858,0,0,0,0,0,0,0,0,0,0,0,0,0,0
8.246557235717773,3.0,0.06366391479969025,0.013706415891647339,-0.06328237056732178,-0.018833637237548828,-1.2299273014068604,-8.9642333984375,-0.4148324728012085,4.197048187255859,0.03,1.2288898229599,-0.10874878615140915,0.3202626705169678,0.018264489248394966,0.09044745564460754,-0.09666762501001358,0.9910302758216858,0,0,0,0,0,0,0,0,0,0,0,0,0,0
8.247858762741089,3.0,0.06366391479969025,0.013706415891647339,-0.06328237056732178,-0.018833637237548828,-1.2299273014068604,-8.9642333984375,-0.4148324728012085,4.197048187255859,0.03,1.2288898229599,-0.10874878615140915,0.3202626705169678,0.018264489248394966,0.09044745564460754,-0.09666762501001358,0.9910302758216858,0,0,0,0,0,0,0,0,0,0,0,0,0,0
8.249839544296265,3.0,0.06391336023807526,0.029563263058662415,-0.06426417827606201,-0.03616952896118164,-2.829230785369873,-11.55717658996582,-1.390424132347107,4.957808017730713,0.03,1.2288898229599,-0.10874878615140915,0.3202626705169678,0.018264489248394966,0.09044745564460754,-0.09666762501001358,0.9910302758216858,0,0,0,0,0,0,0,0,0,0,0,0,0,0
8.251444339752197,3.0,0.06391336023807526,0.029563263058662415,-0.06426417827606201,-0.03616952896118164,-2.829230785369873,-11.55717658996582,-1.390424132347107,4.957808017730713,0.03,1.2288898229599,-0.10874878615140915,0.3202626705169678,0.018264489248394966,0.09044745564460754,-0.09666762501001358,0.9910302758216858,0,0,0,0,0,0,0,0,0,0,0,0,0,0
8.252716064453125,3.0,0.06391336023807526,0.029563263058662415,-0.06426417827606201,-0.03616952896118164,-2.829230785369873,-11.55717658996582,-1.390424132347107,4.957808017730713,0.03,1.2288898229599,-0.10874878615140915,0.3202626705169678,0.018264489248394966,0.09044745564460754,-0.09666762501001358,0.9910302758216858,0,0,0,0,0,0,0,0,0,0,0,0,0,0
8.253824949264526,3.0,0.06394945085048676,0.03237132728099823,-0.06455045938491821,-0.03895843029022217,-3.132357597351074,-10.757189750671387,-1.3479890823364258,4.288798809051514,0.03,1.2288898229599,-0.10874878615140915,0.3202626705169678,0.018264489248394966,0.09044745564460754,-0.09666762501001358,0.9910302758216858,0,0,0,0,0,0,0,0,0,0,0,0,0,0
8.255939960479736,3.0,0.06394945085048676,0.03237132728099823,-0.06455045938491821,-0.03895843029022217,-3.132357597351074,-10.757189750671387,-1.3479890823364258,4.288798809051514,0.03,1.2288898229599,-0.10874878615140915,0.3202626705169678,0.018264489248394966,0.09044745564460754,-0.09666762501001358,0.9910302758216858,0,0,0,0,0,0,0,0,0,0,0,0,0,0
8.257749319076538,3.0,0.06394945085048676,0.03237132728099823,-0.06455045938491821,-0.03895843029022217,-3.132357597351074,-10.757189750671387,-1.3479890823364258,4.288798809051514,0.03,1.2288898229599,-0.10874878615140915,0.3202626705169678,0.018264489248394966,0.09044745564460754,-0.09666762501001358,0.9910302758216858,0,0,0,0,0,0,0,0,0,0,0,0,0,0
8.25915241241455,3.0,0.06394945085048676,0.03237132728099823,-0.06455045938491821,-0.03895843029022217,-3.132357597351074,-10.757189750671387,-1.3479890823364258,4.288798809051514,0.03,1.2288898229599,-0.10874878615140915,0.3202626705169678,0.018264489248394966,0.09044745564460754,-0.09666762501001358,0.9910302758216858,0,0,0,0,0,0,0,0,0,0,0,0,0,0
8.260972499847412,3.0,0.06394945085048676,0.03237132728099823,-0.06455045938491821,-0.03895843029022217,-3.132357597351074,-10.757189750671387,-1.3479890823364258,4.288798809051514,0.03,1.2288898229599,-0.10874878615140915,0.3202626705169678,0.018264489248394966,0.09044745564460754,-0.09666762501001358,0.9910302758216858,0,0,0,0,0,0,0,0,0,0,0,0,0,0
8.262601852416992,3.0,0.06394945085048676,0.03237132728099823,-0.06455045938491821,-0.03895843029022217,-3.132357597351074,-10.757189750671387,-1.3479890823364258,4.288798809051514,0.03,1.2288898229599,-0.10874878615140915,0.3202626705169678,0.018264489248394966,0.09044745564460754,-0.09666762501001358,0.9910302758216858,0,0,0,0,0,0,0,0,0,0,0,0,0,0
8.263695001602173,3.0,0.06394945085048676,0.03237132728099823,-0.06455045938491821,-0.03895843029022217,-3.132357597351074,-10.757189750671387,-1.3479890823364258,4.288798809051514,0.03,1.2288898229599,-0.10874878615140915,0.3202626705169678,0.018264489248394966,0.09044745564460754,-0.09666762501001358,0.9910302758216858,0,0,0,0,0,0,0,0,0,0,0,0,0,0
8.265342235565186,3.0,0.06394945085048676,0.03237132728099823,-0.06455045938491821,-0.03895843029022217,-3.132357597351074,-10.757189750671387,-1.3479890823364258,4.288798809051514,0.03,1.2288898229599,-0.10874878615140915,0.3202626705169678,0.018264489248394966,0.09044745564460754,-0.09666762501001358,0.9910302758216858,0,0,0,0,0,0,0,0,0,0,0,0,0,0
8.266945123672485,3.0,0.06394945085048676,0.03237132728099823,-0.06455045938491821,-0.03895843029022217,-3.132357597351074,-10.757189750671387,-1.3479890823364258,4.288798809051514,0.03,1.2288898229599,-0.10874878615140915,0.3202626705169678,0.018264489248394966,0.09044745564460754,-0.09666762501001358,0.9910302758216858,0,0,0,0,0,0,0,0,0,0,0,0,0,0
8.26873517036438,3.0,0.06394945085048676,0.03237132728099823,-0.06455045938491821,-0.03895843029022217,-3.132357597351074,-10.757189750671387,-1.3479890823364258,4.288798809051514,0.03,1.2288898229599,-0.10874878615140915,0.3202626705169678,0.018264489248394966,0.09044745564460754,-0.09666762501001358,0.9910302758216858,0,0,0,0,0,0,0,0,0,0,0,0,0,0
8.270313501358032,3.0,0.06394945085048676,0.03237132728099823,-0.06455045938491821,-0.03895843029022217,-3.132357597351074,-10.757189750671387,-1.3479890823364258,4.288798809051514,0.03,1.2288898229599,-0.10874878615140915,0.3202626705169678,0.018264489248394966,0.09044745564460754,-0.09666762501001358,0.9910302758216858,0,0,0,0,0,0,0,0,0,0,0,0,0,0
8.272715091705322,3.0,0.06394945085048676,0.03237132728099823,-0.06455045938491821,-0.03895843029022217,-3.132357597351074,-10.757189750671387,-1.3479890823364258,4.288798809051514,0.03,1.2288898229599,-0.10874878615140915,0.3202626705169678,0.018264489248394966,0.09044745564460754,-0.09666762501001358,0.9910302758216858,0,0,0,0,0,0,0,0,0,0,0,0,0,0
8.274490594863892,3.0,0.06394945085048676,0.03237132728099823,-0.06455045938491821,-0.03895843029022217,-3.132357597351074,-10.757189750671387,-1.3479890823364258,4.288798809051514,0.03,1.2288898229599,-0.10874878615140915,0.3202626705169678,0.018264489248394966,0.09044745564460754,-0.09666762501001358,0.9910302758216858,0,0,0,0,0,0,0,0,0,0,0,0,0,0
8.27599024772644,3.0,0.06394945085048676,0.03237132728099823,-0.06455045938491821,-0.03895843029022217,-3.132357597351074,-10.757189750671387,-1.3479890823364258,4.288798809051514,0.03,1.2288898229599,-0.10874878615140915,0.3202626705169678,0.018264489248394966,0.09044745564460754,-0.09666762501001358,0.9910302758216858,0,0,0,0,0,0,0,0,0,0,0,0,0,0
8.277518272399902,3.0,0.06394945085048676,0.03237132728099823,-0.06455045938491821,-0.03895843029022217,-3.132357597351074,-10.757189750671387,-1.3479890823364258,4.288798809051514,0.03,1.2288898229599,-0.10874878615140915,0.3202626705169678,0.018264489248394966,0.09044745564460754,-0.09666762501001358,0.9910302758216858,0,0,0,0,0,0,0,0,0,0,0,0,0,0
8.279143333435059,3.0,0.06423760950565338,0.041376158595085144,-0.06559443473815918,-0.04787176847457886,-4.213062286376953,-11.884429931640625,-1.945913553237915,5.227017879486084,0.03,1.2288898229599,-0.10874878615140915,0.3202626705169678,0.018264489248394966,0.09044745564460754,-0.09666762501001358,0.9910302758216858,0,0,0,0,0,0,0,0,0,0,0,0,0,0
8.280254602432251,3.0,0.06439951807260513,0.04505905508995056,-0.06617015600204468,-0.05146300792694092,-5.013683319091797,-12.431853294372559,-2.1859030723571777,5.796815395355225,0.03,1.2288821935653687,-0.10934190452098846,0.32094091176986694,0.0047377292066812515,0.08443745225667953,-0.15741699934005737,0.9839044213294983,0,0,0,0,0,0,0,0,0,0,0,0,0,0
8.281517028808594,3.0,0.06439951807260513,0.04505905508995056,-0.06617015600204468,-0.05146300792694092,-5.013683319091797,-12.431853294372559,-2.1859030723571777,5.796815395355225,0.03,1.228280782699585,-0.10983686149120331,0.3229893743991852,0.008358685299754143,0.06522534042596817,-0.11241941154003143,0.9914826154708862,0,0,0,0,0,0,0,0,0,0,0,0,0,0
8.282862663269043,3.0,0.06439951807260513,0.04505905508995056,-0.06617015600204468,-0.05146300792694092,-5.013683319091797,-12.431853294372559,-2.1859030723571777,5.796815395355225,0.03,1.228280782699585,-0.10983686149120331,0.3229893743991852,0.008358685299754143,0.06522534042596817,-0.11241941154003143,0.9914826154708862,0,0,0,0,0,0,0,0,0,0,0,0,0,0
8.284082651138306,3.0,0.06439951807260513,0.04505905508995056,-0.06617015600204468,-0.05146300792694092,-5.013683319091797,-12.431853294372559,-2.1859030723571777,5.796815395355225,0.03,1.228280782699585,-0.10983686149120331,0.3229893743991852,0.008358685299754143,0.06522534042596817,-0.11241941154003143,0.9914826154708862,0,0,0,0,0,0,0,0,0,0,0,0,0,0
8.285393238067627,3.0,0.06439951807260513,0.04505905508995056,-0.06617015600204468,-0.05146300792694092,-5.013683319091797,-12.431853294372559,-2.1859030723571777,5.796815395355225,0.03,1.228280782699585,-0.10983686149120331,0.3229893743991852,0.008358685299754143,0.06522534042596817,-0.11241941154003143,0.9914826154708862,0,0,0,0,0,0,0,0,0,0,0,0,0,0
8.286865472793579,3.0,0.06439951807260513,0.04505905508995056,-0.06617015600204468,-0.05146300792694092,-5.013683319091797,-12.431853294372559,-2.1859030723571777,5.796815395355225,0.03,1.228280782699585,-0.10983686149120331,0.3229893743991852,0.008358685299754143,0.06522534042596817,-0.11241941154003143,0.9914826154708862,0,0,0,0,0,0,0,0,0,0,0,0,0,0
8.288478136062622,3.0,0.06439951807260513,0.04505905508995056,-0.06617015600204468,-0.05146300792694092,-5.013683319091797,-12.431853294372559,-2.1859030723571777,5.796815395355225,0.03,1.228280782699585,-0.10983686149120331,0.3229893743991852,0.008358685299754143,0.06522534042596817,-0.11241941154003143,0.9914826154708862,0,0,0,0,0,0,0,0,0,0,0,0,0,0
8.289544105529785,3.0,0.06439951807260513,0.04505905508995056,-0.06617015600204468,-0.05146300792694092,-5.013683319091797,-12.431853294372559,-2.1859030723571777,5.796815395355225,0.03,1.2279479503631592,-0.1096884161233902,0.3240121901035309,0.004738082177937031,0.05714942142367363,-0.10508284717798233,0.9928087592124939,0,0,0,0,0,0,0,0,0,0,0,0,0,0
8.290747165679932,3.0,0.06439951807260513,0.04505905508995056,-0.06617015600204468,-0.05146300792694092,-5.013683319091797,-12.431853294372559,-2.1859030723571777,5.796815395355225,0.03,1.2279479503631592,-0.1096884161233902,0.3240121901035309,0.004738082177937031,0.05714942142367363,-0.10508284717798233,0.9928087592124939,0,0,0,0,0,0,0,0,0,0,0,0,0,0
8.291807651519775,3.0,0.06439951807260513,0.04505905508995056,-0.06617015600204468,-0.05146300792694092,-5.013683319091797,-12.431853294372559,-2.1859030723571777,5.796815395355225,0.03,1.2279479503631592,-0.1096884161233902,0.3240121901035309,0.004738082177937031,0.05714942142367363,-0.10508284717798233,0.9928087592124939,0,0,0,0,0,0,0,0,0,0,0,0,0,0
8.2928946018219,3.0,0.06439951807260513,0.04505905508995056,-0.06617015600204468,-0.05146300792694092,-5.013683319091797,-12.431853294372559,-2.1859030723571777,5.796815395355225,0.03,1.2279479503631592,-0.1096884161233902,0.3240121901035309,0.004738082177937031,0.05714942142367363,-0.10508284717798233,0.9928087592124939,0,0,0,0,0,0,0,0,0,0,0,0,0,0
8.29397964477539,3.0,0.06439951807260513,0.04505905508995056,-0.06617015600204468,-0.05146300792694092,-5.013683319091797,-12.431853294372559,-2.1859030723571777,5.796815395355225,0.03,1.2279479503631592,-0.1096884161233902,0.3240121901035309,0.004738082177937031,0.05714942142367363,-0.10508284717798233,0.9928087592124939,0,0,0,0,0,0,0,0,0,0,0,0,0,0
8.295046329498291,3.0,0.06439951807260513,0.04505905508995056,-0.06617015600204468,-0.05146300792694092,-5.013683319091797,-12.431853294372559,-2.1859030723571777,5.796815395355225,0.03,1.2279479503631592,-0.1096884161233902,0.3240121901035309,0.004738082177937031,0.05714942142367363,-0.10508284717798233,0.9928087592124939,0,0,0,0,0,0,0,0,0,0,0,0,0,0
8.29614520072937,3.0,0.06439951807260513,0.04505905508995056,-0.06617015600204468,-0.05146300792694092,-5.013683319091797,-12.431853294372559,-2.1859030723571777,5.796815395355225,0.03,1.2279479503631592,-0.1096884161233902,0.3240121901035309,0.004738082177937031,0.05714942142367363,-0.10508284717798233,0.9928087592124939,0,0,0,0,0,0,0,0,0,0,0,0,0,0
8.297339916229248,3.0,0.06439951807260513,0.04505905508995056,-0.06617015600204468,-0.05146300792694092,-5.013683319091797,-12.431853294372559,-2.1859030723571777,5.796815395355225,0.03,1.2279479503631592,-0.1096884161233902,0.3240121901035309,0.004738082177937031,0.05714942142367363,-0.10508284717798233,0.9928087592124939,0,0,0,0,0,0,0,0,0,0,0,0,0,0
8.298434734344482,3.0,0.06439951807260513,0.04505905508995056,-0.06617015600204468,-0.05146300792694092,-5.013683319091797,-12.431853294372559,-2.1859030723571777,5.796815395355225,0.03,1.2279479503631592,-0.1096884161233902,0.3240121901035309,0.004738082177937031,0.05714942142367363,-0.10508284717798233,0.9928087592124939,0,0,0,0,0,0,0,0,0,0,0,0,0,0
8.299841165542603,3.0,0.06439951807260513,0.04505905508995056,-0.06617015600204468,-0.05146300792694092,-5.013683319091797,-12.431853294372559,-2.1859030723571777,5.796815395355225,0.03,1.2279479503631592,-0.1096884161233902,0.3240121901035309,0.004738082177937031,0.05714942142367363,-0.10508284717798233,0.9928087592124939,0,0,0,0,0,0,0,0,0,0,0,0,0,0
8.302929878234863,3.0,0.06439951807260513,0.04505905508995056,-0.06617015600204468,-0.05146300792694092,-5.013683319091797,-12.431853294372559,-2.1859030723571777,5.796815395355225,0.03,1.2276368141174316,-0.10974697023630142,0.324372798204422,0.004848782904446125,0.05351287126541138,-0.1082674190402031,0.992668628692627,0,0,0,0,0,0,0,0,0,0,0,0,0,0
8.305722951889038,3.0,0.06439951807260513,0.04505905508995056,-0.06617015600204468,-0.05146300792694092,-5.013683319091797,-12.431853294372559,-2.1859030723571777,5.796815395355225,0.03,1.2276368141174316,-0.10974697023630142,0.324372798204422,0.004848782904446125,0.05351287126541138,-0.1082674190402031,0.992668628692627,0,0,0,0,0,0,0,0,0,0,0,0,0,0
8.306920289993286,3.0,0.06439951807260513,0.04505905508995056,-0.06617015600204468,-0.05146300792694092,-5.013683319091797,-12.431853294372559,-2.1859030723571777,5.796815395355225,0.03,1.2276368141174316,-0.10974697023630142,0.324372798204422,0.004848782904446125,0.05351287126541138,-0.1082674190402031,0.992668628692627,0,0,0,0,0,0,0,0,0,0,0,0,0,0
8.308183908462524,3.0,0.06439951807260513,0.04505905508995056,-0.06617015600204468,-0.05146300792694092,-5.013683319091797,-12.431853294372559,-2.1859030723571777,5.796815395355225,0.03,1.2276368141174316,-0.10974697023630142,0.324372798204422,0.004848782904446125,0.05351287126541138,-0.1082674190402031,0.992668628692627,0,0,0,0,0,0,0,0,0,0,0,0,0,0
8.310574769973755,3.0,0.06636938452720642,0.060300424695014954,-0.06922170519828796,-0.06555962562561035,-7.416783332824707,-14.691311836242676,-3.875950336456299,9.180109977722168,0.03,1.2276368141174316,-0.10974697023630142,0.324372798204422,0.004848782904446125,0.05351287126541138,-0.1082674190402031,0.992668628692627,0,0,0,0,0,0,0,0,0,0,0,0,0,0
8.311675548553467,3.0,0.06636938452720642,0.060300424695014954,-0.06922170519828796,-0.06555962562561035,-7.416783332824707,-14.691311836242676,-3.875950336456299,9.180109977722168,0.03,1.2276368141174316,-0.10974697023630142,0.324372798204422,0.004848782904446125,0.05351287126541138,-0.1082674190402031,0.992668628692627,0,0,0,0,0,0,0,0,0,0,0,0,0,0
8.313078165054321,3.0,0.06636938452720642,0.060300424695014954,-0.06922170519828796,-0.06555962562561035,-7.416783332824707,-14.691311836242676,-3.875950336456299,9.180109977722168,0.03,1.2276368141174316,-0.10974697023630142,0.324372798204422,0.004848782904446125,0.05351287126541138,-0.1082674190402031,0.992668628692627,0,0,0,0,0,0,0,0,0,0,0,0,0,0
8.314434051513672,3.0,0.06636938452720642,0.060300424695014954,-0.06922170519828796,-0.06555962562561035,-7.416783332824707,-14.691311836242676,-3.875950336456299,9.180109977722168,0.03,1.2276368141174316,-0.10974697023630142,0.324372798204422,0.004848782904446125,0.05351287126541138,-0.1082674190402031,0.992668628692627,0,0,0,0,0,0,0,0,0,0,0,0,0,0
8.31607723236084,3.0,0.06724150478839874,0.06434226036071777,-0.07005596160888672,-0.06905984878540039,-8.065171241760254,-15.214599609375,-4.446758270263672,10.030999183654785,0.03,1.2273865938186646,-0.10964414477348328,0.32474464178085327,0.004273224156349897,0.051083557307720184,-0.1054324358701706,0.9931043982505798,0,0,0,0,0,0,0,0,0,0,0,0,0,0
8.317225694656372,3.0,0.06724150478839874,0.06434226036071777,-0.07005596160888672,-0.06905984878540039,-8.065171241760254,-15.214599609375,-4.446758270263672,10.030999183654785,0.03,1.2273865938186646,-0.10964414477348328,0.32474464178085327,0.004273224156349897,0.051083557307720184,-0.1054324358701706,0.9931043982505798,0,0,0,0,0,0,0,0,0,0,0,0,0,0
8.318427324295044,3.0,0.06724150478839874,0.06434226036071777,-0.07005596160888672,-0.06905984878540039,-8.065171241760254,-15.214599609375,-4.446758270263672,10.030999183654785,0.03,1.2273865938186646,-0.10964414477348328,0.32474464178085327,0.004273224156349897,0.051083557307720184,-0.1054324358701706,0.9931043982505798,0,0,0,0,0,0,0,0,0,0,0,0,0,0
8.319517612457275,3.0,0.06724150478839874,0.06434226036071777,-0.07005596160888672,-0.06905984878540039,-8.065171241760254,-15.214599609375,-4.446758270263672,10.030999183654785,0.03,1.2273865938186646,-0.10964414477348328,0.32474464178085327,0.004273224156349897,0.051083557307720184,-0.1054324358701706,0.9931043982505798,0,0,0,0,0,0,0,0,0,0,0,0,0,0
8.320590734481812,3.0,0.06724150478839874,0.06434226036071777,-0.07005596160888672,-0.06905984878540039,-8.065171241760254,-15.214599609375,-4.446758270263672,10.030999183654785,0.03,1.2273865938186646,-0.10964414477348328,0.32474464178085327,0.004273224156349897,0.051083557307720184,-0.1054324358701706,0.9931043982505798,0,0,0,0,0,0,0,0,0,0,0,0,0,0
8.321778297424316,3.0,0.06724150478839874,0.06434226036071777,-0.07005596160888672,-0.06905984878540039,-8.065171241760254,-15.214599609375,-4.446758270263672,10.030999183654785,0.03,1.2273865938186646,-0.10964414477348328,0.32474464178085327,0.004273224156349897,0.051083557307720184,-0.1054324358701706,0.9931043982505798,0,0,0,0,0,0,0,0,0,0,0,0,0,0
8.322845220565796,3.0,0.06724150478839874,0.06434226036071777,-0.07005596160888672,-0.06905984878540039,-8.065171241760254,-15.214599609375,-4.446758270263672,10.030999183654785,0.03,1.2273865938186646,-0.10964414477348328,0.32474464178085327,0.004273224156349897,0.051083557307720184,-0.1054324358701706,0.9931043982505798,0,0,0,0,0,0,0,0,0,0,0,0,0,0
8.324028968811035,3.0,0.06724150478839874,0.06434226036071777,-0.07005596160888672,-0.06905984878540039,-8.065171241760254,-15.214599609375,-4.446758270263672,10.030999183654785,0.03,1.2273865938186646,-0.10964414477348328,0.32474464178085327,0.004273224156349897,0.051083557307720184,-0.1054324358701706,0.9931043982505798,0,0,0,0,0,0,0,0,0,0,0,0,0,0
8.326522588729858,3.0,0.06724150478839874,0.06434226036071777,-0.07005596160888672,-0.06905984878540039,-8.065171241760254,-15.214599609375,-4.446758270263672,10.030999183654785,0.03,1.2273865938186646,-0.10964414477348328,0.32474464178085327,0.004273224156349897,0.051083557307720184,-0.1054324358701706,0.9931043982505798,0,0,0,0,0,0,0,0,0,0,0,0,0,0
8.328579664230347,3.0,0.06724150478839874,0.06434226036071777,-0.07005596160888672,-0.06905984878540039,-8.065171241760254,-15.214599609375,-4.446758270263672,10.030999183654785,0.03,1.2273865938186646,-0.10964414477348328,0.32474464178085327,0.004273224156349897,0.051083557307720184,-0.1054324358701706,0.9931043982505798,0,0,0,0,0,0,0,0,0,0,0,0,0,0
8.330193758010864,3.0,0.06724150478839874,0.06434226036071777,-0.07005596160888672,-0.06905984878540039,-8.065171241760254,-15.214599609375,-4.446758270263672,10.030999183654785,0.03,1.2273865938186646,-0.10964414477348328,0.32474464178085327,0.004273224156349897,0.051083557307720184,-0.1054324358701706,0.9931043982505798,0,0,0,0,0,0,0,0,0,0,0,0,0,0
8.332327127456665,4.0,0.06774035096168518,0.06686908006668091,-0.07056233286857605,-0.07112395763397217,-8.599275588989258,-15.103120803833008,-4.877203464508057,10.25351619720459,0.03,1.2273865938186646,-0.10964414477348328,0.32474464178085327,0.004273224156349897,0.051083557307720184,-0.1054324358701706,0.9931043982505798,0,0,0,0,0,0,0,0,0,0,0,0,0,0
8.333686351776123,4.0,0.06732167303562164,0.06908030807971954,-0.07025653123855591,-0.07298147678375244,-4.395379543304443,-13.994220733642578,-0.7127453684806824,9.345480918884277,0.03,1.227099061012268,-0.10966183245182037,0.3251987397670746,0.004857496824115515,0.04884525015950203,-0.10136701166629791,0.9936373829841614,0,0,0,0,0,0,0,0,0,0,0,0,0,0
8.335581541061401,4.0,0.06732167303562164,0.06908030807971954,-0.07025653123855591,-0.07298147678375244,-4.395379543304443,-13.994220733642578,-0.7127453684806824,9.345480918884277,0.03,1.227099061012268,-0.10966183245182037,0.3251987397670746,0.004857496824115515,0.04884525015950203,-0.10136701166629791,0.9936373829841614,0,0,0,0,0,0,0,0,0,0,0,0,0,0
8.337035417556763,4.0,0.06732167303562164,0.06908030807971954,-0.07025653123855591,-0.07298147678375244,-4.395379543304443,-13.994220733642578,-0.7127453684806824,9.345480918884277,0.03,1.227099061012268,-0.10966183245182037,0.3251987397670746,0.004857496824115515,0.04884525015950203,-0.10136701166629791,0.9936373829841614,0,0,0,0,0,0,0,0,0,0,0,0,0,0
8.338156700134277,4.0,0.06732167303562164,0.06908030807971954,-0.07025653123855591,-0.07298147678375244,-4.395379543304443,-13.994220733642578,-0.7127453684806824,9.345480918884277,0.03,1.227099061012268,-0.10966183245182037,0.3251987397670746,0.004857496824115515,0.04884525015950203,-0.10136701166629791,0.9936373829841614,0,0,0,0,0,0,0,0,0,0,0,0,0,0
8.34056305885315,4.0,0.06732167303562164,0.06908030807971954,-0.07025653123855591,-0.07298147678375244,-4.395379543304443,-13.994220733642578,-0.7127453684806824,9.345480918884277,0.03,1.227099061012268,-0.10966183245182037,0.3251987397670746,0.004857496824115515,0.04884525015950203,-0.10136701166629791,0.9936373829841614,0,0,0,0,0,0,0,0,0,0,0,0,0,0
8.341732501983643,4.0,0.06732167303562164,0.06908030807971954,-0.07025653123855591,-0.07298147678375244,-4.395379543304443,-13.994220733642578,-0.7127453684806824,9.345480918884277,0.03,1.227099061012268,-0.10966183245182037,0.3251987397670746,0.004857496824115515,0.04884525015950203,-0.10136701166629791,0.9936373829841614,0,0,0,0,0,0,0,0,0,0,0,0,0,0
8.342821598052979,4.0,0.06732167303562164,0.06908030807971954,-0.07025653123855591,-0.07298147678375244,-4.395379543304443,-13.994220733642578,-0.7127453684806824,9.345480918884277,0.03,1.227099061012268,-0.10966183245182037,0.3251987397670746,0.004857496824115515,0.04884525015950203,-0.10136701166629791,0.9936373829841614,0,0,0,0,0,0,0,0,0,0,0,0,0,0
8.345508098602295,4.0,0.06732167303562164,0.06908030807971954,-0.07025653123855591,-0.07298147678375244,-4.395379543304443,-13.994220733642578,-0.7127453684806824,9.345480918884277,0.03,1.227099061012268,-0.10966183245182037,0.3251987397670746,0.004857496824115515,0.04884525015950203,-0.10136701166629791,0.9936373829841614,0,0,0,0,0,0,0,0,0,0,0,0,0,0
8.347191333770752,4.0,0.06732167303562164,0.06908030807971954,-0.07025653123855591,-0.07298147678375244,-4.395379543304443,-13.994220733642578,-0.7127453684806824,9.345480918884277,0.03,1.227099061012268,-0.10966183245182037,0.3251987397670746,0.004857496824115515,0.04884525015950203,-0.10136701166629791,0.9936373829841614,0,0,0,0,0,0,0,0,0,0,0,0,0,0
8.349114894866943,4.0,0.06732167303562164,0.06908030807971954,-0.07025653123855591,-0.07298147678375244,-4.395379543304443,-13.994220733642578,-0.7127453684806824,9.345480918884277,0.03,1.227099061012268,-0.10966183245182037,0.3251987397670746,0.004857496824115515,0.04884525015950203,-0.10136701166629791,0.9936373829841614,0,0,0,0,0,0,0,0,0,0,0,0,0,0
8.351056337356567,4.0,0.06732167303562164,0.06908030807971954,-0.07025653123855591,-0.07298147678375244,-4.395379543304443,-13.994220733642578,-0.7127453684806824,9.345480918884277,0.03,1.227099061012268,-0.10966183245182037,0.3251987397670746,0.004857496824115515,0.04884525015950203,-0.10136701166629791,0.9936373829841614,0,0,0,0,0,0,0,0,0,0,0,0,0,0
8.353953123092651,4.0,0.06184687465429306,0.07298937439918518,-0.06323331594467163,-0.07611644268035889,4.552163600921631,-11.103028297424316,4.975805759429932,7.108233451843262,0.03,1.2266086339950562,-0.10966704040765762,0.3258087933063507,0.006754798348993063,0.04570277780294418,-0.0816105455160141,0.9955930113792419,0,0,0,0,0,0,0,0,0,0,0,0,0,0
8.355393648147583,4.0,0.06184687465429306,0.07298937439918518,-0.06323331594467163,-0.07611644268035889,4.552163600921631,-11.103028297424316,4.975805759429932,7.108233451843262,0.03,1.2266086339950562,-0.10966704040765762,0.3258087933063507,0.006754798348993063,0.04570277780294418,-0.0816105455160141,0.9955930113792419,0,0,0,0,0,0,0,0,0,0,0,0,0,0
8.356698513031006,4.0,0.06184687465429306,0.07298937439918518,-0.06323331594467163,-0.07611644268035889,4.552163600921631,-11.103028297424316,4.975805759429932,7.108233451843262,0.03,1.2266086339950562,-0.10966704040765762,0.3258087933063507,0.006754798348993063,0.04570277780294418,-0.0816105455160141,0.9955930113792419,0,0,0,0,0,0,0,0,0,0,0,0,0,0
8.357790470123291,4.0,0.06184687465429306,0.07298937439918518,-0.06323331594467163,-0.07611644268035889,4.552163600921631,-11.103028297424316,4.975805759429932,7.108233451843262,0.03,1.2266086339950562,-0.10966704040765762,0.3258087933063507,0.006754798348993063,0.04570277780294418,-0.0816105455160141,0.9955930113792419,0,0,0,0,0,0,0,0,0,0,0,0,0,0
8.359405994415283,4.0,0.06184687465429306,0.07298937439918518,-0.06323331594467163,-0.07611644268035889,4.552163600921631,-11.103028297424316,4.975805759429932,7.108233451843262,0.03,1.2266086339950562,-0.10966704040765762,0.3258087933063507,0.006754798348993063,0.04570277780294418,-0.0816105455160141,0.9955930113792419,0,0,0,0,0,0,0,0,0,0,0,0,0,0
8.360638856887817,4.0,0.0578298345208168,0.07468239963054657,-0.05755031108856201,-0.07764297723770142,5.803761959075928,-10.050329208374023,6.484176158905029,6.003426551818848,0.03,1.2258992195129395,-0.10968323796987534,0.3265007436275482,0.00543180713430047,0.04234776645898819,-0.07978276163339615,0.9958975315093994,0,0,0,0,0,0,0,0,0,0,0,0,0,0
8.361839056015015,4.0,0.0578298345208168,0.07468239963054657,-0.05755031108856201,-0.07764297723770142,5.803761959075928,-10.050329208374023,6.484176158905029,6.003426551818848,0.03,1.2258992195129395,-0.10968323796987534,0.3265007436275482,0.00543180713430047,0.04234776645898819,-0.07978276163339615,0.9958975315093994,0,0,0,0,0,0,0,0,0,0,0,0,0,0
8.363434553146362,4.0,0.0578298345208168,0.07468239963054657,-0.05755031108856201,-0.07764297723770142,5.803761959075928,-10.050329208374023,6.484176158905029,6.003426551818848,0.03,1.2258992195129395,-0.10968323796987534,0.3265007436275482,0.00543180713430047,0.04234776645898819,-0.07978276163339615,0.9958975315093994,0,0,0,0,0,0,0,0,0,0,0,0,0,0
8.364691734313965,4.0,0.0578298345208168,0.07468239963054657,-0.05755031108856201,-0.07764297723770142,5.803761959075928,-10.050329208374023,6.484176158905029,6.003426551818848,0.03,1.2258992195129395,-0.10968323796987534,0.3265007436275482,0.00543180713430047,0.04234776645898819,-0.07978276163339615,0.9958975315093994,0,0,0,0,0,0,0,0,0,0,0,0,0,0
8.366416931152344,4.0,0.0578298345208168,0.07468239963054657,-0.05755031108856201,-0.07764297723770142,5.803761959075928,-10.050329208374023,6.484176158905029,6.003426551818848,0.03,1.2258992195129395,-0.10968323796987534,0.3265007436275482,0.00543180713430047,0.04234776645898819,-0.07978276163339615,0.9958975315093994,0,0,0,0,0,0,0,0,0,0,0,0,0,0
8.367517948150635,4.0,0.0578298345208168,0.07468239963054657,-0.05755031108856201,-0.07764297723770142,5.803761959075928,-10.050329208374023,6.484176158905029,6.003426551818848,0.03,1.2258992195129395,-0.10968323796987534,0.3265007436275482,0.00543180713430047,0.04234776645898819,-0.07978276163339615,0.9958975315093994,0,0,0,0,0,0,0,0,0,0,0,0,0,0
8.368578910827637,4.0,0.0578298345208168,0.07468239963054657,-0.05755031108856201,-0.07764297723770142,5.803761959075928,-10.050329208374023,6.484176158905029,6.003426551818848,0.03,1.2258992195129395,-0.10968323796987534,0.3265007436275482,0.00543180713430047,0.04234776645898819,-0.07978276163339615,0.9958975315093994,0,0,0,0,0,0,0,0,0,0,0,0,0,0
8.36980128288269,4.0,0.04746159911155701,0.07751090824604034,-0.04680889844894409,-0.08003610372543335,6.946813106536865,-7.50998592376709,7.415293216705322,3.7888152599334717,0.03,1.2258992195129395,-0.10968323796987534,0.3265007436275482,0.00543180713430047,0.04234776645898819,-0.07978276163339615,0.9958975315093994,0,0,0,0,0,0,0,0,0,0,0,0,0,0
8.371212720870972,4.0,0.034612834453582764,0.08075423538684845,-0.03265237808227539,-0.08279591798782349,4.7081298828125,-4.720499515533447,4.0063958168029785,1.475140929222107,0.03,1.2255228757858276,-0.10973446071147919,0.3269027769565582,0.005591996479779482,0.03983231261372566,-0.08838435262441635,0.995274007320404,0,0,0,0,0,0,0,0,0,0,0,0,0,0
8.372304677963257,4.0,0.034612834453582764,0.08075423538684845,-0.03265237808227539,-0.08279591798782349,4.7081298828125,-4.720499515533447,4.0063958168029785,1.475140929222107,0.03,1.2255228757858276,-0.10973446071147919,0.3269027769565582,0.005591996479779482,0.03983231261372566,-0.08838435262441635,0.995274007320404,0,0,0,0,0,0,0,0,0,0,0,0,0,0
8.373475551605225,4.0,0.034612834453582764,0.08075423538684845,-0.03265237808227539,-0.08279591798782349,4.7081298828125,-4.720499515533447,4.0063958168029785,1.475140929222107,0.03,1.2255228757858276,-0.10973446071147919,0.3269027769565582,0.005591996479779482,0.03983231261372566,-0.08838435262441635,0.995274007320404,0,0,0,0,0,0,0,0,0,0,0,0,0,0
8.374573707580566,4.0,0.034612834453582764,0.08075423538684845,-0.03265237808227539,-0.08279591798782349,4.7081298828125,-4.720499515533447,4.0063958168029785,1.475140929222107,0.03,1.2255228757858276,-0.10973446071147919,0.3269027769565582,0.005591996479779482,0.03983231261372566,-0.08838435262441635,0.995274007320404,0,0,0,0,0,0,0,0,0,0,0,0,0,0
8.375701189041138,4.0,0.034612834453582764,0.08075423538684845,-0.03265237808227539,-0.08279591798782349,4.7081298828125,-4.720499515533447,4.0063958168029785,1.475140929222107,0.03,1.2255228757858276,-0.10973446071147919,0.3269027769565582,0.005591996479779482,0.03983231261372566,-0.08838435262441635,0.995274007320404,0,0,0,0,0,0,0,0,0,0,0,0,0,0
8.377018928527832,4.0,0.034612834453582764,0.08075423538684845,-0.03265237808227539,-0.08279591798782349,4.7081298828125,-4.720499515533447,4.0063958168029785,1.475140929222107,0.03,1.2255228757858276,-0.10973446071147919,0.3269027769565582,0.005591996479779482,0.03983231261372566,-0.08838435262441635,0.995274007320404,0,0,0,0,0,0,0,0,0,0,0,0,0,0
8.378237009048462,4.0,0.034612834453582764,0.08075423538684845,-0.03265237808227539,-0.08279591798782349,4.7081298828125,-4.720499515533447,4.0063958168029785,1.475140929222107,0.03,1.2255228757858276,-0.10973446071147919,0.3269027769565582,0.005591996479779482,0.03983231261372566,-0.08838435262441635,0.995274007320404,0,0,0,0,0,0,0,0,0,0,0,0,0,0
8.379463911056519,4.0,0.02120065689086914,0.08376133441925049,-0.016515016555786133,-0.08530551195144653,5.1423187255859375,-2.3621644973754883,3.163889169692993,-0.24259081482887268,0.03,1.2254053354263306,-0.10943492501974106,0.3278841972351074,0.005039672367274761,0.03673495724797249,-0.10008624196052551,0.9942876696586609,0,0,0,0,0,0,0,0,0,0,0,0,0,0
8.382214784622192,4.0,0.02120065689086914,0.08376133441925049,-0.016515016555786133,-0.08530551195144653,5.1423187255859375,-2.3621644973754883,3.163889169692993,-0.24259081482887268,0.03,1.2254053354263306,-0.10943492501974106,0.3278841972351074,0.005039672367274761,0.03673495724797249,-0.10008624196052551,0.9942876696586609,0,0,0,0,0,0,0,0,0,0,0,0,0,0
8.384987354278564,4.0,0.02120065689086914,0.08376133441925049,-0.016515016555786133,-0.08530551195144653,5.1423187255859375,-2.3621644973754883,3.163889169692993,-0.24259081482887268,0.03,1.2254053354263306,-0.10943492501974106,0.3278841972351074,0.005039672367274761,0.03673495724797249,-0.10008624196052551,0.9942876696586609,0,0,0,0,0,0,0,0,0,0,0,0,0,0
8.386202812194824,4.0,0.02120065689086914,0.08376133441925049,-0.016515016555786133,-0.08530551195144653,5.1423187255859375,-2.3621644973754883,3.163889169692993,-0.24259081482887268,0.03,1.2254053354263306,-0.10943492501974106,0.3278841972351074,0.005039672367274761,0.03673495724797249,-0.10008624196052551,0.9942876696586609,0,0,0,0,0,0,0,0,0,0,0,0,0,0
8.387485027313232,4.0,0.02120065689086914,0.08376133441925049,-0.016515016555786133,-0.08530551195144653,5.1423187255859375,-2.3621644973754883,3.163889169692993,-0.24259081482887268,0.03,1.2254053354263306,-0.10943492501974106,0.3278841972351074,0.005039672367274761,0.03673495724797249,-0.10008624196052551,0.9942876696586609,0,0,0,0,0,0,0,0,0,0,0,0,0,0
8.38930606842041,4.0,0.02120065689086914,0.08376133441925049,-0.016515016555786133,-0.08530551195144653,5.1423187255859375,-2.3621644973754883,3.163889169692993,-0.24259081482887268,0.03,1.2254053354263306,-0.10943492501974106,0.3278841972351074,0.005039672367274761,0.03673495724797249,-0.10008624196052551,0.9942876696586609,0,0,0,0,0,0,0,0,0,0,0,0,0,0
8.390625238418579,4.0,0.02120065689086914,0.08376133441925049,-0.016515016555786133,-0.08530551195144653,5.1423187255859375,-2.3621644973754883,3.163889169692993,-0.24259081482887268,0.03,1.2254053354263306,-0.10943492501974106,0.3278841972351074,0.005039672367274761,0.03673495724797249,-0.10008624196052551,0.9942876696586609,0,0,0,0,0,0,0,0,0,0,0,0,0,0
8.391711235046387,4.0,0.02120065689086914,0.08376133441925049,-0.016515016555786133,-0.08530551195144653,5.1423187255859375,-2.3621644973754883,3.163889169692993,-0.24259081482887268,0.03,1.2260185480117798,-0.10955903679132462,0.3282238245010376,0.008791106753051281,0.03491560369729996,-0.0965036079287529,0.9946812391281128,0,0,0,0,0,0,0,0,0,0,0,0,0,0
8.393101692199707,4.0,0.02120065689086914,0.08376133441925049,-0.016515016555786133,-0.08530551195144653,5.1423187255859375,-2.3621644973754883,3.163889169692993,-0.24259081482887268,0.03,1.2260185480117798,-0.10955903679132462,0.3282238245010376,0.008791106753051281,0.03491560369729996,-0.0965036079287529,0.9946812391281128,0,0,0,0,0,0,0,0,0,0,0,0,0,0
8.395383596420288,4.0,0.02120065689086914,0.08376133441925049,-0.016515016555786133,-0.08530551195144653,5.1423187255859375,-2.3621644973754883,3.163889169692993,-0.24259081482887268,0.03,1.2260185480117798,-0.10955903679132462,0.3282238245010376,0.008791106753051281,0.03491560369729996,-0.0965036079287529,0.9946812391281128,0,0,0,0,0,0,0,0,0,0,0,0,0,0
8.397017240524292,4.0,0.02120065689086914,0.08376133441925049,-0.016515016555786133,-0.08530551195144653,5.1423187255859375,-2.3621644973754883,3.163889169692993,-0.24259081482887268,0.03,1.2260185480117798,-0.10955903679132462,0.3282238245010376,0.008791106753051281,0.03491560369729996,-0.0965036079287529,0.9946812391281128,0,0,0,0,0,0,0,0,0,0,0,0,0,0
8.39810299873352,4.0,0.02120065689086914,0.08376133441925049,-0.016515016555786133,-0.08530551195144653,5.1423187255859375,-2.3621644973754883,3.163889169692993,-0.24259081482887268,0.03,1.2260185480117798,-0.10955903679132462,0.3282238245010376,0.008791106753051281,0.03491560369729996,-0.0965036079287529,0.9946812391281128,0,0,0,0,0,0,0,0,0,0,0,0,0,0
8.399325847625732,4.0,0.02120065689086914,0.08376133441925049,-0.016515016555786133,-0.08530551195144653,5.1423187255859375,-2.3621644973754883,3.163889169692993,-0.24259081482887268,0.03,1.2260185480117798,-0.10955903679132462,0.3282238245010376,0.008791106753051281,0.03491560369729996,-0.0965036079287529,0.9946812391281128,0,0,0,0,0,0,0,0,0,0,0,0,0,0
8.40043330192566,4.0,0.02120065689086914,0.08376133441925049,-0.016515016555786133,-0.08530551195144653,5.1423187255859375,-2.3621644973754883,3.163889169692993,-0.24259081482887268,0.03,1.2260185480117798,-0.10955903679132462,0.3282238245010376,0.008791106753051281,0.03491560369729996,-0.0965036079287529,0.9946812391281128,0,0,0,0,0,0,0,0,0,0,0,0,0,0
8.401516675949097,4.0,0.02120065689086914,0.08376133441925049,-0.016515016555786133,-0.08530551195144653,5.1423187255859375,-2.3621644973754883,3.163889169692993,-0.24259081482887268,0.03,1.2269368171691895,-0.10971758514642715,0.32815811038017273,0.01101999543607235,0.03655766695737839,-0.10681261867284775,0.9935458302497864,0,0,0,0,0,0,0,0,0,0,0,0,0,0
8.403388261795044,4.0,0.02120065689086914,0.08376133441925049,-0.016515016555786133,-0.08530551195144653,5.1423187255859375,-2.3621644973754883,3.163889169692993,-0.24259081482887268,0.03,1.2269368171691895,-0.10971758514642715,0.32815811038017273,0.01101999543607235,0.03655766695737839,-0.10681261867284775,0.9935458302497864,0,0,0,0,0,0,0,0,0,0,0,0,0,0
8.405166387557983,4.0,0.02120065689086914,0.08376133441925049,-0.016515016555786133,-0.08530551195144653,5.1423187255859375,-2.3621644973754883,3.163889169692993,-0.24259081482887268,0.03,1.2269368171691895,-0.10971758514642715,0.32815811038017273,0.01101999543607235,0.03655766695737839,-0.10681261867284775,0.9935458302497864,0,0,0,0,0,0,0,0,0,0,0,0,0,0
8.406996488571167,4.0,0.02120065689086914,0.08376133441925049,-0.016515016555786133,-0.08530551195144653,5.1423187255859375,-2.3621644973754883,3.163889169692993,-0.24259081482887268,0.03,1.2269368171691895,-0.10971758514642715,0.32815811038017273,0.01101999543607235,0.03655766695737839,-0.10681261867284775,0.9935458302497864,0,0,0,0,0,0,0,0,0,0,0,0,0,0
8.408362627029419,4.0,0.02120065689086914,0.08376133441925049,-0.016515016555786133,-0.08530551195144653,5.1423187255859375,-2.3621644973754883,3.163889169692993,-0.24259081482887268,0.03,1.2269368171691895,-0.10971758514642715,0.32815811038017273,0.01101999543607235,0.03655766695737839,-0.10681261867284775,0.9935458302497864,0,0,0,0,0,0,0,0,0,0,0,0,0,0
8.409627437591553,4.0,0.02120065689086914,0.08376133441925049,-0.016515016555786133,-0.08530551195144653,5.1423187255859375,-2.3621644973754883,3.163889169692993,-0.24259081482887268,0.03,1.2269368171691895,-0.10971758514642715,0.32815811038017273,0.01101999543607235,0.03655766695737839,-0.10681261867284775,0.9935458302497864,0,0,0,0,0,0,0,0,0,0,0,0,0,0
8.410817861557007,4.0,0.02120065689086914,0.08376133441925049,-0.016515016555786133,-0.08530551195144653,5.1423187255859375,-2.3621644973754883,3.163889169692993,-0.24259081482887268,0.03,1.2269368171691895,-0.10971758514642715,0.32815811038017273,0.01101999543607235,0.03655766695737839,-0.10681261867284775,0.9935458302497864,0,0,0,0,0,0,0,0,0,0,0,0,0,0
8.412904977798462,4.0,0.02120065689086914,0.08376133441925049,-0.016515016555786133,-0.08530551195144653,5.1423187255859375,-2.3621644973754883,3.163889169692993,-0.24259081482887268,0.03,1.2269368171691895,-0.10971758514642715,0.32815811038017273,0.01101999543607235,0.03655766695737839,-0.10681261867284775,0.9935458302497864,0,0,0,0,0,0,0,0,0,0,0,0,0,0
8.41491961479187,4.0,0.02120065689086914,0.08376133441925049,-0.016515016555786133,-0.08530551195144653,5.1423187255859375,-2.3621644973754883,3.163889169692993,-0.24259081482887268,0.03,1.2269368171691895,-0.10971758514642715,0.32815811038017273,0.01101999543607235,0.03655766695737839,-0.10681261867284775,0.9935458302497864,0,0,0,0,0,0,0,0,0,0,0,0,0,0
8.416294574737549,4.0,0.02120065689086914,0.08376133441925049,-0.016515016555786133,-0.08530551195144653,5.1423187255859375,-2.3621644973754883,3.163889169692993,-0.24259081482887268,0.03,1.2269368171691895,-0.10971758514642715,0.32815811038017273,0.01101999543607235,0.03655766695737839,-0.10681261867284775,0.9935458302497864,0,0,0,0,0,0,0,0,0,0,0,0,0,0
8.421661853790283,1.0,0.003718554973602295,0.07266278564929962,-0.0023799538612365723,-0.06918013095855713,2.582224130630493,5.791965484619141,2.5498557090759277,-4.369967460632324,0.03,1.2275251150131226,-0.10980195552110672,0.32753896713256836,0.010911391116678715,0.03931458294391632,-0.10500039905309677,0.9936348795890808,0,0,0,0,0,0,0,0,0,0,0,0,0,0
8.422756433486938,1.0,0.003718554973602295,0.07266278564929962,-0.0023799538612365723,-0.06918013095855713,2.582224130630493,5.791965484619141,2.5498557090759277,-4.369967460632324,0.03,1.2275251150131226,-0.10980195552110672,0.32753896713256836,0.010911391116678715,0.03931458294391632,-0.10500039905309677,0.9936348795890808,0,0,0,0,0,0,0,0,0,0,0,0,0,0
8.42543625831604,1.0,0.003718554973602295,0.07266278564929962,-0.0023799538612365723,-0.06918013095855713,2.582224130630493,5.791965484619141,2.5498557090759277,-4.369967460632324,0.03,1.2275251150131226,-0.10980195552110672,0.32753896713256836,0.010911391116678715,0.03931458294391632,-0.10500039905309677,0.9936348795890808,0,0,0,0,0,0,0,0,0,0,0,0,0,0
8.426522016525269,1.0,0.003718554973602295,0.07266278564929962,-0.0023799538612365723,-0.06918013095855713,2.582224130630493,5.791965484619141,2.5498557090759277,-4.369967460632324,0.03,1.2275251150131226,-0.10980195552110672,0.32753896713256836,0.010911391116678715,0.03931458294391632,-0.10500039905309677,0.9936348795890808,0,0,0,0,0,0,0,0,0,0,0,0,0,0
8.427704095840454,1.0,0.003718554973602295,0.07266278564929962,-0.0023799538612365723,-0.06918013095855713,2.582224130630493,5.791965484619141,2.5498557090759277,-4.369967460632324,0.03,1.2275251150131226,-0.10980195552110672,0.32753896713256836,0.010911391116678715,0.03931458294391632,-0.10500039905309677,0.9936348795890808,0,0,0,0,0,0,0,0,0,0,0,0,0,0
8.428897619247437,1.0,0.003718554973602295,0.07266278564929962,-0.0023799538612365723,-0.06918013095855713,2.582224130630493,5.791965484619141,2.5498557090759277,-4.369967460632324,0.03,1.2275251150131226,-0.10980195552110672,0.32753896713256836,0.010911391116678715,0.03931458294391632,-0.10500039905309677,0.9936348795890808,0,0,0,0,0,0,0,0,0,0,0,0,0,0
8.430643796920776,1.0,0.003718554973602295,0.07266278564929962,-0.0023799538612365723,-0.06918013095855713,2.582224130630493,5.791965484619141,2.5498557090759277,-4.369967460632324,0.03,1.2275251150131226,-0.10980195552110672,0.32753896713256836,0.010911391116678715,0.03931458294391632,-0.10500039905309677,0.9936348795890808,0,0,0,0,0,0,0,0,0,0,0,0,0,0
8.432000160217285,1.0,0.003718554973602295,0.07266278564929962,-0.0023799538612365723,-0.06918013095855713,2.582224130630493,5.791965484619141,2.5498557090759277,-4.369967460632324,0.03,1.2275251150131226,-0.10980195552110672,0.32753896713256836,0.010911391116678715,0.03931458294391632,-0.10500039905309677,0.9936348795890808,0,0,0,0,0,0,0,0,0,0,0,0,0,0
8.434256792068481,1.0,0.0040934085845947266,0.06745070219039917,-0.0024300217628479004,-0.06384319067001343,2.8323044776916504,5.292679786682129,2.2451140880584717,-3.8604378700256348,0.03,1.2275251150131226,-0.10980195552110672,0.32753896713256836,0.010911391116678715,0.03931458294391632,-0.10500039905309677,0.9936348795890808,0,0,0,0,0,0,0,0,0,0,0,0,0,0
8.435768127441406,1.0,0.0040934085845947266,0.06745070219039917,-0.0024300217628479004,-0.06384319067001343,2.8323044776916504,5.292679786682129,2.2451140880584717,-3.8604378700256348,0.03,1.2275251150131226,-0.10980195552110672,0.32753896713256836,0.010911391116678715,0.03931458294391632,-0.10500039905309677,0.9936348795890808,0,0,0,0,0,0,0,0,0,0,0,0,0,0
8.43810772895813,1.0,0.0040934085845947266,0.06745070219039917,-0.0024300217628479004,-0.06384319067001343,2.8323044776916504,5.292679786682129,2.2451140880584717,-3.8604378700256348,0.03,1.2275251150131226,-0.10980195552110672,0.32753896713256836,0.010911391116678715,0.03931458294391632,-0.10500039905309677,0.9936348795890808,0,0,0,0,0,0,0,0,0,0,0,0,0,0
8.4397292137146,1.0,0.0040934085845947266,0.06745070219039917,-0.0024300217628479004,-0.06384319067001343,2.8323044776916504,5.292679786682129,2.2451140880584717,-3.8604378700256348,0.03,1.2275251150131226,-0.10980195552110672,0.32753896713256836,0.010911391116678715,0.03931458294391632,-0.10500039905309677,0.9936348795890808,0,0,0,0,0,0,0,0,0,0,0,0,0,0
8.44092583656311,1.0,0.0040934085845947266,0.06745070219039917,-0.0024300217628479004,-0.06384319067001343,2.8323044776916504,5.292679786682129,2.2451140880584717,-3.8604378700256348,0.03,1.2275251150131226,-0.10980195552110672,0.32753896713256836,0.010911391116678715,0.03931458294391632,-0.10500039905309677,0.9936348795890808,0,0,0,0,0,0,0,0,0,0,0,0,0,0
8.44202709197998,1.0,0.0040934085845947266,0.06745070219039917,-0.0024300217628479004,-0.06384319067001343,2.8323044776916504,5.292679786682129,2.2451140880584717,-3.8604378700256348,0.03,1.2275251150131226,-0.10980195552110672,0.32753896713256836,0.010911391116678715,0.03931458294391632,-0.10500039905309677,0.9936348795890808,0,0,0,0,0,0,0,0,0,0,0,0,0,0
8.44334864616394,1.0,0.0040934085845947266,0.06745070219039917,-0.0024300217628479004,-0.06384319067001343,2.8323044776916504,5.292679786682129,2.2451140880584717,-3.8604378700256348,0.03,1.2275251150131226,-0.10980195552110672,0.32753896713256836,0.010911391116678715,0.03931458294391632,-0.10500039905309677,0.9936348795890808,0,0,0,0,0,0,0,0,0,0,0,0,0,0
8.444454193115234,1.0,0.0040934085845947266,0.06745070219039917,-0.0024300217628479004,-0.06384319067001343,2.8323044776916504,5.292679786682129,2.2451140880584717,-3.8604378700256348,0.03,1.2275251150131226,-0.10980195552110672,0.32753896713256836,0.010911391116678715,0.03931458294391632,-0.10500039905309677,0.9936348795890808,0,0,0,0,0,0,0,0,0,0,0,0,0,0
8.44569730758667,1.0,0.0040934085845947266,0.06745070219039917,-0.0024300217628479004,-0.06384319067001343,2.8323044776916504,5.292679786682129,2.2451140880584717,-3.8604378700256348,0.03,1.2275251150131226,-0.10980195552110672,0.32753896713256836,0.010911391116678715,0.03931458294391632,-0.10500039905309677,0.9936348795890808,0,0,0,0,0,0,0,0,0,0,0,0,0,0
8.446792602539062,1.0,0.0040934085845947266,0.06745070219039917,-0.0024300217628479004,-0.06384319067001343,2.8323044776916504,5.292679786682129,2.2451140880584717,-3.8604378700256348,0.03,1.2275251150131226,-0.10980195552110672,0.32753896713256836,0.010911391116678715,0.03931458294391632,-0.10500039905309677,0.9936348795890808,0,0,0,0,0,0,0,0,0,0,0,0,0,0
8.447956562042236,1.0,0.0040934085845947266,0.06745070219039917,-0.0024300217628479004,-0.06384319067001343,2.8323044776916504,5.292679786682129,2.2451140880584717,-3.8604378700256348,0.03,1.2275251150131226,-0.10980195552110672,0.32753896713256836,0.010911391116678715,0.03931458294391632,-0.10500039905309677,0.9936348795890808,0,0,0,0,0,0,0,0,0,0,0,0,0,0
8.449046611785889,1.0,0.0040934085845947266,0.06745070219039917,-0.0024300217628479004,-0.06384319067001343,2.8323044776916504,5.292679786682129,2.2451140880584717,-3.8604378700256348,0.03,1.2275251150131226,-0.10980195552110672,0.32753896713256836,0.010911391116678715,0.03931458294391632,-0.10500039905309677,0.9936348795890808,0,0,0,0,0,0,0,0,0,0,0,0,0,0
8.450110673904419,1.0,0.0040934085845947266,0.06745070219039917,-0.0024300217628479004,-0.06384319067001343,2.8323044776916504,5.292679786682129,2.2451140880584717,-3.8604378700256348,0.03,1.2275251150131226,-0.10980195552110672,0.32753896713256836,0.010911391116678715,0.03931458294391632,-0.10500039905309677,0.9936348795890808,0,0,0,0,0,0,0,0,0,0,0,0,0,0
8.451222658157349,1.0,0.0040934085845947266,0.06745070219039917,-0.0024300217628479004,-0.06384319067001343,2.8323044776916504,5.292679786682129,2.2451140880584717,-3.8604378700256348,0.03,1.2275251150131226,-0.10980195552110672,0.32753896713256836,0.010911391116678715,0.03931458294391632,-0.10500039905309677,0.9936348795890808,0,0,0,0,0,0,0,0,0,0,0,0,0,0
8.452316761016846,1.0,0.0040934085845947266,0.06745070219039917,-0.0024300217628479004,-0.06384319067001343,2.8323044776916504,5.292679786682129,2.2451140880584717,-3.8604378700256348,0.03,1.2275251150131226,-0.10980195552110672,0.32753896713256836,0.010911391116678715,0.03931458294391632,-0.10500039905309677,0.9936348795890808,0,0,0,0,0,0,0,0,0,0,0,0,0,0
8.453420877456665,1.0,0.0040934085845947266,0.06745070219039917,-0.0024300217628479004,-0.06384319067001343,2.8323044776916504,5.292679786682129,2.2451140880584717,-3.8604378700256348,0.03,1.2275251150131226,-0.10980195552110672,0.32753896713256836,0.010911391116678715,0.03931458294391632,-0.10500039905309677,0.9936348795890808,0,0,0,0,0,0,0,0,0,0,0,0,0,0
8.45478630065918,1.0,0.0040934085845947266,0.06745070219039917,-0.0024300217628479004,-0.06384319067001343,2.8323044776916504,5.292679786682129,2.2451140880584717,-3.8604378700256348,0.03,1.2275251150131226,-0.10980195552110672,0.32753896713256836,0.010911391116678715,0.03931458294391632,-0.10500039905309677,0.9936348795890808,0,0,0,0,0,0,0,0,0,0,0,0,0,0
8.456224203109741,1.0,0.0040934085845947266,0.06745070219039917,-0.0024300217628479004,-0.06384319067001343,2.8323044776916504,5.292679786682129,2.2451140880584717,-3.8604378700256348,0.03,1.2275251150131226,-0.10980195552110672,0.32753896713256836,0.010911391116678715,0.03931458294391632,-0.10500039905309677,0.9936348795890808,0,0,0,0,0,0,0,0,0,0,0,0,0,0
8.45753788948059,1.0,0.0040934085845947266,0.06745070219039917,-0.0024300217628479004,-0.06384319067001343,2.8323044776916504,5.292679786682129,2.2451140880584717,-3.8604378700256348,0.03,1.2275251150131226,-0.10980195552110672,0.32753896713256836,0.010911391116678715,0.03931458294391632,-0.10500039905309677,0.9936348795890808,0,0,0,0,0,0,0,0,0,0,0,0,0,0
8.458630561828613,1.0,0.0040934085845947266,0.06745070219039917,-0.0024300217628479004,-0.06384319067001343,2.8323044776916504,5.292679786682129,2.2451140880584717,-3.8604378700256348,0.03,1.2275251150131226,-0.10980195552110672,0.32753896713256836,0.010911391116678715,0.03931458294391632,-0.10500039905309677,0.9936348795890808,0,0,0,0,0,0,0,0,0,0,0,0,0,0
8.459991455078125,1.0,0.0040934085845947266,0.06745070219039917,-0.0024300217628479004,-0.06384319067001343,2.8323044776916504,5.292679786682129,2.2451140880584717,-3.8604378700256348,0.03,1.2275251150131226,-0.10980195552110672,0.32753896713256836,0.010911391116678715,0.03931458294391632,-0.10500039905309677,0.9936348795890808,0,0,0,0,0,0,0,0,0,0,0,0,0,0
8.461280584335327,1.0,0.0040934085845947266,0.06745070219039917,-0.0024300217628479004,-0.06384319067001343,2.8323044776916504,5.292679786682129,2.2451140880584717,-3.8604378700256348,0.03,1.2275251150131226,-0.10980195552110672,0.32753896713256836,0.010911391116678715,0.03931458294391632,-0.10500039905309677,0.9936348795890808,0,0,0,0,0,0,0,0,0,0,0,0,0,0
8.462900400161743,1.0,0.0040934085845947266,0.06745070219039917,-0.0024300217628479004,-0.06384319067001343,2.8323044776916504,5.292679786682129,2.2451140880584717,-3.8604378700256348,0.03,1.2275251150131226,-0.10980195552110672,0.32753896713256836,0.010911391116678715,0.03931458294391632,-0.10500039905309677,0.9936348795890808,0,0,0,0,0,0,0,0,0,0,0,0,0,0
8.464274883270264,1.0,0.0040934085845947266,0.06745070219039917,-0.0024300217628479004,-0.06384319067001343,2.8323044776916504,5.292679786682129,2.2451140880584717,-3.8604378700256348,0.03,1.2275251150131226,-0.10980195552110672,0.32753896713256836,0.010911391116678715,0.03931458294391632,-0.10500039905309677,0.9936348795890808,0,0,0,0,0,0,0,0,0,0,0,0,0,0
8.46568751335144,1.0,0.0040934085845947266,0.06745070219039917,-0.0024300217628479004,-0.06384319067001343,2.8323044776916504,5.292679786682129,2.2451140880584717,-3.8604378700256348,0.03,1.2275251150131226,-0.10980195552110672,0.32753896713256836,0.010911391116678715,0.03931458294391632,-0.10500039905309677,0.9936348795890808,0,0,0,0,0,0,0,0,0,0,0,0,0,0
8.467217922210693,1.0,0.0040934085845947266,0.06745070219039917,-0.0024300217628479004,-0.06384319067001343,2.8323044776916504,5.292679786682129,2.2451140880584717,-3.8604378700256348,0.03,1.2275251150131226,-0.10980195552110672,0.32753896713256836,0.010911391116678715,0.03931458294391632,-0.10500039905309677,0.9936348795890808,0,0,0,0,0,0,0,0,0,0,0,0,0,0
8.468307495117188,1.0,0.0040934085845947266,0.06745070219039917,-0.0024300217628479004,-0.06384319067001343,2.8323044776916504,5.292679786682129,2.2451140880584717,-3.8604378700256348,0.03,1.2275251150131226,-0.10980195552110672,0.32753896713256836,0.010911391116678715,0.03931458294391632,-0.10500039905309677,0.9936348795890808,0,0,0,0,0,0,0,0,0,0,0,0,0,0
8.469650506973267,1.0,0.0040934085845947266,0.06745070219039917,-0.0024300217628479004,-0.06384319067001343,2.8323044776916504,5.292679786682129,2.2451140880584717,-3.8604378700256348,0.03,1.2275251150131226,-0.10980195552110672,0.32753896713256836,0.010911391116678715,0.03931458294391632,-0.10500039905309677,0.9936348795890808,0,0,0,0,0,0,0,0,0,0,0,0,0,0
8.471965789794922,1.0,0.0040934085845947266,0.06745070219039917,-0.0024300217628479004,-0.06384319067001343,2.8323044776916504,5.292679786682129,2.2451140880584717,-3.8604378700256348,0.03,1.2275251150131226,-0.10980195552110672,0.32753896713256836,0.010911391116678715,0.03931458294391632,-0.10500039905309677,0.9936348795890808,0,0,0,0,0,0,0,0,0,0,0,0,0,0
8.473530530929565,1.0,0.0040934085845947266,0.06745070219039917,-0.0024300217628479004,-0.06384319067001343,2.8323044776916504,5.292679786682129,2.2451140880584717,-3.8604378700256348,0.03,1.2275251150131226,-0.10980195552110672,0.32753896713256836,0.010911391116678715,0.03931458294391632,-0.10500039905309677,0.9936348795890808,0,0,0,0,0,0,0,0,0,0,0,0,0,0
8.474615097045898,1.0,0.0040934085845947266,0.06745070219039917,-0.0024300217628479004,-0.06384319067001343,2.8323044776916504,5.292679786682129,2.2451140880584717,-3.8604378700256348,0.03,1.2275251150131226,-0.10980195552110672,0.32753896713256836,0.010911391116678715,0.03931458294391632,-0.10500039905309677,0.9936348795890808,0,0,0,0,0,0,0,0,0,0,0,0,0,0
8.475834131240845,1.0,0.0040934085845947266,0.06745070219039917,-0.0024300217628479004,-0.06384319067001343,2.8323044776916504,5.292679786682129,2.2451140880584717,-3.8604378700256348,0.03,1.2275251150131226,-0.10980195552110672,0.32753896713256836,0.010911391116678715,0.03931458294391632,-0.10500039905309677,0.9936348795890808,0,0,0,0,0,0,0,0,0,0,0,0,0,0
8.47724461555481,1.0,0.0040934085845947266,0.06745070219039917,-0.0024300217628479004,-0.06384319067001343,2.8323044776916504,5.292679786682129,2.2451140880584717,-3.8604378700256348,0.03,1.2275251150131226,-0.10980195552110672,0.32753896713256836,0.010911391116678715,0.03931458294391632,-0.10500039905309677,0.9936348795890808,0,0,0,0,0,0,0,0,0,0,0,0,0,0
8.478309631347656,1.0,0.0040934085845947266,0.06745070219039917,-0.0024300217628479004,-0.06384319067001343,2.8323044776916504,5.292679786682129,2.2451140880584717,-3.8604378700256348,0.03,1.2275251150131226,-0.10980195552110672,0.32753896713256836,0.010911391116678715,0.03931458294391632,-0.10500039905309677,0.9936348795890808,0,0,0,0,0,0,0,0,0,0,0,0,0,0
8.479629516601562,1.0,0.0040934085845947266,0.06745070219039917,-0.0024300217628479004,-0.06384319067001343,2.8323044776916504,5.292679786682129,2.2451140880584717,-3.8604378700256348,0.03,1.2275251150131226,-0.10980195552110672,0.32753896713256836,0.010911391116678715,0.03931458294391632,-0.10500039905309677,0.9936348795890808,0,0,0,0,0,0,0,0,0,0,0,0,0,0
8.481363296508789,1.0,0.0040934085845947266,0.06745070219039917,-0.0024300217628479004,-0.06384319067001343,2.8323044776916504,5.292679786682129,2.2451140880584717,-3.8604378700256348,0.03,1.2275251150131226,-0.10980195552110672,0.32753896713256836,0.010911391116678715,0.03931458294391632,-0.10500039905309677,0.9936348795890808,0,0,0,0,0,0,0,0,0,0,0,0,0,0
8.483746767044067,1.0,0.004164159297943115,0.0630081295967102,-0.0018797516822814941,-0.059512436389923096,2.7923898696899414,4.795104503631592,1.5785678625106812,-3.452510118484497,0.03,1.2275251150131226,-0.10980195552110672,0.32753896713256836,0.010911391116678715,0.03931458294391632,-0.10500039905309677,0.9936348795890808,0,0,0,0,0,0,0,0,0,0,0,0,0,0
8.48538851737976,1.0,0.0038940906524658203,0.055318742990493774,-0.0009241104125976562,-0.05175292491912842,2.4875593185424805,4.294547080993652,0.8691280484199524,-2.6297261714935303,0.03,1.2281436920166016,-0.11044272780418396,0.32693275809288025,0.01022374164313078,0.04355619475245476,-0.12180795520544052,0.9915449023246765,0,0,0,0,0,0,0,0,0,0,0,0,0,0
8.486650705337524,1.0,0.0038940906524658203,0.055318742990493774,-0.0009241104125976562,-0.05175292491912842,2.4875593185424805,4.294547080993652,0.8691280484199524,-2.6297261714935303,0.03,1.2281436920166016,-0.11044272780418396,0.32693275809288025,0.01022374164313078,0.04355619475245476,-0.12180795520544052,0.9915449023246765,0,0,0,0,0,0,0,0,0,0,0,0,0,0
8.487832069396973,1.0,0.0038940906524658203,0.055318742990493774,-0.0009241104125976562,-0.05175292491912842,2.4875593185424805,4.294547080993652,0.8691280484199524,-2.6297261714935303,0.03,1.2281436920166016,-0.11044272780418396,0.32693275809288025,0.01022374164313078,0.04355619475245476,-0.12180795520544052,0.9915449023246765,0,0,0,0,0,0,0,0,0,0,0,0,0,0
8.489078044891357,1.0,0.0038940906524658203,0.055318742990493774,-0.0009241104125976562,-0.05175292491912842,2.4875593185424805,4.294547080993652,0.8691280484199524,-2.6297261714935303,0.03,1.2281436920166016,-0.11044272780418396,0.32693275809288025,0.01022374164313078,0.04355619475245476,-0.12180795520544052,0.9915449023246765,0,0,0,0,0,0,0,0,0,0,0,0,0,0
8.490451574325562,1.0,0.0038940906524658203,0.055318742990493774,-0.0009241104125976562,-0.05175292491912842,2.4875593185424805,4.294547080993652,0.8691280484199524,-2.6297261714935303,0.03,1.2281436920166016,-0.11044272780418396,0.32693275809288025,0.01022374164313078,0.04355619475245476,-0.12180795520544052,0.9915449023246765,0,0,0,0,0,0,0,0,0,0,0,0,0,0
8.491907596588135,1.0,0.0038940906524658203,0.055318742990493774,-0.0009241104125976562,-0.05175292491912842,2.4875593185424805,4.294547080993652,0.8691280484199524,-2.6297261714935303,0.03,1.2281436920166016,-0.11044272780418396,0.32693275809288025,0.01022374164313078,0.04355619475245476,-0.12180795520544052,0.9915449023246765,0,0,0,0,0,0,0,0,0,0,0,0,0,0
8.493273258209229,1.0,0.0038940906524658203,0.055318742990493774,-0.0009241104125976562,-0.05175292491912842,2.4875593185424805,4.294547080993652,0.8691280484199524,-2.6297261714935303,0.03,1.2281436920166016,-0.11044272780418396,0.32693275809288025,0.01022374164313078,0.04355619475245476,-0.12180795520544052,0.9915449023246765,0,0,0,0,0,0,0,0,0,0,0,0,0,0
8.494447946548462,1.0,0.0038940906524658203,0.055318742990493774,-0.0009241104125976562,-0.05175292491912842,2.4875593185424805,4.294547080993652,0.8691280484199524,-2.6297261714935303,0.03,1.2281436920166016,-0.11044272780418396,0.32693275809288025,0.01022374164313078,0.04355619475245476,-0.12180795520544052,0.9915449023246765,0,0,0,0,0,0,0,0,0,0,0,0,0,0
8.498060703277588,1.0,0.0036641955375671387,0.04681229591369629,-0.0007150769233703613,-0.041352689266204834,2.464134931564331,5.782316207885742,0.904511570930481,-2.1467812061309814,0.03,1.2294689416885376,-0.11092863231897354,0.32508164644241333,0.011989676393568516,0.054601483047008514,-0.11196056008338928,0.9921390414237976,0,0,0,0,0,0,0,0,0,0,0,0,0,0
8.49916958808899,1.0,0.0036641955375671387,0.04681229591369629,-0.0007150769233703613,-0.041352689266204834,2.464134931564331,5.782316207885742,0.904511570930481,-2.1467812061309814,0.03,1.2294689416885376,-0.11092863231897354,0.32508164644241333,0.011989676393568516,0.054601483047008514,-0.11196056008338928,0.9921390414237976,0,0,0,0,0,0,0,0,0,0,0,0,0,0
8.500235080718994,1.0,0.0036641955375671387,0.04681229591369629,-0.0007150769233703613,-0.041352689266204834,2.464134931564331,5.782316207885742,0.904511570930481,-2.1467812061309814,0.03,1.2294689416885376,-0.11092863231897354,0.32508164644241333,0.011989676393568516,0.054601483047008514,-0.11196056008338928,0.9921390414237976,0,0,0,0,0,0,0,0,0,0,0,0,0,0
8.502828359603882,1.0,0.0036641955375671387,0.04681229591369629,-0.0007150769233703613,-0.041352689266204834,2.464134931564331,5.782316207885742,0.904511570930481,-2.1467812061309814,0.03,1.2294689416885376,-0.11092863231897354,0.32508164644241333,0.011989676393568516,0.054601483047008514,-0.11196056008338928,0.9921390414237976,0,0,0,0,0,0,0,0,0,0,0,0,0,0
8.50423264503479,1.0,0.0036641955375671387,0.04681229591369629,-0.0007150769233703613,-0.041352689266204834,2.464134931564331,5.782316207885742,0.904511570930481,-2.1467812061309814,0.03,1.2294689416885376,-0.11092863231897354,0.32508164644241333,0.011989676393568516,0.054601483047008514,-0.11196056008338928,0.9921390414237976,0,0,0,0,0,0,0,0,0,0,0,0,0,0
8.507232427597046,1.0,0.0036641955375671387,0.04681229591369629,-0.0007150769233703613,-0.041352689266204834,2.464134931564331,5.782316207885742,0.904511570930481,-2.1467812061309814,0.03,1.2294689416885376,-0.11092863231897354,0.32508164644241333,0.011989676393568516,0.054601483047008514,-0.11196056008338928,0.9921390414237976,0,0,0,0,0,0,0,0,0,0,0,0,0,0
8.51209044456482,1.0,0.003552675247192383,0.04153609275817871,-0.0007484555244445801,-0.03474414348602295,2.393543004989624,6.512312412261963,0.9338488578796387,-1.6767332553863525,0.03,1.2296292781829834,-0.11099823564291,0.3245868682861328,0.01442044135183096,0.05894577503204346,-0.11612073332071304,0.9913796186447144,0,0,0,0,0,0,0,0,0,0,0,0,0,0
8.514200448989868,1.0,0.003413558006286621,0.03459139168262482,-0.0005878806114196777,-0.027422428131103516,2.2898502349853516,6.206737041473389,0.7351017594337463,-1.5121337175369263,0.03,1.22978675365448,-0.11121033877134323,0.3240319788455963,0.012491670437157154,0.06408955156803131,-0.14374907314777374,0.9874576926231384,0,0,0,0,0,0,0,0,0,0,0,0,0,0
8.5157151222229,1.0,0.003413558006286621,0.03459139168262482,-0.0005878806114196777,-0.027422428131103516,2.2898502349853516,6.206737041473389,0.7351017594337463,-1.5121337175369263,0.03,1.22978675365448,-0.11121033877134323,0.3240319788455963,0.012491670437157154,0.06408955156803131,-0.14374907314777374,0.9874576926231384,0,0,0,0,0,0,0,0,0,0,0,0,0,0
8.517714977264404,1.0,0.003413558006286621,0.03459139168262482,-0.0005878806114196777,-0.027422428131103516,2.2898502349853516,6.206737041473389,0.7351017594337463,-1.5121337175369263,0.03,1.22978675365448,-0.11121033877134323,0.3240319788455963,0.012491670437157154,0.06408955156803131,-0.14374907314777374,0.9874576926231384,0,0,0,0,0,0,0,0,0,0,0,0,0,0
8.51903772354126,1.0,0.003413558006286621,0.03459139168262482,-0.0005878806114196777,-0.027422428131103516,2.2898502349853516,6.206737041473389,0.7351017594337463,-1.5121337175369263,0.03,1.22978675365448,-0.11121033877134323,0.3240319788455963,0.012491670437157154,0.06408955156803131,-0.14374907314777374,0.9874576926231384,0,0,0,0,0,0,0,0,0,0,0,0,0,0
8.520142555236816,1.0,0.003413558006286621,0.03459139168262482,-0.0005878806114196777,-0.027422428131103516,2.2898502349853516,6.206737041473389,0.7351017594337463,-1.5121337175369263,0.03,1.22978675365448,-0.11121033877134323,0.3240319788455963,0.012491670437157154,0.06408955156803131,-0.14374907314777374,0.9874576926231384,0,0,0,0,0,0,0,0,0,0,0,0,0,0
8.52133321762085,1.0,0.003413558006286621,0.03459139168262482,-0.0005878806114196777,-0.027422428131103516,2.2898502349853516,6.206737041473389,0.7351017594337463,-1.5121337175369263,0.03,1.22978675365448,-0.11121033877134323,0.3240319788455963,0.012491670437157154,0.06408955156803131,-0.14374907314777374,0.9874576926231384,0,0,0,0,0,0,0,0,0,0,0,0,0,0
8.522430658340454,1.0,0.003413558006286621,0.03459139168262482,-0.0005878806114196777,-0.027422428131103516,2.2898502349853516,6.206737041473389,0.7351017594337463,-1.5121337175369263,0.03,1.22978675365448,-0.11121033877134323,0.3240319788455963,0.012491670437157154,0.06408955156803131,-0.14374907314777374,0.9874576926231384,0,0,0,0,0,0,0,0,0,0,0,0,0,0
8.524011850357056,1.0,0.003404378890991211,0.033037662506103516,-0.0005354881286621094,-0.025923073291778564,2.338961601257324,5.858250141143799,0.7018132209777832,-1.1463329792022705,0.03,1.22978675365448,-0.11121033877134323,0.3240319788455963,0.012491670437157154,0.06408955156803131,-0.14374907314777374,0.9874576926231384,0,0,0,0,0,0,0,0,0,0,0,0,0,0
8.525136709213257,1.0,0.0030043721199035645,0.020766153931617737,-0.00022739171981811523,-0.013481557369232178,2.0086963176727295,5.637515068054199,0.5294575095176697,-0.7537818551063538,0.03,1.229611873626709,-0.11077693104743958,0.32190147042274475,0.022547569125890732,0.07935991883277893,-0.088211290538311,0.9926794767379761,0,0,0,0,0,0,0,0,0,0,0,0,0,0
8.526962041854858,1.0,0.0030043721199035645,0.020766153931617737,-0.00022739171981811523,-0.013481557369232178,2.0086963176727295,5.637515068054199,0.5294575095176697,-0.7537818551063538,0.03,1.229611873626709,-0.11077693104743958,0.32190147042274475,0.022547569125890732,0.07935991883277893,-0.088211290538311,0.9926794767379761,0,0,0,0,0,0,0,0,0,0,0,0,0,0
8.528106689453125,1.0,0.0030043721199035645,0.020766153931617737,-0.00022739171981811523,-0.013481557369232178,2.0086963176727295,5.637515068054199,0.5294575095176697,-0.7537818551063538,0.03,1.229611873626709,-0.11077693104743958,0.32190147042274475,0.022547569125890732,0.07935991883277893,-0.088211290538311,0.9926794767379761,0,0,0,0,0,0,0,0,0,0,0,0,0,0
8.529170989990234,1.0,0.002692580223083496,0.014356225728988647,-0.0002276897430419922,-0.00723421573638916,1.7482165098190308,5.701290607452393,0.5241385102272034,-0.8700149059295654,0.03,1.2294840812683105,-0.1109379231929779,0.32154151797294617,0.024226905778050423,0.08568352460861206,-0.10346857458353043,0.9906390309333801,0,0,0,0,0,0,0,0,0,0,0,0,0,0
8.530309200286865,1.0,0.002692580223083496,0.014356225728988647,-0.0002276897430419922,-0.00723421573638916,1.7482165098190308,5.701290607452393,0.5241385102272034,-0.8700149059295654,0.03,1.2294840812683105,-0.1109379231929779,0.32154151797294617,0.024226905778050423,0.08568352460861206,-0.10346857458353043,0.9906390309333801,0,0,0,0,0,0,0,0,0,0,0,0,0,0
8.531404495239258,1.0,0.002692580223083496,0.014356225728988647,-0.0002276897430419922,-0.00723421573638916,1.7482165098190308,5.701290607452393,0.5241385102272034,-0.8700149059295654,0.03,1.2294840812683105,-0.1109379231929779,0.32154151797294617,0.024226905778050423,0.08568352460861206,-0.10346857458353043,0.9906390309333801,0,0,0,0,0,0,0,0,0,0,0,0,0,0
8.53246545791626,1.0,0.002692580223083496,0.014356225728988647,-0.0002276897430419922,-0.00723421573638916,1.7482165098190308,5.701290607452393,0.5241385102272034,-0.8700149059295654,0.03,1.2294840812683105,-0.1109379231929779,0.32154151797294617,0.024226905778050423,0.08568352460861206,-0.10346857458353043,0.9906390309333801,0,0,0,0,0,0,0,0,0,0,0,0,0,0
8.53352952003479,1.0,0.002692580223083496,0.014356225728988647,-0.0002276897430419922,-0.00723421573638916,1.7482165098190308,5.701290607452393,0.5241385102272034,-0.8700149059295654,0.03,1.2294840812683105,-0.1109379231929779,0.32154151797294617,0.024226905778050423,0.08568352460861206,-0.10346857458353043,0.9906390309333801,0,0,0,0,0,0,0,0,0,0,0,0,0,0
8.534774780273438,1.0,0.002692580223083496,0.014356225728988647,-0.0002276897430419922,-0.00723421573638916,1.7482165098190308,5.701290607452393,0.5241385102272034,-0.8700149059295654,0.03,1.2294840812683105,-0.1109379231929779,0.32154151797294617,0.024226905778050423,0.08568352460861206,-0.10346857458353043,0.9906390309333801,0,0,0,0,0,0,0,0,0,0,0,0,0,0
8.535961151123047,1.0,0.002692580223083496,0.014356225728988647,-0.0002276897430419922,-0.00723421573638916,1.7482165098190308,5.701290607452393,0.5241385102272034,-0.8700149059295654,0.03,1.2294840812683105,-0.1109379231929779,0.32154151797294617,0.024226905778050423,0.08568352460861206,-0.10346857458353043,0.9906390309333801,0,0,0,0,0,0,0,0,0,0,0,0,0,0
8.537270307540894,1.0,0.002692580223083496,0.014356225728988647,-0.0002276897430419922,-0.00723421573638916,1.7482165098190308,5.701290607452393,0.5241385102272034,-0.8700149059295654,0.03,1.2294840812683105,-0.1109379231929779,0.32154151797294617,0.024226905778050423,0.08568352460861206,-0.10346857458353043,0.9906390309333801,0,0,0,0,0,0,0,0,0,0,0,0,0,0
8.53844165802002,1.0,0.002692580223083496,0.014356225728988647,-0.0002276897430419922,-0.00723421573638916,1.7482165098190308,5.701290607452393,0.5241385102272034,-0.8700149059295654,0.03,1.2294840812683105,-0.1109379231929779,0.32154151797294617,0.024226905778050423,0.08568352460861206,-0.10346857458353043,0.9906390309333801,0,0,0,0,0,0,0,0,0,0,0,0,0,0
8.539870977401733,1.0,0.002692580223083496,0.014356225728988647,-0.0002276897430419922,-0.00723421573638916,1.7482165098190308,5.701290607452393,0.5241385102272034,-0.8700149059295654,0.03,1.2294840812683105,-0.1109379231929779,0.32154151797294617,0.024226905778050423,0.08568352460861206,-0.10346857458353043,0.9906390309333801,0,0,0,0,0,0,0,0,0,0,0,0,0,0
8.541799068450928,1.0,0.002692580223083496,0.014356225728988647,-0.0002276897430419922,-0.00723421573638916,1.7482165098190308,5.701290607452393,0.5241385102272034,-0.8700149059295654,0.03,1.2294840812683105,-0.1109379231929779,0.32154151797294617,0.024226905778050423,0.08568352460861206,-0.10346857458353043,0.9906390309333801,0,0,0,0,0,0,0,0,0,0,0,0,0,0
8.545091152191162,1.0,0.002682924270629883,0.010136544704437256,-0.000307619571685791,-0.0031213760375976562,1.8722037076950073,5.2090744972229,0.6110572218894958,-0.2553776502609253,0.03,1.2294840812683105,-0.1109379231929779,0.32154151797294617,0.024226905778050423,0.08568352460861206,-0.10346857458353043,0.9906390309333801,0,0,0,0,0,0,0,0,0,0,0,0,0,0
8.546567678451538,1.0,0.002354741096496582,0.0015728548169136047,-0.00034940242767333984,0.004271149635314941,1.5969103574752808,4.761106491088867,0.639105498790741,-0.4455512464046478,0.03,1.2291847467422485,-0.11060432344675064,0.3202908933162689,0.02718978375196457,0.09543667733669281,-0.09313748776912689,0.9906957149505615,0,0,0,0,0,0,0,0,0,0,0,0,0,0
8.547916412353516,1.0,0.002354741096496582,0.0015728548169136047,-0.00034940242767333984,0.004271149635314941,1.5969103574752808,4.761106491088867,0.639105498790741,-0.4455512464046478,0.03,1.2291847467422485,-0.11060432344675064,0.3202908933162689,0.02718978375196457,0.09543667733669281,-0.09313748776912689,0.9906957149505615,0,0,0,0,0,0,0,0,0,0,0,0,0,0
8.54940938949585,1.0,0.002354741096496582,0.0015728548169136047,-0.00034940242767333984,0.004271149635314941,1.5969103574752808,4.761106491088867,0.639105498790741,-0.4455512464046478,0.03,1.2291847467422485,-0.11060432344675064,0.3202908933162689,0.02718978375196457,0.09543667733669281,-0.09313748776912689,0.9906957149505615,0,0,0,0,0,0,0,0,0,0,0,0,0,0
8.551346063613892,1.0,0.002354741096496582,0.0015728548169136047,-0.00034940242767333984,0.004271149635314941,1.5969103574752808,4.761106491088867,0.639105498790741,-0.4455512464046478,0.03,1.2291847467422485,-0.11060432344675064,0.3202908933162689,0.02718978375196457,0.09543667733669281,-0.09313748776912689,0.9906957149505615,0,0,0,0,0,0,0,0,0,0,0,0,0,0
8.552501201629639,1.0,0.002354741096496582,0.0015728548169136047,-0.00034940242767333984,0.004271149635314941,1.5969103574752808,4.761106491088867,0.639105498790741,-0.4455512464046478,0.03,1.2291847467422485,-0.11060432344675064,0.3202908933162689,0.02718978375196457,0.09543667733669281,-0.09313748776912689,0.9906957149505615,0,0,0,0,0,0,0,0,0,0,0,0,0,0
8.55381178855896,1.0,0.002354741096496582,0.0015728548169136047,-0.00034940242767333984,0.004271149635314941,1.5969103574752808,4.761106491088867,0.639105498790741,-0.4455512464046478,0.03,1.2291847467422485,-0.11060432344675064,0.3202908933162689,0.02718978375196457,0.09543667733669281,-0.09313748776912689,0.9906957149505615,0,0,0,0,0,0,0,0,0,0,0,0,0,0
8.554888725280762,1.0,0.002354741096496582,0.0015728548169136047,-0.00034940242767333984,0.004271149635314941,1.5969103574752808,4.761106491088867,0.639105498790741,-0.4455512464046478,0.03,1.2291847467422485,-0.11060432344675064,0.3202908933162689,0.02718978375196457,0.09543667733669281,-0.09313748776912689,0.9906957149505615,0,0,0,0,0,0,0,0,0,0,0,0,0,0
8.556040525436401,1.0,0.002354741096496582,0.0015728548169136047,-0.00034940242767333984,0.004271149635314941,1.5969103574752808,4.761106491088867,0.639105498790741,-0.4455512464046478,0.03,1.2291847467422485,-0.11060432344675064,0.3202908933162689,0.02718978375196457,0.09543667733669281,-0.09313748776912689,0.9906957149505615,0,0,0,0,0,0,0,0,0,0,0,0,0,0
8.557366609573364,1.0,0.002354741096496582,0.0015728548169136047,-0.00034940242767333984,0.004271149635314941,1.5969103574752808,4.761106491088867,0.639105498790741,-0.4455512464046478,0.03,1.2291847467422485,-0.11060432344675064,0.3202908933162689,0.02718978375196457,0.09543667733669281,-0.09313748776912689,0.9906957149505615,0,0,0,0,0,0,0,0,0,0,0,0,0,0
8.558511972427368,1.0,0.0021910667419433594,-0.0026567354798316956,-0.00035303831100463867,0.00830155611038208,1.4810818433761597,4.434449195861816,0.644593358039856,-0.6267858147621155,0.03,1.2291847467422485,-0.11060432344675064,0.3202908933162689,0.02718978375196457,0.09543667733669281,-0.09313748776912689,0.9906957149505615,0,0,0,0,0,0,0,0,0,0,0,0,0,0
8.559608936309814,1.0,0.0021910667419433594,-0.0026567354798316956,-0.00035303831100463867,0.00830155611038208,1.4810818433761597,4.434449195861816,0.644593358039856,-0.6267858147621155,0.03,1.2291847467422485,-0.11060432344675064,0.3202908933162689,0.02718978375196457,0.09543667733669281,-0.09313748776912689,0.9906957149505615,0,0,0,0,0,0,0,0,0,0,0,0,0,0
8.560763597488403,1.0,0.0021910667419433594,-0.0026567354798316956,-0.00035303831100463867,0.00830155611038208,1.4810818433761597,4.434449195861816,0.644593358039856,-0.6267858147621155,0.03,1.2291847467422485,-0.11060432344675064,0.3202908933162689,0.02718978375196457,0.09543667733669281,-0.09313748776912689,0.9906957149505615,0,0,0,0,0,0,0,0,0,0,0,0,0,0
8.561951875686646,1.0,0.0021910667419433594,-0.0026567354798316956,-0.00035303831100463867,0.00830155611038208,1.4810818433761597,4.434449195861816,0.644593358039856,-0.6267858147621155,0.03,1.2291847467422485,-0.11060432344675064,0.3202908933162689,0.02718978375196457,0.09543667733669281,-0.09313748776912689,0.9906957149505615,0,0,0,0,0,0,0,0,0,0,0,0,0,0
8.56304144859314,1.0,0.0021910667419433594,-0.0026567354798316956,-0.00035303831100463867,0.00830155611038208,1.4810818433761597,4.434449195861816,0.644593358039856,-0.6267858147621155,0.03,1.2291847467422485,-0.11060432344675064,0.3202908933162689,0.02718978375196457,0.09543667733669281,-0.09313748776912689,0.9906957149505615,0,0,0,0,0,0,0,0,0,0,0,0,0,0
8.565538883209229,1.0,0.0021910667419433594,-0.0026567354798316956,-0.00035303831100463867,0.00830155611038208,1.4810818433761597,4.434449195861816,0.644593358039856,-0.6267858147621155,0.03,1.2291847467422485,-0.11060432344675064,0.3202908933162689,0.02718978375196457,0.09543667733669281,-0.09313748776912689,0.9906957149505615,0,0,0,0,0,0,0,0,0,0,0,0,0,0
8.567493438720703,1.0,0.0021910667419433594,-0.0026567354798316956,-0.00035303831100463867,0.00830155611038208,1.4810818433761597,4.434449195861816,0.644593358039856,-0.6267858147621155,0.03,1.2291847467422485,-0.11060432344675064,0.3202908933162689,0.02718978375196457,0.09543667733669281,-0.09313748776912689,0.9906957149505615,0,0,0,0,0,0,0,0,0,0,0,0,0,0
8.568787813186646,1.0,0.0021910667419433594,-0.0026567354798316956,-0.00035303831100463867,0.00830155611038208,1.4810818433761597,4.434449195861816,0.644593358039856,-0.6267858147621155,0.03,1.2286653518676758,-0.11031288653612137,0.31919020414352417,0.023416239768266678,0.10609396547079086,-0.11668609082698822,0.9872082471847534,0,0,0,0,0,0,0,0,0,0,0,0,0,0
8.570093870162964,1.0,0.0021910667419433594,-0.0026567354798316956,-0.00035303831100463867,0.00830155611038208,1.4810818433761597,4.434449195861816,0.644593358039856,-0.6267858147621155,0.03,1.2286653518676758,-0.11031288653612137,0.31919020414352417,0.023416239768266678,0.10609396547079086,-0.11668609082698822,0.9872082471847534,0,0,0,0,0,0,0,0,0,0,0,0,0,0
8.571220636367798,1.0,0.0021910667419433594,-0.0026567354798316956,-0.00035303831100463867,0.00830155611038208,1.4810818433761597,4.434449195861816,0.644593358039856,-0.6267858147621155,0.03,1.2286653518676758,-0.11031288653612137,0.31919020414352417,0.023416239768266678,0.10609396547079086,-0.11668609082698822,0.9872082471847534,0,0,0,0,0,0,0,0,0,0,0,0,0,0
8.573084115982056,1.0,0.0021910667419433594,-0.0026567354798316956,-0.00035303831100463867,0.00830155611038208,1.4810818433761597,4.434449195861816,0.644593358039856,-0.6267858147621155,0.03,1.2286653518676758,-0.11031288653612137,0.31919020414352417,0.023416239768266678,0.10609396547079086,-0.11668609082698822,0.9872082471847534,0,0,0,0,0,0,0,0,0,0,0,0,0,0
8.575100898742676,1.0,0.0021910667419433594,-0.0026567354798316956,-0.00035303831100463867,0.00830155611038208,1.4810818433761597,4.434449195861816,0.644593358039856,-0.6267858147621155,0.03,1.2286653518676758,-0.11031288653612137,0.31919020414352417,0.023416239768266678,0.10609396547079086,-0.11668609082698822,0.9872082471847534,0,0,0,0,0,0,0,0,0,0,0,0,0,0
8.576162815093994,1.0,0.0021910667419433594,-0.0026567354798316956,-0.00035303831100463867,0.00830155611038208,1.4810818433761597,4.434449195861816,0.644593358039856,-0.6267858147621155,0.03,1.2286653518676758,-0.11031288653612137,0.31919020414352417,0.023416239768266678,0.10609396547079086,-0.11668609082698822,0.9872082471847534,0,0,0,0,0,0,0,0,0,0,0,0,0,0
8.577552318572998,1.0,0.0021910667419433594,-0.0026567354798316956,-0.00035303831100463867,0.00830155611038208,1.4810818433761597,4.434449195861816,0.644593358039856,-0.6267858147621155,0.03,1.2286653518676758,-0.11031288653612137,0.31919020414352417,0.023416239768266678,0.10609396547079086,-0.11668609082698822,0.9872082471847534,0,0,0,0,0,0,0,0,0,0,0,0,0,0
8.57898235321045,1.0,0.0021910667419433594,-0.0026567354798316956,-0.00035303831100463867,0.00830155611038208,1.4810818433761597,4.434449195861816,0.644593358039856,-0.6267858147621155,0.03,1.2286653518676758,-0.11031288653612137,0.31919020414352417,0.023416239768266678,0.10609396547079086,-0.11668609082698822,0.9872082471847534,0,0,0,0,0,0,0,0,0,0,0,0,0,0
8.58030915260315,1.0,0.0021910667419433594,-0.0026567354798316956,-0.00035303831100463867,0.00830155611038208,1.4810818433761597,4.434449195861816,0.644593358039856,-0.6267858147621155,0.03,1.2286653518676758,-0.11031288653612137,0.31919020414352417,0.023416239768266678,0.10609396547079086,-0.11668609082698822,0.9872082471847534,0,0,0,0,0,0,0,0,0,0,0,0,0,0
8.58139944076538,1.0,0.0021910667419433594,-0.0026567354798316956,-0.00035303831100463867,0.00830155611038208,1.4810818433761597,4.434449195861816,0.644593358039856,-0.6267858147621155,0.03,1.2286653518676758,-0.11031288653612137,0.31919020414352417,0.023416239768266678,0.10609396547079086,-0.11668609082698822,0.9872082471847534,0,0,0,0,0,0,0,0,0,0,0,0,0,0
8.582496404647827,1.0,0.0021910667419433594,-0.0026567354798316956,-0.00035303831100463867,0.00830155611038208,1.4810818433761597,4.434449195861816,0.644593358039856,-0.6267858147621155,0.03,1.2286653518676758,-0.11031288653612137,0.31919020414352417,0.023416239768266678,0.10609396547079086,-0.11668609082698822,0.9872082471847534,0,0,0,0,0,0,0,0,0,0,0,0,0,0
8.5840744972229,1.0,0.0021910667419433594,-0.0026567354798316956,-0.00035303831100463867,0.00830155611038208,1.4810818433761597,4.434449195861816,0.644593358039856,-0.6267858147621155,0.03,1.2286653518676758,-0.11031288653612137,0.31919020414352417,0.023416239768266678,0.10609396547079086,-0.11668609082698822,0.9872082471847534,0,0,0,0,0,0,0,0,0,0,0,0,0,0
8.58516263961792,1.0,0.0021910667419433594,-0.0026567354798316956,-0.00035303831100463867,0.00830155611038208,1.4810818433761597,4.434449195861816,0.644593358039856,-0.6267858147621155,0.03,1.2286653518676758,-0.11031288653612137,0.31919020414352417,0.023416239768266678,0.10609396547079086,-0.11668609082698822,0.9872082471847534,0,0,0,0,0,0,0,0,0,0,0,0,0,0
8.586512327194214,1.0,0.0021910667419433594,-0.0026567354798316956,-0.00035303831100463867,0.00830155611038208,1.4810818433761597,4.434449195861816,0.644593358039856,-0.6267858147621155,0.03,1.2286653518676758,-0.11031288653612137,0.31919020414352417,0.023416239768266678,0.10609396547079086,-0.11668609082698822,0.9872082471847534,0,0,0,0,0,0,0,0,0,0,0,0,0,0
8.588876724243164,1.0,0.0021910667419433594,-0.0026567354798316956,-0.00035303831100463867,0.00830155611038208,1.4810818433761597,4.434449195861816,0.644593358039856,-0.6267858147621155,0.03,1.2286653518676758,-0.11031288653612137,0.31919020414352417,0.023416239768266678,0.10609396547079086,-0.11668609082698822,0.9872082471847534,0,0,0,0,0,0,0,0,0,0,0,0,0,0
8.590413570404053,1.0,0.0021910667419433594,-0.0026567354798316956,-0.00035303831100463867,0.00830155611038208,1.4810818433761597,4.434449195861816,0.644593358039856,-0.6267858147621155,0.03,1.2286653518676758,-0.11031288653612137,0.31919020414352417,0.023416239768266678,0.10609396547079086,-0.11668609082698822,0.9872082471847534,0,0,0,0,0,0,0,0,0,0,0,0,0,0
8.591566562652588,1.0,0.0021910667419433594,-0.0026567354798316956,-0.00035303831100463867,0.00830155611038208,1.4810818433761597,4.434449195861816,0.644593358039856,-0.6267858147621155,0.03,1.2286653518676758,-0.11031288653612137,0.31919020414352417,0.023416239768266678,0.10609396547079086,-0.11668609082698822,0.9872082471847534,0,0,0,0,0,0,0,0,0,0,0,0,0,0
8.592862367630005,1.0,0.0021910667419433594,-0.0026567354798316956,-0.00035303831100463867,0.00830155611038208,1.4810818433761597,4.434449195861816,0.644593358039856,-0.6267858147621155,0.03,1.2286653518676758,-0.11031288653612137,0.31919020414352417,0.023416239768266678,0.10609396547079086,-0.11668609082698822,0.9872082471847534,0,0,0,0,0,0,0,0,0,0,0,0,0,0
8.594259977340698,1.0,0.0021910667419433594,-0.0026567354798316956,-0.00035303831100463867,0.00830155611038208,1.4810818433761597,4.434449195861816,0.644593358039856,-0.6267858147621155,0.03,1.2286653518676758,-0.11031288653612137,0.31919020414352417,0.023416239768266678,0.10609396547079086,-0.11668609082698822,0.9872082471847534,0,0,0,0,0,0,0,0,0,0,0,0,0,0
8.595982074737549,1.0,0.0021910667419433594,-0.0026567354798316956,-0.00035303831100463867,0.00830155611038208,1.4810818433761597,4.434449195861816,0.644593358039856,-0.6267858147621155,0.03,1.2286653518676758,-0.11031288653612137,0.31919020414352417,0.023416239768266678,0.10609396547079086,-0.11668609082698822,0.9872082471847534,0,0,0,0,0,0,0,0,0,0,0,0,0,0
8.597295761108398,1.0,0.0021910667419433594,-0.0026567354798316956,-0.00035303831100463867,0.00830155611038208,1.4810818433761597,4.434449195861816,0.644593358039856,-0.6267858147621155,0.03,1.2286653518676758,-0.11031288653612137,0.31919020414352417,0.023416239768266678,0.10609396547079086,-0.11668609082698822,0.9872082471847534,0,0,0,0,0,0,0,0,0,0,0,0,0,0
8.59844446182251,1.0,0.0021910667419433594,-0.0026567354798316956,-0.00035303831100463867,0.00830155611038208,1.4810818433761597,4.434449195861816,0.644593358039856,-0.6267858147621155,0.03,1.2286653518676758,-0.11031288653612137,0.31919020414352417,0.023416239768266678,0.10609396547079086,-0.11668609082698822,0.9872082471847534,0,0,0,0,0,0,0,0,0,0,0,0,0,0
8.599706888198853,1.0,0.002154529094696045,-0.003929220139980316,-0.0003489255905151367,0.009300291538238525,1.4995566606521606,4.767298221588135,0.6436745524406433,-1.248295545578003,0.03,1.2287293672561646,-0.11019586026668549,0.31898653507232666,0.02319670282304287,0.10771044343709946,-0.11106345057487488,0.9876868724822998,0,0,0,0,0,0,0,0,0,0,0,0,0,0
8.60100793838501,1.0,0.002154529094696045,-0.003929220139980316,-0.0003489255905151367,0.009300291538238525,1.4995566606521606,4.767298221588135,0.6436745524406433,-1.248295545578003,0.03,1.2287293672561646,-0.11019586026668549,0.31898653507232666,0.02319670282304287,0.10771044343709946,-0.11106345057487488,0.9876868724822998,0,0,0,0,0,0,0,0,0,0,0,0,0,0
8.602656841278076,1.0,0.0012689828872680664,-0.0263374000787735,-0.00034368038177490234,0.031052768230438232,0.806276798248291,4.169411659240723,0.685202419757843,-0.8293806314468384,0.03,1.2287293672561646,-0.11019586026668549,0.31898653507232666,0.02319670282304287,0.10771044343709946,-0.11106345057487488,0.9876868724822998,0,0,0,0,0,0,0,0,0,0,0,0,0,0
8.603941917419434,1.0,0.0012689828872680664,-0.0263374000787735,-0.00034368038177490234,0.031052768230438232,0.806276798248291,4.169411659240723,0.685202419757843,-0.8293806314468384,0.03,1.2287293672561646,-0.11019586026668549,0.31898653507232666,0.02319670282304287,0.10771044343709946,-0.11106345057487488,0.9876868724822998,0,0,0,0,0,0,0,0,0,0,0,0,0,0
8.60546350479126,1.0,0.0012689828872680664,-0.0263374000787735,-0.00034368038177490234,0.031052768230438232,0.806276798248291,4.169411659240723,0.685202419757843,-0.8293806314468384,0.03,1.2287293672561646,-0.11019586026668549,0.31898653507232666,0.02319670282304287,0.10771044343709946,-0.11106345057487488,0.9876868724822998,0,0,0,0,0,0,0,0,0,0,0,0,0,0
8.606658935546875,1.0,0.0011687278747558594,-0.033160172402858734,-0.0003484487533569336,0.036903202533721924,0.7390841841697693,2.7781217098236084,0.65407395362854,-0.2864271104335785,0.03,1.2287293672561646,-0.11019586026668549,0.31898653507232666,0.02319670282304287,0.10771044343709946,-0.11106345057487488,0.9876868724822998,0,0,0,0,0,0,0,0,0,0,0,0,0,0
8.607731819152832,1.0,0.0011687278747558594,-0.033160172402858734,-0.0003484487533569336,0.036903202533721924,0.7390841841697693,2.7781217098236084,0.65407395362854,-0.2864271104335785,0.03,1.228703260421753,-0.11018510162830353,0.3189484775066376,0.02400350570678711,0.10817139595746994,-0.10673439502716064,0.9880943894386292,0,0,0,0,0,0,0,0,0,0,0,0,0,0
8.608927011489868,1.0,0.0011687278747558594,-0.033160172402858734,-0.0003484487533569336,0.036903202533721924,0.7390841841697693,2.7781217098236084,0.65407395362854,-0.2864271104335785,0.03,1.228703260421753,-0.11018510162830353,0.3189484775066376,0.02400350570678711,0.10817139595746994,-0.10673439502716064,0.9880943894386292,0,0,0,0,0,0,0,0,0,0,0,0,0,0
8.610051155090332,1.0,0.0011687278747558594,-0.033160172402858734,-0.0003484487533569336,0.036903202533721924,0.7390841841697693,2.7781217098236084,0.65407395362854,-0.2864271104335785,0.03,1.228703260421753,-0.11018510162830353,0.3189484775066376,0.02400350570678711,0.10817139595746994,-0.10673439502716064,0.9880943894386292,0,0,0,0,0,0,0,0,0,0,0,0,0,0
8.611110925674438,1.0,0.0011687278747558594,-0.033160172402858734,-0.0003484487533569336,0.036903202533721924,0.7390841841697693,2.7781217098236084,0.65407395362854,-0.2864271104335785,0.03,1.228703260421753,-0.11018510162830353,0.3189484775066376,0.02400350570678711,0.10817139595746994,-0.10673439502716064,0.9880943894386292,0,0,0,0,0,0,0,0,0,0,0,0,0,0
8.61219310760498,1.0,0.0011687278747558594,-0.033160172402858734,-0.0003484487533569336,0.036903202533721924,0.7390841841697693,2.7781217098236084,0.65407395362854,-0.2864271104335785,0.03,1.228703260421753,-0.11018510162830353,0.3189484775066376,0.02400350570678711,0.10817139595746994,-0.10673439502716064,0.9880943894386292,0,0,0,0,0,0,0,0,0,0,0,0,0,0
8.613317966461182,1.0,0.0011687278747558594,-0.033160172402858734,-0.0003484487533569336,0.036903202533721924,0.7390841841697693,2.7781217098236084,0.65407395362854,-0.2864271104335785,0.03,1.228703260421753,-0.11018510162830353,0.3189484775066376,0.02400350570678711,0.10817139595746994,-0.10673439502716064,0.9880943894386292,0,0,0,0,0,0,0,0,0,0,0,0,0,0
8.614431858062744,1.0,0.0011687278747558594,-0.033160172402858734,-0.0003484487533569336,0.036903202533721924,0.7390841841697693,2.7781217098236084,0.65407395362854,-0.2864271104335785,0.03,1.228703260421753,-0.11018510162830353,0.3189484775066376,0.02400350570678711,0.10817139595746994,-0.10673439502716064,0.9880943894386292,0,0,0,0,0,0,0,0,0,0,0,0,0,0
8.61576771736145,1.0,0.0011687278747558594,-0.033160172402858734,-0.0003484487533569336,0.036903202533721924,0.7390841841697693,2.7781217098236084,0.65407395362854,-0.2864271104335785,0.03,1.228703260421753,-0.11018510162830353,0.3189484775066376,0.02400350570678711,0.10817139595746994,-0.10673439502716064,0.9880943894386292,0,0,0,0,0,0,0,0,0,0,0,0,0,0
8.616944551467896,1.0,0.0011687278747558594,-0.033160172402858734,-0.0003484487533569336,0.036903202533721924,0.7390841841697693,2.7781217098236084,0.65407395362854,-0.2864271104335785,0.03,1.228703260421753,-0.11018510162830353,0.3189484775066376,0.02400350570678711,0.10817139595746994,-0.10673439502716064,0.9880943894386292,0,0,0,0,0,0,0,0,0,0,0,0,0,0
8.61836314201355,1.0,0.0011687278747558594,-0.033160172402858734,-0.0003484487533569336,0.036903202533721924,0.7390841841697693,2.7781217098236084,0.65407395362854,-0.2864271104335785,0.03,1.228703260421753,-0.11018510162830353,0.3189484775066376,0.02400350570678711,0.10817139595746994,-0.10673439502716064,0.9880943894386292,0,0,0,0,0,0,0,0,0,0,0,0,0,0
8.620193719863892,1.0,0.0011687278747558594,-0.033160172402858734,-0.0003484487533569336,0.036903202533721924,0.7390841841697693,2.7781217098236084,0.65407395362854,-0.2864271104335785,0.03,1.228703260421753,-0.11018510162830353,0.3189484775066376,0.02400350570678711,0.10817139595746994,-0.10673439502716064,0.9880943894386292,0,0,0,0,0,0,0,0,0,0,0,0,0,0
8.621598482131958,1.0,0.0011687278747558594,-0.033160172402858734,-0.0003484487533569336,0.036903202533721924,0.7390841841697693,2.7781217098236084,0.65407395362854,-0.2864271104335785,0.03,1.228703260421753,-0.11018510162830353,0.3189484775066376,0.02400350570678711,0.10817139595746994,-0.10673439502716064,0.9880943894386292,0,0,0,0,0,0,0,0,0,0,0,0,0,0
8.62371039390564,1.0,0.001126706600189209,-0.03542948514223099,-0.000345766544342041,0.03874695301055908,0.7423869967460632,2.999492883682251,0.6596853137016296,-0.9316844940185547,0.03,1.228703260421753,-0.11018510162830353,0.3189484775066376,0.02400350570678711,0.10817139595746994,-0.10673439502716064,0.9880943894386292,0,0,0,0,0,0,0,0,0,0,0,0,0,0
8.627400159835815,1.0,0.0011439323425292969,-0.0454995334148407,-0.0003426074981689453,0.04745584726333618,0.8410531282424927,2.4819226264953613,0.6711052060127258,-1.3898274898529053,0.03,1.2286900281906128,-0.11014167964458466,0.319004088640213,0.02416217140853405,0.10773048549890518,-0.10580287128686905,0.9882389307022095,0,0,0,0,0,0,0,0,0,0,0,0,0,0
8.628788709640503,1.0,0.0011529326438903809,-0.05108162760734558,-0.0002734065055847168,0.05241471529006958,0.8407477140426636,2.026623010635376,0.6153937578201294,-0.6712692379951477,0.03,1.228694200515747,-0.11019190400838852,0.31895819306373596,0.024209117516875267,0.10731988400220871,-0.10551472753286362,0.9883132576942444,0,0,0,0,0,0,0,0,0,0,0,0,0,0
8.629864931106567,1.0,0.0011529326438903809,-0.05108162760734558,-0.0002734065055847168,0.05241471529006958,0.8407477140426636,2.026623010635376,0.6153937578201294,-0.6712692379951477,0.03,1.228694200515747,-0.11019190400838852,0.31895819306373596,0.024209117516875267,0.10731988400220871,-0.10551472753286362,0.9883132576942444,0,0,0,0,0,0,0,0,0,0,0,0,0,0
8.631535291671753,1.0,0.0011529326438903809,-0.05108162760734558,-0.0002734065055847168,0.05241471529006958,0.8407477140426636,2.026623010635376,0.6153937578201294,-0.6712692379951477,0.03,1.228694200515747,-0.11019190400838852,0.31895819306373596,0.024209117516875267,0.10731988400220871,-0.10551472753286362,0.9883132576942444,0,0,0,0,0,0,0,0,0,0,0,0,0,0
8.632624387741089,1.0,0.0011529326438903809,-0.05108162760734558,-0.0002734065055847168,0.05241471529006958,0.8407477140426636,2.026623010635376,0.6153937578201294,-0.6712692379951477,0.03,1.228694200515747,-0.11019190400838852,0.31895819306373596,0.024209117516875267,0.10731988400220871,-0.10551472753286362,0.9883132576942444,0,0,0,0,0,0,0,0,0,0,0,0,0,0
8.633744955062866,1.0,0.0011529326438903809,-0.05108162760734558,-0.0002734065055847168,0.05241471529006958,0.8407477140426636,2.026623010635376,0.6153937578201294,-0.6712692379951477,0.03,1.228694200515747,-0.11019190400838852,0.31895819306373596,0.024209117516875267,0.10731988400220871,-0.10551472753286362,0.9883132576942444,0,0,0,0,0,0,0,0,0,0,0,0,0,0
8.635712385177612,1.0,0.0012804865837097168,-0.06729602813720703,-0.0002893805503845215,0.06864434480667114,0.9680250883102417,0.9974640011787415,0.6379199028015137,-0.6486168503761292,0.03,1.2286384105682373,-0.11021959781646729,0.31902265548706055,0.024027002975344658,0.10700872540473938,-0.10882454365491867,0.9879924058914185,0,0,0,0,0,0,0,0,0,0,0,0,0,0
8.637760162353516,1.0,0.0012804865837097168,-0.06729602813720703,-0.0002893805503845215,0.06864434480667114,0.9680250883102417,0.9974640011787415,0.6379199028015137,-0.6486168503761292,0.03,1.2286384105682373,-0.11021959781646729,0.31902265548706055,0.024027002975344658,0.10700872540473938,-0.10882454365491867,0.9879924058914185,0,0,0,0,0,0,0,0,0,0,0,0,0,0
8.63922381401062,1.0,0.0012032389640808105,-0.07070913165807724,-0.0002792477607727051,0.07107692956924438,0.887316882610321,0.738974928855896,0.6283525228500366,-0.8531287908554077,0.03,1.2286384105682373,-0.11021959781646729,0.31902265548706055,0.024027002975344658,0.10700872540473938,-0.10882454365491867,0.9879924058914185,0,0,0,0,0,0,0,0,0,0,0,0,0,0
8.640424251556396,1.0,0.0012214183807373047,-0.07136519998311996,-0.0002894401550292969,0.07173746824264526,0.9330520033836365,0.8964026570320129,0.6395642161369324,-0.9371709227561951,0.03,1.2286384105682373,-0.11021959781646729,0.31902265548706055,0.024027002975344658,0.10700872540473938,-0.10882454365491867,0.9879924058914185,0,0,0,0,0,0,0,0,0,0,0,0,0,0
8.64151382446289,1.0,0.0012214183807373047,-0.07136519998311996,-0.0002894401550292969,0.07173746824264526,0.9330520033836365,0.8964026570320129,0.6395642161369324,-0.9371709227561951,0.03,1.2286384105682373,-0.11021959781646729,0.31902265548706055,0.024027002975344658,0.10700872540473938,-0.10882454365491867,0.9879924058914185,0,0,0,0,0,0,0,0,0,0,0,0,0,0
8.642603874206543,1.0,0.0012214183807373047,-0.07136519998311996,-0.0002894401550292969,0.07173746824264526,0.9330520033836365,0.8964026570320129,0.6395642161369324,-0.9371709227561951,0.03,1.2286384105682373,-0.11021959781646729,0.31902265548706055,0.024027002975344658,0.10700872540473938,-0.10882454365491867,0.9879924058914185,0,0,0,0,0,0,0,0,0,0,0,0,0,0
8.64369535446167,1.0,0.0012214183807373047,-0.07136519998311996,-0.0002894401550292969,0.07173746824264526,0.9330520033836365,0.8964026570320129,0.6395642161369324,-0.9371709227561951,0.03,1.2286384105682373,-0.11021959781646729,0.31902265548706055,0.024027002975344658,0.10700872540473938,-0.10882454365491867,0.9879924058914185,0,0,0,0,0,0,0,0,0,0,0,0,0,0
8.644762516021729,1.0,0.0012214183807373047,-0.07136519998311996,-0.0002894401550292969,0.07173746824264526,0.9330520033836365,0.8964026570320129,0.6395642161369324,-0.9371709227561951,0.03,1.2286384105682373,-0.11021959781646729,0.31902265548706055,0.024027002975344658,0.10700872540473938,-0.10882454365491867,0.9879924058914185,0,0,0,0,0,0,0,0,0,0,0,0,0,0
8.646731615066528,1.0,0.0012214183807373047,-0.07136519998311996,-0.0002894401550292969,0.07173746824264526,0.9330520033836365,0.8964026570320129,0.6395642161369324,-0.9371709227561951,0.03,1.2286384105682373,-0.11021959781646729,0.31902265548706055,0.024027002975344658,0.10700872540473938,-0.10882454365491867,0.9879924058914185,0,0,0,0,0,0,0,0,0,0,0,0,0,0
8.648557901382446,1.0,0.0012214183807373047,-0.07136519998311996,-0.0002894401550292969,0.07173746824264526,0.9330520033836365,0.8964026570320129,0.6395642161369324,-0.9371709227561951,0.03,1.2286384105682373,-0.11021959781646729,0.31902265548706055,0.024027002975344658,0.10700872540473938,-0.10882454365491867,0.9879924058914185,0,0,0,0,0,0,0,0,0,0,0,0,0,0
8.649692058563232,1.0,0.0011807084083557129,-0.07269388437271118,-0.00028967857360839844,0.07314443588256836,0.8543845415115356,1.1438910961151123,0.643004834651947,-0.28251129388809204,0.03,1.2285655736923218,-0.11026298254728317,0.3190123438835144,0.021576199680566788,0.10686049610376358,-0.12204566597938538,0.9865192770957947,0,0,0,0,0,0,0,0,0,0,0,0,0,0
8.651240348815918,1.0,0.0011807084083557129,-0.07269388437271118,-0.00028967857360839844,0.07314443588256836,0.8543845415115356,1.1438910961151123,0.643004834651947,-0.28251129388809204,0.03,1.2285655736923218,-0.11026298254728317,0.3190123438835144,0.021576199680566788,0.10686049610376358,-0.12204566597938538,0.9865192770957947,0,0,0,0,0,0,0,0,0,0,0,0,0,0
8.652436017990112,1.0,0.0011807084083557129,-0.07269388437271118,-0.00028967857360839844,0.07314443588256836,0.8543845415115356,1.1438910961151123,0.643004834651947,-0.28251129388809204,0.03,1.2285655736923218,-0.11026298254728317,0.3190123438835144,0.021576199680566788,0.10686049610376358,-0.12204566597938538,0.9865192770957947,0,0,0,0,0,0,0,0,0,0,0,0,0,0
8.653707027435303,1.0,0.0011807084083557129,-0.07269388437271118,-0.00028967857360839844,0.07314443588256836,0.8543845415115356,1.1438910961151123,0.643004834651947,-0.28251129388809204,0.03,1.2285655736923218,-0.11026298254728317,0.3190123438835144,0.021576199680566788,0.10686049610376358,-0.12204566597938538,0.9865192770957947,0,0,0,0,0,0,0,0,0,0,0,0,0,0
8.654865503311157,1.0,0.0011807084083557129,-0.07269388437271118,-0.00028967857360839844,0.07314443588256836,0.8543845415115356,1.1438910961151123,0.643004834651947,-0.28251129388809204,0.03,1.2285655736923218,-0.11026298254728317,0.3190123438835144,0.021576199680566788,0.10686049610376358,-0.12204566597938538,0.9865192770957947,0,0,0,0,0,0,0,0,0,0,0,0,0,0
8.658018827438354,2.0,0.0011184215545654297,-0.08146271109580994,-0.00031185150146484375,0.08152766525745392,-0.14603964984416962,-0.6591640114784241,-0.38207584619522095,0.40049034357070923,0.03,1.2285655736923218,-0.11026298254728317,0.3190123438835144,0.021576199680566788,0.10686049610376358,-0.12204566597938538,0.9865192770957947,0,0,0,0,0,0,0,0,0,0,0,0,0,0
8.661030769348145,2.0,0.003996610641479492,-0.08361141383647919,-0.0031919479370117188,0.08399404585361481,-0.3051280081272125,-1.1915465593338013,-0.5585151314735413,1.3322391510009766,0.03,1.228657603263855,-0.11028466373682022,0.3189886510372162,0.021792329847812653,0.10714071989059448,-0.11911117285490036,0.9868427515029907,0,0,0,0,0,0,0,0,0,0,0,0,0,0
8.662400484085083,2.0,0.003996610641479492,-0.08361141383647919,-0.0031919479370117188,0.08399404585361481,-0.3051280081272125,-1.1915465593338013,-0.5585151314735413,1.3322391510009766,0.03,1.228657603263855,-0.11028466373682022,0.3189886510372162,0.021792329847812653,0.10714071989059448,-0.11911117285490036,0.9868427515029907,0,0,0,0,0,0,0,0,0,0,0,0,0,0
8.664121150970459,2.0,0.003996610641479492,-0.08361141383647919,-0.0031919479370117188,0.08399404585361481,-0.3051280081272125,-1.1915465593338013,-0.5585151314735413,1.3322391510009766,0.03,1.228657603263855,-0.11028466373682022,0.3189886510372162,0.021792329847812653,0.10714071989059448,-0.11911117285490036,0.9868427515029907,0,0,0,0,0,0,0,0,0,0,0,0,0,0
8.66568660736084,2.0,0.003996610641479492,-0.08361141383647919,-0.0031919479370117188,0.08399404585361481,-0.3051280081272125,-1.1915465593338013,-0.5585151314735413,1.3322391510009766,0.03,1.228657603263855,-0.11028466373682022,0.3189886510372162,0.021792329847812653,0.10714071989059448,-0.11911117285490036,0.9868427515029907,0,0,0,0,0,0,0,0,0,0,0,0,0,0
8.666778564453125,2.0,0.003996610641479492,-0.08361141383647919,-0.0031919479370117188,0.08399404585361481,-0.3051280081272125,-1.1915465593338013,-0.5585151314735413,1.3322391510009766,0.03,1.228657603263855,-0.11028466373682022,0.3189886510372162,0.021792329847812653,0.10714071989059448,-0.11911117285490036,0.9868427515029907,0,0,0,0,0,0,0,0,0,0,0,0,0,0
8.669325351715088,2.0,0.003996610641479492,-0.08361141383647919,-0.0031919479370117188,0.08399404585361481,-0.3051280081272125,-1.1915465593338013,-0.5585151314735413,1.3322391510009766,0.03,1.228657603263855,-0.11028466373682022,0.3189886510372162,0.021792329847812653,0.10714071989059448,-0.11911117285490036,0.9868427515029907,0,0,0,0,0,0,0,0,0,0,0,0,0,0
8.670418739318848,2.0,0.003996610641479492,-0.08361141383647919,-0.0031919479370117188,0.08399404585361481,-0.3051280081272125,-1.1915465593338013,-0.5585151314735413,1.3322391510009766,0.03,1.228657603263855,-0.11028466373682022,0.3189886510372162,0.021792329847812653,0.10714071989059448,-0.11911117285490036,0.9868427515029907,0,0,0,0,0,0,0,0,0,0,0,0,0,0
8.671640872955322,2.0,0.003996610641479492,-0.08361141383647919,-0.0031919479370117188,0.08399404585361481,-0.3051280081272125,-1.1915465593338013,-0.5585151314735413,1.3322391510009766,0.03,1.228657603263855,-0.11028466373682022,0.3189886510372162,0.021792329847812653,0.10714071989059448,-0.11911117285490036,0.9868427515029907,0,0,0,0,0,0,0,0,0,0,0,0,0,0
8.677704572677612,2.0,0.003996610641479492,-0.08361141383647919,-0.0031919479370117188,0.08399404585361481,-0.3051280081272125,-1.1915465593338013,-0.5585151314735413,1.3322391510009766,0.03,1.228657603263855,-0.11028466373682022,0.3189886510372162,0.021792329847812653,0.10714071989059448,-0.11911117285490036,0.9868427515029907,0,0,0,0,0,0,0,0,0,0,0,0,0,0
8.678985118865967,2.0,0.003996610641479492,-0.08361141383647919,-0.0031919479370117188,0.08399404585361481,-0.3051280081272125,-1.1915465593338013,-0.5585151314735413,1.3322391510009766,0.03,1.2286126613616943,-0.11014564335346222,0.31908324360847473,0.021959591656923294,0.10703570395708084,-0.11679189652204514,0.9871275424957275,0,0,0,0,0,0,0,0,0,0,0,0,0,0
8.680155038833618,2.0,0.003996610641479492,-0.08361141383647919,-0.0031919479370117188,0.08399404585361481,-0.3051280081272125,-1.1915465593338013,-0.5585151314735413,1.3322391510009766,0.03,1.228513240814209,-0.11018636077642441,0.3190883696079254,0.021830175071954727,0.1064673587679863,-0.12064985930919647,0.9867278337478638,0,0,0,0,0,0,0,0,0,0,0,0,0,0
8.68272876739502,2.0,0.003996610641479492,-0.08361141383647919,-0.0031919479370117188,0.08399404585361481,-0.3051280081272125,-1.1915465593338013,-0.5585151314735413,1.3322391510009766,0.03,1.228513240814209,-0.11018636077642441,0.3190883696079254,0.021830175071954727,0.1064673587679863,-0.12064985930919647,0.9867278337478638,0,0,0,0,0,0,0,0,0,0,0,0,0,0
8.685016632080078,2.0,0.005553066730499268,-0.08344456553459167,-0.00496828556060791,0.0837862491607666,-0.27477771043777466,-0.9119629859924316,-0.19842486083507538,0.9495632648468018,0.03,1.228513240814209,-0.11018636077642441,0.3190883696079254,0.021830175071954727,0.1064673587679863,-0.12064985930919647,0.9867278337478638,0,0,0,0,0,0,0,0,0,0,0,0,0,0
8.686418294906616,2.0,0.005887746810913086,-0.0832371860742569,-0.005662262439727783,0.08362562954425812,-0.30607905983924866,-0.7791635394096375,0.01922491006553173,0.7255187630653381,0.03,1.228513240814209,-0.11018636077642441,0.3190883696079254,0.021830175071954727,0.1064673587679863,-0.12064985930919647,0.9867278337478638,0,0,0,0,0,0,0,0,0,0,0,0,0,0
8.687519311904907,2.0,0.005887746810913086,-0.0832371860742569,-0.005662262439727783,0.08362562954425812,-0.30607905983924866,-0.7791635394096375,0.01922491006553173,0.7255187630653381,0.03,1.228513240814209,-0.11018636077642441,0.3190883696079254,0.021830175071954727,0.1064673587679863,-0.12064985930919647,0.9867278337478638,0,0,0,0,0,0,0,0,0,0,0,0,0,0
8.689213514328003,2.0,0.005887746810913086,-0.0832371860742569,-0.005662262439727783,0.08362562954425812,-0.30607905983924866,-0.7791635394096375,0.01922491006553173,0.7255187630653381,0.03,1.228513240814209,-0.11018636077642441,0.3190883696079254,0.021830175071954727,0.1064673587679863,-0.12064985930919647,0.9867278337478638,0,0,0,0,0,0,0,0,0,0,0,0,0,0
8.69047236442566,2.0,0.005887746810913086,-0.0832371860742569,-0.005662262439727783,0.08362562954425812,-0.30607905983924866,-0.7791635394096375,0.01922491006553173,0.7255187630653381,0.03,1.228513240814209,-0.11018636077642441,0.3190883696079254,0.021830175071954727,0.1064673587679863,-0.12064985930919647,0.9867278337478638,0,0,0,0,0,0,0,0,0,0,0,0,0,0
8.691642761230469,2.0,0.005887746810913086,-0.0832371860742569,-0.005662262439727783,0.08362562954425812,-0.30607905983924866,-0.7791635394096375,0.01922491006553173,0.7255187630653381,0.03,1.228513240814209,-0.11018636077642441,0.3190883696079254,0.021830175071954727,0.1064673587679863,-0.12064985930919647,0.9867278337478638,0,0,0,0,0,0,0,0,0,0,0,0,0,0
8.692707777023315,2.0,0.005887746810913086,-0.0832371860742569,-0.005662262439727783,0.08362562954425812,-0.30607905983924866,-0.7791635394096375,0.01922491006553173,0.7255187630653381,0.03,1.228513240814209,-0.11018636077642441,0.3190883696079254,0.021830175071954727,0.1064673587679863,-0.12064985930919647,0.9867278337478638,0,0,0,0,0,0,0,0,0,0,0,0,0,0
8.693801641464233,2.0,0.005887746810913086,-0.0832371860742569,-0.005662262439727783,0.08362562954425812,-0.30607905983924866,-0.7791635394096375,0.01922491006553173,0.7255187630653381,0.03,1.228513240814209,-0.11018636077642441,0.3190883696079254,0.021830175071954727,0.1064673587679863,-0.12064985930919647,0.9867278337478638,0,0,0,0,0,0,0,0,0,0,0,0,0,0
8.694933414459229,2.0,0.005887746810913086,-0.0832371860742569,-0.005662262439727783,0.08362562954425812,-0.30607905983924866,-0.7791635394096375,0.01922491006553173,0.7255187630653381,0.03,1.228513240814209,-0.11018636077642441,0.3190883696079254,0.021830175071954727,0.1064673587679863,-0.12064985930919647,0.9867278337478638,0,0,0,0,0,0,0,0,0,0,0,0,0,0
8.696025133132935,2.0,0.005887746810913086,-0.0832371860742569,-0.005662262439727783,0.08362562954425812,-0.30607905983924866,-0.7791635394096375,0.01922491006553173,0.7255187630653381,0.03,1.228513240814209,-0.11018636077642441,0.3190883696079254,0.021830175071954727,0.1064673587679863,-0.12064985930919647,0.9867278337478638,0,0,0,0,0,0,0,0,0,0,0,0,0,0
8.697110891342163,2.0,0.005887746810913086,-0.0832371860742569,-0.005662262439727783,0.08362562954425812,-0.30607905983924866,-0.7791635394096375,0.01922491006553173,0.7255187630653381,0.03,1.228513240814209,-0.11018636077642441,0.3190883696079254,0.021830175071954727,0.1064673587679863,-0.12064985930919647,0.9867278337478638,0,0,0,0,0,0,0,0,0,0,0,0,0,0
8.69824504852295,2.0,0.005887746810913086,-0.0832371860742569,-0.005662262439727783,0.08362562954425812,-0.30607905983924866,-0.7791635394096375,0.01922491006553173,0.7255187630653381,0.03,1.228513240814209,-0.11018636077642441,0.3190883696079254,0.021830175071954727,0.1064673587679863,-0.12064985930919647,0.9867278337478638,0,0,0,0,0,0,0,0,0,0,0,0,0,0
8.699430227279663,2.0,0.005887746810913086,-0.0832371860742569,-0.005662262439727783,0.08362562954425812,-0.30607905983924866,-0.7791635394096375,0.01922491006553173,0.7255187630653381,0.03,1.228513240814209,-0.11018636077642441,0.3190883696079254,0.021830175071954727,0.1064673587679863,-0.12064985930919647,0.9867278337478638,0,0,0,0,0,0,0,0,0,0,0,0,0,0
8.70049500465393,2.0,0.005887746810913086,-0.0832371860742569,-0.005662262439727783,0.08362562954425812,-0.30607905983924866,-0.7791635394096375,0.01922491006553173,0.7255187630653381,0.03,1.228513240814209,-0.11018636077642441,0.3190883696079254,0.021830175071954727,0.1064673587679863,-0.12064985930919647,0.9867278337478638,0,0,0,0,0,0,0,0,0,0,0,0,0,0
8.701856136322021,2.0,0.005887746810913086,-0.0832371860742569,-0.005662262439727783,0.08362562954425812,-0.30607905983924866,-0.7791635394096375,0.01922491006553173,0.7255187630653381,0.03,1.228513240814209,-0.11018636077642441,0.3190883696079254,0.021830175071954727,0.1064673587679863,-0.12064985930919647,0.9867278337478638,0,0,0,0,0,0,0,0,0,0,0,0,0,0
8.703354597091675,2.0,0.005887746810913086,-0.0832371860742569,-0.005662262439727783,0.08362562954425812,-0.30607905983924866,-0.7791635394096375,0.01922491006553173,0.7255187630653381,0.03,1.228513240814209,-0.11018636077642441,0.3190883696079254,0.021830175071954727,0.1064673587679863,-0.12064985930919647,0.9867278337478638,0,0,0,0,0,0,0,0,0,0,0,0,0,0
8.70536494255066,2.0,0.014539361000061035,-0.08171005547046661,-0.014922022819519043,0.08179332315921783,-0.18553535640239716,0.4960058629512787,0.589701771736145,-0.6526772379875183,0.03,1.228513240814209,-0.11018636077642441,0.3190883696079254,0.021830175071954727,0.1064673587679863,-0.12064985930919647,0.9867278337478638,0,0,0,0,0,0,0,0,0,0,0,0,0,0
8.71433711051941,2.0,0.019724726676940918,-0.08203107118606567,-0.019386231899261475,0.08207635581493378,-0.47630947828292847,0.32671305537223816,-0.4309539794921875,-0.5196763873100281,0.03,1.2284927368164062,-0.11023462563753128,0.31900376081466675,0.020226841792464256,0.1063823252916336,-0.12735800445079803,0.9859278202056885,0,0,0,0,0,0,0,0,0,0,0,0,0,0
8.715654373168945,2.0,0.019724726676940918,-0.08203107118606567,-0.019386231899261475,0.08207635581493378,-0.47630947828292847,0.32671305537223816,-0.4309539794921875,-0.5196763873100281,0.03,1.2284927368164062,-0.11023462563753128,0.31900376081466675,0.020226841792464256,0.1063823252916336,-0.12735800445079803,0.9859278202056885,0,0,0,0,0,0,0,0,0,0,0,0,0,0
8.71671748161316,2.0,0.019724726676940918,-0.08203107118606567,-0.019386231899261475,0.08207635581493378,-0.47630947828292847,0.32671305537223816,-0.4309539794921875,-0.5196763873100281,0.03,1.2284927368164062,-0.11023462563753128,0.31900376081466675,0.020226841792464256,0.1063823252916336,-0.12735800445079803,0.9859278202056885,0,0,0,0,0,0,0,0,0,0,0,0,0,0
8.717914342880249,2.0,0.022362709045410156,-0.08202679455280304,-0.02211916446685791,0.08207973837852478,-0.5546799302101135,0.2972346246242523,-0.22181758284568787,-0.4901939928531647,0.03,1.228590965270996,-0.1101808175444603,0.31913432478904724,0.020281754434108734,0.10647289454936981,-0.12719962000846863,0.9859372973442078,0,0,0,0,0,0,0,0,0,0,0,0,0,0
8.719169855117798,2.0,0.022362709045410156,-0.08202679455280304,-0.02211916446685791,0.08207973837852478,-0.5546799302101135,0.2972346246242523,-0.22181758284568787,-0.4901939928531647,0.03,1.228590965270996,-0.1101808175444603,0.31913432478904724,0.020281754434108734,0.10647289454936981,-0.12719962000846863,0.9859372973442078,0,0,0,0,0,0,0,0,0,0,0,0,0,0
8.721048355102539,2.0,0.022362709045410156,-0.08202679455280304,-0.02211916446685791,0.08207973837852478,-0.5546799302101135,0.2972346246242523,-0.22181758284568787,-0.4901939928531647,0.03,1.228590965270996,-0.1101808175444603,0.31913432478904724,0.020281754434108734,0.10647289454936981,-0.12719962000846863,0.9859372973442078,0,0,0,0,0,0,0,0,0,0,0,0,0,0
8.722342014312744,2.0,0.022362709045410156,-0.08202679455280304,-0.02211916446685791,0.08207973837852478,-0.5546799302101135,0.2972346246242523,-0.22181758284568787,-0.4901939928531647,0.03,1.228590965270996,-0.1101808175444603,0.31913432478904724,0.020281754434108734,0.10647289454936981,-0.12719962000846863,0.9859372973442078,0,0,0,0,0,0,0,0,0,0,0,0,0,0
8.72405219078064,2.0,0.022362709045410156,-0.08202679455280304,-0.02211916446685791,0.08207973837852478,-0.5546799302101135,0.2972346246242523,-0.22181758284568787,-0.4901939928531647,0.03,1.228590965270996,-0.1101808175444603,0.31913432478904724,0.020281754434108734,0.10647289454936981,-0.12719962000846863,0.9859372973442078,0,0,0,0,0,0,0,0,0,0,0,0,0,0
8.72514009475708,2.0,0.022362709045410156,-0.08202679455280304,-0.02211916446685791,0.08207973837852478,-0.5546799302101135,0.2972346246242523,-0.22181758284568787,-0.4901939928531647,0.03,1.228590965270996,-0.1101808175444603,0.31913432478904724,0.020281754434108734,0.10647289454936981,-0.12719962000846863,0.9859372973442078,0,0,0,0,0,0,0,0,0,0,0,0,0,0
8.72637152671814,2.0,0.022362709045410156,-0.08202679455280304,-0.02211916446685791,0.08207973837852478,-0.5546799302101135,0.2972346246242523,-0.22181758284568787,-0.4901939928531647,0.03,1.228590965270996,-0.1101808175444603,0.31913432478904724,0.020281754434108734,0.10647289454936981,-0.12719962000846863,0.9859372973442078,0,0,0,0,0,0,0,0,0,0,0,0,0,0
8.72768259048462,2.0,0.022362709045410156,-0.08202679455280304,-0.02211916446685791,0.08207973837852478,-0.5546799302101135,0.2972346246242523,-0.22181758284568787,-0.4901939928531647,0.03,1.228590965270996,-0.1101808175444603,0.31913432478904724,0.020281754434108734,0.10647289454936981,-0.12719962000846863,0.9859372973442078,0,0,0,0,0,0,0,0,0,0,0,0,0,0
8.728916645050049,2.0,0.022362709045410156,-0.08202679455280304,-0.02211916446685791,0.08207973837852478,-0.5546799302101135,0.2972346246242523,-0.22181758284568787,-0.4901939928531647,0.03,1.228590965270996,-0.1101808175444603,0.31913432478904724,0.020281754434108734,0.10647289454936981,-0.12719962000846863,0.9859372973442078,0,0,0,0,0,0,0,0,0,0,0,0,0,0
8.730299234390259,2.0,0.022362709045410156,-0.08202679455280304,-0.02211916446685791,0.08207973837852478,-0.5546799302101135,0.2972346246242523,-0.22181758284568787,-0.4901939928531647,0.03,1.228590965270996,-0.1101808175444603,0.31913432478904724,0.020281754434108734,0.10647289454936981,-0.12719962000846863,0.9859372973442078,0,0,0,0,0,0,0,0,0,0,0,0,0,0
8.731512546539307,2.0,0.022362709045410156,-0.08202679455280304,-0.02211916446685791,0.08207973837852478,-0.5546799302101135,0.2972346246242523,-0.22181758284568787,-0.4901939928531647,0.03,1.228590965270996,-0.1101808175444603,0.31913432478904724,0.020281754434108734,0.10647289454936981,-0.12719962000846863,0.9859372973442078,0,0,0,0,0,0,0,0,0,0,0,0,0,0
8.734137773513794,2.0,0.022362709045410156,-0.08202679455280304,-0.02211916446685791,0.08207973837852478,-0.5546799302101135,0.2972346246242523,-0.22181758284568787,-0.4901939928531647,0.03,1.228590965270996,-0.1101808175444603,0.31913432478904724,0.020281754434108734,0.10647289454936981,-0.12719962000846863,0.9859372973442078,0,0,0,0,0,0,0,0,0,0,0,0,0,0
8.73675274848938,2.0,0.022362709045410156,-0.08202679455280304,-0.02211916446685791,0.08207973837852478,-0.5546799302101135,0.2972346246242523,-0.22181758284568787,-0.4901939928531647,0.03,1.228590965270996,-0.1101808175444603,0.31913432478904724,0.020281754434108734,0.10647289454936981,-0.12719962000846863,0.9859372973442078,0,0,0,0,0,0,0,0,0,0,0,0,0,0
8.738041400909424,2.0,0.022362709045410156,-0.08202679455280304,-0.02211916446685791,0.08207973837852478,-0.5546799302101135,0.2972346246242523,-0.22181758284568787,-0.4901939928531647,0.03,1.228590965270996,-0.1101808175444603,0.31913432478904724,0.020281754434108734,0.10647289454936981,-0.12719962000846863,0.9859372973442078,0,0,0,0,0,0,0,0,0,0,0,0,0,0
8.73921799659729,2.0,0.022362709045410156,-0.08202679455280304,-0.02211916446685791,0.08207973837852478,-0.5546799302101135,0.2972346246242523,-0.22181758284568787,-0.4901939928531647,0.03,1.228590965270996,-0.1101808175444603,0.31913432478904724,0.020281754434108734,0.10647289454936981,-0.12719962000846863,0.9859372973442078,0,0,0,0,0,0,0,0,0,0,0,0,0,0
8.741644859313965,2.0,0.022362709045410156,-0.08202679455280304,-0.02211916446685791,0.08207973837852478,-0.5546799302101135,0.2972346246242523,-0.22181758284568787,-0.4901939928531647,0.03,1.228590965270996,-0.1101808175444603,0.31913432478904724,0.020281754434108734,0.10647289454936981,-0.12719962000846863,0.9859372973442078,0,0,0,0,0,0,0,0,0,0,0,0,0,0
8.742944717407227,2.0,0.022362709045410156,-0.08202679455280304,-0.02211916446685791,0.08207973837852478,-0.5546799302101135,0.2972346246242523,-0.22181758284568787,-0.4901939928531647,0.03,1.228590965270996,-0.1101808175444603,0.31913432478904724,0.020281754434108734,0.10647289454936981,-0.12719962000846863,0.9859372973442078,0,0,0,0,0,0,0,0,0,0,0,0,0,0
8.744174480438232,2.0,0.022362709045410156,-0.08202679455280304,-0.02211916446685791,0.08207973837852478,-0.5546799302101135,0.2972346246242523,-0.22181758284568787,-0.4901939928531647,0.03,1.228590965270996,-0.1101808175444603,0.31913432478904724,0.020281754434108734,0.10647289454936981,-0.12719962000846863,0.9859372973442078,0,0,0,0,0,0,0,0,0,0,0,0,0,0
8.746721506118774,2.0,0.022362709045410156,-0.08202679455280304,-0.02211916446685791,0.08207973837852478,-0.5546799302101135,0.2972346246242523,-0.22181758284568787,-0.4901939928531647,0.03,1.228590965270996,-0.1101808175444603,0.31913432478904724,0.020281754434108734,0.10647289454936981,-0.12719962000846863,0.9859372973442078,0,0,0,0,0,0,0,0,0,0,0,0,0,0
8.748025894165039,2.0,0.02351069450378418,-0.08203411102294922,-0.02330690622329712,0.08208975195884705,-0.4393017292022705,0.2974207103252411,-0.11859661340713501,-0.47596272826194763,0.03,1.228590965270996,-0.1101808175444603,0.31913432478904724,0.020281754434108734,0.10647289454936981,-0.12719962000846863,0.9859372973442078,0,0,0,0,0,0,0,0,0,0,0,0,0,0
8.749268770217896,2.0,0.024713754653930664,-0.08207684755325317,-0.024587929248809814,0.08214284479618073,-0.25552162528038025,0.2567538619041443,0.14521534740924835,-0.41130852699279785,0.03,1.2285860776901245,-0.11029075086116791,0.31900331377983093,0.02015194669365883,0.1064918264746666,-0.12690159678459167,0.9859763383865356,0,0,0,0,0,0,0,0,0,0,0,0,0,0
8.7507963180542,2.0,0.024713754653930664,-0.08207684755325317,-0.024587929248809814,0.08214284479618073,-0.25552162528038025,0.2567538619041443,0.14521534740924835,-0.41130852699279785,0.03,1.2285860776901245,-0.11029075086116791,0.31900331377983093,0.02015194669365883,0.1064918264746666,-0.12690159678459167,0.9859763383865356,0,0,0,0,0,0,0,0,0,0,0,0,0,0
8.751982927322388,2.0,0.024713754653930664,-0.08207684755325317,-0.024587929248809814,0.08214284479618073,-0.25552162528038025,0.2567538619041443,0.14521534740924835,-0.41130852699279785,0.03,1.2285860776901245,-0.11029075086116791,0.31900331377983093,0.02015194669365883,0.1064918264746666,-0.12690159678459167,0.9859763383865356,0,0,0,0,0,0,0,0,0,0,0,0,0,0
8.753272294998169,2.0,0.024713754653930664,-0.08207684755325317,-0.024587929248809814,0.08214284479618073,-0.25552162528038025,0.2567538619041443,0.14521534740924835,-0.41130852699279785,0.03,1.2285860776901245,-0.11029075086116791,0.31900331377983093,0.02015194669365883,0.1064918264746666,-0.12690159678459167,0.9859763383865356,0,0,0,0,0,0,0,0,0,0,0,0,0,0
8.755661964416504,2.0,0.024713754653930664,-0.08207684755325317,-0.024587929248809814,0.08214284479618073,-0.25552162528038025,0.2567538619041443,0.14521534740924835,-0.41130852699279785,0.03,1.2285860776901245,-0.11029075086116791,0.31900331377983093,0.02015194669365883,0.1064918264746666,-0.12690159678459167,0.9859763383865356,0,0,0,0,0,0,0,0,0,0,0,0,0,0
8.758481740951538,2.0,0.024713754653930664,-0.08207684755325317,-0.024587929248809814,0.08214284479618073,-0.25552162528038025,0.2567538619041443,0.14521534740924835,-0.41130852699279785,0.03,1.2285860776901245,-0.11029075086116791,0.31900331377983093,0.02015194669365883,0.1064918264746666,-0.12690159678459167,0.9859763383865356,0,0,0,0,0,0,0,0,0,0,0,0,0,0
8.76034426689148,2.0,0.025684356689453125,-0.08207425475120544,-0.025616228580474854,0.08214244246482849,-0.2533828616142273,0.28152135014533997,0.1900106519460678,-0.44807010889053345,0.03,1.228559970855713,-0.11029578745365143,0.31899160146713257,0.02026215009391308,0.10647956281900406,-0.12696537375450134,0.985967218875885,0,0,0,0,0,0,0,0,0,0,0,0,0,0
8.761759519577026,2.0,0.025684356689453125,-0.08207425475120544,-0.025616228580474854,0.08214244246482849,-0.2533828616142273,0.28152135014533997,0.1900106519460678,-0.44807010889053345,0.03,1.228559970855713,-0.11029578745365143,0.31899160146713257,0.02026215009391308,0.10647956281900406,-0.12696537375450134,0.985967218875885,0,0,0,0,0,0,0,0,0,0,0,0,0,0
8.76461124420166,2.0,0.031580984592437744,-0.08207391202449799,-0.031721532344818115,0.0821097195148468,-0.17248274385929108,0.3136778771877289,0.6166606545448303,-0.5288915038108826,0.03,1.228559970855713,-0.11029578745365143,0.31899160146713257,0.02026215009391308,0.10647956281900406,-0.12696537375450134,0.985967218875885,0,0,0,0,0,0,0,0,0,0,0,0,0,0
8.766094446182251,2.0,0.031580984592437744,-0.08207391202449799,-0.031721532344818115,0.0821097195148468,-0.17248274385929108,0.3136778771877289,0.6166606545448303,-0.5288915038108826,0.03,1.228559970855713,-0.11029578745365143,0.31899160146713257,0.02026215009391308,0.10647956281900406,-0.12696537375450134,0.985967218875885,0,0,0,0,0,0,0,0,0,0,0,0,0,0
8.767511367797852,2.0,0.03180629014968872,-0.08205138146877289,-0.032225728034973145,0.08211500942707062,-0.29147854447364807,0.3330749273300171,0.54433673620224,-0.5178024768829346,0.03,1.228559970855713,-0.11029578745365143,0.31899160146713257,0.02026215009391308,0.10647956281900406,-0.12696537375450134,0.985967218875885,0,0,0,0,0,0,0,0,0,0,0,0,0,0
8.768914699554443,2.0,0.03424966335296631,-0.08207423985004425,-0.03455197811126709,0.08214247226715088,-0.8461400866508484,0.33522266149520874,0.2668372690677643,-0.4961097538471222,0.03,1.2285619974136353,-0.11028289794921875,0.31898704171180725,0.020407170057296753,0.10647524148225784,-0.1258188784122467,0.9861116409301758,0,0,0,0,0,0,0,0,0,0,0,0,0,0
8.770644664764404,2.0,0.03449302911758423,-0.08207404613494873,-0.03480374813079834,0.08214212954044342,-0.6578710675239563,0.338578462600708,0.05121151730418205,-0.5025695562362671,0.03,1.2285619974136353,-0.11028289794921875,0.31898704171180725,0.020407170057296753,0.10647524148225784,-0.1258188784122467,0.9861116409301758,0,0,0,0,0,0,0,0,0,0,0,0,0,0
8.771894454956055,2.0,0.03449302911758423,-0.08207404613494873,-0.03480374813079834,0.08214212954044342,-0.6578710675239563,0.338578462600708,0.05121151730418205,-0.5025695562362671,0.03,1.2285619974136353,-0.11028289794921875,0.31898704171180725,0.020407170057296753,0.10647524148225784,-0.1258188784122467,0.9861116409301758,0,0,0,0,0,0,0,0,0,0,0,0,0,0
8.773051261901855,2.0,0.03449302911758423,-0.08207404613494873,-0.03480374813079834,0.08214212954044342,-0.6578710675239563,0.338578462600708,0.05121151730418205,-0.5025695562362671,0.03,1.2285619974136353,-0.11028289794921875,0.31898704171180725,0.020407170057296753,0.10647524148225784,-0.1258188784122467,0.9861116409301758,0,0,0,0,0,0,0,0,0,0,0,0,0,0
8.774851560592651,2.0,0.03449302911758423,-0.08207404613494873,-0.03480374813079834,0.08214212954044342,-0.6578710675239563,0.338578462600708,0.05121151730418205,-0.5025695562362671,0.03,1.2285619974136353,-0.11028289794921875,0.31898704171180725,0.020407170057296753,0.10647524148225784,-0.1258188784122467,0.9861116409301758,0,0,0,0,0,0,0,0,0,0,0,0,0,0
8.77606201171875,2.0,0.03449302911758423,-0.08207404613494873,-0.03480374813079834,0.08214212954044342,-0.6578710675239563,0.338578462600708,0.05121151730418205,-0.5025695562362671,0.03,1.2285619974136353,-0.11028289794921875,0.31898704171180725,0.020407170057296753,0.10647524148225784,-0.1258188784122467,0.9861116409301758,0,0,0,0,0,0,0,0,0,0,0,0,0,0
8.777154922485352,2.0,0.03449302911758423,-0.08207404613494873,-0.03480374813079834,0.08214212954044342,-0.6578710675239563,0.338578462600708,0.05121151730418205,-0.5025695562362671,0.03,1.2285619974136353,-0.11028289794921875,0.31898704171180725,0.020407170057296753,0.10647524148225784,-0.1258188784122467,0.9861116409301758,0,0,0,0,0,0,0,0,0,0,0,0,0,0
8.778257369995117,2.0,0.03449302911758423,-0.08207404613494873,-0.03480374813079834,0.08214212954044342,-0.6578710675239563,0.338578462600708,0.05121151730418205,-0.5025695562362671,0.03,1.2285619974136353,-0.11028289794921875,0.31898704171180725,0.020407170057296753,0.10647524148225784,-0.1258188784122467,0.9861116409301758,0,0,0,0,0,0,0,0,0,0,0,0,0,0
8.7793447971344,2.0,0.03449302911758423,-0.08207404613494873,-0.03480374813079834,0.08214212954044342,-0.6578710675239563,0.338578462600708,0.05121151730418205,-0.5025695562362671,0.03,1.2285619974136353,-0.11028289794921875,0.31898704171180725,0.020407170057296753,0.10647524148225784,-0.1258188784122467,0.9861116409301758,0,0,0,0,0,0,0,0,0,0,0,0,0,0
8.780460834503174,2.0,0.03449302911758423,-0.08207404613494873,-0.03480374813079834,0.08214212954044342,-0.6578710675239563,0.338578462600708,0.05121151730418205,-0.5025695562362671,0.03,1.2285619974136353,-0.11028289794921875,0.31898704171180725,0.020407170057296753,0.10647524148225784,-0.1258188784122467,0.9861116409301758,0,0,0,0,0,0,0,0,0,0,0,0,0,0
8.78155779838562,2.0,0.03449302911758423,-0.08207404613494873,-0.03480374813079834,0.08214212954044342,-0.6578710675239563,0.338578462600708,0.05121151730418205,-0.5025695562362671,0.03,1.2285619974136353,-0.11028289794921875,0.31898704171180725,0.020407170057296753,0.10647524148225784,-0.1258188784122467,0.9861116409301758,0,0,0,0,0,0,0,0,0,0,0,0,0,0
8.782715082168579,2.0,0.03449302911758423,-0.08207404613494873,-0.03480374813079834,0.08214212954044342,-0.6578710675239563,0.338578462600708,0.05121151730418205,-0.5025695562362671,0.03,1.2285619974136353,-0.11028289794921875,0.31898704171180725,0.020407170057296753,0.10647524148225784,-0.1258188784122467,0.9861116409301758,0,0,0,0,0,0,0,0,0,0,0,0,0,0
8.78387975692749,2.0,0.03503274917602539,-0.08207377791404724,-0.035530030727386475,0.08214125037193298,-0.800986647605896,0.3454534709453583,0.025105327367782593,-0.5132392644882202,0.03,1.2285619974136353,-0.11028289794921875,0.31898704171180725,0.020407170057296753,0.10647524148225784,-0.1258188784122467,0.9861116409301758,0,0,0,0,0,0,0,0,0,0,0,0,0,0
8.78528904914856,2.0,0.03750252723693848,-0.0820736289024353,-0.03777819871902466,0.08214107155799866,-0.9428460001945496,0.3619721531867981,-0.2588329315185547,-0.5290935635566711,0.03,1.2285619974136353,-0.11028289794921875,0.31898704171180725,0.020407170057296753,0.10647524148225784,-0.1258188784122467,0.9861116409301758,0,0,0,0,0,0,0,0,0,0,0,0,0,0
8.786477327346802,2.0,0.03797602653503418,-0.08207370340824127,-0.03827434778213501,0.08214110136032104,-1.0852266550064087,0.3650442659854889,-0.17634317278862,-0.5322807431221008,0.03,1.2285786867141724,-0.11030800640583038,0.31896141171455383,0.020441511645913124,0.10642721503973007,-0.12533019483089447,0.9861783981323242,0,0,0,0,0,0,0,0,0,0,0,0,0,0
8.787677526473999,2.0,0.03797602653503418,-0.08207370340824127,-0.03827434778213501,0.08214110136032104,-1.0852266550064087,0.3650442659854889,-0.17634317278862,-0.5322807431221008,0.03,1.2285786867141724,-0.11030800640583038,0.31896141171455383,0.020441511645913124,0.10642721503973007,-0.12533019483089447,0.9861783981323242,0,0,0,0,0,0,0,0,0,0,0,0,0,0
8.789039373397827,2.0,0.03797602653503418,-0.08207370340824127,-0.03827434778213501,0.08214110136032104,-1.0852266550064087,0.3650442659854889,-0.17634317278862,-0.5322807431221008,0.03,1.2285786867141724,-0.11030800640583038,0.31896141171455383,0.020441511645913124,0.10642721503973007,-0.12533019483089447,0.9861783981323242,0,0,0,0,0,0,0,0,0,0,0,0,0,0
8.790133476257324,2.0,0.03797602653503418,-0.08207370340824127,-0.03827434778213501,0.08214110136032104,-1.0852266550064087,0.3650442659854889,-0.17634317278862,-0.5322807431221008,0.03,1.2285786867141724,-0.11030800640583038,0.31896141171455383,0.020441511645913124,0.10642721503973007,-0.12533019483089447,0.9861783981323242,0,0,0,0,0,0,0,0,0,0,0,0,0,0
8.79147219657898,2.0,0.03797602653503418,-0.08207370340824127,-0.03827434778213501,0.08214110136032104,-1.0852266550064087,0.3650442659854889,-0.17634317278862,-0.5322807431221008,0.03,1.2285786867141724,-0.11030800640583038,0.31896141171455383,0.020441511645913124,0.10642721503973007,-0.12533019483089447,0.9861783981323242,0,0,0,0,0,0,0,0,0,0,0,0,0,0
8.794293403625488,2.0,0.03892111778259277,-0.08207373321056366,-0.039294540882110596,0.08214159309864044,-1.2440955638885498,0.37189653515815735,-0.39883309602737427,-0.5248968005180359,0.03,1.2285786867141724,-0.11030800640583038,0.31896141171455383,0.020441511645913124,0.10642721503973007,-0.12533019483089447,0.9861783981323242,0,0,0,0,0,0,0,0,0,0,0,0,0,0
8.797515392303467,2.0,0.040741145610809326,-0.0821109414100647,-0.04167056083679199,0.08214141428470612,-1.5701465606689453,0.3415067195892334,-0.21771882474422455,-0.5498767495155334,0.03,1.2285786867141724,-0.11030800640583038,0.31896141171455383,0.020441511645913124,0.10642721503973007,-0.12533019483089447,0.9861783981323242,0,0,0,0,0,0,0,0,0,0,0,0,0,0
8.799073457717896,2.0,0.04261201620101929,-0.08213531970977783,-0.043759167194366455,0.08214114606380463,-2.020183563232422,0.34484073519706726,-0.14917321503162384,-0.5652801990509033,0.03,1.2285786867141724,-0.11030800640583038,0.31896141171455383,0.020441511645913124,0.10642721503973007,-0.12533019483089447,0.9861783981323242,0,0,0,0,0,0,0,0,0,0,0,0,0,0
8.800333738327026,2.0,0.04261201620101929,-0.08213531970977783,-0.043759167194366455,0.08214114606380463,-2.020183563232422,0.34484073519706726,-0.14917321503162384,-0.5652801990509033,0.03,1.2285786867141724,-0.11030800640583038,0.31896141171455383,0.020441511645913124,0.10642721503973007,-0.12533019483089447,0.9861783981323242,0,0,0,0,0,0,0,0,0,0,0,0,0,0
8.801737308502197,2.0,0.04261201620101929,-0.08213531970977783,-0.043759167194366455,0.08214114606380463,-2.020183563232422,0.34484073519706726,-0.14917321503162384,-0.5652801990509033,0.03,1.2285786867141724,-0.11030800640583038,0.31896141171455383,0.020441511645913124,0.10642721503973007,-0.12533019483089447,0.9861783981323242,0,0,0,0,0,0,0,0,0,0,0,0,0,0
8.802993535995483,2.0,0.04261201620101929,-0.08213531970977783,-0.043759167194366455,0.08214114606380463,-2.020183563232422,0.34484073519706726,-0.14917321503162384,-0.5652801990509033,0.03,1.2285786867141724,-0.11030800640583038,0.31896141171455383,0.020441511645913124,0.10642721503973007,-0.12533019483089447,0.9861783981323242,0,0,0,0,0,0,0,0,0,0,0,0,0,0
8.804153680801392,2.0,0.04261201620101929,-0.08213531970977783,-0.043759167194366455,0.08214114606380463,-2.020183563232422,0.34484073519706726,-0.14917321503162384,-0.5652801990509033,0.03,1.2285786867141724,-0.11030800640583038,0.31896141171455383,0.020441511645913124,0.10642721503973007,-0.12533019483089447,0.9861783981323242,0,0,0,0,0,0,0,0,0,0,0,0,0,0
8.805417776107788,2.0,0.04261201620101929,-0.08213531970977783,-0.043759167194366455,0.08214114606380463,-2.020183563232422,0.34484073519706726,-0.14917321503162384,-0.5652801990509033,0.03,1.2285786867141724,-0.11030800640583038,0.31896141171455383,0.020441511645913124,0.10642721503973007,-0.12533019483089447,0.9861783981323242,0,0,0,0,0,0,0,0,0,0,0,0,0,0
8.80702018737793,2.0,0.04261201620101929,-0.08213531970977783,-0.043759167194366455,0.08214114606380463,-2.020183563232422,0.34484073519706726,-0.14917321503162384,-0.5652801990509033,0.03,1.2285786867141724,-0.11030800640583038,0.31896141171455383,0.020441511645913124,0.10642721503973007,-0.12533019483089447,0.9861783981323242,0,0,0,0,0,0,0,0,0,0,0,0,0,0
8.808923721313477,2.0,0.04399305582046509,-0.08213438093662262,-0.045613110065460205,0.08214110136032104,-2.288722276687622,0.3602863550186157,-0.22241194546222687,-0.5754279494285583,0.03,1.2285786867141724,-0.11030800640583038,0.31896141171455383,0.020441511645913124,0.10642721503973007,-0.12533019483089447,0.9861783981323242,0,0,0,0,0,0,0,0,0,0,0,0,0,0
8.810370922088623,2.0,0.04551178216934204,-0.08213412761688232,-0.047499001026153564,0.08214110136032104,-2.396561622619629,0.3738252520561218,-0.04974433034658432,-0.5853710174560547,0.03,1.2285786867141724,-0.11030800640583038,0.31896141171455383,0.020441511645913124,0.10642721503973007,-0.12533019483089447,0.9861783981323242,0,0,0,0,0,0,0,0,0,0,0,0,0,0
8.811580896377563,2.0,0.04629075527191162,-0.08214430510997772,-0.04841423034667969,0.08214110136032104,-2.3862740993499756,0.3545857071876526,0.0692543312907219,-0.5903353691101074,0.03,1.2285786867141724,-0.11030800640583038,0.31896141171455383,0.020441511645913124,0.10642721503973007,-0.12533019483089447,0.9861783981323242,0,0,0,0,0,0,0,0,0,0,0,0,0,0
8.81264066696167,2.0,0.04629075527191162,-0.08214430510997772,-0.04841423034667969,0.08214110136032104,-2.3862740993499756,0.3545857071876526,0.0692543312907219,-0.5903353691101074,0.03,1.2285786867141724,-0.11030800640583038,0.31896141171455383,0.020441511645913124,0.10642721503973007,-0.12533019483089447,0.9861783981323242,0,0,0,0,0,0,0,0,0,0,0,0,0,0
8.813925504684448,2.0,0.04710022360086441,-0.08213387429714203,-0.0492972731590271,0.08215674757957458,-2.4707934856414795,0.3851499557495117,-0.00839031022042036,-0.5662484765052795,0.03,1.2285786867141724,-0.11030800640583038,0.31896141171455383,0.020441511645913124,0.10642721503973007,-0.12533019483089447,0.9861783981323242,0,0,0,0,0,0,0,0,0,0,0,0,0,0
8.816121101379395,2.0,0.048467397689819336,-0.08215151727199554,-0.0508037805557251,0.0821506530046463,-2.3285608291625977,0.36972787976264954,0.2731696367263794,-0.5851716995239258,0.03,1.2285633087158203,-0.11022116988897324,0.31906676292419434,0.020203595981001854,0.10654168576002121,-0.1255832016468048,0.9861387610435486,0,0,0,0,0,0,0,0,0,0,0,0,0,0
8.817253589630127,2.0,0.048467397689819336,-0.08215151727199554,-0.0508037805557251,0.0821506530046463,-2.3285608291625977,0.36972787976264954,0.2731696367263794,-0.5851716995239258,0.03,1.2285562753677368,-0.11026079952716827,0.3189561367034912,0.020221291109919548,0.10664181411266327,-0.12531515955924988,0.9861617088317871,0,0,0,0,0,0,0,0,0,0,0,0,0,0
8.819583892822266,2.0,0.048467397689819336,-0.08215151727199554,-0.0508037805557251,0.0821506530046463,-2.3285608291625977,0.36972787976264954,0.2731696367263794,-0.5851716995239258,0.03,1.2285562753677368,-0.11026079952716827,0.3189561367034912,0.020221291109919548,0.10664181411266327,-0.12531515955924988,0.9861617088317871,0,0,0,0,0,0,0,0,0,0,0,0,0,0
8.821452617645264,2.0,0.048467397689819336,-0.08215151727199554,-0.0508037805557251,0.0821506530046463,-2.3285608291625977,0.36972787976264954,0.2731696367263794,-0.5851716995239258,0.03,1.2285562753677368,-0.11026079952716827,0.3189561367034912,0.020221291109919548,0.10664181411266327,-0.12531515955924988,0.9861617088317871,0,0,0,0,0,0,0,0,0,0,0,0,0,0
8.82308840751648,2.0,0.048467397689819336,-0.08215151727199554,-0.0508037805557251,0.0821506530046463,-2.3285608291625977,0.36972787976264954,0.2731696367263794,-0.5851716995239258,0.03,1.2285562753677368,-0.11026079952716827,0.3189561367034912,0.020221291109919548,0.10664181411266327,-0.12531515955924988,0.9861617088317871,0,0,0,0,0,0,0,0,0,0,0,0,0,0
8.824387073516846,2.0,0.048467397689819336,-0.08215151727199554,-0.0508037805557251,0.0821506530046463,-2.3285608291625977,0.36972787976264954,0.2731696367263794,-0.5851716995239258,0.03,1.2285562753677368,-0.11026079952716827,0.3189561367034912,0.020221291109919548,0.10664181411266327,-0.12531515955924988,0.9861617088317871,0,0,0,0,0,0,0,0,0,0,0,0,0,0
8.825588703155518,2.0,0.048467397689819336,-0.08215151727199554,-0.0508037805557251,0.0821506530046463,-2.3285608291625977,0.36972787976264954,0.2731696367263794,-0.5851716995239258,0.03,1.2285562753677368,-0.11026079952716827,0.3189561367034912,0.020221291109919548,0.10664181411266327,-0.12531515955924988,0.9861617088317871,0,0,0,0,0,0,0,0,0,0,0,0,0,0
8.826931715011597,2.0,0.048467397689819336,-0.08215151727199554,-0.0508037805557251,0.0821506530046463,-2.3285608291625977,0.36972787976264954,0.2731696367263794,-0.5851716995239258,0.03,1.2285562753677368,-0.11026079952716827,0.3189561367034912,0.020221291109919548,0.10664181411266327,-0.12531515955924988,0.9861617088317871,0,0,0,0,0,0,0,0,0,0,0,0,0,0
8.828734874725342,2.0,0.048467397689819336,-0.08215151727199554,-0.0508037805557251,0.0821506530046463,-2.3285608291625977,0.36972787976264954,0.2731696367263794,-0.5851716995239258,0.03,1.2285562753677368,-0.11026079952716827,0.3189561367034912,0.020221291109919548,0.10664181411266327,-0.12531515955924988,0.9861617088317871,0,0,0,0,0,0,0,0,0,0,0,0,0,0
8.829861164093018,2.0,0.048467397689819336,-0.08215151727199554,-0.0508037805557251,0.0821506530046463,-2.3285608291625977,0.36972787976264954,0.2731696367263794,-0.5851716995239258,0.03,1.2285562753677368,-0.11026079952716827,0.3189561367034912,0.020221291109919548,0.10664181411266327,-0.12531515955924988,0.9861617088317871,0,0,0,0,0,0,0,0,0,0,0,0,0,0
8.831212759017944,2.0,0.048467397689819336,-0.08215151727199554,-0.0508037805557251,0.0821506530046463,-2.3285608291625977,0.36972787976264954,0.2731696367263794,-0.5851716995239258,0.03,1.2286518812179565,-0.11011707037687302,0.31880712509155273,0.02049201726913452,0.10714314877986908,-0.11811750382184982,0.9869897365570068,0,0,0,0,0,0,0,0,0,0,0,0,0,0
8.833163261413574,2.0,0.048467397689819336,-0.08215151727199554,-0.0508037805557251,0.0821506530046463,-2.3285608291625977,0.36972787976264954,0.2731696367263794,-0.5851716995239258,0.03,1.2286518812179565,-0.11011707037687302,0.31880712509155273,0.02049201726913452,0.10714314877986908,-0.11811750382184982,0.9869897365570068,0,0,0,0,0,0,0,0,0,0,0,0,0,0
8.834647178649902,2.0,0.048467397689819336,-0.08215151727199554,-0.0508037805557251,0.0821506530046463,-2.3285608291625977,0.36972787976264954,0.2731696367263794,-0.5851716995239258,0.03,1.2286518812179565,-0.11011707037687302,0.31880712509155273,0.02049201726913452,0.10714314877986908,-0.11811750382184982,0.9869897365570068,0,0,0,0,0,0,0,0,0,0,0,0,0,0
8.838585615158081,2.0,0.048467397689819336,-0.08215151727199554,-0.0508037805557251,0.0821506530046463,-2.3285608291625977,0.36972787976264954,0.2731696367263794,-0.5851716995239258,0.03,1.2286518812179565,-0.11011707037687302,0.31880712509155273,0.02049201726913452,0.10714314877986908,-0.11811750382184982,0.9869897365570068,0,0,0,0,0,0,0,0,0,0,0,0,0,0
8.840051174163818,2.0,0.048467397689819336,-0.08215151727199554,-0.0508037805557251,0.0821506530046463,-2.3285608291625977,0.36972787976264954,0.2731696367263794,-0.5851716995239258,0.03,1.2286114692687988,-0.1101551279425621,0.3189604580402374,0.02271917276084423,0.10673245042562485,-0.1118728369474411,0.9877127408981323,0,0,0,0,0,0,0,0,0,0,0,0,0,0
8.842240333557129,2.0,0.048467397689819336,-0.08215151727199554,-0.0508037805557251,0.0821506530046463,-2.3285608291625977,0.36972787976264954,0.2731696367263794,-0.5851716995239258,0.03,1.2286114692687988,-0.1101551279425621,0.3189604580402374,0.02271917276084423,0.10673245042562485,-0.1118728369474411,0.9877127408981323,0,0,0,0,0,0,0,0,0,0,0,0,0,0
8.843854188919067,2.0,0.048467397689819336,-0.08215151727199554,-0.0508037805557251,0.0821506530046463,-2.3285608291625977,0.36972787976264954,0.2731696367263794,-0.5851716995239258,0.03,1.2286114692687988,-0.1101551279425621,0.3189604580402374,0.02271917276084423,0.10673245042562485,-0.1118728369474411,0.9877127408981323,0,0,0,0,0,0,0,0,0,0,0,0,0,0
8.846520900726318,2.0,0.048467397689819336,-0.08215151727199554,-0.0508037805557251,0.0821506530046463,-2.3285608291625977,0.36972787976264954,0.2731696367263794,-0.5851716995239258,0.03,1.2286114692687988,-0.1101551279425621,0.3189604580402374,0.02271917276084423,0.10673245042562485,-0.1118728369474411,0.9877127408981323,0,0,0,0,0,0,0,0,0,0,0,0,0,0
8.84780478477478,2.0,0.048467397689819336,-0.08215151727199554,-0.0508037805557251,0.0821506530046463,-2.3285608291625977,0.36972787976264954,0.2731696367263794,-0.5851716995239258,0.03,1.2286114692687988,-0.1101551279425621,0.3189604580402374,0.02271917276084423,0.10673245042562485,-0.1118728369474411,0.9877127408981323,0,0,0,0,0,0,0,0,0,0,0,0,0,0
8.849935293197632,2.0,0.048467397689819336,-0.08215151727199554,-0.0508037805557251,0.0821506530046463,-2.3285608291625977,0.36972787976264954,0.2731696367263794,-0.5851716995239258,0.03,1.2286114692687988,-0.1101551279425621,0.3189604580402374,0.02271917276084423,0.10673245042562485,-0.1118728369474411,0.9877127408981323,0,0,0,0,0,0,0,0,0,0,0,0,0,0
8.851579904556274,2.0,0.048467397689819336,-0.08215151727199554,-0.0508037805557251,0.0821506530046463,-2.3285608291625977,0.36972787976264954,0.2731696367263794,-0.5851716995239258,0.03,1.2286114692687988,-0.1101551279425621,0.3189604580402374,0.02271917276084423,0.10673245042562485,-0.1118728369474411,0.9877127408981323,0,0,0,0,0,0,0,0,0,0,0,0,0,0
8.852688074111938,2.0,0.048467397689819336,-0.08215151727199554,-0.0508037805557251,0.0821506530046463,-2.3285608291625977,0.36972787976264954,0.2731696367263794,-0.5851716995239258,0.03,1.2286114692687988,-0.1101551279425621,0.3189604580402374,0.02271917276084423,0.10673245042562485,-0.1118728369474411,0.9877127408981323,0,0,0,0,0,0,0,0,0,0,0,0,0,0
8.854156255722046,2.0,0.048467397689819336,-0.08215151727199554,-0.0508037805557251,0.0821506530046463,-2.3285608291625977,0.36972787976264954,0.2731696367263794,-0.5851716995239258,0.03,1.2286114692687988,-0.1101551279425621,0.3189604580402374,0.02271917276084423,0.10673245042562485,-0.1118728369474411,0.9877127408981323,0,0,0,0,0,0,0,0,0,0,0,0,0,0
8.855544090270996,2.0,0.048467397689819336,-0.08215151727199554,-0.0508037805557251,0.0821506530046463,-2.3285608291625977,0.36972787976264954,0.2731696367263794,-0.5851716995239258,0.03,1.2286114692687988,-0.1101551279425621,0.3189604580402374,0.02271917276084423,0.10673245042562485,-0.1118728369474411,0.9877127408981323,0,0,0,0,0,0,0,0,0,0,0,0,0,0
8.857207775115967,2.0,0.048467397689819336,-0.08215151727199554,-0.0508037805557251,0.0821506530046463,-2.3285608291625977,0.36972787976264954,0.2731696367263794,-0.5851716995239258,0.03,1.2286114692687988,-0.1101551279425621,0.3189604580402374,0.02271917276084423,0.10673245042562485,-0.1118728369474411,0.9877127408981323,0,0,0,0,0,0,0,0,0,0,0,0,0,0
8.85829472541809,2.0,0.048467397689819336,-0.08215151727199554,-0.0508037805557251,0.0821506530046463,-2.3285608291625977,0.36972787976264954,0.2731696367263794,-0.5851716995239258,0.03,1.2286114692687988,-0.1101551279425621,0.3189604580402374,0.02271917276084423,0.10673245042562485,-0.1118728369474411,0.9877127408981323,0,0,0,0,0,0,0,0,0,0,0,0,0,0
8.859399318695068,2.0,0.048467397689819336,-0.08215151727199554,-0.0508037805557251,0.0821506530046463,-2.3285608291625977,0.36972787976264954,0.2731696367263794,-0.5851716995239258,0.03,1.2286114692687988,-0.1101551279425621,0.3189604580402374,0.02271917276084423,0.10673245042562485,-0.1118728369474411,0.9877127408981323,0,0,0,0,0,0,0,0,0,0,0,0,0,0
8.86046552658081,2.0,0.048467397689819336,-0.08215151727199554,-0.0508037805557251,0.0821506530046463,-2.3285608291625977,0.36972787976264954,0.2731696367263794,-0.5851716995239258,0.03,1.2286114692687988,-0.1101551279425621,0.3189604580402374,0.02271917276084423,0.10673245042562485,-0.1118728369474411,0.9877127408981323,0,0,0,0,0,0,0,0,0,0,0,0,0,0
8.862419605255127,2.0,0.05037844553589821,-0.08215494453907013,-0.05276423692703247,0.08214077353477478,-2.4659669399261475,0.3900328278541565,0.12555529177188873,-0.6178090572357178,0.03,1.2286114692687988,-0.1101551279425621,0.3189604580402374,0.02271917276084423,0.10673245042562485,-0.1118728369474411,0.9877127408981323,0,0,0,0,0,0,0,0,0,0,0,0,0,0
8.863530397415161,2.0,0.05119840055704117,-0.08219166100025177,-0.05353599786758423,0.08214102685451508,-2.558488607406616,0.32301443815231323,-0.11346515268087387,-0.6204922199249268,0.03,1.2286114692687988,-0.1101551279425621,0.3189604580402374,0.02271917276084423,0.10673245042562485,-0.1118728369474411,0.9877127408981323,0,0,0,0,0,0,0,0,0,0,0,0,0,0
8.864588975906372,2.0,0.05119840055704117,-0.08219166100025177,-0.05353599786758423,0.08214102685451508,-2.558488607406616,0.32301443815231323,-0.11346515268087387,-0.6204922199249268,0.03,1.2286114692687988,-0.1101551279425621,0.3189604580402374,0.02271917276084423,0.10673245042562485,-0.1118728369474411,0.9877127408981323,0,0,0,0,0,0,0,0,0,0,0,0,0,0
8.865699529647827,2.0,0.05119840055704117,-0.08219166100025177,-0.05353599786758423,0.08214102685451508,-2.558488607406616,0.32301443815231323,-0.11346515268087387,-0.6204922199249268,0.03,1.2286114692687988,-0.1101551279425621,0.3189604580402374,0.02271917276084423,0.10673245042562485,-0.1118728369474411,0.9877127408981323,0,0,0,0,0,0,0,0,0,0,0,0,0,0
8.866796731948853,2.0,0.05119840055704117,-0.08219166100025177,-0.05353599786758423,0.08214102685451508,-2.558488607406616,0.32301443815231323,-0.11346515268087387,-0.6204922199249268,0.03,1.2286114692687988,-0.1101551279425621,0.3189604580402374,0.02271917276084423,0.10673245042562485,-0.1118728369474411,0.9877127408981323,0,0,0,0,0,0,0,0,0,0,0,0,0,0
8.867943286895752,2.0,0.05119840055704117,-0.08219166100025177,-0.05353599786758423,0.08214102685451508,-2.558488607406616,0.32301443815231323,-0.11346515268087387,-0.6204922199249268,0.03,1.2286114692687988,-0.1101551279425621,0.3189604580402374,0.02271917276084423,0.10673245042562485,-0.1118728369474411,0.9877127408981323,0,0,0,0,0,0,0,0,0,0,0,0,0,0
8.869184970855713,2.0,0.05119840055704117,-0.08219166100025177,-0.05353599786758423,0.08214102685451508,-2.558488607406616,0.32301443815231323,-0.11346515268087387,-0.6204922199249268,0.03,1.2286114692687988,-0.1101551279425621,0.3189604580402374,0.02271917276084423,0.10673245042562485,-0.1118728369474411,0.9877127408981323,0,0,0,0,0,0,0,0,0,0,0,0,0,0
8.870549440383911,2.0,0.05119840055704117,-0.08219166100025177,-0.05353599786758423,0.08214102685451508,-2.558488607406616,0.32301443815231323,-0.11346515268087387,-0.6204922199249268,0.03,1.2286114692687988,-0.1101551279425621,0.3189604580402374,0.02271917276084423,0.10673245042562485,-0.1118728369474411,0.9877127408981323,0,0,0,0,0,0,0,0,0,0,0,0,0,0
8.87306523323059,2.0,0.05573296546936035,-0.08216114342212677,-0.05851966142654419,0.08214065432548523,-3.3991565704345703,0.4228866696357727,-0.27696606516838074,-0.6595858335494995,0.03,1.2286114692687988,-0.1101551279425621,0.3189604580402374,0.02271917276084423,0.10673245042562485,-0.1118728369474411,0.9877127408981323,0,0,0,0,0,0,0,0,0,0,0,0,0,0
8.87544584274292,2.0,0.05817738175392151,-0.08213798701763153,-0.06119358539581299,0.08214055001735687,-3.6102919578552246,0.4501953125,-0.2928103506565094,-0.6814774870872498,0.03,1.2286579608917236,-0.11009739339351654,0.31896138191223145,0.022406939417123795,0.10699182003736496,-0.10885989665985107,0.9880284667015076,0,0,0,0,0,0,0,0,0,0,0,0,0,0
8.87723708152771,2.0,0.058663509786129,-0.08213868737220764,-0.0617908239364624,0.08217810094356537,-3.784062385559082,0.449501097202301,-0.13779127597808838,-0.6027478575706482,0.03,1.2286632061004639,-0.1101672425866127,0.31890183687210083,0.023600813001394272,0.10700514912605286,-0.10320837795734406,0.9886056184768677,0,0,0,0,0,0,0,0,0,0,0,0,0,0
8.878825426101685,2.0,0.05894000828266144,-0.08214643597602844,-0.06240636110305786,0.08215275406837463,-3.618771553039551,0.4325988292694092,0.10862305760383606,-0.6834972500801086,0.03,1.2286930084228516,-0.11018834263086319,0.318777859210968,0.022956587374210358,0.10716546326875687,-0.1053025871515274,0.9883825778961182,0,0,0,0,0,0,0,0,0,0,0,0,0,0
8.881094455718994,2.0,0.060485970228910446,-0.08216340839862823,-0.06399548053741455,0.08215783536434174,-3.7679450511932373,0.4219758212566376,0.061465948820114136,-0.6690005660057068,0.03,1.2286930084228516,-0.11018834263086319,0.318777859210968,0.022956587374210358,0.10716546326875687,-0.1053025871515274,0.9883825778961182,0,0,0,0,0,0,0,0,0,0,0,0,0,0
8.882485151290894,2.0,0.06155862659215927,-0.08215951919555664,-0.06546562910079956,0.08216594159603119,-3.9220776557922363,0.4560897946357727,-0.03947346284985542,-0.6594319939613342,0.03,1.2286903858184814,-0.11015491932630539,0.31875714659690857,0.022431977093219757,0.10729870945215225,-0.1068560928106308,0.9882133603096008,0,0,0,0,0,0,0,0,0,0,0,0,0,0
8.884517431259155,2.0,0.06337621808052063,-0.08215852081775665,-0.06756281852722168,0.08219091594219208,-4.148403167724609,0.4196853041648865,0.2558746337890625,-0.6533719897270203,0.03,1.2286903858184814,-0.11015491932630539,0.31875714659690857,0.022431977093219757,0.10729870945215225,-0.1068560928106308,0.9882133603096008,0,0,0,0,0,0,0,0,0,0,0,0,0,0
8.885663032531738,2.0,0.06337621808052063,-0.08215852081775665,-0.06756281852722168,0.08219091594219208,-4.148403167724609,0.4196853041648865,0.2558746337890625,-0.6533719897270203,0.03,1.2286903858184814,-0.11015491932630539,0.31875714659690857,0.022431977093219757,0.10729870945215225,-0.1068560928106308,0.9882133603096008,0,0,0,0,0,0,0,0,0,0,0,0,0,0
8.886949062347412,2.0,0.06337621808052063,-0.08215852081775665,-0.06756281852722168,0.08219091594219208,-4.148403167724609,0.4196853041648865,0.2558746337890625,-0.6533719897270203,0.03,1.2286903858184814,-0.11015491932630539,0.31875714659690857,0.022431977093219757,0.10729870945215225,-0.1068560928106308,0.9882133603096008,0,0,0,0,0,0,0,0,0,0,0,0,0,0
8.888800382614136,2.0,0.06337621808052063,-0.08215852081775665,-0.06756281852722168,0.08219091594219208,-4.148403167724609,0.4196853041648865,0.2558746337890625,-0.6533719897270203,0.03,1.2286903858184814,-0.11015491932630539,0.31875714659690857,0.022431977093219757,0.10729870945215225,-0.1068560928106308,0.9882133603096008,0,0,0,0,0,0,0,0,0,0,0,0,0,0
8.890486240386963,2.0,0.06337621808052063,-0.08215852081775665,-0.06756281852722168,0.08219091594219208,-4.148403167724609,0.4196853041648865,0.2558746337890625,-0.6533719897270203,0.03,1.2286903858184814,-0.11015491932630539,0.31875714659690857,0.022431977093219757,0.10729870945215225,-0.1068560928106308,0.9882133603096008,0,0,0,0,0,0,0,0,0,0,0,0,0,0
8.891573905944824,2.0,0.06337621808052063,-0.08215852081775665,-0.06756281852722168,0.08219091594219208,-4.148403167724609,0.4196853041648865,0.2558746337890625,-0.6533719897270203,0.03,1.2286903858184814,-0.11015491932630539,0.31875714659690857,0.022431977093219757,0.10729870945215225,-0.1068560928106308,0.9882133603096008,0,0,0,0,0,0,0,0,0,0,0,0,0,0
8.892646312713623,2.0,0.06337621808052063,-0.08215852081775665,-0.06756281852722168,0.08219091594219208,-4.148403167724609,0.4196853041648865,0.2558746337890625,-0.6533719897270203,0.03,1.2286903858184814,-0.11015491932630539,0.31875714659690857,0.022431977093219757,0.10729870945215225,-0.1068560928106308,0.9882133603096008,0,0,0,0,0,0,0,0,0,0,0,0,0,0
8.893763780593872,2.0,0.06337621808052063,-0.08215852081775665,-0.06756281852722168,0.08219091594219208,-4.148403167724609,0.4196853041648865,0.2558746337890625,-0.6533719897270203,0.03,1.2286903858184814,-0.11015491932630539,0.31875714659690857,0.022431977093219757,0.10729870945215225,-0.1068560928106308,0.9882133603096008,0,0,0,0,0,0,0,0,0,0,0,0,0,0
8.89485239982605,2.0,0.06337621808052063,-0.08215852081775665,-0.06756281852722168,0.08219091594219208,-4.148403167724609,0.4196853041648865,0.2558746337890625,-0.6533719897270203,0.03,1.2286903858184814,-0.11015491932630539,0.31875714659690857,0.022431977093219757,0.10729870945215225,-0.1068560928106308,0.9882133603096008,0,0,0,0,0,0,0,0,0,0,0,0,0,0
8.89657187461853,2.0,0.06495402008295059,-0.08216913044452667,-0.06887555122375488,0.08220300078392029,-4.198081970214844,0.45474448800086975,-0.08281178772449493,-0.6483580470085144,0.03,1.228614091873169,-0.11000648885965347,0.3187585175037384,0.017722899094223976,0.10776680707931519,-0.12724241614341736,0.9858406186103821,0,0,0,0,0,0,0,0,0,0,0,0,0,0
8.89866304397583,2.0,0.06495402008295059,-0.08216913044452667,-0.06887555122375488,0.08220300078392029,-4.198081970214844,0.45474448800086975,-0.08281178772449493,-0.6483580470085144,0.03,1.228614091873169,-0.11000648885965347,0.3187585175037384,0.017722899094223976,0.10776680707931519,-0.12724241614341736,0.9858406186103821,0,0,0,0,0,0,0,0,0,0,0,0,0,0
8.899781227111816,2.0,0.06495402008295059,-0.08216913044452667,-0.06887555122375488,0.08220300078392029,-4.198081970214844,0.45474448800086975,-0.08281178772449493,-0.6483580470085144,0.03,1.228614091873169,-0.11000648885965347,0.3187585175037384,0.017722899094223976,0.10776680707931519,-0.12724241614341736,0.9858406186103821,0,0,0,0,0,0,0,0,0,0,0,0,0,0
8.901246070861816,2.0,0.06495402008295059,-0.08216913044452667,-0.06887555122375488,0.08220300078392029,-4.198081970214844,0.45474448800086975,-0.08281178772449493,-0.6483580470085144,0.03,1.228614091873169,-0.11000648885965347,0.3187585175037384,0.017722899094223976,0.10776680707931519,-0.12724241614341736,0.9858406186103821,0,0,0,0,0,0,0,0,0,0,0,0,0,0
8.902377843856812,2.0,0.06495402008295059,-0.08216913044452667,-0.06887555122375488,0.08220300078392029,-4.198081970214844,0.45474448800086975,-0.08281178772449493,-0.6483580470085144,0.03,1.228614091873169,-0.11000648885965347,0.3187585175037384,0.017722899094223976,0.10776680707931519,-0.12724241614341736,0.9858406186103821,0,0,0,0,0,0,0,0,0,0,0,0,0,0
8.90353274345398,2.0,0.0676916167140007,-0.08216835558414459,-0.0715351402759552,0.0822024941444397,-4.569206237792969,0.4844590723514557,-0.5225844383239746,-0.6711729764938354,0.03,1.228614091873169,-0.11000648885965347,0.3187585175037384,0.017722899094223976,0.10776680707931519,-0.12724241614341736,0.9858406186103821,0,0,0,0,0,0,0,0,0,0,0,0,0,0
8.904794931411743,2.0,0.06837106496095657,-0.08216337859630585,-0.07236865162849426,0.08218926191329956,-4.739909648895264,0.50847989320755,-0.7266129851341248,-0.7021704912185669,0.03,1.2286502122879028,-0.11006583273410797,0.3186199963092804,0.01674741879105568,0.10786178708076477,-0.1315212845802307,0.9852854609489441,0,0,0,0,0,0,0,0,0,0,0,0,0,0
8.9062180519104,2.0,0.0697750598192215,-0.08215777575969696,-0.0737772285938263,0.08219043910503387,-5.012150764465332,0.5210328698158264,-0.9035182595252991,-0.7072674036026001,0.03,1.2286502122879028,-0.11006583273410797,0.3186199963092804,0.01674741879105568,0.10786178708076477,-0.1315212845802307,0.9852854609489441,0,0,0,0,0,0,0,0,0,0,0,0,0,0
8.909307718276978,3.0,0.07044453918933868,-0.08216418325901031,-0.07422935962677002,0.08218938112258911,-5.270054817199707,0.511563241481781,-1.1299588680267334,-0.6997330784797668,0.03,1.2286502122879028,-0.11006583273410797,0.3186199963092804,0.01674741879105568,0.10786178708076477,-0.1315212845802307,0.9852854609489441,0,0,0,0,0,0,0,0,0,0,0,0,0,0
8.910601615905762,3.0,0.07044453918933868,-0.08216418325901031,-0.07422935962677002,0.08218938112258911,-5.270054817199707,0.511563241481781,-1.1299588680267334,-0.6997330784797668,0.03,1.2286502122879028,-0.11006583273410797,0.3186199963092804,0.01674741879105568,0.10786178708076477,-0.1315212845802307,0.9852854609489441,0,0,0,0,0,0,0,0,0,0,0,0,0,0
8.911836862564087,3.0,0.07044453918933868,-0.08216418325901031,-0.07422935962677002,0.08218938112258911,-5.270054817199707,0.511563241481781,-1.1299588680267334,-0.6997330784797668,0.03,1.2286502122879028,-0.11006583273410797,0.3186199963092804,0.01674741879105568,0.10786178708076477,-0.1315212845802307,0.9852854609489441,0,0,0,0,0,0,0,0,0,0,0,0,0,0
8.914111375808716,3.0,0.07044453918933868,-0.08216418325901031,-0.07422935962677002,0.08218938112258911,-5.270054817199707,0.511563241481781,-1.1299588680267334,-0.6997330784797668,0.03,1.2286502122879028,-0.11006583273410797,0.3186199963092804,0.01674741879105568,0.10786178708076477,-0.1315212845802307,0.9852854609489441,0,0,0,0,0,0,0,0,0,0,0,0,0,0
8.915215969085693,3.0,0.07044453918933868,-0.08216418325901031,-0.07422935962677002,0.08218938112258911,-5.270054817199707,0.511563241481781,-1.1299588680267334,-0.6997330784797668,0.03,1.2286502122879028,-0.11006583273410797,0.3186199963092804,0.01674741879105568,0.10786178708076477,-0.1315212845802307,0.9852854609489441,0,0,0,0,0,0,0,0,0,0,0,0,0,0
8.916309356689453,3.0,0.07044453918933868,-0.08216418325901031,-0.07422935962677002,0.08218938112258911,-5.270054817199707,0.511563241481781,-1.1299588680267334,-0.6997330784797668,0.03,1.2286502122879028,-0.11006583273410797,0.3186199963092804,0.01674741879105568,0.10786178708076477,-0.1315212845802307,0.9852854609489441,0,0,0,0,0,0,0,0,0,0,0,0,0,0
8.918549060821533,3.0,0.07044453918933868,-0.08216418325901031,-0.07422935962677002,0.08218938112258911,-5.270054817199707,0.511563241481781,-1.1299588680267334,-0.6997330784797668,0.03,1.2286502122879028,-0.11006583273410797,0.3186199963092804,0.01674741879105568,0.10786178708076477,-0.1315212845802307,0.9852854609489441,0,0,0,0,0,0,0,0,0,0,0,0,0,0
8.919868230819702,3.0,0.07044453918933868,-0.08216418325901031,-0.07422935962677002,0.08218938112258911,-5.270054817199707,0.511563241481781,-1.1299588680267334,-0.6997330784797668,0.03,1.2286502122879028,-0.11006583273410797,0.3186199963092804,0.01674741879105568,0.10786178708076477,-0.1315212845802307,0.9852854609489441,0,0,0,0,0,0,0,0,0,0,0,0,0,0
8.92155909538269,3.0,0.07044453918933868,-0.08216418325901031,-0.07422935962677002,0.08218938112258911,-5.270054817199707,0.511563241481781,-1.1299588680267334,-0.6997330784797668,0.03,1.2286502122879028,-0.11006583273410797,0.3186199963092804,0.01674741879105568,0.10786178708076477,-0.1315212845802307,0.9852854609489441,0,0,0,0,0,0,0,0,0,0,0,0,0,0
8.922906637191772,3.0,0.07044453918933868,-0.08216418325901031,-0.07422935962677002,0.08218938112258911,-5.270054817199707,0.511563241481781,-1.1299588680267334,-0.6997330784797668,0.03,1.2286502122879028,-0.11006583273410797,0.3186199963092804,0.01674741879105568,0.10786178708076477,-0.1315212845802307,0.9852854609489441,0,0,0,0,0,0,0,0,0,0,0,0,0,0
8.926552534103394,3.0,0.07066778838634491,-0.08218292891979218,-0.07466790080070496,0.08217509090900421,-5.084951877593994,0.4774259924888611,-0.9264359474182129,-0.7326642870903015,0.03,1.2286624908447266,-0.11012721806764603,0.31852805614471436,0.0165726225823164,0.10769601911306381,-0.1323649287223816,0.98519366979599,0,0,0,0,0,0,0,0,0,0,0,0,0,0
8.928071737289429,3.0,0.07066778838634491,-0.08218292891979218,-0.07466790080070496,0.08217509090900421,-5.084951877593994,0.4774259924888611,-0.9264359474182129,-0.7326642870903015,0.03,1.228659749031067,-0.11014474928379059,0.31855863332748413,0.016619307920336723,0.10770324617624283,-0.1316312700510025,0.9852904081344604,0,0,0,0,0,0,0,0,0,0,0,0,0,0
8.929468870162964,3.0,0.07066778838634491,-0.08218292891979218,-0.07466790080070496,0.08217509090900421,-5.084951877593994,0.4774259924888611,-0.9264359474182129,-0.7326642870903015,0.03,1.228659749031067,-0.11014474928379059,0.31855863332748413,0.016619307920336723,0.10770324617624283,-0.1316312700510025,0.9852904081344604,0,0,0,0,0,0,0,0,0,0,0,0,0,0
8.930565118789673,3.0,0.07066778838634491,-0.08218292891979218,-0.07466790080070496,0.08217509090900421,-5.084951877593994,0.4774259924888611,-0.9264359474182129,-0.7326642870903015,0.03,1.228659749031067,-0.11014474928379059,0.31855863332748413,0.016619307920336723,0.10770324617624283,-0.1316312700510025,0.9852904081344604,0,0,0,0,0,0,0,0,0,0,0,0,0,0
8.93184518814087,3.0,0.07066778838634491,-0.08218292891979218,-0.07466790080070496,0.08217509090900421,-5.084951877593994,0.4774259924888611,-0.9264359474182129,-0.7326642870903015,0.03,1.228659749031067,-0.11014474928379059,0.31855863332748413,0.016619307920336723,0.10770324617624283,-0.1316312700510025,0.9852904081344604,0,0,0,0,0,0,0,0,0,0,0,0,0,0
8.933115482330322,3.0,0.07066778838634491,-0.08218292891979218,-0.07466790080070496,0.08217509090900421,-5.084951877593994,0.4774259924888611,-0.9264359474182129,-0.7326642870903015,0.03,1.228659749031067,-0.11014474928379059,0.31855863332748413,0.016619307920336723,0.10770324617624283,-0.1316312700510025,0.9852904081344604,0,0,0,0,0,0,0,0,0,0,0,0,0,0
8.934452533721924,3.0,0.07066778838634491,-0.08218292891979218,-0.07466790080070496,0.08217509090900421,-5.084951877593994,0.4774259924888611,-0.9264359474182129,-0.7326642870903015,0.03,1.228659749031067,-0.11014474928379059,0.31855863332748413,0.016619307920336723,0.10770324617624283,-0.1316312700510025,0.9852904081344604,0,0,0,0,0,0,0,0,0,0,0,0,0,0
8.936051368713379,3.0,0.07066778838634491,-0.08218292891979218,-0.07466790080070496,0.08217509090900421,-5.084951877593994,0.4774259924888611,-0.9264359474182129,-0.7326642870903015,0.03,1.228659749031067,-0.11014474928379059,0.31855863332748413,0.016619307920336723,0.10770324617624283,-0.1316312700510025,0.9852904081344604,0,0,0,0,0,0,0,0,0,0,0,0,0,0
8.9371497631073,3.0,0.07066778838634491,-0.08218292891979218,-0.07466790080070496,0.08217509090900421,-5.084951877593994,0.4774259924888611,-0.9264359474182129,-0.7326642870903015,0.03,1.228659749031067,-0.11014474928379059,0.31855863332748413,0.016619307920336723,0.10770324617624283,-0.1316312700510025,0.9852904081344604,0,0,0,0,0,0,0,0,0,0,0,0,0,0
8.938452005386353,3.0,0.07066778838634491,-0.08218292891979218,-0.07466790080070496,0.08217509090900421,-5.084951877593994,0.4774259924888611,-0.9264359474182129,-0.7326642870903015,0.03,1.228659749031067,-0.11014474928379059,0.31855863332748413,0.016619307920336723,0.10770324617624283,-0.1316312700510025,0.9852904081344604,0,0,0,0,0,0,0,0,0,0,0,0,0,0
8.939571142196655,3.0,0.07066778838634491,-0.08218292891979218,-0.07466790080070496,0.08217509090900421,-5.084951877593994,0.4774259924888611,-0.9264359474182129,-0.7326642870903015,0.03,1.228659749031067,-0.11014474928379059,0.31855863332748413,0.016619307920336723,0.10770324617624283,-0.1316312700510025,0.9852904081344604,0,0,0,0,0,0,0,0,0,0,0,0,0,0
8.940633296966553,3.0,0.07066778838634491,-0.08218292891979218,-0.07466790080070496,0.08217509090900421,-5.084951877593994,0.4774259924888611,-0.9264359474182129,-0.7326642870903015,0.03,1.228659749031067,-0.11014474928379059,0.31855863332748413,0.016619307920336723,0.10770324617624283,-0.1316312700510025,0.9852904081344604,0,0,0,0,0,0,0,0,0,0,0,0,0,0
8.941740036010742,3.0,0.07066778838634491,-0.08218292891979218,-0.07466790080070496,0.08217509090900421,-5.084951877593994,0.4774259924888611,-0.9264359474182129,-0.7326642870903015,0.03,1.228659749031067,-0.11014474928379059,0.31855863332748413,0.016619307920336723,0.10770324617624283,-0.1316312700510025,0.9852904081344604,0,0,0,0,0,0,0,0,0,0,0,0,0,0
8.942914962768555,3.0,0.07066778838634491,-0.08218292891979218,-0.07466790080070496,0.08217509090900421,-5.084951877593994,0.4774259924888611,-0.9264359474182129,-0.7326642870903015,0.03,1.228659749031067,-0.11014474928379059,0.31855863332748413,0.016619307920336723,0.10770324617624283,-0.1316312700510025,0.9852904081344604,0,0,0,0,0,0,0,0,0,0,0,0,0,0
8.944067478179932,3.0,0.07066778838634491,-0.08218292891979218,-0.07466790080070496,0.08217509090900421,-5.084951877593994,0.4774259924888611,-0.9264359474182129,-0.7326642870903015,0.03,1.228659749031067,-0.11014474928379059,0.31855863332748413,0.016619307920336723,0.10770324617624283,-0.1316312700510025,0.9852904081344604,0,0,0,0,0,0,0,0,0,0,0,0,0,0
8.945368528366089,3.0,0.07066778838634491,-0.08218292891979218,-0.07466790080070496,0.08217509090900421,-5.084951877593994,0.4774259924888611,-0.9264359474182129,-0.7326642870903015,0.03,1.228659749031067,-0.11014474928379059,0.31855863332748413,0.016619307920336723,0.10770324617624283,-0.1316312700510025,0.9852904081344604,0,0,0,0,0,0,0,0,0,0,0,0,0,0
8.94697904586792,3.0,0.07066778838634491,-0.08218292891979218,-0.07466790080070496,0.08217509090900421,-5.084951877593994,0.4774259924888611,-0.9264359474182129,-0.7326642870903015,0.03,1.228659749031067,-0.11014474928379059,0.31855863332748413,0.016619307920336723,0.10770324617624283,-0.1316312700510025,0.9852904081344604,0,0,0,0,0,0,0,0,0,0,0,0,0,0
8.948081731796265,3.0,0.07066778838634491,-0.08218292891979218,-0.07466790080070496,0.08217509090900421,-5.084951877593994,0.4774259924888611,-0.9264359474182129,-0.7326642870903015,0.03,1.228659749031067,-0.11014474928379059,0.31855863332748413,0.016619307920336723,0.10770324617624283,-0.1316312700510025,0.9852904081344604,0,0,0,0,0,0,0,0,0,0,0,0,0,0
8.949480295181274,3.0,0.07066778838634491,-0.08218292891979218,-0.07466790080070496,0.08217509090900421,-5.084951877593994,0.4774259924888611,-0.9264359474182129,-0.7326642870903015,0.03,1.228659749031067,-0.11014474928379059,0.31855863332748413,0.016619307920336723,0.10770324617624283,-0.1316312700510025,0.9852904081344604,0,0,0,0,0,0,0,0,0,0,0,0,0,0
8.951992511749268,3.0,0.07066778838634491,-0.08218292891979218,-0.07466790080070496,0.08217509090900421,-5.084951877593994,0.4774259924888611,-0.9264359474182129,-0.7326642870903015,0.03,1.228659749031067,-0.11014474928379059,0.31855863332748413,0.016619307920336723,0.10770324617624283,-0.1316312700510025,0.9852904081344604,0,0,0,0,0,0,0,0,0,0,0,0,0,0
8.953853845596313,3.0,0.07066778838634491,-0.08218292891979218,-0.07466790080070496,0.08217509090900421,-5.084951877593994,0.4774259924888611,-0.9264359474182129,-0.7326642870903015,0.03,1.228659749031067,-0.11014474928379059,0.31855863332748413,0.016619307920336723,0.10770324617624283,-0.1316312700510025,0.9852904081344604,0,0,0,0,0,0,0,0,0,0,0,0,0,0
8.955180406570435,3.0,0.07066778838634491,-0.08218292891979218,-0.07466790080070496,0.08217509090900421,-5.084951877593994,0.4774259924888611,-0.9264359474182129,-0.7326642870903015,0.03,1.228659749031067,-0.11014474928379059,0.31855863332748413,0.016619307920336723,0.10770324617624283,-0.1316312700510025,0.9852904081344604,0,0,0,0,0,0,0,0,0,0,0,0,0,0
8.956547975540161,3.0,0.07066778838634491,-0.08218292891979218,-0.07466790080070496,0.08217509090900421,-5.084951877593994,0.4774259924888611,-0.9264359474182129,-0.7326642870903015,0.03,1.228659749031067,-0.11014474928379059,0.31855863332748413,0.016619307920336723,0.10770324617624283,-0.1316312700510025,0.9852904081344604,0,0,0,0,0,0,0,0,0,0,0,0,0,0
8.958292245864868,3.0,0.07066778838634491,-0.08218292891979218,-0.07466790080070496,0.08217509090900421,-5.084951877593994,0.4774259924888611,-0.9264359474182129,-0.7326642870903015,0.03,1.228659749031067,-0.11014474928379059,0.31855863332748413,0.016619307920336723,0.10770324617624283,-0.1316312700510025,0.9852904081344604,0,0,0,0,0,0,0,0,0,0,0,0,0,0
8.959933996200562,3.0,0.07066778838634491,-0.08218292891979218,-0.07466790080070496,0.08217509090900421,-5.084951877593994,0.4774259924888611,-0.9264359474182129,-0.7326642870903015,0.03,1.228659749031067,-0.11014474928379059,0.31855863332748413,0.016619307920336723,0.10770324617624283,-0.1316312700510025,0.9852904081344604,0,0,0,0,0,0,0,0,0,0,0,0,0,0
8.961276054382324,3.0,0.07066778838634491,-0.08218292891979218,-0.07466790080070496,0.08217509090900421,-5.084951877593994,0.4774259924888611,-0.9264359474182129,-0.7326642870903015,0.03,1.228659749031067,-0.11014474928379059,0.31855863332748413,0.016619307920336723,0.10770324617624283,-0.1316312700510025,0.9852904081344604,0,0,0,0,0,0,0,0,0,0,0,0,0,0
8.96348762512207,3.0,0.07066778838634491,-0.08218292891979218,-0.07466790080070496,0.08217509090900421,-5.084951877593994,0.4774259924888611,-0.9264359474182129,-0.7326642870903015,0.03,1.228659749031067,-0.11014474928379059,0.31855863332748413,0.016619307920336723,0.10770324617624283,-0.1316312700510025,0.9852904081344604,0,0,0,0,0,0,0,0,0,0,0,0,0,0
8.965277194976807,3.0,0.07066778838634491,-0.08218292891979218,-0.07466790080070496,0.08217509090900421,-5.084951877593994,0.4774259924888611,-0.9264359474182129,-0.7326642870903015,0.03,1.228659749031067,-0.11014474928379059,0.31855863332748413,0.016619307920336723,0.10770324617624283,-0.1316312700510025,0.9852904081344604,0,0,0,0,0,0,0,0,0,0,0,0,0,0
8.966367483139038,3.0,0.07066778838634491,-0.08218292891979218,-0.07466790080070496,0.08217509090900421,-5.084951877593994,0.4774259924888611,-0.9264359474182129,-0.7326642870903015,0.03,1.228659749031067,-0.11014474928379059,0.31855863332748413,0.016619307920336723,0.10770324617624283,-0.1316312700510025,0.9852904081344604,0,0,0,0,0,0,0,0,0,0,0,0,0,0
8.96748423576355,3.0,0.07066778838634491,-0.08218292891979218,-0.07466790080070496,0.08217509090900421,-5.084951877593994,0.4774259924888611,-0.9264359474182129,-0.7326642870903015,0.03,1.228659749031067,-0.11014474928379059,0.31855863332748413,0.016619307920336723,0.10770324617624283,-0.1316312700510025,0.9852904081344604,0,0,0,0,0,0,0,0,0,0,0,0,0,0
8.96881628036499,3.0,0.07066778838634491,-0.08218292891979218,-0.07466790080070496,0.08217509090900421,-5.084951877593994,0.4774259924888611,-0.9264359474182129,-0.7326642870903015,0.03,1.228659749031067,-0.11014474928379059,0.31855863332748413,0.016619307920336723,0.10770324617624283,-0.1316312700510025,0.9852904081344604,0,0,0,0,0,0,0,0,0,0,0,0,0,0
8.970263957977295,3.0,0.07066778838634491,-0.08218292891979218,-0.07466790080070496,0.08217509090900421,-5.084951877593994,0.4774259924888611,-0.9264359474182129,-0.7326642870903015,0.03,1.228659749031067,-0.11014474928379059,0.31855863332748413,0.016619307920336723,0.10770324617624283,-0.1316312700510025,0.9852904081344604,0,0,0,0,0,0,0,0,0,0,0,0,0,0
8.971545457839966,3.0,0.07066778838634491,-0.08218292891979218,-0.07466790080070496,0.08217509090900421,-5.084951877593994,0.4774259924888611,-0.9264359474182129,-0.7326642870903015,0.03,1.228659749031067,-0.11014474928379059,0.31855863332748413,0.016619307920336723,0.10770324617624283,-0.1316312700510025,0.9852904081344604,0,0,0,0,0,0,0,0,0,0,0,0,0,0
8.972744464874268,3.0,0.07066778838634491,-0.08218292891979218,-0.07466790080070496,0.08217509090900421,-5.084951877593994,0.4774259924888611,-0.9264359474182129,-0.7326642870903015,0.03,1.228659749031067,-0.11014474928379059,0.31855863332748413,0.016619307920336723,0.10770324617624283,-0.1316312700510025,0.9852904081344604,0,0,0,0,0,0,0,0,0,0,0,0,0,0
8.973844051361084,3.0,0.07066778838634491,-0.08218292891979218,-0.07466790080070496,0.08217509090900421,-5.084951877593994,0.4774259924888611,-0.9264359474182129,-0.7326642870903015,0.03,1.228659749031067,-0.11014474928379059,0.31855863332748413,0.016619307920336723,0.10770324617624283,-0.1316312700510025,0.9852904081344604,0,0,0,0,0,0,0,0,0,0,0,0,0,0
8.975705623626709,3.0,0.07102803140878677,-0.08216910064220428,-0.07487145066261292,0.0822039544582367,-4.581744194030762,-0.6989993453025818,-0.2776007652282715,0.5433564186096191,0.03,1.228659749031067,-0.11014474928379059,0.31855863332748413,0.016619307920336723,0.10770324617624283,-0.1316312700510025,0.9852904081344604,0,0,0,0,0,0,0,0,0,0,0,0,0,0
8.977592468261719,3.0,0.07122381031513214,-0.07988673448562622,-0.07528713345527649,0.0803675502538681,-3.067986011505127,-3.0016891956329346,1.2745195627212524,3.290628671646118,0.03,1.228659749031067,-0.11014474928379059,0.31855863332748413,0.016619307920336723,0.10770324617624283,-0.1316312700510025,0.9852904081344604,0,0,0,0,0,0,0,0,0,0,0,0,0,0
8.980353116989136,3.0,0.07102242112159729,-0.07752127945423126,-0.07469946146011353,0.07773777842521667,-2.1279044151306152,-3.652238368988037,1.4782404899597168,3.4341535568237305,0.03,1.2286936044692993,-0.11023426800966263,0.3187451958656311,0.01874193362891674,0.10779811441898346,-0.12063740938901901,0.9866483807563782,0,0,0,0,0,0,0,0,0,0,0,0,0,0
8.984037637710571,3.0,0.07092884927988052,-0.07432622462511063,-0.07378560304641724,0.0738571286201477,-1.3180911540985107,-4.594344615936279,1.7775051593780518,3.645681858062744,0.03,1.2286936044692993,-0.11023426800966263,0.3187451958656311,0.01874193362891674,0.10779811441898346,-0.12063740938901901,0.9866483807563782,0,0,0,0,0,0,0,0,0,0,0,0,0,0
8.98551869392395,3.0,0.07092884927988052,-0.07432622462511063,-0.07378560304641724,0.0738571286201477,-1.3180911540985107,-4.594344615936279,1.7775051593780518,3.645681858062744,0.03,1.2286936044692993,-0.11023426800966263,0.3187451958656311,0.01874193362891674,0.10779811441898346,-0.12063740938901901,0.9866483807563782,0,0,0,0,0,0,0,0,0,0,0,0,0,0
8.98734164237976,3.0,0.07077187299728394,-0.07225582748651505,-0.07297149300575256,0.07125192880630493,-1.044061303138733,-4.392153739929199,1.6530096530914307,2.8443007469177246,0.03,1.2287278175354004,-0.11024554073810577,0.3185543715953827,0.016972193494439125,0.10712505131959915,-0.1275264173746109,0.9858870506286621,0,0,0,0,0,0,0,0,0,0,0,0,0,0
8.989545583724976,3.0,0.06966865062713623,-0.06362082064151764,-0.06974619626998901,0.06103545427322388,-0.5452890992164612,-3.4900689125061035,0.3503495752811432,0.7840534448623657,0.03,1.2288066148757935,-0.11041714251041412,0.3185201585292816,0.014784885570406914,0.1060665100812912,-0.1334347426891327,0.9852545857429504,0,0,0,0,0,0,0,0,0,0,0,0,0,0
8.991187334060669,3.0,0.06934726238250732,-0.061428554356098175,-0.06925925612449646,0.058809638023376465,-0.4515138566493988,-3.4412269592285156,0.19967155158519745,0.8932909965515137,0.03,1.2288066148757935,-0.11041714251041412,0.3185201585292816,0.014784885570406914,0.1060665100812912,-0.1334347426891327,0.9852545857429504,0,0,0,0,0,0,0,0,0,0,0,0,0,0
8.99238109588623,3.0,0.06934726238250732,-0.061428554356098175,-0.06925925612449646,0.058809638023376465,-0.4515138566493988,-3.4412269592285156,0.19967155158519745,0.8932909965515137,0.03,1.2288066148757935,-0.11041714251041412,0.3185201585292816,0.014784885570406914,0.1060665100812912,-0.1334347426891327,0.9852545857429504,0,0,0,0,0,0,0,0,0,0,0,0,0,0
8.993561029434204,3.0,0.06926637887954712,-0.06072114408016205,-0.06881117820739746,0.05728226900100708,-0.35227006673812866,-3.5455212593078613,0.15655602514743805,0.8942882418632507,0.03,1.2288066148757935,-0.11041714251041412,0.3185201585292816,0.014784885570406914,0.1060665100812912,-0.1334347426891327,0.9852545857429504,0,0,0,0,0,0,0,0,0,0,0,0,0,0
8.99468469619751,3.0,0.06857846677303314,-0.05427233874797821,-0.06749480962753296,0.051530659198760986,0.20630986988544464,-3.309680938720703,0.16789576411247253,0.7079716920852661,0.03,1.228857159614563,-0.11075243353843689,0.31867513060569763,0.008553965948522091,0.10411398112773895,-0.16151031851768494,0.9813265204429626,0,0,0,0,0,0,0,0,0,0,0,0,0,0
8.995781660079956,3.0,0.0684504583477974,-0.053199030458927155,-0.06730705499649048,0.04978132247924805,0.3263784646987915,-4.482467174530029,0.47640126943588257,1.6388269662857056,0.03,1.228857159614563,-0.11075243353843689,0.31867513060569763,0.008553965948522091,0.10411398112773895,-0.16151031851768494,0.9813265204429626,0,0,0,0,0,0,0,0,0,0,0,0,0,0
8.998549699783325,3.0,0.0684504583477974,-0.053199030458927155,-0.06730705499649048,0.04978132247924805,0.3263784646987915,-4.482467174530029,0.47640126943588257,1.6388269662857056,0.03,1.228857159614563,-0.11075243353843689,0.31867513060569763,0.008553965948522091,0.10411398112773895,-0.16151031851768494,0.9813265204429626,0,0,0,0,0,0,0,0,0,0,0,0,0,0
8.999678134918213,3.0,0.06825096905231476,-0.051523104310035706,-0.06722259521484375,0.048751771450042725,0.3856024742126465,-4.604630947113037,0.6732532978057861,2.020690679550171,0.03,1.228857159614563,-0.11075243353843689,0.31867513060569763,0.008553965948522091,0.10411398112773895,-0.16151031851768494,0.9813265204429626,0,0,0,0,0,0,0,0,0,0,0,0,0,0
9.001733303070068,3.0,0.06765376031398773,-0.046395085752010345,-0.06680691242218018,0.043460726737976074,0.666281521320343,-5.492823600769043,1.1267725229263306,2.624032974243164,0.03,1.2290774583816528,-0.11123210191726685,0.319284051656723,0.021661940962076187,0.09848906099796295,-0.09716200083494186,0.9901465773582458,0,0,0,0,0,0,0,0,0,0,0,0,0,0
9.004527807235718,3.0,0.06765376031398773,-0.046395085752010345,-0.06680691242218018,0.043460726737976074,0.666281521320343,-5.492823600769043,1.1267725229263306,2.624032974243164,0.03,1.2290774583816528,-0.11123210191726685,0.319284051656723,0.021661940962076187,0.09848906099796295,-0.09716200083494186,0.9901465773582458,0,0,0,0,0,0,0,0,0,0,0,0,0,0
9.005671977996826,3.0,0.06765376031398773,-0.046395085752010345,-0.06680691242218018,0.043460726737976074,0.666281521320343,-5.492823600769043,1.1267725229263306,2.624032974243164,0.03,1.2290774583816528,-0.11123210191726685,0.319284051656723,0.021661940962076187,0.09848906099796295,-0.09716200083494186,0.9901465773582458,0,0,0,0,0,0,0,0,0,0,0,0,0,0
9.007556438446045,3.0,0.06765376031398773,-0.046395085752010345,-0.06680691242218018,0.043460726737976074,0.666281521320343,-5.492823600769043,1.1267725229263306,2.624032974243164,0.03,1.2290774583816528,-0.11123210191726685,0.319284051656723,0.021661940962076187,0.09848906099796295,-0.09716200083494186,0.9901465773582458,0,0,0,0,0,0,0,0,0,0,0,0,0,0
9.008897542953491,3.0,0.06765376031398773,-0.046395085752010345,-0.06680691242218018,0.043460726737976074,0.666281521320343,-5.492823600769043,1.1267725229263306,2.624032974243164,0.03,1.2290774583816528,-0.11123210191726685,0.319284051656723,0.021661940962076187,0.09848906099796295,-0.09716200083494186,0.9901465773582458,0,0,0,0,0,0,0,0,0,0,0,0,0,0
9.010225534439087,3.0,0.06765376031398773,-0.046395085752010345,-0.06680691242218018,0.043460726737976074,0.666281521320343,-5.492823600769043,1.1267725229263306,2.624032974243164,0.03,1.2290774583816528,-0.11123210191726685,0.319284051656723,0.021661940962076187,0.09848906099796295,-0.09716200083494186,0.9901465773582458,0,0,0,0,0,0,0,0,0,0,0,0,0,0
9.011532545089722,3.0,0.06765376031398773,-0.046395085752010345,-0.06680691242218018,0.043460726737976074,0.666281521320343,-5.492823600769043,1.1267725229263306,2.624032974243164,0.03,1.2290774583816528,-0.11123210191726685,0.319284051656723,0.021661940962076187,0.09848906099796295,-0.09716200083494186,0.9901465773582458,0,0,0,0,0,0,0,0,0,0,0,0,0,0
9.013458251953125,3.0,0.06765376031398773,-0.046395085752010345,-0.06680691242218018,0.043460726737976074,0.666281521320343,-5.492823600769043,1.1267725229263306,2.624032974243164,0.03,1.2290774583816528,-0.11123210191726685,0.319284051656723,0.021661940962076187,0.09848906099796295,-0.09716200083494186,0.9901465773582458,0,0,0,0,0,0,0,0,0,0,0,0,0,0
9.014835834503174,3.0,0.06765376031398773,-0.046395085752010345,-0.06680691242218018,0.043460726737976074,0.666281521320343,-5.492823600769043,1.1267725229263306,2.624032974243164,0.03,1.2290774583816528,-0.11123210191726685,0.319284051656723,0.021661940962076187,0.09848906099796295,-0.09716200083494186,0.9901465773582458,0,0,0,0,0,0,0,0,0,0,0,0,0,0
9.01613450050354,3.0,0.06765376031398773,-0.046395085752010345,-0.06680691242218018,0.043460726737976074,0.666281521320343,-5.492823600769043,1.1267725229263306,2.624032974243164,0.03,1.2290774583816528,-0.11123210191726685,0.319284051656723,0.021661940962076187,0.09848906099796295,-0.09716200083494186,0.9901465773582458,0,0,0,0,0,0,0,0,0,0,0,0,0,0
9.017228364944458,3.0,0.06765376031398773,-0.046395085752010345,-0.06680691242218018,0.043460726737976074,0.666281521320343,-5.492823600769043,1.1267725229263306,2.624032974243164,0.03,1.2291313409805298,-0.11124444752931595,0.31939318776130676,0.02244368940591812,0.09713543951511383,-0.09216908365488052,0.9907401204109192,0,0,0,0,0,0,0,0,0,0,0,0,0,0
9.01832365989685,3.0,0.06765376031398773,-0.046395085752010345,-0.06680691242218018,0.043460726737976074,0.666281521320343,-5.492823600769043,1.1267725229263306,2.624032974243164,0.03,1.2293683290481567,-0.11148305982351303,0.3197724521160126,0.01864147000014782,0.0947091206908226,-0.10362747311592102,0.9899212718009949,0,0,0,0,0,0,0,0,0,0,0,0,0,0
9.020074129104614,3.0,0.06765376031398773,-0.046395085752010345,-0.06680691242218018,0.043460726737976074,0.666281521320343,-5.492823600769043,1.1267725229263306,2.624032974243164,0.03,1.2293683290481567,-0.11148305982351303,0.3197724521160126,0.01864147000014782,0.0947091206908226,-0.10362747311592102,0.9899212718009949,0,0,0,0,0,0,0,0,0,0,0,0,0,0
9.021183490753174,3.0,0.06765376031398773,-0.046395085752010345,-0.06680691242218018,0.043460726737976074,0.666281521320343,-5.492823600769043,1.1267725229263306,2.624032974243164,0.03,1.2293683290481567,-0.11148305982351303,0.3197724521160126,0.01864147000014782,0.0947091206908226,-0.10362747311592102,0.9899212718009949,0,0,0,0,0,0,0,0,0,0,0,0,0,0
9.022247314453125,3.0,0.06765376031398773,-0.046395085752010345,-0.06680691242218018,0.043460726737976074,0.666281521320343,-5.492823600769043,1.1267725229263306,2.624032974243164,0.03,1.2293683290481567,-0.11148305982351303,0.3197724521160126,0.01864147000014782,0.0947091206908226,-0.10362747311592102,0.9899212718009949,0,0,0,0,0,0,0,0,0,0,0,0,0,0
9.023496389389038,3.0,0.06765376031398773,-0.046395085752010345,-0.06680691242218018,0.043460726737976074,0.666281521320343,-5.492823600769043,1.1267725229263306,2.624032974243164,0.03,1.229405403137207,-0.11157837510108948,0.31981372833251953,0.015989622101187706,0.09405501186847687,-0.11521124839782715,0.9887489080429077,0,0,0,0,0,0,0,0,0,0,0,0,0,0
9.024693727493286,3.0,0.06765376031398773,-0.046395085752010345,-0.06680691242218018,0.043460726737976074,0.666281521320343,-5.492823600769043,1.1267725229263306,2.624032974243164,0.03,1.229405403137207,-0.11157837510108948,0.31981372833251953,0.015989622101187706,0.09405501186847687,-0.11521124839782715,0.9887489080429077,0,0,0,0,0,0,0,0,0,0,0,0,0,0
9.025754928588867,3.0,0.06765376031398773,-0.046395085752010345,-0.06680691242218018,0.043460726737976074,0.666281521320343,-5.492823600769043,1.1267725229263306,2.624032974243164,0.03,1.2294222116470337,-0.11167331784963608,0.3198469579219818,0.015103299170732498,0.09318467229604721,-0.1183939278125763,0.9884691834449768,0,0,0,0,0,0,0,0,0,0,0,0,0,0
9.026817560195923,3.0,0.06765376031398773,-0.046395085752010345,-0.06680691242218018,0.043460726737976074,0.666281521320343,-5.492823600769043,1.1267725229263306,2.624032974243164,0.03,1.2294222116470337,-0.11167331784963608,0.3198469579219818,0.015103299170732498,0.09318467229604721,-0.1183939278125763,0.9884691834449768,0,0,0,0,0,0,0,0,0,0,0,0,0,0
9.028051853179932,3.0,0.06765376031398773,-0.046395085752010345,-0.06680691242218018,0.043460726737976074,0.666281521320343,-5.492823600769043,1.1267725229263306,2.624032974243164,0.03,1.2294222116470337,-0.11167331784963608,0.3198469579219818,0.015103299170732498,0.09318467229604721,-0.1183939278125763,0.9884691834449768,0,0,0,0,0,0,0,0,0,0,0,0,0,0
9.02930235862732,3.0,0.06765376031398773,-0.046395085752010345,-0.06680691242218018,0.043460726737976074,0.666281521320343,-5.492823600769043,1.1267725229263306,2.624032974243164,0.03,1.2294222116470337,-0.11167331784963608,0.3198469579219818,0.015103299170732498,0.09318467229604721,-0.1183939278125763,0.9884691834449768,0,0,0,0,0,0,0,0,0,0,0,0,0,0
9.030517578125,3.0,0.06765376031398773,-0.046395085752010345,-0.06680691242218018,0.043460726737976074,0.666281521320343,-5.492823600769043,1.1267725229263306,2.624032974243164,0.03,1.2294222116470337,-0.11167331784963608,0.3198469579219818,0.015103299170732498,0.09318467229604721,-0.1183939278125763,0.9884691834449768,0,0,0,0,0,0,0,0,0,0,0,0,0,0
9.034367561340332,3.0,0.06765376031398773,-0.046395085752010345,-0.06680691242218018,0.043460726737976074,0.666281521320343,-5.492823600769043,1.1267725229263306,2.624032974243164,0.03,1.2294222116470337,-0.11167331784963608,0.3198469579219818,0.015103299170732498,0.09318467229604721,-0.1183939278125763,0.9884691834449768,0,0,0,0,0,0,0,0,0,0,0,0,0,0
9.035645961761475,3.0,0.06765376031398773,-0.046395085752010345,-0.06680691242218018,0.043460726737976074,0.666281521320343,-5.492823600769043,1.1267725229263306,2.624032974243164,0.03,1.2294222116470337,-0.11167331784963608,0.3198469579219818,0.015103299170732498,0.09318467229604721,-0.1183939278125763,0.9884691834449768,0,0,0,0,0,0,0,0,0,0,0,0,0,0
9.037819862365723,3.0,0.06765376031398773,-0.046395085752010345,-0.06680691242218018,0.043460726737976074,0.666281521320343,-5.492823600769043,1.1267725229263306,2.624032974243164,0.03,1.2294222116470337,-0.11167331784963608,0.3198469579219818,0.015103299170732498,0.09318467229604721,-0.1183939278125763,0.9884691834449768,0,0,0,0,0,0,0,0,0,0,0,0,0,0
9.039075374603271,3.0,0.06765376031398773,-0.046395085752010345,-0.06680691242218018,0.043460726737976074,0.666281521320343,-5.492823600769043,1.1267725229263306,2.624032974243164,0.03,1.2294222116470337,-0.11167331784963608,0.3198469579219818,0.015103299170732498,0.09318467229604721,-0.1183939278125763,0.9884691834449768,0,0,0,0,0,0,0,0,0,0,0,0,0,0
9.041719675064087,3.0,0.06765376031398773,-0.046395085752010345,-0.06680691242218018,0.043460726737976074,0.666281521320343,-5.492823600769043,1.1267725229263306,2.624032974243164,0.03,1.2294222116470337,-0.11167331784963608,0.3198469579219818,0.015103299170732498,0.09318467229604721,-0.1183939278125763,0.9884691834449768,0,0,0,0,0,0,0,0,0,0,0,0,0,0
9.043151378631592,3.0,0.06765376031398773,-0.046395085752010345,-0.06680691242218018,0.043460726737976074,0.666281521320343,-5.492823600769043,1.1267725229263306,2.624032974243164,0.03,1.2294222116470337,-0.11167331784963608,0.3198469579219818,0.015103299170732498,0.09318467229604721,-0.1183939278125763,0.9884691834449768,0,0,0,0,0,0,0,0,0,0,0,0,0,0
9.044463634490967,3.0,0.06765376031398773,-0.046395085752010345,-0.06680691242218018,0.043460726737976074,0.666281521320343,-5.492823600769043,1.1267725229263306,2.624032974243164,0.03,1.2294222116470337,-0.11167331784963608,0.3198469579219818,0.015103299170732498,0.09318467229604721,-0.1183939278125763,0.9884691834449768,0,0,0,0,0,0,0,0,0,0,0,0,0,0
9.045696258544922,3.0,0.06765376031398773,-0.046395085752010345,-0.06680691242218018,0.043460726737976074,0.666281521320343,-5.492823600769043,1.1267725229263306,2.624032974243164,0.03,1.2294222116470337,-0.11167331784963608,0.3198469579219818,0.015103299170732498,0.09318467229604721,-0.1183939278125763,0.9884691834449768,0,0,0,0,0,0,0,0,0,0,0,0,0,0
9.046778678894043,3.0,0.06765376031398773,-0.046395085752010345,-0.06680691242218018,0.043460726737976074,0.666281521320343,-5.492823600769043,1.1267725229263306,2.624032974243164,0.03,1.2294222116470337,-0.11167331784963608,0.3198469579219818,0.015103299170732498,0.09318467229604721,-0.1183939278125763,0.9884691834449768,0,0,0,0,0,0,0,0,0,0,0,0,0,0
9.048457145690918,3.0,0.06765376031398773,-0.046395085752010345,-0.06680691242218018,0.043460726737976074,0.666281521320343,-5.492823600769043,1.1267725229263306,2.624032974243164,0.03,1.2294222116470337,-0.11167331784963608,0.3198469579219818,0.015103299170732498,0.09318467229604721,-0.1183939278125763,0.9884691834449768,0,0,0,0,0,0,0,0,0,0,0,0,0,0
9.049784421920776,3.0,0.06765376031398773,-0.046395085752010345,-0.06680691242218018,0.043460726737976074,0.666281521320343,-5.492823600769043,1.1267725229263306,2.624032974243164,0.03,1.2294222116470337,-0.11167331784963608,0.3198469579219818,0.015103299170732498,0.09318467229604721,-0.1183939278125763,0.9884691834449768,0,0,0,0,0,0,0,0,0,0,0,0,0,0
9.050982475280762,3.0,0.06765376031398773,-0.046395085752010345,-0.06680691242218018,0.043460726737976074,0.666281521320343,-5.492823600769043,1.1267725229263306,2.624032974243164,0.03,1.2294222116470337,-0.11167331784963608,0.3198469579219818,0.015103299170732498,0.09318467229604721,-0.1183939278125763,0.9884691834449768,0,0,0,0,0,0,0,0,0,0,0,0,0,0
9.052317380905151,3.0,0.06765376031398773,-0.046395085752010345,-0.06680691242218018,0.043460726737976074,0.666281521320343,-5.492823600769043,1.1267725229263306,2.624032974243164,0.03,1.2294222116470337,-0.11167331784963608,0.3198469579219818,0.015103299170732498,0.09318467229604721,-0.1183939278125763,0.9884691834449768,0,0,0,0,0,0,0,0,0,0,0,0,0,0
9.053406476974487,3.0,0.06765376031398773,-0.046395085752010345,-0.06680691242218018,0.043460726737976074,0.666281521320343,-5.492823600769043,1.1267725229263306,2.624032974243164,0.03,1.2294222116470337,-0.11167331784963608,0.3198469579219818,0.015103299170732498,0.09318467229604721,-0.1183939278125763,0.9884691834449768,0,0,0,0,0,0,0,0,0,0,0,0,0,0
9.055831909179688,3.0,0.06765376031398773,-0.046395085752010345,-0.06680691242218018,0.043460726737976074,0.666281521320343,-5.492823600769043,1.1267725229263306,2.624032974243164,0.03,1.2294222116470337,-0.11167331784963608,0.3198469579219818,0.015103299170732498,0.09318467229604721,-0.1183939278125763,0.9884691834449768,0,0,0,0,0,0,0,0,0,0,0,0,0,0
9.057905673980713,3.0,0.06765376031398773,-0.046395085752010345,-0.06680691242218018,0.043460726737976074,0.666281521320343,-5.492823600769043,1.1267725229263306,2.624032974243164,0.03,1.2294222116470337,-0.11167331784963608,0.3198469579219818,0.015103299170732498,0.09318467229604721,-0.1183939278125763,0.9884691834449768,0,0,0,0,0,0,0,0,0,0,0,0,0,0
9.060046195983887,3.0,0.06765376031398773,-0.046395085752010345,-0.06680691242218018,0.043460726737976074,0.666281521320343,-5.492823600769043,1.1267725229263306,2.624032974243164,0.03,1.2294212579727173,-0.11170138418674469,0.3200705349445343,0.01563122496008873,0.09125112742185593,-0.11568932980298996,0.9889615178108215,0,0,0,0,0,0,0,0,0,0,0,0,0,0
9.061109066009521,3.0,0.06765376031398773,-0.046395085752010345,-0.06680691242218018,0.043460726737976074,0.666281521320343,-5.492823600769043,1.1267725229263306,2.624032974243164,0.03,1.2292855978012085,-0.11169995367527008,0.3202359974384308,0.015099573880434036,0.08895789086818695,-0.11857569962739944,0.9888368248939514,0,0,0,0,0,0,0,0,0,0,0,0,0,0
9.062536478042603,3.0,0.06765376031398773,-0.046395085752010345,-0.06680691242218018,0.043460726737976074,0.666281521320343,-5.492823600769043,1.1267725229263306,2.624032974243164,0.03,1.2292855978012085,-0.11169995367527008,0.3202359974384308,0.015099573880434036,0.08895789086818695,-0.11857569962739944,0.9888368248939514,0,0,0,0,0,0,0,0,0,0,0,0,0,0
9.064094305038452,3.0,0.06765376031398773,-0.046395085752010345,-0.06680691242218018,0.043460726737976074,0.666281521320343,-5.492823600769043,1.1267725229263306,2.624032974243164,0.03,1.2292855978012085,-0.11169995367527008,0.3202359974384308,0.015099573880434036,0.08895789086818695,-0.11857569962739944,0.9888368248939514,0,0,0,0,0,0,0,0,0,0,0,0,0,0
9.0655198097229,3.0,0.06765376031398773,-0.046395085752010345,-0.06680691242218018,0.043460726737976074,0.666281521320343,-5.492823600769043,1.1267725229263306,2.624032974243164,0.03,1.2292855978012085,-0.11169995367527008,0.3202359974384308,0.015099573880434036,0.08895789086818695,-0.11857569962739944,0.9888368248939514,0,0,0,0,0,0,0,0,0,0,0,0,0,0
9.066837787628174,3.0,0.06765376031398773,-0.046395085752010345,-0.06680691242218018,0.043460726737976074,0.666281521320343,-5.492823600769043,1.1267725229263306,2.624032974243164,0.03,1.2292855978012085,-0.11169995367527008,0.3202359974384308,0.015099573880434036,0.08895789086818695,-0.11857569962739944,0.9888368248939514,0,0,0,0,0,0,0,0,0,0,0,0,0,0
9.068294763565063,3.0,0.06765376031398773,-0.046395085752010345,-0.06680691242218018,0.043460726737976074,0.666281521320343,-5.492823600769043,1.1267725229263306,2.624032974243164,0.03,1.2292109727859497,-0.1118425503373146,0.3203384280204773,0.014592469669878483,0.08610456436872482,-0.11584579944610596,0.9894204139709473,0,0,0,0,0,0,0,0,0,0,0,0,0,0
9.070534229278564,3.0,0.06765376031398773,-0.046395085752010345,-0.06680691242218018,0.043460726737976074,0.666281521320343,-5.492823600769043,1.1267725229263306,2.624032974243164,0.03,1.2292109727859497,-0.1118425503373146,0.3203384280204773,0.014592469669878483,0.08610456436872482,-0.11584579944610596,0.9894204139709473,0,0,0,0,0,0,0,0,0,0,0,0,0,0
9.071576595306396,3.0,0.06765376031398773,-0.046395085752010345,-0.06680691242218018,0.043460726737976074,0.666281521320343,-5.492823600769043,1.1267725229263306,2.624032974243164,0.03,1.2292109727859497,-0.1118425503373146,0.3203384280204773,0.014592469669878483,0.08610456436872482,-0.11584579944610596,0.9894204139709473,0,0,0,0,0,0,0,0,0,0,0,0,0,0
9.072646141052246,3.0,0.06765376031398773,-0.046395085752010345,-0.06680691242218018,0.043460726737976074,0.666281521320343,-5.492823600769043,1.1267725229263306,2.624032974243164,0.03,1.2292109727859497,-0.1118425503373146,0.3203384280204773,0.014592469669878483,0.08610456436872482,-0.11584579944610596,0.9894204139709473,0,0,0,0,0,0,0,0,0,0,0,0,0,0
9.075496673583984,3.0,0.06765376031398773,-0.046395085752010345,-0.06680691242218018,0.043460726737976074,0.666281521320343,-5.492823600769043,1.1267725229263306,2.624032974243164,0.03,1.2292109727859497,-0.1118425503373146,0.3203384280204773,0.014592469669878483,0.08610456436872482,-0.11584579944610596,0.9894204139709473,0,0,0,0,0,0,0,0,0,0,0,0,0,0
9.07688045501709,3.0,0.06765376031398773,-0.046395085752010345,-0.06680691242218018,0.043460726737976074,0.666281521320343,-5.492823600769043,1.1267725229263306,2.624032974243164,0.03,1.229200839996338,-0.11200498789548874,0.3204752206802368,0.010807191021740437,0.08350352197885513,-0.11808033287525177,0.9894278645515442,0,0,0,0,0,0,0,0,0,0,0,0,0,0
9.078217506408691,3.0,0.06765376031398773,-0.046395085752010345,-0.06680691242218018,0.043460726737976074,0.666281521320343,-5.492823600769043,1.1267725229263306,2.624032974243164,0.03,1.229200839996338,-0.11200498789548874,0.3204752206802368,0.010807191021740437,0.08350352197885513,-0.11808033287525177,0.9894278645515442,0,0,0,0,0,0,0,0,0,0,0,0,0,0
9.080706357955933,3.0,0.06765376031398773,-0.046395085752010345,-0.06680691242218018,0.043460726737976074,0.666281521320343,-5.492823600769043,1.1267725229263306,2.624032974243164,0.03,1.229200839996338,-0.11200498789548874,0.3204752206802368,0.010807191021740437,0.08350352197885513,-0.11808033287525177,0.9894278645515442,0,0,0,0,0,0,0,0,0,0,0,0,0,0
9.082516431808472,3.0,0.06765376031398773,-0.046395085752010345,-0.06680691242218018,0.043460726737976074,0.666281521320343,-5.492823600769043,1.1267725229263306,2.624032974243164,0.03,1.229200839996338,-0.11200498789548874,0.3204752206802368,0.010807191021740437,0.08350352197885513,-0.11808033287525177,0.9894278645515442,0,0,0,0,0,0,0,0,0,0,0,0,0,0
9.08439326286316,3.0,0.06765376031398773,-0.046395085752010345,-0.06680691242218018,0.043460726737976074,0.666281521320343,-5.492823600769043,1.1267725229263306,2.624032974243164,0.03,1.2291858196258545,-0.11209940910339355,0.3208678066730499,0.010107924230396748,0.08115623146295547,-0.12158267945051193,0.9892063140869141,0,0,0,0,0,0,0,0,0,0,0,0,0,0
9.085839986801147,3.0,0.06765376031398773,-0.046395085752010345,-0.06680691242218018,0.043460726737976074,0.666281521320343,-5.492823600769043,1.1267725229263306,2.624032974243164,0.03,1.2291858196258545,-0.11209940910339355,0.3208678066730499,0.010107924230396748,0.08115623146295547,-0.12158267945051193,0.9892063140869141,0,0,0,0,0,0,0,0,0,0,0,0,0,0
9.087286472320557,3.0,0.06765376031398773,-0.046395085752010345,-0.06680691242218018,0.043460726737976074,0.666281521320343,-5.492823600769043,1.1267725229263306,2.624032974243164,0.03,1.2291858196258545,-0.11209940910339355,0.3208678066730499,0.010107924230396748,0.08115623146295547,-0.12158267945051193,0.9892063140869141,0,0,0,0,0,0,0,0,0,0,0,0,0,0
9.088681697845459,3.0,0.06765376031398773,-0.046395085752010345,-0.06680691242218018,0.043460726737976074,0.666281521320343,-5.492823600769043,1.1267725229263306,2.624032974243164,0.03,1.2291858196258545,-0.11209940910339355,0.3208678066730499,0.010107924230396748,0.08115623146295547,-0.12158267945051193,0.9892063140869141,0,0,0,0,0,0,0,0,0,0,0,0,0,0
9.089812517166138,3.0,0.06765376031398773,-0.046395085752010345,-0.06680691242218018,0.043460726737976074,0.666281521320343,-5.492823600769043,1.1267725229263306,2.624032974243164,0.03,1.2291858196258545,-0.11209940910339355,0.3208678066730499,0.010107924230396748,0.08115623146295547,-0.12158267945051193,0.9892063140869141,0,0,0,0,0,0,0,0,0,0,0,0,0,0
9.090933799743652,3.0,0.06765376031398773,-0.046395085752010345,-0.06680691242218018,0.043460726737976074,0.666281521320343,-5.492823600769043,1.1267725229263306,2.624032974243164,0.03,1.2290797233581543,-0.11216087639331818,0.32129937410354614,0.010687774047255516,0.07814418524503708,-0.12321043014526367,0.989241361618042,0,0,0,0,0,0,0,0,0,0,0,0,0,0
9.092031002044678,3.0,0.06765376031398773,-0.046395085752010345,-0.06680691242218018,0.043460726737976074,0.666281521320343,-5.492823600769043,1.1267725229263306,2.624032974243164,0.03,1.2290797233581543,-0.11216087639331818,0.32129937410354614,0.010687774047255516,0.07814418524503708,-0.12321043014526367,0.989241361618042,0,0,0,0,0,0,0,0,0,0,0,0,0,0
9.093169450759888,3.0,0.06765376031398773,-0.046395085752010345,-0.06680691242218018,0.043460726737976074,0.666281521320343,-5.492823600769043,1.1267725229263306,2.624032974243164,0.03,1.2290797233581543,-0.11216087639331818,0.32129937410354614,0.010687774047255516,0.07814418524503708,-0.12321043014526367,0.989241361618042,0,0,0,0,0,0,0,0,0,0,0,0,0,0
9.094462871551514,3.0,0.06765376031398773,-0.046395085752010345,-0.06680691242218018,0.043460726737976074,0.666281521320343,-5.492823600769043,1.1267725229263306,2.624032974243164,0.03,1.2290797233581543,-0.11216087639331818,0.32129937410354614,0.010687774047255516,0.07814418524503708,-0.12321043014526367,0.989241361618042,0,0,0,0,0,0,0,0,0,0,0,0,0,0
9.095545291900635,3.0,0.06765376031398773,-0.046395085752010345,-0.06680691242218018,0.043460726737976074,0.666281521320343,-5.492823600769043,1.1267725229263306,2.624032974243164,0.03,1.2290797233581543,-0.11216087639331818,0.32129937410354614,0.010687774047255516,0.07814418524503708,-0.12321043014526367,0.989241361618042,0,0,0,0,0,0,0,0,0,0,0,0,0,0
9.097261428833008,3.0,0.06765376031398773,-0.046395085752010345,-0.06680691242218018,0.043460726737976074,0.666281521320343,-5.492823600769043,1.1267725229263306,2.624032974243164,0.03,1.2290797233581543,-0.11216087639331818,0.32129937410354614,0.010687774047255516,0.07814418524503708,-0.12321043014526367,0.989241361618042,0,0,0,0,0,0,0,0,0,0,0,0,0,0
9.098384857177734,3.0,0.06498049199581146,-0.024412401020526886,-0.06413370370864868,0.021534085273742676,0.17020311951637268,-4.961712837219238,0.48806101083755493,1.9288688898086548,0.03,1.2290797233581543,-0.11216087639331818,0.32129937410354614,0.010687774047255516,0.07814418524503708,-0.12321043014526367,0.989241361618042,0,0,0,0,0,0,0,0,0,0,0,0,0,0
9.099495887756348,3.0,0.06444598734378815,-0.019316107034683228,-0.06370759010314941,0.016326487064361572,0.05950614809989929,-5.620359897613525,0.41835543513298035,2.415834903717041,0.03,1.2290797233581543,-0.11216087639331818,0.32129937410354614,0.010687774047255516,0.07814418524503708,-0.12321043014526367,0.989241361618042,0,0,0,0,0,0,0,0,0,0,0,0,0,0
9.100556373596191,3.0,0.06444598734378815,-0.019316107034683228,-0.06370759010314941,0.016326487064361572,0.05950614809989929,-5.620359897613525,0.41835543513298035,2.415834903717041,0.03,1.2290797233581543,-0.11216087639331818,0.32129937410354614,0.010687774047255516,0.07814418524503708,-0.12321043014526367,0.989241361618042,0,0,0,0,0,0,0,0,0,0,0,0,0,0
9.101629972457886,3.0,0.06444598734378815,-0.019316107034683228,-0.06370759010314941,0.016326487064361572,0.05950614809989929,-5.620359897613525,0.41835543513298035,2.415834903717041,0.03,1.2290797233581543,-0.11216087639331818,0.32129937410354614,0.010687774047255516,0.07814418524503708,-0.12321043014526367,0.989241361618042,0,0,0,0,0,0,0,0,0,0,0,0,0,0
9.102717638015747,3.0,0.06444598734378815,-0.019316107034683228,-0.06370759010314941,0.016326487064361572,0.05950614809989929,-5.620359897613525,0.41835543513298035,2.415834903717041,0.03,1.2290797233581543,-0.11216087639331818,0.32129937410354614,0.010687774047255516,0.07814418524503708,-0.12321043014526367,0.989241361618042,0,0,0,0,0,0,0,0,0,0,0,0,0,0
9.103957891464233,3.0,0.06444598734378815,-0.019316107034683228,-0.06370759010314941,0.016326487064361572,0.05950614809989929,-5.620359897613525,0.41835543513298035,2.415834903717041,0.03,1.2290797233581543,-0.11216087639331818,0.32129937410354614,0.010687774047255516,0.07814418524503708,-0.12321043014526367,0.989241361618042,0,0,0,0,0,0,0,0,0,0,0,0,0,0
9.105030298233032,3.0,0.06444598734378815,-0.019316107034683228,-0.06370759010314941,0.016326487064361572,0.05950614809989929,-5.620359897613525,0.41835543513298035,2.415834903717041,0.03,1.2290797233581543,-0.11216087639331818,0.32129937410354614,0.010687774047255516,0.07814418524503708,-0.12321043014526367,0.989241361618042,0,0,0,0,0,0,0,0,0,0,0,0,0,0
9.106114149093628,3.0,0.06444598734378815,-0.019316107034683228,-0.06370759010314941,0.016326487064361572,0.05950614809989929,-5.620359897613525,0.41835543513298035,2.415834903717041,0.03,1.2290797233581543,-0.11216087639331818,0.32129937410354614,0.010687774047255516,0.07814418524503708,-0.12321043014526367,0.989241361618042,0,0,0,0,0,0,0,0,0,0,0,0,0,0
9.107335329055786,3.0,0.06387341767549515,-0.0073990598320961,-0.06325042247772217,0.003766477108001709,-0.19818897545337677,-6.561864376068115,0.3604370355606079,2.263335704803467,0.03,1.2290797233581543,-0.11216087639331818,0.32129937410354614,0.010687774047255516,0.07814418524503708,-0.12321043014526367,0.989241361618042,0,0,0,0,0,0,0,0,0,0,0,0,0,0
9.10887598991394,3.0,0.06371590495109558,-0.0042273253202438354,-0.06322109699249268,0.0004952549934387207,-0.3268134891986847,-6.726234436035156,0.33446255326271057,2.906804323196411,0.03,1.2290797233581543,-0.11216087639331818,0.32129937410354614,0.010687774047255516,0.07814418524503708,-0.12321043014526367,0.989241361618042,0,0,0,0,0,0,0,0,0,0,0,0,0,0
9.110055685043335,3.0,0.0635293573141098,-0.0003450140357017517,-0.06316697597503662,-0.0035129189491271973,-0.5255017280578613,-6.955190181732178,0.23609939217567444,2.9470574855804443,0.03,1.2290797233581543,-0.11216087639331818,0.32129937410354614,0.010687774047255516,0.07814418524503708,-0.12321043014526367,0.989241361618042,0,0,0,0,0,0,0,0,0,0,0,0,0,0
9.111136436462402,3.0,0.0635293573141098,-0.0003450140357017517,-0.06316697597503662,-0.0035129189491271973,-0.5255017280578613,-6.955190181732178,0.23609939217567444,2.9470574855804443,0.03,1.2290797233581543,-0.11216087639331818,0.32129937410354614,0.010687774047255516,0.07814418524503708,-0.12321043014526367,0.989241361618042,0,0,0,0,0,0,0,0,0,0,0,0,0,0
9.112603902816772,3.0,0.0635293573141098,-0.0003450140357017517,-0.06316697597503662,-0.0035129189491271973,-0.5255017280578613,-6.955190181732178,0.23609939217567444,2.9470574855804443,0.03,1.2290797233581543,-0.11216087639331818,0.32129937410354614,0.010687774047255516,0.07814418524503708,-0.12321043014526367,0.989241361618042,0,0,0,0,0,0,0,0,0,0,0,0,0,0
9.113948106765747,3.0,0.0635293573141098,-0.0003450140357017517,-0.06316697597503662,-0.0035129189491271973,-0.5255017280578613,-6.955190181732178,0.23609939217567444,2.9470574855804443,0.03,1.2290797233581543,-0.11216087639331818,0.32129937410354614,0.010687774047255516,0.07814418524503708,-0.12321043014526367,0.989241361618042,0,0,0,0,0,0,0,0,0,0,0,0,0,0
9.119524717330933,3.0,0.06347130239009857,0.001603439450263977,-0.06319677829742432,-0.005424141883850098,-0.6102147698402405,-6.808203220367432,0.20999208092689514,2.871839761734009,0.03,1.2290797233581543,-0.11216087639331818,0.32129937410354614,0.010687774047255516,0.07814418524503708,-0.12321043014526367,0.989241361618042,0,0,0,0,0,0,0,0,0,0,0,0,0,0
9.120645761489868,3.0,0.06347864866256714,0.0029481127858161926,-0.06317859888076782,-0.006760656833648682,-0.5871399641036987,-6.758611679077148,0.14845235645771027,2.845674991607666,0.03,1.2288719415664673,-0.11225719749927521,0.32213833928108215,0.00920318253338337,0.06971090286970139,-0.10779229551553726,0.9916837215423584,0,0,0,0,0,0,0,0,0,0,0,0,0,0
9.121799945831299,3.0,0.0634385198354721,0.00540345162153244,-0.06320679187774658,-0.009832382202148438,-0.7641385197639465,-7.080521106719971,0.07381315529346466,3.115727424621582,0.03,1.2288719415664673,-0.11225719749927521,0.32213833928108215,0.00920318253338337,0.06971090286970139,-0.10779229551553726,0.9916837215423584,0,0,0,0,0,0,0,0,0,0,0,0,0,0
9.123226404190063,3.0,0.06341926753520966,0.00791218876838684,-0.06321722269058228,-0.011675596237182617,-0.8506632447242737,-6.922358512878418,0.006746108178049326,2.7752602100372314,0.03,1.2288719415664673,-0.11225719749927521,0.32213833928108215,0.00920318253338337,0.06971090286970139,-0.10779229551553726,0.9916837215423584,0,0,0,0,0,0,0,0,0,0,0,0,0,0
9.124492168426514,3.0,0.06341926753520966,0.00791218876838684,-0.06321722269058228,-0.011675596237182617,-0.8506632447242737,-6.922358512878418,0.006746108178049326,2.7752602100372314,0.03,1.2288719415664673,-0.11225719749927521,0.32213833928108215,0.00920318253338337,0.06971090286970139,-0.10779229551553726,0.9916837215423584,0,0,0,0,0,0,0,0,0,0,0,0,0,0
9.12563180923462,3.0,0.06341926753520966,0.00791218876838684,-0.06321722269058228,-0.011675596237182617,-0.8506632447242737,-6.922358512878418,0.006746108178049326,2.7752602100372314,0.03,1.2288719415664673,-0.11225719749927521,0.32213833928108215,0.00920318253338337,0.06971090286970139,-0.10779229551553726,0.9916837215423584,0,0,0,0,0,0,0,0,0,0,0,0,0,0
9.12671446800232,3.0,0.06341926753520966,0.00791218876838684,-0.06321722269058228,-0.011675596237182617,-0.8506632447242737,-6.922358512878418,0.006746108178049326,2.7752602100372314,0.03,1.2288719415664673,-0.11225719749927521,0.32213833928108215,0.00920318253338337,0.06971090286970139,-0.10779229551553726,0.9916837215423584,0,0,0,0,0,0,0,0,0,0,0,0,0,0
9.127801179885864,3.0,0.06341926753520966,0.00791218876838684,-0.06321722269058228,-0.011675596237182617,-0.8506632447242737,-6.922358512878418,0.006746108178049326,2.7752602100372314,0.03,1.2288719415664673,-0.11225719749927521,0.32213833928108215,0.00920318253338337,0.06971090286970139,-0.10779229551553726,0.9916837215423584,0,0,0,0,0,0,0,0,0,0,0,0,0,0
9.13116192817688,3.0,0.06341926753520966,0.00791218876838684,-0.06321722269058228,-0.011675596237182617,-0.8506632447242737,-6.922358512878418,0.006746108178049326,2.7752602100372314,0.03,1.228650450706482,-0.112341970205307,0.3225167989730835,0.009433946572244167,0.06568023562431335,-0.10604602843523026,0.9921448826789856,0,0,0,0,0,0,0,0,0,0,0,0,0,0
9.13318657875061,3.0,0.06341926753520966,0.00791218876838684,-0.06321722269058228,-0.011675596237182617,-0.8506632447242737,-6.922358512878418,0.006746108178049326,2.7752602100372314,0.03,1.2284373044967651,-0.11215302348136902,0.3229706585407257,0.010415639728307724,0.06207053363323212,-0.089780792593956,0.9939709305763245,0,0,0,0,0,0,0,0,0,0,0,0,0,0
9.134276628494263,3.0,0.06341926753520966,0.00791218876838684,-0.06321722269058228,-0.011675596237182617,-0.8506632447242737,-6.922358512878418,0.006746108178049326,2.7752602100372314,0.03,1.2284373044967651,-0.11215302348136902,0.3229706585407257,0.010415639728307724,0.06207053363323212,-0.089780792593956,0.9939709305763245,0,0,0,0,0,0,0,0,0,0,0,0,0,0
9.135372161865234,3.0,0.06341926753520966,0.00791218876838684,-0.06321722269058228,-0.011675596237182617,-0.8506632447242737,-6.922358512878418,0.006746108178049326,2.7752602100372314,0.03,1.2284373044967651,-0.11215302348136902,0.3229706585407257,0.010415639728307724,0.06207053363323212,-0.089780792593956,0.9939709305763245,0,0,0,0,0,0,0,0,0,0,0,0,0,0
9.136544466018677,3.0,0.06341926753520966,0.00791218876838684,-0.06321722269058228,-0.011675596237182617,-0.8506632447242737,-6.922358512878418,0.006746108178049326,2.7752602100372314,0.03,1.2284373044967651,-0.11215302348136902,0.3229706585407257,0.010415639728307724,0.06207053363323212,-0.089780792593956,0.9939709305763245,0,0,0,0,0,0,0,0,0,0,0,0,0,0
9.137632608413696,3.0,0.06341926753520966,0.00791218876838684,-0.06321722269058228,-0.011675596237182617,-0.8506632447242737,-6.922358512878418,0.006746108178049326,2.7752602100372314,0.03,1.2284373044967651,-0.11215302348136902,0.3229706585407257,0.010415639728307724,0.06207053363323212,-0.089780792593956,0.9939709305763245,0,0,0,0,0,0,0,0,0,0,0,0,0,0
9.138733863830566,3.0,0.06341926753520966,0.00791218876838684,-0.06321722269058228,-0.011675596237182617,-0.8506632447242737,-6.922358512878418,0.006746108178049326,2.7752602100372314,0.03,1.2284373044967651,-0.11215302348136902,0.3229706585407257,0.010415639728307724,0.06207053363323212,-0.089780792593956,0.9939709305763245,0,0,0,0,0,0,0,0,0,0,0,0,0,0
9.140897750854492,3.0,0.06341926753520966,0.00791218876838684,-0.06321722269058228,-0.011675596237182617,-0.8506632447242737,-6.922358512878418,0.006746108178049326,2.7752602100372314,0.03,1.2284373044967651,-0.11215302348136902,0.3229706585407257,0.010415639728307724,0.06207053363323212,-0.089780792593956,0.9939709305763245,0,0,0,0,0,0,0,0,0,0,0,0,0,0
9.142348766326904,3.0,0.06341926753520966,0.00791218876838684,-0.06321722269058228,-0.011675596237182617,-0.8506632447242737,-6.922358512878418,0.006746108178049326,2.7752602100372314,0.03,1.2284373044967651,-0.11215302348136902,0.3229706585407257,0.010415639728307724,0.06207053363323212,-0.089780792593956,0.9939709305763245,0,0,0,0,0,0,0,0,0,0,0,0,0,0
9.14464807510376,3.0,0.06341926753520966,0.00791218876838684,-0.06321722269058228,-0.011675596237182617,-0.8506632447242737,-6.922358512878418,0.006746108178049326,2.7752602100372314,0.03,1.2284373044967651,-0.11215302348136902,0.3229706585407257,0.010415639728307724,0.06207053363323212,-0.089780792593956,0.9939709305763245,0,0,0,0,0,0,0,0,0,0,0,0,0,0
9.145900964736938,3.0,0.06341926753520966,0.00791218876838684,-0.06321722269058228,-0.011675596237182617,-0.8506632447242737,-6.922358512878418,0.006746108178049326,2.7752602100372314,0.03,1.2284373044967651,-0.11215302348136902,0.3229706585407257,0.010415639728307724,0.06207053363323212,-0.089780792593956,0.9939709305763245,0,0,0,0,0,0,0,0,0,0,0,0,0,0
9.147897958755493,3.0,0.06341926753520966,0.00791218876838684,-0.06321722269058228,-0.011675596237182617,-0.8506632447242737,-6.922358512878418,0.006746108178049326,2.7752602100372314,0.03,1.2284373044967651,-0.11215302348136902,0.3229706585407257,0.010415639728307724,0.06207053363323212,-0.089780792593956,0.9939709305763245,0,0,0,0,0,0,0,0,0,0,0,0,0,0
9.149935483932495,3.0,0.06341926753520966,0.00791218876838684,-0.06321722269058228,-0.011675596237182617,-0.8506632447242737,-6.922358512878418,0.006746108178049326,2.7752602100372314,0.03,1.2284373044967651,-0.11215302348136902,0.3229706585407257,0.010415639728307724,0.06207053363323212,-0.089780792593956,0.9939709305763245,0,0,0,0,0,0,0,0,0,0,0,0,0,0
9.15120244026184,3.0,0.06341926753520966,0.00791218876838684,-0.06321722269058228,-0.011675596237182617,-0.8506632447242737,-6.922358512878418,0.006746108178049326,2.7752602100372314,0.03,1.2284373044967651,-0.11215302348136902,0.3229706585407257,0.010415639728307724,0.06207053363323212,-0.089780792593956,0.9939709305763245,0,0,0,0,0,0,0,0,0,0,0,0,0,0
9.1524019241333,3.0,0.06341926753520966,0.00791218876838684,-0.06321722269058228,-0.011675596237182617,-0.8506632447242737,-6.922358512878418,0.006746108178049326,2.7752602100372314,0.03,1.2284373044967651,-0.11215302348136902,0.3229706585407257,0.010415639728307724,0.06207053363323212,-0.089780792593956,0.9939709305763245,0,0,0,0,0,0,0,0,0,0,0,0,0,0
9.153586149215698,3.0,0.06341926753520966,0.00791218876838684,-0.06321722269058228,-0.011675596237182617,-0.8506632447242737,-6.922358512878418,0.006746108178049326,2.7752602100372314,0.03,1.2284373044967651,-0.11215302348136902,0.3229706585407257,0.010415639728307724,0.06207053363323212,-0.089780792593956,0.9939709305763245,0,0,0,0,0,0,0,0,0,0,0,0,0,0
9.154854536056519,3.0,0.06341926753520966,0.00791218876838684,-0.06321722269058228,-0.011675596237182617,-0.8506632447242737,-6.922358512878418,0.006746108178049326,2.7752602100372314,0.03,1.2284373044967651,-0.11215302348136902,0.3229706585407257,0.010415639728307724,0.06207053363323212,-0.089780792593956,0.9939709305763245,0,0,0,0,0,0,0,0,0,0,0,0,0,0
9.157960414886475,3.0,0.06341926753520966,0.00791218876838684,-0.06321722269058228,-0.011675596237182617,-0.8506632447242737,-6.922358512878418,0.006746108178049326,2.7752602100372314,0.03,1.2275828123092651,-0.11202990263700485,0.32429948449134827,0.008924505673348904,0.05378858000040054,-0.0835350751876831,0.9950121641159058,0,0,0,0,0,0,0,0,0,0,0,0,0,0
9.159031629562378,3.0,0.06341926753520966,0.00791218876838684,-0.06321722269058228,-0.011675596237182617,-0.8506632447242737,-6.922358512878418,0.006746108178049326,2.7752602100372314,0.03,1.2275828123092651,-0.11202990263700485,0.32429948449134827,0.008924505673348904,0.05378858000040054,-0.0835350751876831,0.9950121641159058,0,0,0,0,0,0,0,0,0,0,0,0,0,0
9.160302639007568,3.0,0.06341926753520966,0.00791218876838684,-0.06321722269058228,-0.011675596237182617,-0.8506632447242737,-6.922358512878418,0.006746108178049326,2.7752602100372314,0.03,1.2275828123092651,-0.11202990263700485,0.32429948449134827,0.008924505673348904,0.05378858000040054,-0.0835350751876831,0.9950121641159058,0,0,0,0,0,0,0,0,0,0,0,0,0,0
9.162242889404297,3.0,0.06341926753520966,0.00791218876838684,-0.06321722269058228,-0.011675596237182617,-0.8506632447242737,-6.922358512878418,0.006746108178049326,2.7752602100372314,0.03,1.2275828123092651,-0.11202990263700485,0.32429948449134827,0.008924505673348904,0.05378858000040054,-0.0835350751876831,0.9950121641159058,0,0,0,0,0,0,0,0,0,0,0,0,0,0
9.164109945297241,3.0,0.06341926753520966,0.00791218876838684,-0.06321722269058228,-0.011675596237182617,-0.8506632447242737,-6.922358512878418,0.006746108178049326,2.7752602100372314,0.03,1.2275828123092651,-0.11202990263700485,0.32429948449134827,0.008924505673348904,0.05378858000040054,-0.0835350751876831,0.9950121641159058,0,0,0,0,0,0,0,0,0,0,0,0,0,0
9.165564775466919,3.0,0.06341926753520966,0.00791218876838684,-0.06321722269058228,-0.011675596237182617,-0.8506632447242737,-6.922358512878418,0.006746108178049326,2.7752602100372314,0.03,1.2275828123092651,-0.11202990263700485,0.32429948449134827,0.008924505673348904,0.05378858000040054,-0.0835350751876831,0.9950121641159058,0,0,0,0,0,0,0,0,0,0,0,0,0,0
9.166881561279297,3.0,0.06341926753520966,0.00791218876838684,-0.06321722269058228,-0.011675596237182617,-0.8506632447242737,-6.922358512878418,0.006746108178049326,2.7752602100372314,0.03,1.2275828123092651,-0.11202990263700485,0.32429948449134827,0.008924505673348904,0.05378858000040054,-0.0835350751876831,0.9950121641159058,0,0,0,0,0,0,0,0,0,0,0,0,0,0
9.168750047683716,3.0,0.06341926753520966,0.00791218876838684,-0.06321722269058228,-0.011675596237182617,-0.8506632447242737,-6.922358512878418,0.006746108178049326,2.7752602100372314,0.03,1.2275828123092651,-0.11202990263700485,0.32429948449134827,0.008924505673348904,0.05378858000040054,-0.0835350751876831,0.9950121641159058,0,0,0,0,0,0,0,0,0,0,0,0,0,0
9.169899940490723,3.0,0.06341926753520966,0.00791218876838684,-0.06321722269058228,-0.011675596237182617,-0.8506632447242737,-6.922358512878418,0.006746108178049326,2.7752602100372314,0.03,1.2275828123092651,-0.11202990263700485,0.32429948449134827,0.008924505673348904,0.05378858000040054,-0.0835350751876831,0.9950121641159058,0,0,0,0,0,0,0,0,0,0,0,0,0,0
9.171026229858398,3.0,0.06341926753520966,0.00791218876838684,-0.06321722269058228,-0.011675596237182617,-0.8506632447242737,-6.922358512878418,0.006746108178049326,2.7752602100372314,0.03,1.2275828123092651,-0.11202990263700485,0.32429948449134827,0.008924505673348904,0.05378858000040054,-0.0835350751876831,0.9950121641159058,0,0,0,0,0,0,0,0,0,0,0,0,0,0
9.17212963104248,3.0,0.06341926753520966,0.00791218876838684,-0.06321722269058228,-0.011675596237182617,-0.8506632447242737,-6.922358512878418,0.006746108178049326,2.7752602100372314,0.03,1.2275828123092651,-0.11202990263700485,0.32429948449134827,0.008924505673348904,0.05378858000040054,-0.0835350751876831,0.9950121641159058,0,0,0,0,0,0,0,0,0,0,0,0,0,0
9.173497915267944,3.0,0.06341926753520966,0.00791218876838684,-0.06321722269058228,-0.011675596237182617,-0.8506632447242737,-6.922358512878418,0.006746108178049326,2.7752602100372314,0.03,1.2275828123092651,-0.11202990263700485,0.32429948449134827,0.008924505673348904,0.05378858000040054,-0.0835350751876831,0.9950121641159058,0,0,0,0,0,0,0,0,0,0,0,0,0,0
9.174745798110962,3.0,0.06341926753520966,0.00791218876838684,-0.06321722269058228,-0.011675596237182617,-0.8506632447242737,-6.922358512878418,0.006746108178049326,2.7752602100372314,0.03,1.2275828123092651,-0.11202990263700485,0.32429948449134827,0.008924505673348904,0.05378858000040054,-0.0835350751876831,0.9950121641159058,0,0,0,0,0,0,0,0,0,0,0,0,0,0
9.176694393157959,3.0,0.06341765075922012,0.009081795811653137,-0.0632483959197998,-0.01290804147720337,-0.9578320980072021,-7.053599834442139,0.005745557136833668,2.994631767272949,0.03,1.2275828123092651,-0.11202990263700485,0.32429948449134827,0.008924505673348904,0.05378858000040054,-0.0835350751876831,0.9950121641159058,0,0,0,0,0,0,0,0,0,0,0,0,0,0
9.177895307540894,3.0,0.06342557817697525,0.00968208909034729,-0.06328153610229492,-0.013554632663726807,-0.9419958591461182,-7.708467960357666,-0.04262501373887062,3.5800623893737793,0.03,1.2272998094558716,-0.11200535297393799,0.3246478736400604,0.00773086491972208,0.0516355037689209,-0.08144912123680115,0.995309054851532,0,0,0,0,0,0,0,0,0,0,0,0,0,0
9.179144620895386,3.0,0.06342557817697525,0.00968208909034729,-0.06328153610229492,-0.013554632663726807,-0.9419958591461182,-7.708467960357666,-0.04262501373887062,3.5800623893737793,0.03,1.2272998094558716,-0.11200535297393799,0.3246478736400604,0.00773086491972208,0.0516355037689209,-0.08144912123680115,0.995309054851532,0,0,0,0,0,0,0,0,0,0,0,0,0,0
9.180224895477295,3.0,0.06421321630477905,0.04422244429588318,-0.06612259149551392,-0.050645530223846436,-4.656435012817383,-11.63976764678955,-1.879780888557434,5.085153102874756,0.03,1.2272998094558716,-0.11200535297393799,0.3246478736400604,0.00773086491972208,0.0516355037689209,-0.08144912123680115,0.995309054851532,0,0,0,0,0,0,0,0,0,0,0,0,0,0
9.181332349777222,3.0,0.06455878913402557,0.04820364713668823,-0.06695836782455444,-0.05520832538604736,-5.399168014526367,-12.277801513671875,-2.1616199016571045,5.778499603271484,0.03,1.2268332242965698,-0.1120607852935791,0.32501983642578125,0.00513009587302804,0.048424117267131805,-0.09139157086610794,0.9946237206459045,0,0,0,0,0,0,0,0,0,0,0,0,0,0
9.182560682296753,3.0,0.06498678028583527,0.05283944308757782,-0.06774765253067017,-0.059029579162597656,-6.078091621398926,-13.542929649353027,-2.5496394634246826,6.6281232833862305,0.03,1.2268332242965698,-0.1120607852935791,0.32501983642578125,0.00513009587302804,0.048424117267131805,-0.09139157086610794,0.9946237206459045,0,0,0,0,0,0,0,0,0,0,0,0,0,0
9.183717012405396,3.0,0.06498678028583527,0.05283944308757782,-0.06774765253067017,-0.059029579162597656,-6.078091621398926,-13.542929649353027,-2.5496394634246826,6.6281232833862305,0.03,1.2268332242965698,-0.1120607852935791,0.32501983642578125,0.00513009587302804,0.048424117267131805,-0.09139157086610794,0.9946237206459045,0,0,0,0,0,0,0,0,0,0,0,0,0,0
9.184781312942505,3.0,0.06498678028583527,0.05283944308757782,-0.06774765253067017,-0.059029579162597656,-6.078091621398926,-13.542929649353027,-2.5496394634246826,6.6281232833862305,0.03,1.2268332242965698,-0.1120607852935791,0.32501983642578125,0.00513009587302804,0.048424117267131805,-0.09139157086610794,0.9946237206459045,0,0,0,0,0,0,0,0,0,0,0,0,0,0
9.185950994491577,3.0,0.06569315493106842,0.0573812872171402,-0.06870272755622864,-0.06331855058670044,-6.868483543395996,-13.953059196472168,-3.1099395751953125,7.579036235809326,0.03,1.2268332242965698,-0.1120607852935791,0.32501983642578125,0.00513009587302804,0.048424117267131805,-0.09139157086610794,0.9946237206459045,0,0,0,0,0,0,0,0,0,0,0,0,0,0
9.187058687210083,4.0,0.06223751977086067,0.07221738994121552,-0.06293392181396484,-0.0758095383644104,3.324141025543213,-11.71168327331543,5.282094478607178,7.219416618347168,0.03,1.2265501022338867,-0.1120440885424614,0.3254084289073944,0.0033062531147152185,0.04663730412721634,-0.10079732537269592,0.9938077926635742,0,0,0,0,0,0,0,0,0,0,0,0,0,0
9.188223361968994,4.0,0.05390578880906105,0.07517771422863007,-0.053936004638671875,-0.07823055982589722,5.194577693939209,-9.385807991027832,5.984123229980469,5.194221496582031,0.03,1.2265501022338867,-0.1120440885424614,0.3254084289073944,0.0033062531147152185,0.04663730412721634,-0.10079732537269592,0.9938077926635742,0,0,0,0,0,0,0,0,0,0,0,0,0,0
9.18931770324707,4.0,0.05390578880906105,0.07517771422863007,-0.053936004638671875,-0.07823055982589722,5.194577693939209,-9.385807991027832,5.984123229980469,5.194221496582031,0.03,1.2265501022338867,-0.1120440885424614,0.3254084289073944,0.0033062531147152185,0.04663730412721634,-0.10079732537269592,0.9938077926635742,0,0,0,0,0,0,0,0,0,0,0,0,0,0
9.1907639503479,4.0,0.05390578880906105,0.07517771422863007,-0.053936004638671875,-0.07823055982589722,5.194577693939209,-9.385807991027832,5.984123229980469,5.194221496582031,0.03,1.2265501022338867,-0.1120440885424614,0.3254084289073944,0.0033062531147152185,0.04663730412721634,-0.10079732537269592,0.9938077926635742,0,0,0,0,0,0,0,0,0,0,0,0,0,0
9.191860437393188,4.0,0.05390578880906105,0.07517771422863007,-0.053936004638671875,-0.07823055982589722,5.194577693939209,-9.385807991027832,5.984123229980469,5.194221496582031,0.03,1.2265501022338867,-0.1120440885424614,0.3254084289073944,0.0033062531147152185,0.04663730412721634,-0.10079732537269592,0.9938077926635742,0,0,0,0,0,0,0,0,0,0,0,0,0,0
9.192923307418823,4.0,0.05390578880906105,0.07517771422863007,-0.053936004638671875,-0.07823055982589722,5.194577693939209,-9.385807991027832,5.984123229980469,5.194221496582031,0.03,1.2265501022338867,-0.1120440885424614,0.3254084289073944,0.0033062531147152185,0.04663730412721634,-0.10079732537269592,0.9938077926635742,0,0,0,0,0,0,0,0,0,0,0,0,0,0
9.195197820663452,4.0,0.05390578880906105,0.07517771422863007,-0.053936004638671875,-0.07823055982589722,5.194577693939209,-9.385807991027832,5.984123229980469,5.194221496582031,0.03,1.2265501022338867,-0.1120440885424614,0.3254084289073944,0.0033062531147152185,0.04663730412721634,-0.10079732537269592,0.9938077926635742,0,0,0,0,0,0,0,0,0,0,0,0,0,0
9.196546077728271,4.0,0.05390578880906105,0.07517771422863007,-0.053936004638671875,-0.07823055982589722,5.194577693939209,-9.385807991027832,5.984123229980469,5.194221496582031,0.03,1.2265501022338867,-0.1120440885424614,0.3254084289073944,0.0033062531147152185,0.04663730412721634,-0.10079732537269592,0.9938077926635742,0,0,0,0,0,0,0,0,0,0,0,0,0,0
9.199147939682007,4.0,0.05390578880906105,0.07517771422863007,-0.053936004638671875,-0.07823055982589722,5.194577693939209,-9.385807991027832,5.984123229980469,5.194221496582031,0.03,1.2265501022338867,-0.1120440885424614,0.3254084289073944,0.0033062531147152185,0.04663730412721634,-0.10079732537269592,0.9938077926635742,0,0,0,0,0,0,0,0,0,0,0,0,0,0
9.200666904449463,4.0,0.05390578880906105,0.07517771422863007,-0.053936004638671875,-0.07823055982589722,5.194577693939209,-9.385807991027832,5.984123229980469,5.194221496582031,0.03,1.2262191772460938,-0.11198258399963379,0.3259943127632141,0.0006024829344823956,0.044218339025974274,-0.11799874156713486,0.9920286536216736,0,0,0,0,0,0,0,0,0,0,0,0,0,0
9.202065467834473,4.0,0.05390578880906105,0.07517771422863007,-0.053936004638671875,-0.07823055982589722,5.194577693939209,-9.385807991027832,5.984123229980469,5.194221496582031,0.03,1.2260020971298218,-0.11196593195199966,0.32645881175994873,0.003500919323414564,0.04320313781499863,-0.126005619764328,0.9910822510719299,0,0,0,0,0,0,0,0,0,0,0,0,0,0
9.203402519226074,4.0,0.05390578880906105,0.07517771422863007,-0.053936004638671875,-0.07823055982589722,5.194577693939209,-9.385807991027832,5.984123229980469,5.194221496582031,0.03,1.2260020971298218,-0.11196593195199966,0.32645881175994873,0.003500919323414564,0.04320313781499863,-0.126005619764328,0.9910822510719299,0,0,0,0,0,0,0,0,0,0,0,0,0,0
9.205166816711426,4.0,0.05390578880906105,0.07517771422863007,-0.053936004638671875,-0.07823055982589722,5.194577693939209,-9.385807991027832,5.984123229980469,5.194221496582031,0.03,1.2260020971298218,-0.11196593195199966,0.32645881175994873,0.003500919323414564,0.04320313781499863,-0.126005619764328,0.9910822510719299,0,0,0,0,0,0,0,0,0,0,0,0,0,0
9.206446409225464,4.0,0.05390578880906105,0.07517771422863007,-0.053936004638671875,-0.07823055982589722,5.194577693939209,-9.385807991027832,5.984123229980469,5.194221496582031,0.03,1.226044774055481,-0.11192304641008377,0.32687467336654663,0.003155443351715803,0.04132216051220894,-0.13139820098876953,0.9904630780220032,0,0,0,0,0,0,0,0,0,0,0,0,0,0
9.208364248275757,4.0,0.05390578880906105,0.07517771422863007,-0.053936004638671875,-0.07823055982589722,5.194577693939209,-9.385807991027832,5.984123229980469,5.194221496582031,0.03,1.226044774055481,-0.11192304641008377,0.32687467336654663,0.003155443351715803,0.04132216051220894,-0.13139820098876953,0.9904630780220032,0,0,0,0,0,0,0,0,0,0,0,0,0,0
9.209473371505737,4.0,0.05390578880906105,0.07517771422863007,-0.053936004638671875,-0.07823055982589722,5.194577693939209,-9.385807991027832,5.984123229980469,5.194221496582031,0.03,1.2262206077575684,-0.1118612065911293,0.3271723687648773,0.004424356389790773,0.040452904999256134,-0.13446161150932312,0.9900829195976257,0,0,0,0,0,0,0,0,0,0,0,0,0,0
9.211073160171509,4.0,0.05390578880906105,0.07517771422863007,-0.053936004638671875,-0.07823055982589722,5.194577693939209,-9.385807991027832,5.984123229980469,5.194221496582031,0.03,1.2262206077575684,-0.1118612065911293,0.3271723687648773,0.004424356389790773,0.040452904999256134,-0.13446161150932312,0.9900829195976257,0,0,0,0,0,0,0,0,0,0,0,0,0,0
9.212374687194824,4.0,0.05390578880906105,0.07517771422863007,-0.053936004638671875,-0.07823055982589722,5.194577693939209,-9.385807991027832,5.984123229980469,5.194221496582031,0.03,1.2262206077575684,-0.1118612065911293,0.3271723687648773,0.004424356389790773,0.040452904999256134,-0.13446161150932312,0.9900829195976257,0,0,0,0,0,0,0,0,0,0,0,0,0,0
9.21356201171875,4.0,0.05390578880906105,0.07517771422863007,-0.053936004638671875,-0.07823055982589722,5.194577693939209,-9.385807991027832,5.984123229980469,5.194221496582031,0.03,1.2262206077575684,-0.1118612065911293,0.3271723687648773,0.004424356389790773,0.040452904999256134,-0.13446161150932312,0.9900829195976257,0,0,0,0,0,0,0,0,0,0,0,0,0,0
9.21507215499878,4.0,0.05390578880906105,0.07517771422863007,-0.053936004638671875,-0.07823055982589722,5.194577693939209,-9.385807991027832,5.984123229980469,5.194221496582031,0.03,1.2262206077575684,-0.1118612065911293,0.3271723687648773,0.004424356389790773,0.040452904999256134,-0.13446161150932312,0.9900829195976257,0,0,0,0,0,0,0,0,0,0,0,0,0,0
9.216363430023193,4.0,0.05390578880906105,0.07517771422863007,-0.053936004638671875,-0.07823055982589722,5.194577693939209,-9.385807991027832,5.984123229980469,5.194221496582031,0.03,1.2262206077575684,-0.1118612065911293,0.3271723687648773,0.004424356389790773,0.040452904999256134,-0.13446161150932312,0.9900829195976257,0,0,0,0,0,0,0,0,0,0,0,0,0,0
9.218747854232788,4.0,0.05390578880906105,0.07517771422863007,-0.053936004638671875,-0.07823055982589722,5.194577693939209,-9.385807991027832,5.984123229980469,5.194221496582031,0.03,1.2262206077575684,-0.1118612065911293,0.3271723687648773,0.004424356389790773,0.040452904999256134,-0.13446161150932312,0.9900829195976257,0,0,0,0,0,0,0,0,0,0,0,0,0,0
9.22057032585144,4.0,0.05390578880906105,0.07517771422863007,-0.053936004638671875,-0.07823055982589722,5.194577693939209,-9.385807991027832,5.984123229980469,5.194221496582031,0.03,1.2262206077575684,-0.1118612065911293,0.3271723687648773,0.004424356389790773,0.040452904999256134,-0.13446161150932312,0.9900829195976257,0,0,0,0,0,0,0,0,0,0,0,0,0,0
9.221991539001465,4.0,0.05390578880906105,0.07517771422863007,-0.053936004638671875,-0.07823055982589722,5.194577693939209,-9.385807991027832,5.984123229980469,5.194221496582031,0.03,1.2262206077575684,-0.1118612065911293,0.3271723687648773,0.004424356389790773,0.040452904999256134,-0.13446161150932312,0.9900829195976257,0,0,0,0,0,0,0,0,0,0,0,0,0,0
9.22307014465332,4.0,0.05390578880906105,0.07517771422863007,-0.053936004638671875,-0.07823055982589722,5.194577693939209,-9.385807991027832,5.984123229980469,5.194221496582031,0.03,1.2262206077575684,-0.1118612065911293,0.3271723687648773,0.004424356389790773,0.040452904999256134,-0.13446161150932312,0.9900829195976257,0,0,0,0,0,0,0,0,0,0,0,0,0,0
9.224334478378296,4.0,0.05390578880906105,0.07517771422863007,-0.053936004638671875,-0.07823055982589722,5.194577693939209,-9.385807991027832,5.984123229980469,5.194221496582031,0.03,1.2262206077575684,-0.1118612065911293,0.3271723687648773,0.004424356389790773,0.040452904999256134,-0.13446161150932312,0.9900829195976257,0,0,0,0,0,0,0,0,0,0,0,0,0,0
9.225500583648682,4.0,0.05390578880906105,0.07517771422863007,-0.053936004638671875,-0.07823055982589722,5.194577693939209,-9.385807991027832,5.984123229980469,5.194221496582031,0.03,1.2262206077575684,-0.1118612065911293,0.3271723687648773,0.004424356389790773,0.040452904999256134,-0.13446161150932312,0.9900829195976257,0,0,0,0,0,0,0,0,0,0,0,0,0,0
9.227504253387451,4.0,0.05390578880906105,0.07517771422863007,-0.053936004638671875,-0.07823055982589722,5.194577693939209,-9.385807991027832,5.984123229980469,5.194221496582031,0.03,1.2262206077575684,-0.1118612065911293,0.3271723687648773,0.004424356389790773,0.040452904999256134,-0.13446161150932312,0.9900829195976257,0,0,0,0,0,0,0,0,0,0,0,0,0,0
9.228802680969238,4.0,0.05390578880906105,0.07517771422863007,-0.053936004638671875,-0.07823055982589722,5.194577693939209,-9.385807991027832,5.984123229980469,5.194221496582031,0.03,1.2262206077575684,-0.1118612065911293,0.3271723687648773,0.004424356389790773,0.040452904999256134,-0.13446161150932312,0.9900829195976257,0,0,0,0,0,0,0,0,0,0,0,0,0,0
9.23047947883606,4.0,0.05390578880906105,0.07517771422863007,-0.053936004638671875,-0.07823055982589722,5.194577693939209,-9.385807991027832,5.984123229980469,5.194221496582031,0.03,1.2262206077575684,-0.1118612065911293,0.3271723687648773,0.004424356389790773,0.040452904999256134,-0.13446161150932312,0.9900829195976257,0,0,0,0,0,0,0,0,0,0,0,0,0,0
9.232186317443848,4.0,0.05390578880906105,0.07517771422863007,-0.053936004638671875,-0.07823055982589722,5.194577693939209,-9.385807991027832,5.984123229980469,5.194221496582031,0.03,1.2262206077575684,-0.1118612065911293,0.3271723687648773,0.004424356389790773,0.040452904999256134,-0.13446161150932312,0.9900829195976257,0,0,0,0,0,0,0,0,0,0,0,0,0,0
9.233273983001709,4.0,0.05390578880906105,0.07517771422863007,-0.053936004638671875,-0.07823055982589722,5.194577693939209,-9.385807991027832,5.984123229980469,5.194221496582031,0.03,1.2262206077575684,-0.1118612065911293,0.3271723687648773,0.004424356389790773,0.040452904999256134,-0.13446161150932312,0.9900829195976257,0,0,0,0,0,0,0,0,0,0,0,0,0,0
9.236077785491943,4.0,0.05390578880906105,0.07517771422863007,-0.053936004638671875,-0.07823055982589722,5.194577693939209,-9.385807991027832,5.984123229980469,5.194221496582031,0.03,1.2262206077575684,-0.1118612065911293,0.3271723687648773,0.004424356389790773,0.040452904999256134,-0.13446161150932312,0.9900829195976257,0,0,0,0,0,0,0,0,0,0,0,0,0,0
9.237223386764526,4.0,0.05390578880906105,0.07517771422863007,-0.053936004638671875,-0.07823055982589722,5.194577693939209,-9.385807991027832,5.984123229980469,5.194221496582031,0.03,1.2262206077575684,-0.1118612065911293,0.3271723687648773,0.004424356389790773,0.040452904999256134,-0.13446161150932312,0.9900829195976257,0,0,0,0,0,0,0,0,0,0,0,0,0,0
9.238523960113525,4.0,0.05390578880906105,0.07517771422863007,-0.053936004638671875,-0.07823055982589722,5.194577693939209,-9.385807991027832,5.984123229980469,5.194221496582031,0.03,1.2262206077575684,-0.1118612065911293,0.3271723687648773,0.004424356389790773,0.040452904999256134,-0.13446161150932312,0.9900829195976257,0,0,0,0,0,0,0,0,0,0,0,0,0,0
9.240883111953735,4.0,0.05390578880906105,0.07517771422863007,-0.053936004638671875,-0.07823055982589722,5.194577693939209,-9.385807991027832,5.984123229980469,5.194221496582031,0.03,1.2262206077575684,-0.1118612065911293,0.3271723687648773,0.004424356389790773,0.040452904999256134,-0.13446161150932312,0.9900829195976257,0,0,0,0,0,0,0,0,0,0,0,0,0,0
9.244835376739502,1.0,0.006180226802825928,0.08612096309661865,-0.002137422561645508,-0.08627992868423462,1.357262134552002,1.2237581014633179,-1.1634403467178345,-2.9214465618133545,0.03,1.2266111373901367,-0.11174140125513077,0.32734617590904236,0.008638238534331322,0.03932065889239311,-0.1248767077922821,0.9913552403450012,0,0,0,0,0,0,0,0,0,0,0,0,0,0
9.246039867401123,1.0,0.003988683223724365,0.08612197637557983,0.00023639202117919922,-0.08578640222549438,0.2797684669494629,2.344860315322876,-2.225658655166626,-3.5590877532958984,0.03,1.2266111373901367,-0.11174140125513077,0.32734617590904236,0.008638238534331322,0.03932065889239311,-0.1248767077922821,0.9913552403450012,0,0,0,0,0,0,0,0,0,0,0,0,0,0
9.247596740722656,1.0,0.0015003085136413574,0.0843355804681778,0.0024146437644958496,-0.08273649215698242,0.29245054721832275,5.127052307128906,-1.9254270792007446,-5.253293037414551,0.03,1.2266111373901367,-0.11174140125513077,0.32734617590904236,0.008638238534331322,0.03932065889239311,-0.1248767077922821,0.9913552403450012,0,0,0,0,0,0,0,0,0,0,0,0,0,0
9.249075651168823,1.0,0.0015003085136413574,0.0843355804681778,0.0024146437644958496,-0.08273649215698242,0.29245054721832275,5.127052307128906,-1.9254270792007446,-5.253293037414551,0.03,1.2266111373901367,-0.11174140125513077,0.32734617590904236,0.008638238534331322,0.03932065889239311,-0.1248767077922821,0.9913552403450012,0,0,0,0,0,0,0,0,0,0,0,0,0,0
9.250163793563843,1.0,0.0015003085136413574,0.0843355804681778,0.0024146437644958496,-0.08273649215698242,0.29245054721832275,5.127052307128906,-1.9254270792007446,-5.253293037414551,0.03,1.2266111373901367,-0.11174140125513077,0.32734617590904236,0.008638238534331322,0.03932065889239311,-0.1248767077922821,0.9913552403450012,0,0,0,0,0,0,0,0,0,0,0,0,0,0
9.251650094985962,1.0,0.0015169978141784668,0.08399087190628052,0.0023635029792785645,-0.08234536647796631,0.27954402565956116,5.485316276550293,-1.7364805936813354,-5.663463592529297,0.03,1.2270522117614746,-0.11188691109418869,0.32748955488204956,0.01536954753100872,0.03896158188581467,-0.08823662251234055,0.9952186942100525,0,0,0,0,0,0,0,0,0,0,0,0,0,0
9.253528833389282,1.0,0.0015169978141784668,0.08399087190628052,0.0023635029792785645,-0.08234536647796631,0.27954402565956116,5.485316276550293,-1.7364805936813354,-5.663463592529297,0.03,1.2270522117614746,-0.11188691109418869,0.32748955488204956,0.01536954753100872,0.03896158188581467,-0.08823662251234055,0.9952186942100525,0,0,0,0,0,0,0,0,0,0,0,0,0,0
9.254646301269531,1.0,0.0015169978141784668,0.08399087190628052,0.0023635029792785645,-0.08234536647796631,0.27954402565956116,5.485316276550293,-1.7364805936813354,-5.663463592529297,0.03,1.2270522117614746,-0.11188691109418869,0.32748955488204956,0.01536954753100872,0.03896158188581467,-0.08823662251234055,0.9952186942100525,0,0,0,0,0,0,0,0,0,0,0,0,0,0
9.25583553314209,1.0,0.0015169978141784668,0.08399087190628052,0.0023635029792785645,-0.08234536647796631,0.27954402565956116,5.485316276550293,-1.7364805936813354,-5.663463592529297,0.03,1.2270522117614746,-0.11188691109418869,0.32748955488204956,0.01536954753100872,0.03896158188581467,-0.08823662251234055,0.9952186942100525,0,0,0,0,0,0,0,0,0,0,0,0,0,0
9.25784707069397,1.0,0.0015169978141784668,0.08399087190628052,0.0023635029792785645,-0.08234536647796631,0.27954402565956116,5.485316276550293,-1.7364805936813354,-5.663463592529297,0.03,1.2270522117614746,-0.11188691109418869,0.32748955488204956,0.01536954753100872,0.03896158188581467,-0.08823662251234055,0.9952186942100525,0,0,0,0,0,0,0,0,0,0,0,0,0,0
9.259591817855835,1.0,0.0015169978141784668,0.08399087190628052,0.0023635029792785645,-0.08234536647796631,0.27954402565956116,5.485316276550293,-1.7364805936813354,-5.663463592529297,0.03,1.2270522117614746,-0.11188691109418869,0.32748955488204956,0.01536954753100872,0.03896158188581467,-0.08823662251234055,0.9952186942100525,0,0,0,0,0,0,0,0,0,0,0,0,0,0
9.260716199874878,1.0,0.0015169978141784668,0.08399087190628052,0.0023635029792785645,-0.08234536647796631,0.27954402565956116,5.485316276550293,-1.7364805936813354,-5.663463592529297,0.03,1.2270522117614746,-0.11188691109418869,0.32748955488204956,0.01536954753100872,0.03896158188581467,-0.08823662251234055,0.9952186942100525,0,0,0,0,0,0,0,0,0,0,0,0,0,0
9.26180100440979,1.0,0.0015169978141784668,0.08399087190628052,0.0023635029792785645,-0.08234536647796631,0.27954402565956116,5.485316276550293,-1.7364805936813354,-5.663463592529297,0.03,1.2270522117614746,-0.11188691109418869,0.32748955488204956,0.01536954753100872,0.03896158188581467,-0.08823662251234055,0.9952186942100525,0,0,0,0,0,0,0,0,0,0,0,0,0,0
9.262911796569824,1.0,0.0015169978141784668,0.08399087190628052,0.0023635029792785645,-0.08234536647796631,0.27954402565956116,5.485316276550293,-1.7364805936813354,-5.663463592529297,0.03,1.2270522117614746,-0.11188691109418869,0.32748955488204956,0.01536954753100872,0.03896158188581467,-0.08823662251234055,0.9952186942100525,0,0,0,0,0,0,0,0,0,0,0,0,0,0
9.26433515548706,1.0,0.0015169978141784668,0.08399087190628052,0.0023635029792785645,-0.08234536647796631,0.27954402565956116,5.485316276550293,-1.7364805936813354,-5.663463592529297,0.03,1.2270522117614746,-0.11188691109418869,0.32748955488204956,0.01536954753100872,0.03896158188581467,-0.08823662251234055,0.9952186942100525,0,0,0,0,0,0,0,0,0,0,0,0,0,0
9.265424251556396,1.0,0.0015169978141784668,0.08399087190628052,0.0023635029792785645,-0.08234536647796631,0.27954402565956116,5.485316276550293,-1.7364805936813354,-5.663463592529297,0.03,1.2270522117614746,-0.11188691109418869,0.32748955488204956,0.01536954753100872,0.03896158188581467,-0.08823662251234055,0.9952186942100525,0,0,0,0,0,0,0,0,0,0,0,0,0,0
9.266488075256348,1.0,0.0015169978141784668,0.08399087190628052,0.0023635029792785645,-0.08234536647796631,0.27954402565956116,5.485316276550293,-1.7364805936813354,-5.663463592529297,0.03,1.2270522117614746,-0.11188691109418869,0.32748955488204956,0.01536954753100872,0.03896158188581467,-0.08823662251234055,0.9952186942100525,0,0,0,0,0,0,0,0,0,0,0,0,0,0
9.26764965057373,1.0,0.0015169978141784668,0.08399087190628052,0.0023635029792785645,-0.08234536647796631,0.27954402565956116,5.485316276550293,-1.7364805936813354,-5.663463592529297,0.03,1.2270522117614746,-0.11188691109418869,0.32748955488204956,0.01536954753100872,0.03896158188581467,-0.08823662251234055,0.9952186942100525,0,0,0,0,0,0,0,0,0,0,0,0,0,0
9.269007921218872,1.0,0.0015169978141784668,0.08399087190628052,0.0023635029792785645,-0.08234536647796631,0.27954402565956116,5.485316276550293,-1.7364805936813354,-5.663463592529297,0.03,1.2270522117614746,-0.11188691109418869,0.32748955488204956,0.01536954753100872,0.03896158188581467,-0.08823662251234055,0.9952186942100525,0,0,0,0,0,0,0,0,0,0,0,0,0,0
9.270097970962524,1.0,0.0015169978141784668,0.08399087190628052,0.0023635029792785645,-0.08234536647796631,0.27954402565956116,5.485316276550293,-1.7364805936813354,-5.663463592529297,0.03,1.2270522117614746,-0.11188691109418869,0.32748955488204956,0.01536954753100872,0.03896158188581467,-0.08823662251234055,0.9952186942100525,0,0,0,0,0,0,0,0,0,0,0,0,0,0
9.271316766738892,1.0,0.0015169978141784668,0.08399087190628052,0.0023635029792785645,-0.08234536647796631,0.27954402565956116,5.485316276550293,-1.7364805936813354,-5.663463592529297,0.03,1.227684736251831,-0.11205612868070602,0.32729262113571167,0.016457555815577507,0.04125001281499863,-0.0884459987282753,0.9950904846191406,0,0,0,0,0,0,0,0,0,0,0,0,0,0
9.27280592918396,1.0,0.0015169978141784668,0.08399087190628052,0.0023635029792785645,-0.08234536647796631,0.27954402565956116,5.485316276550293,-1.7364805936813354,-5.663463592529297,0.03,1.227684736251831,-0.11205612868070602,0.32729262113571167,0.016457555815577507,0.04125001281499863,-0.0884459987282753,0.9950904846191406,0,0,0,0,0,0,0,0,0,0,0,0,0,0
9.274684190750122,1.0,0.0015169978141784668,0.08399087190628052,0.0023635029792785645,-0.08234536647796631,0.27954402565956116,5.485316276550293,-1.7364805936813354,-5.663463592529297,0.03,1.2281261682510376,-0.11206656694412231,0.32678931951522827,0.016068488359451294,0.043057799339294434,-0.09333043545484543,0.9945738911628723,0,0,0,0,0,0,0,0,0,0,0,0,0,0
9.277874231338501,1.0,0.0015169978141784668,0.08399087190628052,0.0023635029792785645,-0.08234536647796631,0.27954402565956116,5.485316276550293,-1.7364805936813354,-5.663463592529297,0.03,1.2281261682510376,-0.11206656694412231,0.32678931951522827,0.016068488359451294,0.043057799339294434,-0.09333043545484543,0.9945738911628723,0,0,0,0,0,0,0,0,0,0,0,0,0,0
9.27912950515747,1.0,0.0015169978141784668,0.08399087190628052,0.0023635029792785645,-0.08234536647796631,0.27954402565956116,5.485316276550293,-1.7364805936813354,-5.663463592529297,0.03,1.2290923595428467,-0.11260007321834564,0.32538902759552,0.013608558103442192,0.051385339349508286,-0.11026608198881149,0.992479681968689,0,0,0,0,0,0,0,0,0,0,0,0,0,0
9.280302286148071,1.0,0.0015169978141784668,0.08399087190628052,0.0023635029792785645,-0.08234536647796631,0.27954402565956116,5.485316276550293,-1.7364805936813354,-5.663463592529297,0.03,1.2290923595428467,-0.11260007321834564,0.32538902759552,0.013608558103442192,0.051385339349508286,-0.11026608198881149,0.992479681968689,0,0,0,0,0,0,0,0,0,0,0,0,0,0
9.281914234161377,1.0,0.0015169978141784668,0.08399087190628052,0.0023635029792785645,-0.08234536647796631,0.27954402565956116,5.485316276550293,-1.7364805936813354,-5.663463592529297,0.03,1.2290923595428467,-0.11260007321834564,0.32538902759552,0.013608558103442192,0.051385339349508286,-0.11026608198881149,0.992479681968689,0,0,0,0,0,0,0,0,0,0,0,0,0,0
9.283353805541992,1.0,0.0015169978141784668,0.08399087190628052,0.0023635029792785645,-0.08234536647796631,0.27954402565956116,5.485316276550293,-1.7364805936813354,-5.663463592529297,0.03,1.2290923595428467,-0.11260007321834564,0.32538902759552,0.013608558103442192,0.051385339349508286,-0.11026608198881149,0.992479681968689,0,0,0,0,0,0,0,0,0,0,0,0,0,0
9.284682035446167,1.0,0.0015169978141784668,0.08399087190628052,0.0023635029792785645,-0.08234536647796631,0.27954402565956116,5.485316276550293,-1.7364805936813354,-5.663463592529297,0.03,1.2290923595428467,-0.11260007321834564,0.32538902759552,0.013608558103442192,0.051385339349508286,-0.11026608198881149,0.992479681968689,0,0,0,0,0,0,0,0,0,0,0,0,0,0
9.286961317062378,1.0,0.0015169978141784668,0.08399087190628052,0.0023635029792785645,-0.08234536647796631,0.27954402565956116,5.485316276550293,-1.7364805936813354,-5.663463592529297,0.03,1.2290923595428467,-0.11260007321834564,0.32538902759552,0.013608558103442192,0.051385339349508286,-0.11026608198881149,0.992479681968689,0,0,0,0,0,0,0,0,0,0,0,0,0,0
9.288922548294067,1.0,0.0015169978141784668,0.08399087190628052,0.0023635029792785645,-0.08234536647796631,0.27954402565956116,5.485316276550293,-1.7364805936813354,-5.663463592529297,0.03,1.2290923595428467,-0.11260007321834564,0.32538902759552,0.013608558103442192,0.051385339349508286,-0.11026608198881149,0.992479681968689,0,0,0,0,0,0,0,0,0,0,0,0,0,0
9.289988040924072,1.0,0.0015169978141784668,0.08399087190628052,0.0023635029792785645,-0.08234536647796631,0.27954402565956116,5.485316276550293,-1.7364805936813354,-5.663463592529297,0.03,1.2290923595428467,-0.11260007321834564,0.32538902759552,0.013608558103442192,0.051385339349508286,-0.11026608198881149,0.992479681968689,0,0,0,0,0,0,0,0,0,0,0,0,0,0
9.291072845458984,1.0,0.0015169978141784668,0.08399087190628052,0.0023635029792785645,-0.08234536647796631,0.27954402565956116,5.485316276550293,-1.7364805936813354,-5.663463592529297,0.03,1.2290923595428467,-0.11260007321834564,0.32538902759552,0.013608558103442192,0.051385339349508286,-0.11026608198881149,0.992479681968689,0,0,0,0,0,0,0,0,0,0,0,0,0,0
9.292184829711914,1.0,0.0015169978141784668,0.08399087190628052,0.0023635029792785645,-0.08234536647796631,0.27954402565956116,5.485316276550293,-1.7364805936813354,-5.663463592529297,0.03,1.2290923595428467,-0.11260007321834564,0.32538902759552,0.013608558103442192,0.051385339349508286,-0.11026608198881149,0.992479681968689,0,0,0,0,0,0,0,0,0,0,0,0,0,0
9.293248653411865,1.0,0.0015169978141784668,0.08399087190628052,0.0023635029792785645,-0.08234536647796631,0.27954402565956116,5.485316276550293,-1.7364805936813354,-5.663463592529297,0.03,1.2290923595428467,-0.11260007321834564,0.32538902759552,0.013608558103442192,0.051385339349508286,-0.11026608198881149,0.992479681968689,0,0,0,0,0,0,0,0,0,0,0,0,0,0
9.294311761856079,1.0,0.0015169978141784668,0.08399087190628052,0.0023635029792785645,-0.08234536647796631,0.27954402565956116,5.485316276550293,-1.7364805936813354,-5.663463592529297,0.03,1.2290923595428467,-0.11260007321834564,0.32538902759552,0.013608558103442192,0.051385339349508286,-0.11026608198881149,0.992479681968689,0,0,0,0,0,0,0,0,0,0,0,0,0,0
9.297070264816284,1.0,0.0015169978141784668,0.08399087190628052,0.0023635029792785645,-0.08234536647796631,0.27954402565956116,5.485316276550293,-1.7364805936813354,-5.663463592529297,0.03,1.2290923595428467,-0.11260007321834564,0.32538902759552,0.013608558103442192,0.051385339349508286,-0.11026608198881149,0.992479681968689,0,0,0,0,0,0,0,0,0,0,0,0,0,0
9.298479557037354,1.0,0.0015169978141784668,0.08399087190628052,0.0023635029792785645,-0.08234536647796631,0.27954402565956116,5.485316276550293,-1.7364805936813354,-5.663463592529297,0.03,1.2290923595428467,-0.11260007321834564,0.32538902759552,0.013608558103442192,0.051385339349508286,-0.11026608198881149,0.992479681968689,0,0,0,0,0,0,0,0,0,0,0,0,0,0
9.299929141998291,1.0,0.0015169978141784668,0.08399087190628052,0.0023635029792785645,-0.08234536647796631,0.27954402565956116,5.485316276550293,-1.7364805936813354,-5.663463592529297,0.03,1.2290923595428467,-0.11260007321834564,0.32538902759552,0.013608558103442192,0.051385339349508286,-0.11026608198881149,0.992479681968689,0,0,0,0,0,0,0,0,0,0,0,0,0,0
9.301236867904663,1.0,0.0015169978141784668,0.08399087190628052,0.0023635029792785645,-0.08234536647796631,0.27954402565956116,5.485316276550293,-1.7364805936813354,-5.663463592529297,0.03,1.2290923595428467,-0.11260007321834564,0.32538902759552,0.013608558103442192,0.051385339349508286,-0.11026608198881149,0.992479681968689,0,0,0,0,0,0,0,0,0,0,0,0,0,0
9.302358865737915,1.0,0.0015169978141784668,0.08399087190628052,0.0023635029792785645,-0.08234536647796631,0.27954402565956116,5.485316276550293,-1.7364805936813354,-5.663463592529297,0.03,1.2290923595428467,-0.11260007321834564,0.32538902759552,0.013608558103442192,0.051385339349508286,-0.11026608198881149,0.992479681968689,0,0,0,0,0,0,0,0,0,0,0,0,0,0
9.303681373596191,1.0,0.0015169978141784668,0.08399087190628052,0.0023635029792785645,-0.08234536647796631,0.27954402565956116,5.485316276550293,-1.7364805936813354,-5.663463592529297,0.03,1.2290923595428467,-0.11260007321834564,0.32538902759552,0.013608558103442192,0.051385339349508286,-0.11026608198881149,0.992479681968689,0,0,0,0,0,0,0,0,0,0,0,0,0,0
9.305283784866333,1.0,0.0015169978141784668,0.08399087190628052,0.0023635029792785645,-0.08234536647796631,0.27954402565956116,5.485316276550293,-1.7364805936813354,-5.663463592529297,0.03,1.2290923595428467,-0.11260007321834564,0.32538902759552,0.013608558103442192,0.051385339349508286,-0.11026608198881149,0.992479681968689,0,0,0,0,0,0,0,0,0,0,0,0,0,0
9.306558847427368,1.0,0.0015169978141784668,0.08399087190628052,0.0023635029792785645,-0.08234536647796631,0.27954402565956116,5.485316276550293,-1.7364805936813354,-5.663463592529297,0.03,1.2290923595428467,-0.11260007321834564,0.32538902759552,0.013608558103442192,0.051385339349508286,-0.11026608198881149,0.992479681968689,0,0,0,0,0,0,0,0,0,0,0,0,0,0
9.308723211288452,1.0,0.0015169978141784668,0.08399087190628052,0.0023635029792785645,-0.08234536647796631,0.27954402565956116,5.485316276550293,-1.7364805936813354,-5.663463592529297,0.03,1.2290923595428467,-0.11260007321834564,0.32538902759552,0.013608558103442192,0.051385339349508286,-0.11026608198881149,0.992479681968689,0,0,0,0,0,0,0,0,0,0,0,0,0,0
9.309930086135864,1.0,0.0015169978141784668,0.08399087190628052,0.0023635029792785645,-0.08234536647796631,0.27954402565956116,5.485316276550293,-1.7364805936813354,-5.663463592529297,0.03,1.2290923595428467,-0.11260007321834564,0.32538902759552,0.013608558103442192,0.051385339349508286,-0.11026608198881149,0.992479681968689,0,0,0,0,0,0,0,0,0,0,0,0,0,0
9.311068058013916,1.0,0.0015169978141784668,0.08399087190628052,0.0023635029792785645,-0.08234536647796631,0.27954402565956116,5.485316276550293,-1.7364805936813354,-5.663463592529297,0.03,1.2300235033035278,-0.1131095290184021,0.32355964183807373,0.019696824252605438,0.06342783570289612,-0.10372555255889893,0.9923860430717468,0,0,0,0,0,0,0,0,0,0,0,0,0,0
9.313814640045166,1.0,0.0015169978141784668,0.08399087190628052,0.0023635029792785645,-0.08234536647796631,0.27954402565956116,5.485316276550293,-1.7364805936813354,-5.663463592529297,0.03,1.2300235033035278,-0.1131095290184021,0.32355964183807373,0.019696824252605438,0.06342783570289612,-0.10372555255889893,0.9923860430717468,0,0,0,0,0,0,0,0,0,0,0,0,0,0
9.314923524856567,1.0,0.0015169978141784668,0.08399087190628052,0.0023635029792785645,-0.08234536647796631,0.27954402565956116,5.485316276550293,-1.7364805936813354,-5.663463592529297,0.03,1.2300235033035278,-0.1131095290184021,0.32355964183807373,0.019696824252605438,0.06342783570289612,-0.10372555255889893,0.9923860430717468,0,0,0,0,0,0,0,0,0,0,0,0,0,0
9.316112995147705,1.0,0.0015169978141784668,0.08399087190628052,0.0023635029792785645,-0.08234536647796631,0.27954402565956116,5.485316276550293,-1.7364805936813354,-5.663463592529297,0.03,1.2300235033035278,-0.1131095290184021,0.32355964183807373,0.019696824252605438,0.06342783570289612,-0.10372555255889893,0.9923860430717468,0,0,0,0,0,0,0,0,0,0,0,0,0,0
9.3176429271698,1.0,0.0015169978141784668,0.08399087190628052,0.0023635029792785645,-0.08234536647796631,0.27954402565956116,5.485316276550293,-1.7364805936813354,-5.663463592529297,0.03,1.2300235033035278,-0.1131095290184021,0.32355964183807373,0.019696824252605438,0.06342783570289612,-0.10372555255889893,0.9923860430717468,0,0,0,0,0,0,0,0,0,0,0,0,0,0
9.32176923751831,1.0,0.0015169978141784668,0.08399087190628052,0.0023635029792785645,-0.08234536647796631,0.27954402565956116,5.485316276550293,-1.7364805936813354,-5.663463592529297,0.03,1.2300235033035278,-0.1131095290184021,0.32355964183807373,0.019696824252605438,0.06342783570289612,-0.10372555255889893,0.9923860430717468,0,0,0,0,0,0,0,0,0,0,0,0,0,0
9.323211908340454,1.0,0.0015169978141784668,0.08399087190628052,0.0023635029792785645,-0.08234536647796631,0.27954402565956116,5.485316276550293,-1.7364805936813354,-5.663463592529297,0.03,1.2300993204116821,-0.11324093490839005,0.3225409984588623,0.021687062457203865,0.07301952689886093,-0.09922008216381073,0.992145836353302,0,0,0,0,0,0,0,0,0,0,0,0,0,0
9.324591875076294,1.0,0.0015169978141784668,0.08399087190628052,0.0023635029792785645,-0.08234536647796631,0.27954402565956116,5.485316276550293,-1.7364805936813354,-5.663463592529297,0.03,1.2300993204116821,-0.11324093490839005,0.3225409984588623,0.021687062457203865,0.07301952689886093,-0.09922008216381073,0.992145836353302,0,0,0,0,0,0,0,0,0,0,0,0,0,0
9.325814723968506,1.0,0.0015169978141784668,0.08399087190628052,0.0023635029792785645,-0.08234536647796631,0.27954402565956116,5.485316276550293,-1.7364805936813354,-5.663463592529297,0.03,1.2300993204116821,-0.11324093490839005,0.3225409984588623,0.021687062457203865,0.07301952689886093,-0.09922008216381073,0.992145836353302,0,0,0,0,0,0,0,0,0,0,0,0,0,0
9.327043533325195,1.0,0.0015169978141784668,0.08399087190628052,0.0023635029792785645,-0.08234536647796631,0.27954402565956116,5.485316276550293,-1.7364805936813354,-5.663463592529297,0.03,1.2298362255096436,-0.11278475821018219,0.3211463391780853,0.01657765358686447,0.08454922586679459,-0.13315272331237793,0.9873433709144592,0,0,0,0,0,0,0,0,0,0,0,0,0,0
9.32881498336792,1.0,0.0015169978141784668,0.08399087190628052,0.0023635029792785645,-0.08234536647796631,0.27954402565956116,5.485316276550293,-1.7364805936813354,-5.663463592529297,0.03,1.2298362255096436,-0.11278475821018219,0.3211463391780853,0.01657765358686447,0.08454922586679459,-0.13315272331237793,0.9873433709144592,0,0,0,0,0,0,0,0,0,0,0,0,0,0
9.329932689666748,1.0,0.0015169978141784668,0.08399087190628052,0.0023635029792785645,-0.08234536647796631,0.27954402565956116,5.485316276550293,-1.7364805936813354,-5.663463592529297,0.03,1.2298362255096436,-0.11278475821018219,0.3211463391780853,0.01657765358686447,0.08454922586679459,-0.13315272331237793,0.9873433709144592,0,0,0,0,0,0,0,0,0,0,0,0,0,0
9.332474946975708,1.0,0.0015169978141784668,0.08399087190628052,0.0023635029792785645,-0.08234536647796631,0.27954402565956116,5.485316276550293,-1.7364805936813354,-5.663463592529297,0.03,1.2298362255096436,-0.11278475821018219,0.3211463391780853,0.01657765358686447,0.08454922586679459,-0.13315272331237793,0.9873433709144592,0,0,0,0,0,0,0,0,0,0,0,0,0,0
9.333704710006714,1.0,0.0015169978141784668,0.08399087190628052,0.0023635029792785645,-0.08234536647796631,0.27954402565956116,5.485316276550293,-1.7364805936813354,-5.663463592529297,0.03,1.2298362255096436,-0.11278475821018219,0.3211463391780853,0.01657765358686447,0.08454922586679459,-0.13315272331237793,0.9873433709144592,0,0,0,0,0,0,0,0,0,0,0,0,0,0
9.334772109985352,1.0,0.0015169978141784668,0.08399087190628052,0.0023635029792785645,-0.08234536647796631,0.27954402565956116,5.485316276550293,-1.7364805936813354,-5.663463592529297,0.03,1.2298362255096436,-0.11278475821018219,0.3211463391780853,0.01657765358686447,0.08454922586679459,-0.13315272331237793,0.9873433709144592,0,0,0,0,0,0,0,0,0,0,0,0,0,0
9.33590292930603,1.0,0.0015169978141784668,0.08399087190628052,0.0023635029792785645,-0.08234536647796631,0.27954402565956116,5.485316276550293,-1.7364805936813354,-5.663463592529297,0.03,1.2298362255096436,-0.11278475821018219,0.3211463391780853,0.01657765358686447,0.08454922586679459,-0.13315272331237793,0.9873433709144592,0,0,0,0,0,0,0,0,0,0,0,0,0,0
9.336990594863892,1.0,0.0015169978141784668,0.08399087190628052,0.0023635029792785645,-0.08234536647796631,0.27954402565956116,5.485316276550293,-1.7364805936813354,-5.663463592529297,0.03,1.2298362255096436,-0.11278475821018219,0.3211463391780853,0.01657765358686447,0.08454922586679459,-0.13315272331237793,0.9873433709144592,0,0,0,0,0,0,0,0,0,0,0,0,0,0
9.33840012550354,1.0,0.0015169978141784668,0.08399087190628052,0.0023635029792785645,-0.08234536647796631,0.27954402565956116,5.485316276550293,-1.7364805936813354,-5.663463592529297,0.03,1.2298362255096436,-0.11278475821018219,0.3211463391780853,0.01657765358686447,0.08454922586679459,-0.13315272331237793,0.9873433709144592,0,0,0,0,0,0,0,0,0,0,0,0,0,0
9.339487791061401,1.0,0.0015169978141784668,0.08399087190628052,0.0023635029792785645,-0.08234536647796631,0.27954402565956116,5.485316276550293,-1.7364805936813354,-5.663463592529297,0.03,1.2298362255096436,-0.11278475821018219,0.3211463391780853,0.01657765358686447,0.08454922586679459,-0.13315272331237793,0.9873433709144592,0,0,0,0,0,0,0,0,0,0,0,0,0,0
9.340550184249878,1.0,0.0015169978141784668,0.08399087190628052,0.0023635029792785645,-0.08234536647796631,0.27954402565956116,5.485316276550293,-1.7364805936813354,-5.663463592529297,0.03,1.2298362255096436,-0.11278475821018219,0.3211463391780853,0.01657765358686447,0.08454922586679459,-0.13315272331237793,0.9873433709144592,0,0,0,0,0,0,0,0,0,0,0,0,0,0
9.341729402542114,1.0,0.0015169978141784668,0.08399087190628052,0.0023635029792785645,-0.08234536647796631,0.27954402565956116,5.485316276550293,-1.7364805936813354,-5.663463592529297,0.03,1.2298362255096436,-0.11278475821018219,0.3211463391780853,0.01657765358686447,0.08454922586679459,-0.13315272331237793,0.9873433709144592,0,0,0,0,0,0,0,0,0,0,0,0,0,0
9.342839479446411,1.0,0.0015169978141784668,0.08399087190628052,0.0023635029792785645,-0.08234536647796631,0.27954402565956116,5.485316276550293,-1.7364805936813354,-5.663463592529297,0.03,1.2298362255096436,-0.11278475821018219,0.3211463391780853,0.01657765358686447,0.08454922586679459,-0.13315272331237793,0.9873433709144592,0,0,0,0,0,0,0,0,0,0,0,0,0,0
9.344064474105835,1.0,0.0015169978141784668,0.08399087190628052,0.0023635029792785645,-0.08234536647796631,0.27954402565956116,5.485316276550293,-1.7364805936813354,-5.663463592529297,0.03,1.2298362255096436,-0.11278475821018219,0.3211463391780853,0.01657765358686447,0.08454922586679459,-0.13315272331237793,0.9873433709144592,0,0,0,0,0,0,0,0,0,0,0,0,0,0
9.345302820205688,1.0,0.0017009973526000977,0.08325757086277008,0.0021553635597229004,-0.08190286159515381,0.8545445203781128,5.900546550750732,-1.4981449842453003,-5.270013809204102,0.03,1.2295910120010376,-0.11276900768280029,0.3205125629901886,0.02125857211649418,0.09009698778390884,-0.12473192811012268,0.9878626465797424,0,0,0,0,0,0,0,0,0,0,0,0,0,0
9.346657037734985,1.0,0.0017009973526000977,0.08325757086277008,0.0021553635597229004,-0.08190286159515381,0.8545445203781128,5.900546550750732,-1.4981449842453003,-5.270013809204102,0.03,1.2295910120010376,-0.11276900768280029,0.3205125629901886,0.02125857211649418,0.09009698778390884,-0.12473192811012268,0.9878626465797424,0,0,0,0,0,0,0,0,0,0,0,0,0,0
9.348511695861816,1.0,0.0017009973526000977,0.08325757086277008,0.0021553635597229004,-0.08190286159515381,0.8545445203781128,5.900546550750732,-1.4981449842453003,-5.270013809204102,0.03,1.2295910120010376,-0.11276900768280029,0.3205125629901886,0.02125857211649418,0.09009698778390884,-0.12473192811012268,0.9878626465797424,0,0,0,0,0,0,0,0,0,0,0,0,0,0
9.352298974990845,1.0,0.0030622482299804688,0.022403046488761902,-0.00010472536087036133,-0.014273226261138916,2.262403726577759,6.4308857917785645,0.4932120144367218,-0.799087643623352,0.03,1.2295910120010376,-0.11276900768280029,0.3205125629901886,0.02125857211649418,0.09009698778390884,-0.12473192811012268,0.9878626465797424,0,0,0,0,0,0,0,0,0,0,0,0,0,0
9.353996515274048,1.0,0.00289154052734375,0.016639336943626404,-0.0001976490020751953,-0.00863105058670044,2.170752763748169,6.341070652008057,0.5900578498840332,-0.6643354892730713,0.03,1.2295910120010376,-0.11276900768280029,0.3205125629901886,0.02125857211649418,0.09009698778390884,-0.12473192811012268,0.9878626465797424,0,0,0,0,0,0,0,0,0,0,0,0,0,0
9.355444431304932,1.0,0.00289154052734375,0.016639336943626404,-0.0001976490020751953,-0.00863105058670044,2.170752763748169,6.341070652008057,0.5900578498840332,-0.6643354892730713,0.03,1.2295910120010376,-0.11276900768280029,0.3205125629901886,0.02125857211649418,0.09009698778390884,-0.12473192811012268,0.9878626465797424,0,0,0,0,0,0,0,0,0,0,0,0,0,0
9.357847690582275,1.0,0.00289154052734375,0.016639336943626404,-0.0001976490020751953,-0.00863105058670044,2.170752763748169,6.341070652008057,0.5900578498840332,-0.6643354892730713,0.03,1.2295910120010376,-0.11276900768280029,0.3205125629901886,0.02125857211649418,0.09009698778390884,-0.12473192811012268,0.9878626465797424,0,0,0,0,0,0,0,0,0,0,0,0,0,0
9.35932970046997,1.0,0.00289154052734375,0.016639336943626404,-0.0001976490020751953,-0.00863105058670044,2.170752763748169,6.341070652008057,0.5900578498840332,-0.6643354892730713,0.03,1.2295910120010376,-0.11276900768280029,0.3205125629901886,0.02125857211649418,0.09009698778390884,-0.12473192811012268,0.9878626465797424,0,0,0,0,0,0,0,0,0,0,0,0,0,0
9.360702276229858,1.0,0.00289154052734375,0.016639336943626404,-0.0001976490020751953,-0.00863105058670044,2.170752763748169,6.341070652008057,0.5900578498840332,-0.6643354892730713,0.03,1.2295910120010376,-0.11276900768280029,0.3205125629901886,0.02125857211649418,0.09009698778390884,-0.12473192811012268,0.9878626465797424,0,0,0,0,0,0,0,0,0,0,0,0,0,0
9.364102602005005,1.0,0.002750575542449951,0.012330383062362671,-0.00019305944442749023,-0.004603385925292969,2.0529186725616455,5.933358669281006,0.5510916709899902,-0.31317344307899475,0.03,1.2295442819595337,-0.11286106705665588,0.3200468122959137,0.01891101337969303,0.09550061821937561,-0.14161330461502075,0.9851232171058655,0,0,0,0,0,0,0,0,0,0,0,0,0,0
9.365450382232666,1.0,0.0025754570960998535,0.00574936717748642,-0.0002918839454650879,0.0013602375984191895,1.9276536703109741,5.807894706726074,0.6771223545074463,-0.6044549345970154,0.03,1.2291699647903442,-0.11247880756855011,0.31945541501045227,0.02120242267847061,0.10420720279216766,-0.13800765573978424,0.9847056865692139,0,0,0,0,0,0,0,0,0,0,0,0,0,0
9.367182731628418,1.0,0.0025754570960998535,0.00574936717748642,-0.0002918839454650879,0.0013602375984191895,1.9276536703109741,5.807894706726074,0.6771223545074463,-0.6044549345970154,0.03,1.2291699647903442,-0.11247880756855011,0.31945541501045227,0.02120242267847061,0.10420720279216766,-0.13800765573978424,0.9847056865692139,0,0,0,0,0,0,0,0,0,0,0,0,0,0
9.368247270584106,1.0,0.0025754570960998535,0.00574936717748642,-0.0002918839454650879,0.0013602375984191895,1.9276536703109741,5.807894706726074,0.6771223545074463,-0.6044549345970154,0.03,1.2291699647903442,-0.11247880756855011,0.31945541501045227,0.02120242267847061,0.10420720279216766,-0.13800765573978424,0.9847056865692139,0,0,0,0,0,0,0,0,0,0,0,0,0,0
9.369335412979126,1.0,0.0025754570960998535,0.00574936717748642,-0.0002918839454650879,0.0013602375984191895,1.9276536703109741,5.807894706726074,0.6771223545074463,-0.6044549345970154,0.03,1.2291699647903442,-0.11247880756855011,0.31945541501045227,0.02120242267847061,0.10420720279216766,-0.13800765573978424,0.9847056865692139,0,0,0,0,0,0,0,0,0,0,0,0,0,0
9.370495557785034,1.0,0.0025754570960998535,0.00574936717748642,-0.0002918839454650879,0.0013602375984191895,1.9276536703109741,5.807894706726074,0.6771223545074463,-0.6044549345970154,0.03,1.2291699647903442,-0.11247880756855011,0.31945541501045227,0.02120242267847061,0.10420720279216766,-0.13800765573978424,0.9847056865692139,0,0,0,0,0,0,0,0,0,0,0,0,0,0
9.371585130691528,1.0,0.0025754570960998535,0.00574936717748642,-0.0002918839454650879,0.0013602375984191895,1.9276536703109741,5.807894706726074,0.6771223545074463,-0.6044549345970154,0.03,1.2291699647903442,-0.11247880756855011,0.31945541501045227,0.02120242267847061,0.10420720279216766,-0.13800765573978424,0.9847056865692139,0,0,0,0,0,0,0,0,0,0,0,0,0,0
9.373196125030518,1.0,0.0025754570960998535,0.00574936717748642,-0.0002918839454650879,0.0013602375984191895,1.9276536703109741,5.807894706726074,0.6771223545074463,-0.6044549345970154,0.03,1.2291699647903442,-0.11247880756855011,0.31945541501045227,0.02120242267847061,0.10420720279216766,-0.13800765573978424,0.9847056865692139,0,0,0,0,0,0,0,0,0,0,0,0,0,0
9.3746657371521,1.0,0.0025754570960998535,0.00574936717748642,-0.0002918839454650879,0.0013602375984191895,1.9276536703109741,5.807894706726074,0.6771223545074463,-0.6044549345970154,0.03,1.2291699647903442,-0.11247880756855011,0.31945541501045227,0.02120242267847061,0.10420720279216766,-0.13800765573978424,0.9847056865692139,0,0,0,0,0,0,0,0,0,0,0,0,0,0
9.377451658248901,1.0,0.0025754570960998535,0.00574936717748642,-0.0002918839454650879,0.0013602375984191895,1.9276536703109741,5.807894706726074,0.6771223545074463,-0.6044549345970154,0.03,1.2291699647903442,-0.11247880756855011,0.31945541501045227,0.02120242267847061,0.10420720279216766,-0.13800765573978424,0.9847056865692139,0,0,0,0,0,0,0,0,0,0,0,0,0,0
9.378972053527832,1.0,0.0025754570960998535,0.00574936717748642,-0.0002918839454650879,0.0013602375984191895,1.9276536703109741,5.807894706726074,0.6771223545074463,-0.6044549345970154,0.03,1.228988528251648,-0.11257736384868622,0.31871476769447327,0.02005140855908394,0.10825249552726746,-0.1443970799446106,0.9833763241767883,0,0,0,0,0,0,0,0,0,0,0,0,0,0
9.380249738693237,1.0,0.0025754570960998535,0.00574936717748642,-0.0002918839454650879,0.0013602375984191895,1.9276536703109741,5.807894706726074,0.6771223545074463,-0.6044549345970154,0.03,1.228988528251648,-0.11257736384868622,0.31871476769447327,0.02005140855908394,0.10825249552726746,-0.1443970799446106,0.9833763241767883,0,0,0,0,0,0,0,0,0,0,0,0,0,0
9.381417989730835,1.0,0.0025754570960998535,0.00574936717748642,-0.0002918839454650879,0.0013602375984191895,1.9276536703109741,5.807894706726074,0.6771223545074463,-0.6044549345970154,0.03,1.228988528251648,-0.11257736384868622,0.31871476769447327,0.02005140855908394,0.10825249552726746,-0.1443970799446106,0.9833763241767883,0,0,0,0,0,0,0,0,0,0,0,0,0,0
9.382544755935669,1.0,0.0025754570960998535,0.00574936717748642,-0.0002918839454650879,0.0013602375984191895,1.9276536703109741,5.807894706726074,0.6771223545074463,-0.6044549345970154,0.03,1.228988528251648,-0.11257736384868622,0.31871476769447327,0.02005140855908394,0.10825249552726746,-0.1443970799446106,0.9833763241767883,0,0,0,0,0,0,0,0,0,0,0,0,0,0
9.384602546691895,1.0,0.0025754570960998535,0.00574936717748642,-0.0002918839454650879,0.0013602375984191895,1.9276536703109741,5.807894706726074,0.6771223545074463,-0.6044549345970154,0.03,1.228988528251648,-0.11257736384868622,0.31871476769447327,0.02005140855908394,0.10825249552726746,-0.1443970799446106,0.9833763241767883,0,0,0,0,0,0,0,0,0,0,0,0,0,0
9.386389017105103,1.0,0.0025754570960998535,0.00574936717748642,-0.0002918839454650879,0.0013602375984191895,1.9276536703109741,5.807894706726074,0.6771223545074463,-0.6044549345970154,0.03,1.2289148569107056,-0.11218523234128952,0.31852346658706665,0.023686155676841736,0.10980775207281113,-0.12881805002689362,0.9852853417396545,0,0,0,0,0,0,0,0,0,0,0,0,0,0
9.388037919998169,1.0,0.0025754570960998535,0.00574936717748642,-0.0002918839454650879,0.0013602375984191895,1.9276536703109741,5.807894706726074,0.6771223545074463,-0.6044549345970154,0.03,1.2289148569107056,-0.11218523234128952,0.31852346658706665,0.023686155676841736,0.10980775207281113,-0.12881805002689362,0.9852853417396545,0,0,0,0,0,0,0,0,0,0,0,0,0,0
9.389653444290161,1.0,0.0025754570960998535,0.00574936717748642,-0.0002918839454650879,0.0013602375984191895,1.9276536703109741,5.807894706726074,0.6771223545074463,-0.6044549345970154,0.03,1.2289148569107056,-0.11218523234128952,0.31852346658706665,0.023686155676841736,0.10980775207281113,-0.12881805002689362,0.9852853417396545,0,0,0,0,0,0,0,0,0,0,0,0,0,0
9.390742063522339,1.0,0.0025754570960998535,0.00574936717748642,-0.0002918839454650879,0.0013602375984191895,1.9276536703109741,5.807894706726074,0.6771223545074463,-0.6044549345970154,0.03,1.2289148569107056,-0.11218523234128952,0.31852346658706665,0.023686155676841736,0.10980775207281113,-0.12881805002689362,0.9852853417396545,0,0,0,0,0,0,0,0,0,0,0,0,0,0
9.39349365234375,1.0,0.0025754570960998535,0.00574936717748642,-0.0002918839454650879,0.0013602375984191895,1.9276536703109741,5.807894706726074,0.6771223545074463,-0.6044549345970154,0.03,1.2289148569107056,-0.11218523234128952,0.31852346658706665,0.023686155676841736,0.10980775207281113,-0.12881805002689362,0.9852853417396545,0,0,0,0,0,0,0,0,0,0,0,0,0,0
9.394697189331055,1.0,0.0025754570960998535,0.00574936717748642,-0.0002918839454650879,0.0013602375984191895,1.9276536703109741,5.807894706726074,0.6771223545074463,-0.6044549345970154,0.03,1.2289148569107056,-0.11218523234128952,0.31852346658706665,0.023686155676841736,0.10980775207281113,-0.12881805002689362,0.9852853417396545,0,0,0,0,0,0,0,0,0,0,0,0,0,0
9.396447658538818,1.0,0.0025754570960998535,0.00574936717748642,-0.0002918839454650879,0.0013602375984191895,1.9276536703109741,5.807894706726074,0.6771223545074463,-0.6044549345970154,0.03,1.2288728952407837,-0.11208484321832657,0.31852564215660095,0.03142907842993736,0.11077191680669785,-0.09197592735290527,0.9890815019607544,0,0,0,0,0,0,0,0,0,0,0,0,0,0
9.398720264434814,1.0,0.0025754570960998535,0.00574936717748642,-0.0002918839454650879,0.0013602375984191895,1.9276536703109741,5.807894706726074,0.6771223545074463,-0.6044549345970154,0.03,1.2288728952407837,-0.11208484321832657,0.31852564215660095,0.03142907842993736,0.11077191680669785,-0.09197592735290527,0.9890815019607544,0,0,0,0,0,0,0,0,0,0,0,0,0,0
9.400400161743164,1.0,0.0025754570960998535,0.00574936717748642,-0.0002918839454650879,0.0013602375984191895,1.9276536703109741,5.807894706726074,0.6771223545074463,-0.6044549345970154,0.03,1.2288728952407837,-0.11208484321832657,0.31852564215660095,0.03142907842993736,0.11077191680669785,-0.09197592735290527,0.9890815019607544,0,0,0,0,0,0,0,0,0,0,0,0,0,0
9.401618480682373,1.0,0.0025754570960998535,0.00574936717748642,-0.0002918839454650879,0.0013602375984191895,1.9276536703109741,5.807894706726074,0.6771223545074463,-0.6044549345970154,0.03,1.2288728952407837,-0.11208484321832657,0.31852564215660095,0.03142907842993736,0.11077191680669785,-0.09197592735290527,0.9890815019607544,0,0,0,0,0,0,0,0,0,0,0,0,0,0
9.402721643447876,1.0,0.0025754570960998535,0.00574936717748642,-0.0002918839454650879,0.0013602375984191895,1.9276536703109741,5.807894706726074,0.6771223545074463,-0.6044549345970154,0.03,1.2288728952407837,-0.11208484321832657,0.31852564215660095,0.03142907842993736,0.11077191680669785,-0.09197592735290527,0.9890815019607544,0,0,0,0,0,0,0,0,0,0,0,0,0,0
9.404141187667847,1.0,0.0025754570960998535,0.00574936717748642,-0.0002918839454650879,0.0013602375984191895,1.9276536703109741,5.807894706726074,0.6771223545074463,-0.6044549345970154,0.03,1.2288728952407837,-0.11208484321832657,0.31852564215660095,0.03142907842993736,0.11077191680669785,-0.09197592735290527,0.9890815019607544,0,0,0,0,0,0,0,0,0,0,0,0,0,0
9.405588388442993,1.0,0.0025754570960998535,0.00574936717748642,-0.0002918839454650879,0.0013602375984191895,1.9276536703109741,5.807894706726074,0.6771223545074463,-0.6044549345970154,0.03,1.2288728952407837,-0.11208484321832657,0.31852564215660095,0.03142907842993736,0.11077191680669785,-0.09197592735290527,0.9890815019607544,0,0,0,0,0,0,0,0,0,0,0,0,0,0
9.40669870376587,1.0,0.0025754570960998535,0.00574936717748642,-0.0002918839454650879,0.0013602375984191895,1.9276536703109741,5.807894706726074,0.6771223545074463,-0.6044549345970154,0.03,1.2288728952407837,-0.11208484321832657,0.31852564215660095,0.03142907842993736,0.11077191680669785,-0.09197592735290527,0.9890815019607544,0,0,0,0,0,0,0,0,0,0,0,0,0,0
9.40784764289856,1.0,0.0025754570960998535,0.00574936717748642,-0.0002918839454650879,0.0013602375984191895,1.9276536703109741,5.807894706726074,0.6771223545074463,-0.6044549345970154,0.03,1.2288728952407837,-0.11208484321832657,0.31852564215660095,0.03142907842993736,0.11077191680669785,-0.09197592735290527,0.9890815019607544,0,0,0,0,0,0,0,0,0,0,0,0,0,0
9.408956289291382,1.0,0.0025754570960998535,0.00574936717748642,-0.0002918839454650879,0.0013602375984191895,1.9276536703109741,5.807894706726074,0.6771223545074463,-0.6044549345970154,0.03,1.2288728952407837,-0.11208484321832657,0.31852564215660095,0.03142907842993736,0.11077191680669785,-0.09197592735290527,0.9890815019607544,0,0,0,0,0,0,0,0,0,0,0,0,0,0
9.410233497619629,1.0,0.0025754570960998535,0.00574936717748642,-0.0002918839454650879,0.0013602375984191895,1.9276536703109741,5.807894706726074,0.6771223545074463,-0.6044549345970154,0.03,1.2288728952407837,-0.11208484321832657,0.31852564215660095,0.03142907842993736,0.11077191680669785,-0.09197592735290527,0.9890815019607544,0,0,0,0,0,0,0,0,0,0,0,0,0,0
9.412574768066406,1.0,0.0025754570960998535,0.00574936717748642,-0.0002918839454650879,0.0013602375984191895,1.9276536703109741,5.807894706726074,0.6771223545074463,-0.6044549345970154,0.03,1.2288728952407837,-0.11208484321832657,0.31852564215660095,0.03142907842993736,0.11077191680669785,-0.09197592735290527,0.9890815019607544,0,0,0,0,0,0,0,0,0,0,0,0,0,0
9.41434645652771,1.0,0.0025754570960998535,0.00574936717748642,-0.0002918839454650879,0.0013602375984191895,1.9276536703109741,5.807894706726074,0.6771223545074463,-0.6044549345970154,0.03,1.2288728952407837,-0.11208484321832657,0.31852564215660095,0.03142907842993736,0.11077191680669785,-0.09197592735290527,0.9890815019607544,0,0,0,0,0,0,0,0,0,0,0,0,0,0
9.415423154830933,1.0,0.0025754570960998535,0.00574936717748642,-0.0002918839454650879,0.0013602375984191895,1.9276536703109741,5.807894706726074,0.6771223545074463,-0.6044549345970154,0.03,1.2288728952407837,-0.11208484321832657,0.31852564215660095,0.03142907842993736,0.11077191680669785,-0.09197592735290527,0.9890815019607544,0,0,0,0,0,0,0,0,0,0,0,0,0,0
9.41649603843689,1.0,0.0025754570960998535,0.00574936717748642,-0.0002918839454650879,0.0013602375984191895,1.9276536703109741,5.807894706726074,0.6771223545074463,-0.6044549345970154,0.03,1.2288728952407837,-0.11208484321832657,0.31852564215660095,0.03142907842993736,0.11077191680669785,-0.09197592735290527,0.9890815019607544,0,0,0,0,0,0,0,0,0,0,0,0,0,0
9.417654752731323,1.0,0.0025754570960998535,0.00574936717748642,-0.0002918839454650879,0.0013602375984191895,1.9276536703109741,5.807894706726074,0.6771223545074463,-0.6044549345970154,0.03,1.2288728952407837,-0.11208484321832657,0.31852564215660095,0.03142907842993736,0.11077191680669785,-0.09197592735290527,0.9890815019607544,0,0,0,0,0,0,0,0,0,0,0,0,0,0
9.418896198272705,1.0,0.0025754570960998535,0.00574936717748642,-0.0002918839454650879,0.0013602375984191895,1.9276536703109741,5.807894706726074,0.6771223545074463,-0.6044549345970154,0.03,1.2288728952407837,-0.11208484321832657,0.31852564215660095,0.03142907842993736,0.11077191680669785,-0.09197592735290527,0.9890815019607544,0,0,0,0,0,0,0,0,0,0,0,0,0,0
9.419955730438232,1.0,0.0025754570960998535,0.00574936717748642,-0.0002918839454650879,0.0013602375984191895,1.9276536703109741,5.807894706726074,0.6771223545074463,-0.6044549345970154,0.03,1.2288728952407837,-0.11208484321832657,0.31852564215660095,0.03142907842993736,0.11077191680669785,-0.09197592735290527,0.9890815019607544,0,0,0,0,0,0,0,0,0,0,0,0,0,0
9.421157598495483,1.0,0.0025754570960998535,0.00574936717748642,-0.0002918839454650879,0.0013602375984191895,1.9276536703109741,5.807894706726074,0.6771223545074463,-0.6044549345970154,0.03,1.2288728952407837,-0.11208484321832657,0.31852564215660095,0.03142907842993736,0.11077191680669785,-0.09197592735290527,0.9890815019607544,0,0,0,0,0,0,0,0,0,0,0,0,0,0
9.422304630279541,1.0,0.0025754570960998535,0.00574936717748642,-0.0002918839454650879,0.0013602375984191895,1.9276536703109741,5.807894706726074,0.6771223545074463,-0.6044549345970154,0.03,1.2288728952407837,-0.11208484321832657,0.31852564215660095,0.03142907842993736,0.11077191680669785,-0.09197592735290527,0.9890815019607544,0,0,0,0,0,0,0,0,0,0,0,0,0,0
9.423393726348877,1.0,0.0025754570960998535,0.00574936717748642,-0.0002918839454650879,0.0013602375984191895,1.9276536703109741,5.807894706726074,0.6771223545074463,-0.6044549345970154,0.03,1.2288728952407837,-0.11208484321832657,0.31852564215660095,0.03142907842993736,0.11077191680669785,-0.09197592735290527,0.9890815019607544,0,0,0,0,0,0,0,0,0,0,0,0,0,0
9.424429178237915,1.0,0.0025754570960998535,0.00574936717748642,-0.0002918839454650879,0.0013602375984191895,1.9276536703109741,5.807894706726074,0.6771223545074463,-0.6044549345970154,0.03,1.2288728952407837,-0.11208484321832657,0.31852564215660095,0.03142907842993736,0.11077191680669785,-0.09197592735290527,0.9890815019607544,0,0,0,0,0,0,0,0,0,0,0,0,0,0
9.42600131034851,1.0,0.0025754570960998535,0.00574936717748642,-0.0002918839454650879,0.0013602375984191895,1.9276536703109741,5.807894706726074,0.6771223545074463,-0.6044549345970154,0.03,1.2288728952407837,-0.11208484321832657,0.31852564215660095,0.03142907842993736,0.11077191680669785,-0.09197592735290527,0.9890815019607544,0,0,0,0,0,0,0,0,0,0,0,0,0,0
9.427457094192505,1.0,0.0025754570960998535,0.00574936717748642,-0.0002918839454650879,0.0013602375984191895,1.9276536703109741,5.807894706726074,0.6771223545074463,-0.6044549345970154,0.03,1.2288728952407837,-0.11208484321832657,0.31852564215660095,0.03142907842993736,0.11077191680669785,-0.09197592735290527,0.9890815019607544,0,0,0,0,0,0,0,0,0,0,0,0,0,0
9.428780317306519,1.0,0.0025754570960998535,0.00574936717748642,-0.0002918839454650879,0.0013602375984191895,1.9276536703109741,5.807894706726074,0.6771223545074463,-0.6044549345970154,0.03,1.2288728952407837,-0.11208484321832657,0.31852564215660095,0.03142907842993736,0.11077191680669785,-0.09197592735290527,0.9890815019607544,0,0,0,0,0,0,0,0,0,0,0,0,0,0
9.430135726928711,1.0,0.0025754570960998535,0.00574936717748642,-0.0002918839454650879,0.0013602375984191895,1.9276536703109741,5.807894706726074,0.6771223545074463,-0.6044549345970154,0.03,1.2288728952407837,-0.11208484321832657,0.31852564215660095,0.03142907842993736,0.11077191680669785,-0.09197592735290527,0.9890815019607544,0,0,0,0,0,0,0,0,0,0,0,0,0,0
9.431557893753052,1.0,0.0025754570960998535,0.00574936717748642,-0.0002918839454650879,0.0013602375984191895,1.9276536703109741,5.807894706726074,0.6771223545074463,-0.6044549345970154,0.03,1.2288728952407837,-0.11208484321832657,0.31852564215660095,0.03142907842993736,0.11077191680669785,-0.09197592735290527,0.9890815019607544,0,0,0,0,0,0,0,0,0,0,0,0,0,0
9.432770252227783,1.0,0.0025754570960998535,0.00574936717748642,-0.0002918839454650879,0.0013602375984191895,1.9276536703109741,5.807894706726074,0.6771223545074463,-0.6044549345970154,0.03,1.2288728952407837,-0.11208484321832657,0.31852564215660095,0.03142907842993736,0.11077191680669785,-0.09197592735290527,0.9890815019607544,0,0,0,0,0,0,0,0,0,0,0,0,0,0
9.433982372283936,1.0,0.0025754570960998535,0.00574936717748642,-0.0002918839454650879,0.0013602375984191895,1.9276536703109741,5.807894706726074,0.6771223545074463,-0.6044549345970154,0.03,1.2288728952407837,-0.11208484321832657,0.31852564215660095,0.03142907842993736,0.11077191680669785,-0.09197592735290527,0.9890815019607544,0,0,0,0,0,0,0,0,0,0,0,0,0,0
9.435661315917969,1.0,0.0025754570960998535,0.00574936717748642,-0.0002918839454650879,0.0013602375984191895,1.9276536703109741,5.807894706726074,0.6771223545074463,-0.6044549345970154,0.03,1.2288728952407837,-0.11208484321832657,0.31852564215660095,0.03142907842993736,0.11077191680669785,-0.09197592735290527,0.9890815019607544,0,0,0,0,0,0,0,0,0,0,0,0,0,0
9.436809539794922,1.0,0.0025754570960998535,0.00574936717748642,-0.0002918839454650879,0.0013602375984191895,1.9276536703109741,5.807894706726074,0.6771223545074463,-0.6044549345970154,0.03,1.2288728952407837,-0.11208484321832657,0.31852564215660095,0.03142907842993736,0.11077191680669785,-0.09197592735290527,0.9890815019607544,0,0,0,0,0,0,0,0,0,0,0,0,0,0
9.437952280044556,1.0,0.0025754570960998535,0.00574936717748642,-0.0002918839454650879,0.0013602375984191895,1.9276536703109741,5.807894706726074,0.6771223545074463,-0.6044549345970154,0.03,1.2288728952407837,-0.11208484321832657,0.31852564215660095,0.03142907842993736,0.11077191680669785,-0.09197592735290527,0.9890815019607544,0,0,0,0,0,0,0,0,0,0,0,0,0,0
9.439166784286499,1.0,0.0025754570960998535,0.00574936717748642,-0.0002918839454650879,0.0013602375984191895,1.9276536703109741,5.807894706726074,0.6771223545074463,-0.6044549345970154,0.03,1.2288728952407837,-0.11208484321832657,0.31852564215660095,0.03142907842993736,0.11077191680669785,-0.09197592735290527,0.9890815019607544,0,0,0,0,0,0,0,0,0,0,0,0,0,0
9.440595149993896,1.0,0.0025754570960998535,0.00574936717748642,-0.0002918839454650879,0.0013602375984191895,1.9276536703109741,5.807894706726074,0.6771223545074463,-0.6044549345970154,0.03,1.2288728952407837,-0.11208484321832657,0.31852564215660095,0.03142907842993736,0.11077191680669785,-0.09197592735290527,0.9890815019607544,0,0,0,0,0,0,0,0,0,0,0,0,0,0
9.441811323165894,1.0,0.0025754570960998535,0.00574936717748642,-0.0002918839454650879,0.0013602375984191895,1.9276536703109741,5.807894706726074,0.6771223545074463,-0.6044549345970154,0.03,1.2288728952407837,-0.11208484321832657,0.31852564215660095,0.03142907842993736,0.11077191680669785,-0.09197592735290527,0.9890815019607544,0,0,0,0,0,0,0,0,0,0,0,0,0,0
9.443381071090698,1.0,0.002181112766265869,-0.00629318505525589,-0.00024020671844482422,0.012658655643463135,1.6438177824020386,5.396665573120117,0.6349202394485474,-0.5800570845603943,0.03,1.2288728952407837,-0.11208484321832657,0.31852564215660095,0.03142907842993736,0.11077191680669785,-0.09197592735290527,0.9890815019607544,0,0,0,0,0,0,0,0,0,0,0,0,0,0
9.44469952583313,1.0,0.0014854073524475098,-0.02288316935300827,-0.00024574995040893555,0.02833765745162964,1.1891840696334839,5.222370624542236,0.6366093754768372,-1.4566237926483154,0.03,1.2288728952407837,-0.11208484321832657,0.31852564215660095,0.03142907842993736,0.11077191680669785,-0.09197592735290527,0.9890815019607544,0,0,0,0,0,0,0,0,0,0,0,0,0,0
9.445823192596436,1.0,0.0013467669486999512,-0.02706405520439148,-0.00023949146270751953,0.032196104526519775,1.0109140872955322,4.171008110046387,0.6156615614891052,-0.48899486660957336,0.03,1.2288728952407837,-0.11208484321832657,0.31852564215660095,0.03142907842993736,0.11077191680669785,-0.09197592735290527,0.9890815019607544,0,0,0,0,0,0,0,0,0,0,0,0,0,0
9.447042465209961,1.0,0.001322925090789795,-0.02846234291791916,-0.0002104043960571289,0.03335088491439819,1.0457390546798706,4.23664665222168,0.6041117310523987,-0.872001588344574,0.03,1.2288728952407837,-0.11208484321832657,0.31852564215660095,0.03142907842993736,0.11077191680669785,-0.09197592735290527,0.9890815019607544,0,0,0,0,0,0,0,0,0,0,0,0,0,0
9.448163270950317,1.0,0.001322925090789795,-0.02846234291791916,-0.0002104043960571289,0.03335088491439819,1.0457390546798706,4.23664665222168,0.6041117310523987,-0.872001588344574,0.03,1.2288728952407837,-0.11208484321832657,0.31852564215660095,0.03142907842993736,0.11077191680669785,-0.09197592735290527,0.9890815019607544,0,0,0,0,0,0,0,0,0,0,0,0,0,0
9.44944977760315,1.0,0.001322925090789795,-0.02846234291791916,-0.0002104043960571289,0.03335088491439819,1.0457390546798706,4.23664665222168,0.6041117310523987,-0.872001588344574,0.03,1.2288728952407837,-0.11208484321832657,0.31852564215660095,0.03142907842993736,0.11077191680669785,-0.09197592735290527,0.9890815019607544,0,0,0,0,0,0,0,0,0,0,0,0,0,0
9.45060133934021,1.0,0.0011636018753051758,-0.03308448940515518,-0.0002276301383972168,0.03804326057434082,0.9080618023872375,3.361570119857788,0.6262601017951965,-0.35947680473327637,0.03,1.2288638353347778,-0.11208927631378174,0.318481981754303,0.03177709877490997,0.1109037846326828,-0.09057126194238663,0.9891852736473083,0,0,0,0,0,0,0,0,0,0,0,0,0,0
9.452152490615845,1.0,0.0011569857597351074,-0.034579336643218994,-0.0002276301383972168,0.038552284240722656,0.918999969959259,3.447793483734131,0.6264111995697021,0.12310579419136047,0.03,1.2288638353347778,-0.11208927631378174,0.318481981754303,0.03177709877490997,0.1109037846326828,-0.09057126194238663,0.9891852736473083,0,0,0,0,0,0,0,0,0,0,0,0,0,0
9.453812599182129,1.0,0.0011569857597351074,-0.034579336643218994,-0.0002276301383972168,0.038552284240722656,0.918999969959259,3.447793483734131,0.6264111995697021,0.12310579419136047,0.03,1.2288638353347778,-0.11208927631378174,0.318481981754303,0.03177709877490997,0.1109037846326828,-0.09057126194238663,0.9891852736473083,0,0,0,0,0,0,0,0,0,0,0,0,0,0
9.457406759262085,1.0,0.0011569857597351074,-0.034579336643218994,-0.0002276301383972168,0.038552284240722656,0.918999969959259,3.447793483734131,0.6264111995697021,0.12310579419136047,0.03,1.2288638353347778,-0.11208927631378174,0.318481981754303,0.03177709877490997,0.1109037846326828,-0.09057126194238663,0.9891852736473083,0,0,0,0,0,0,0,0,0,0,0,0,0,0
9.458593130111694,1.0,0.0011569857597351074,-0.034579336643218994,-0.0002276301383972168,0.038552284240722656,0.918999969959259,3.447793483734131,0.6264111995697021,0.12310579419136047,0.03,1.2288638353347778,-0.11208927631378174,0.318481981754303,0.03177709877490997,0.1109037846326828,-0.09057126194238663,0.9891852736473083,0,0,0,0,0,0,0,0,0,0,0,0,0,0
9.46001648902893,1.0,0.0011569857597351074,-0.034579336643218994,-0.0002276301383972168,0.038552284240722656,0.918999969959259,3.447793483734131,0.6264111995697021,0.12310579419136047,0.03,1.2288638353347778,-0.11208927631378174,0.318481981754303,0.03177709877490997,0.1109037846326828,-0.09057126194238663,0.9891852736473083,0,0,0,0,0,0,0,0,0,0,0,0,0,0
9.462098121643066,1.0,0.0011569857597351074,-0.034579336643218994,-0.0002276301383972168,0.038552284240722656,0.918999969959259,3.447793483734131,0.6264111995697021,0.12310579419136047,0.03,1.2288638353347778,-0.11208927631378174,0.318481981754303,0.03177709877490997,0.1109037846326828,-0.09057126194238663,0.9891852736473083,0,0,0,0,0,0,0,0,0,0,0,0,0,0
9.464167833328247,1.0,0.0010936856269836426,-0.03676099330186844,-0.00019240379333496094,0.040200114250183105,0.8494440913200378,2.9680652618408203,0.562905490398407,-0.8969146013259888,0.03,1.2288638353347778,-0.11208927631378174,0.318481981754303,0.03177709877490997,0.1109037846326828,-0.09057126194238663,0.9891852736473083,0,0,0,0,0,0,0,0,0,0,0,0,0,0
9.465262413024902,1.0,0.0010527372360229492,-0.04403579235076904,-0.00022810697555541992,0.04676234722137451,0.8974987268447876,2.630530595779419,0.6364008784294128,-0.7632355690002441,0.03,1.228851318359375,-0.1121382936835289,0.3184094727039337,0.03155553713440895,0.11087244749069214,-0.09145361930131912,0.9891146421432495,0,0,0,0,0,0,0,0,0,0,0,0,0,0
9.466463327407837,1.0,0.0010527372360229492,-0.04403579235076904,-0.00022810697555541992,0.04676234722137451,0.8974987268447876,2.630530595779419,0.6364008784294128,-0.7632355690002441,0.03,1.228851318359375,-0.1121382936835289,0.3184094727039337,0.03155553713440895,0.11087244749069214,-0.09145361930131912,0.9891146421432495,0,0,0,0,0,0,0,0,0,0,0,0,0,0
9.468493461608887,1.0,0.0009911656379699707,-0.04887186735868454,-0.0001615285873413086,0.050990939140319824,0.817115068435669,2.9027369022369385,0.5501246452331543,-1.608960747718811,0.03,1.2289018630981445,-0.1120966225862503,0.3183569312095642,0.03304530680179596,0.11007022857666016,-0.08689871430397034,0.9895662665367126,0,0,0,0,0,0,0,0,0,0,0,0,0,0
9.469752550125122,1.0,0.0009911656379699707,-0.04887186735868454,-0.0001615285873413086,0.050990939140319824,0.817115068435669,2.9027369022369385,0.5501246452331543,-1.608960747718811,0.03,1.2289018630981445,-0.1120966225862503,0.3183569312095642,0.03304530680179596,0.11007022857666016,-0.08689871430397034,0.9895662665367126,0,0,0,0,0,0,0,0,0,0,0,0,0,0
9.472973108291626,1.0,0.0009911656379699707,-0.04887186735868454,-0.0001615285873413086,0.050990939140319824,0.817115068435669,2.9027369022369385,0.5501246452331543,-1.608960747718811,0.03,1.2289018630981445,-0.1120966225862503,0.3183569312095642,0.03304530680179596,0.11007022857666016,-0.08689871430397034,0.9895662665367126,0,0,0,0,0,0,0,0,0,0,0,0,0,0
9.474342107772827,1.0,0.0010521411895751953,-0.05311895161867142,-0.00017821788787841797,0.054899513721466064,0.9174107313156128,2.1731197834014893,0.5886424779891968,-1.1746522188186646,0.03,1.228851318359375,-0.11214610189199448,0.31843844056129456,0.031574808061122894,0.11048450320959091,-0.09054682403802872,0.9892409443855286,0,0,0,0,0,0,0,0,0,0,0,0,0,0
9.47582197189331,1.0,0.0010521411895751953,-0.05311895161867142,-0.00017821788787841797,0.054899513721466064,0.9174107313156128,2.1731197834014893,0.5886424779891968,-1.1746522188186646,0.03,1.228851318359375,-0.11214610189199448,0.31843844056129456,0.031574808061122894,0.11048450320959091,-0.09054682403802872,0.9892409443855286,0,0,0,0,0,0,0,0,0,0,0,0,0,0
9.476949691772461,1.0,0.0010521411895751953,-0.05311895161867142,-0.00017821788787841797,0.054899513721466064,0.9174107313156128,2.1731197834014893,0.5886424779891968,-1.1746522188186646,0.03,1.228851318359375,-0.11214610189199448,0.31843844056129456,0.031574808061122894,0.11048450320959091,-0.09054682403802872,0.9892409443855286,0,0,0,0,0,0,0,0,0,0,0,0,0,0
9.481532096862793,1.0,0.0011610984802246094,-0.058151453733444214,-0.00017142295837402344,0.059721171855926514,1.0775306224822998,2.0046472549438477,0.5586704015731812,-1.1182434558868408,0.03,1.228849172592163,-0.11206672340631485,0.3185606002807617,0.03178729489445686,0.11035595089197159,-0.08903742581605911,0.9893854260444641,0,0,0,0,0,0,0,0,0,0,0,0,0,0
9.482647895812988,1.0,0.0011256933212280273,-0.06024467945098877,-0.00017827749252319336,0.06170529127120972,0.9868833422660828,2.197399854660034,0.5769967436790466,-1.2979202270507812,0.03,1.2288126945495605,-0.1121227890253067,0.3183912932872772,0.0312940776348114,0.11033090204000473,-0.09180697798728943,0.9891507625579834,0,0,0,0,0,0,0,0,0,0,0,0,0,0
9.485106706619263,1.0,0.00116729736328125,-0.06548993289470673,-0.00018423795700073242,0.06673300266265869,1.0462859869003296,1.468530535697937,0.573245644569397,-0.8035106062889099,0.03,1.2288126945495605,-0.1121227890253067,0.3183912932872772,0.0312940776348114,0.11033090204000473,-0.09180697798728943,0.9891507625579834,0,0,0,0,0,0,0,0,0,0,0,0,0,0
9.486663818359375,1.0,0.00116729736328125,-0.06548993289470673,-0.00018423795700073242,0.06673300266265869,1.0462859869003296,1.468530535697937,0.573245644569397,-0.8035106062889099,0.03,1.2288126945495605,-0.1121227890253067,0.3183912932872772,0.0312940776348114,0.11033090204000473,-0.09180697798728943,0.9891507625579834,0,0,0,0,0,0,0,0,0,0,0,0,0,0
9.4888756275177,1.0,0.00116729736328125,-0.06548993289470673,-0.00018423795700073242,0.06673300266265869,1.0462859869003296,1.468530535697937,0.573245644569397,-0.8035106062889099,0.03,1.2288126945495605,-0.1121227890253067,0.3183912932872772,0.0312940776348114,0.11033090204000473,-0.09180697798728943,0.9891507625579834,0,0,0,0,0,0,0,0,0,0,0,0,0,0
9.490708827972412,1.0,0.00116729736328125,-0.06548993289470673,-0.00018423795700073242,0.06673300266265869,1.0462859869003296,1.468530535697937,0.573245644569397,-0.8035106062889099,0.03,1.2288126945495605,-0.1121227890253067,0.3183912932872772,0.0312940776348114,0.11033090204000473,-0.09180697798728943,0.9891507625579834,0,0,0,0,0,0,0,0,0,0,0,0,0,0
9.491854190826416,1.0,0.00116729736328125,-0.06548993289470673,-0.00018423795700073242,0.06673300266265869,1.0462859869003296,1.468530535697937,0.573245644569397,-0.8035106062889099,0.03,1.2288126945495605,-0.1121227890253067,0.3183912932872772,0.0312940776348114,0.11033090204000473,-0.09180697798728943,0.9891507625579834,0,0,0,0,0,0,0,0,0,0,0,0,0,0
9.493443965911865,1.0,0.00116729736328125,-0.06548993289470673,-0.00018423795700073242,0.06673300266265869,1.0462859869003296,1.468530535697937,0.573245644569397,-0.8035106062889099,0.03,1.228796362876892,-0.11211585998535156,0.31843093037605286,0.030715296044945717,0.110324427485466,-0.09421190619468689,0.9889434576034546,0,0,0,0,0,0,0,0,0,0,0,0,0,0
9.494605541229248,1.0,0.00116729736328125,-0.06548993289470673,-0.00018423795700073242,0.06673300266265869,1.0462859869003296,1.468530535697937,0.573245644569397,-0.8035106062889099,0.03,1.228783130645752,-0.11207175999879837,0.3185349404811859,0.03117445856332779,0.11017978936433792,-0.09185498207807541,0.9891669750213623,0,0,0,0,0,0,0,0,0,0,0,0,0,0
9.496868133544922,1.0,0.00116729736328125,-0.06548993289470673,-0.00018423795700073242,0.06673300266265869,1.0462859869003296,1.468530535697937,0.573245644569397,-0.8035106062889099,0.03,1.228783130645752,-0.11207175999879837,0.3185349404811859,0.03117445856332779,0.11017978936433792,-0.09185498207807541,0.9891669750213623,0,0,0,0,0,0,0,0,0,0,0,0,0,0
9.498154878616333,1.0,0.00116729736328125,-0.06548993289470673,-0.00018423795700073242,0.06673300266265869,1.0462859869003296,1.468530535697937,0.573245644569397,-0.8035106062889099,0.03,1.228783130645752,-0.11207175999879837,0.3185349404811859,0.03117445856332779,0.11017978936433792,-0.09185498207807541,0.9891669750213623,0,0,0,0,0,0,0,0,0,0,0,0,0,0
9.501136064529419,1.0,0.00116729736328125,-0.06548993289470673,-0.00018423795700073242,0.06673300266265869,1.0462859869003296,1.468530535697937,0.573245644569397,-0.8035106062889099,0.03,1.228783130645752,-0.11207175999879837,0.3185349404811859,0.03117445856332779,0.11017978936433792,-0.09185498207807541,0.9891669750213623,0,0,0,0,0,0,0,0,0,0,0,0,0,0
9.502497434616089,1.0,0.00116729736328125,-0.06548993289470673,-0.00018423795700073242,0.06673300266265869,1.0462859869003296,1.468530535697937,0.573245644569397,-0.8035106062889099,0.03,1.228908896446228,-0.11211848258972168,0.31844866275787354,0.03261960670351982,0.10939861088991165,-0.0870831310749054,0.9896385669708252,0,0,0,0,0,0,0,0,0,0,0,0,0,0
9.503572940826416,1.0,0.00116729736328125,-0.06548993289470673,-0.00018423795700073242,0.06673300266265869,1.0462859869003296,1.468530535697937,0.573245644569397,-0.8035106062889099,0.03,1.228908896446228,-0.11211848258972168,0.31844866275787354,0.03261960670351982,0.10939861088991165,-0.0870831310749054,0.9896385669708252,0,0,0,0,0,0,0,0,0,0,0,0,0,0
9.504639148712158,1.0,0.00116729736328125,-0.06548993289470673,-0.00018423795700073242,0.06673300266265869,1.0462859869003296,1.468530535697937,0.573245644569397,-0.8035106062889099,0.03,1.228908896446228,-0.11211848258972168,0.31844866275787354,0.03261960670351982,0.10939861088991165,-0.0870831310749054,0.9896385669708252,0,0,0,0,0,0,0,0,0,0,0,0,0,0
9.505722999572754,1.0,0.00116729736328125,-0.06548993289470673,-0.00018423795700073242,0.06673300266265869,1.0462859869003296,1.468530535697937,0.573245644569397,-0.8035106062889099,0.03,1.228908896446228,-0.11211848258972168,0.31844866275787354,0.03261960670351982,0.10939861088991165,-0.0870831310749054,0.9896385669708252,0,0,0,0,0,0,0,0,0,0,0,0,0,0
9.5068039894104,1.0,0.00116729736328125,-0.06548993289470673,-0.00018423795700073242,0.06673300266265869,1.0462859869003296,1.468530535697937,0.573245644569397,-0.8035106062889099,0.03,1.228908896446228,-0.11211848258972168,0.31844866275787354,0.03261960670351982,0.10939861088991165,-0.0870831310749054,0.9896385669708252,0,0,0,0,0,0,0,0,0,0,0,0,0,0
9.507893323898315,1.0,0.00116729736328125,-0.06548993289470673,-0.00018423795700073242,0.06673300266265869,1.0462859869003296,1.468530535697937,0.573245644569397,-0.8035106062889099,0.03,1.228908896446228,-0.11211848258972168,0.31844866275787354,0.03261960670351982,0.10939861088991165,-0.0870831310749054,0.9896385669708252,0,0,0,0,0,0,0,0,0,0,0,0,0,0
9.50899863243103,1.0,0.00116729736328125,-0.06548993289470673,-0.00018423795700073242,0.06673300266265869,1.0462859869003296,1.468530535697937,0.573245644569397,-0.8035106062889099,0.03,1.228908896446228,-0.11211848258972168,0.31844866275787354,0.03261960670351982,0.10939861088991165,-0.0870831310749054,0.9896385669708252,0,0,0,0,0,0,0,0,0,0,0,0,0,0
9.51024866104126,1.0,0.00116729736328125,-0.06548993289470673,-0.00018423795700073242,0.06673300266265869,1.0462859869003296,1.468530535697937,0.573245644569397,-0.8035106062889099,0.03,1.2288631200790405,-0.11211659014225006,0.3183692693710327,0.03310048580169678,0.10934595763683319,-0.08495338261127472,0.9898135662078857,0,0,0,0,0,0,0,0,0,0,0,0,0,0
9.511335611343384,1.0,0.00116729736328125,-0.06548993289470673,-0.00018423795700073242,0.06673300266265869,1.0462859869003296,1.468530535697937,0.573245644569397,-0.8035106062889099,0.03,1.2288025617599487,-0.11205024272203445,0.31843850016593933,0.03299492225050926,0.10907573252916336,-0.08463980257511139,0.9898737668991089,0,0,0,0,0,0,0,0,0,0,0,0,0,0
9.512655973434448,1.0,0.00116729736328125,-0.06548993289470673,-0.00018423795700073242,0.06673300266265869,1.0462859869003296,1.468530535697937,0.573245644569397,-0.8035106062889099,0.03,1.2288025617599487,-0.11205024272203445,0.31843850016593933,0.03299492225050926,0.10907573252916336,-0.08463980257511139,0.9898737668991089,0,0,0,0,0,0,0,0,0,0,0,0,0,0
9.513745546340942,1.0,0.00116729736328125,-0.06548993289470673,-0.00018423795700073242,0.06673300266265869,1.0462859869003296,1.468530535697937,0.573245644569397,-0.8035106062889099,0.03,1.2288025617599487,-0.11205024272203445,0.31843850016593933,0.03299492225050926,0.10907573252916336,-0.08463980257511139,0.9898737668991089,0,0,0,0,0,0,0,0,0,0,0,0,0,0
9.515119314193726,1.0,0.00116729736328125,-0.06548993289470673,-0.00018423795700073242,0.06673300266265869,1.0462859869003296,1.468530535697937,0.573245644569397,-0.8035106062889099,0.03,1.2288025617599487,-0.11205024272203445,0.31843850016593933,0.03299492225050926,0.10907573252916336,-0.08463980257511139,0.9898737668991089,0,0,0,0,0,0,0,0,0,0,0,0,0,0
9.517496109008789,1.0,0.00116729736328125,-0.06548993289470673,-0.00018423795700073242,0.06673300266265869,1.0462859869003296,1.468530535697937,0.573245644569397,-0.8035106062889099,0.03,1.2288025617599487,-0.11205024272203445,0.31843850016593933,0.03299492225050926,0.10907573252916336,-0.08463980257511139,0.9898737668991089,0,0,0,0,0,0,0,0,0,0,0,0,0,0
9.51879596710205,1.0,0.00116729736328125,-0.06548993289470673,-0.00018423795700073242,0.06673300266265869,1.0462859869003296,1.468530535697937,0.573245644569397,-0.8035106062889099,0.03,1.2288025617599487,-0.11205024272203445,0.31843850016593933,0.03299492225050926,0.10907573252916336,-0.08463980257511139,0.9898737668991089,0,0,0,0,0,0,0,0,0,0,0,0,0,0
9.520465850830078,1.0,0.00116729736328125,-0.06548993289470673,-0.00018423795700073242,0.06673300266265869,1.0462859869003296,1.468530535697937,0.573245644569397,-0.8035106062889099,0.03,1.2288025617599487,-0.11205024272203445,0.31843850016593933,0.03299492225050926,0.10907573252916336,-0.08463980257511139,0.9898737668991089,0,0,0,0,0,0,0,0,0,0,0,0,0,0
9.521542310714722,1.0,0.00116729736328125,-0.06548993289470673,-0.00018423795700073242,0.06673300266265869,1.0462859869003296,1.468530535697937,0.573245644569397,-0.8035106062889099,0.03,1.2288025617599487,-0.11205024272203445,0.31843850016593933,0.03299492225050926,0.10907573252916336,-0.08463980257511139,0.9898737668991089,0,0,0,0,0,0,0,0,0,0,0,0,0,0
9.522626876831055,1.0,0.00116729736328125,-0.06548993289470673,-0.00018423795700073242,0.06673300266265869,1.0462859869003296,1.468530535697937,0.573245644569397,-0.8035106062889099,0.03,1.2288025617599487,-0.11205024272203445,0.31843850016593933,0.03299492225050926,0.10907573252916336,-0.08463980257511139,0.9898737668991089,0,0,0,0,0,0,0,0,0,0,0,0,0,0
9.525150299072266,2.0,0.0009672045707702637,-0.07958833873271942,-0.00021392107009887695,0.08006756007671356,0.41382282972335815,0.7416929006576538,0.1548272669315338,-0.6168994903564453,0.03,1.2288025617599487,-0.11205024272203445,0.31843850016593933,0.03299492225050926,0.10907573252916336,-0.08463980257511139,0.9898737668991089,0,0,0,0,0,0,0,0,0,0,0,0,0,0
9.526394128799438,2.0,0.0036101341247558594,-0.08398157358169556,-0.0030230283737182617,0.08412079513072968,-0.6001696586608887,-1.368668794631958,-0.6659155488014221,1.340820550918579,0.03,1.2287192344665527,-0.11199023574590683,0.31858813762664795,0.031979452818632126,0.10943485796451569,-0.08633612841367722,0.98972088098526,0,0,0,0,0,0,0,0,0,0,0,0,0,0
9.528160333633423,2.0,0.005439817905426025,-0.08377830684185028,-0.00510716438293457,0.08387525379657745,-0.6216257214546204,-1.0137767791748047,-0.156022310256958,0.9057809114456177,0.03,1.2287192344665527,-0.11199023574590683,0.31858813762664795,0.031979452818632126,0.10943485796451569,-0.08633612841367722,0.98972088098526,0,0,0,0,0,0,0,0,0,0,0,0,0,0
9.529308319091797,2.0,0.005439817905426025,-0.08377830684185028,-0.00510716438293457,0.08387525379657745,-0.6216257214546204,-1.0137767791748047,-0.156022310256958,0.9057809114456177,0.03,1.2287192344665527,-0.11199023574590683,0.31858813762664795,0.031979452818632126,0.10943485796451569,-0.08633612841367722,0.98972088098526,0,0,0,0,0,0,0,0,0,0,0,0,0,0
9.530856847763062,2.0,0.012308657169342041,-0.08171997964382172,-0.012681722640991211,0.08174322545528412,0.14553402364253998,0.6103110313415527,0.8390365839004517,-0.7636786103248596,0.03,1.2287192344665527,-0.11199023574590683,0.31858813762664795,0.031979452818632126,0.10943485796451569,-0.08633612841367722,0.98972088098526,0,0,0,0,0,0,0,0,0,0,0,0,0,0
9.533082008361816,2.0,0.012308657169342041,-0.08171997964382172,-0.012681722640991211,0.08174322545528412,0.14553402364253998,0.6103110313415527,0.8390365839004517,-0.7636786103248596,0.03,1.2287192344665527,-0.11199023574590683,0.31858813762664795,0.031979452818632126,0.10943485796451569,-0.08633612841367722,0.98972088098526,0,0,0,0,0,0,0,0,0,0,0,0,0,0
9.534241199493408,2.0,0.012308657169342041,-0.08171997964382172,-0.012681722640991211,0.08174322545528412,0.14553402364253998,0.6103110313415527,0.8390365839004517,-0.7636786103248596,0.03,1.2287192344665527,-0.11199023574590683,0.31858813762664795,0.031979452818632126,0.10943485796451569,-0.08633612841367722,0.98972088098526,0,0,0,0,0,0,0,0,0,0,0,0,0,0
9.53543734550476,2.0,0.012895464897155762,-0.08174766600131989,-0.012997686862945557,0.081767737865448,0.1930529922246933,0.5622985363006592,0.688296377658844,-0.7267940044403076,0.03,1.2287192344665527,-0.11199023574590683,0.31858813762664795,0.031979452818632126,0.10943485796451569,-0.08633612841367722,0.98972088098526,0,0,0,0,0,0,0,0,0,0,0,0,0,0
9.536546468734741,2.0,0.016491293907165527,-0.0822153240442276,-0.016438543796539307,0.08219771087169647,-0.18141977488994598,0.07899557054042816,0.5715964436531067,-0.3060574233531952,0.03,1.2287192344665527,-0.11199023574590683,0.31858813762664795,0.031979452818632126,0.10943485796451569,-0.08633612841367722,0.98972088098526,0,0,0,0,0,0,0,0,0,0,0,0,0,0
9.537619590759277,2.0,0.016491293907165527,-0.0822153240442276,-0.016438543796539307,0.08219771087169647,-0.18141977488994598,0.07899557054042816,0.5715964436531067,-0.3060574233531952,0.03,1.2287192344665527,-0.11199023574590683,0.31858813762664795,0.031979452818632126,0.10943485796451569,-0.08633612841367722,0.98972088098526,0,0,0,0,0,0,0,0,0,0,0,0,0,0
9.538769960403442,2.0,0.016491293907165527,-0.0822153240442276,-0.016438543796539307,0.08219771087169647,-0.18141977488994598,0.07899557054042816,0.5715964436531067,-0.3060574233531952,0.03,1.2287192344665527,-0.11199023574590683,0.31858813762664795,0.031979452818632126,0.10943485796451569,-0.08633612841367722,0.98972088098526,0,0,0,0,0,0,0,0,0,0,0,0,0,0
9.540128946304321,2.0,0.016491293907165527,-0.0822153240442276,-0.016438543796539307,0.08219771087169647,-0.18141977488994598,0.07899557054042816,0.5715964436531067,-0.3060574233531952,0.03,1.2287192344665527,-0.11199023574590683,0.31858813762664795,0.031979452818632126,0.10943485796451569,-0.08633612841367722,0.98972088098526,0,0,0,0,0,0,0,0,0,0,0,0,0,0
9.541234493255615,2.0,0.016491293907165527,-0.0822153240442276,-0.016438543796539307,0.08219771087169647,-0.18141977488994598,0.07899557054042816,0.5715964436531067,-0.3060574233531952,0.03,1.2287192344665527,-0.11199023574590683,0.31858813762664795,0.031979452818632126,0.10943485796451569,-0.08633612841367722,0.98972088098526,0,0,0,0,0,0,0,0,0,0,0,0,0,0
9.543504476547241,2.0,0.016491293907165527,-0.0822153240442276,-0.016438543796539307,0.08219771087169647,-0.18141977488994598,0.07899557054042816,0.5715964436531067,-0.3060574233531952,0.03,1.2287192344665527,-0.11199023574590683,0.31858813762664795,0.031979452818632126,0.10943485796451569,-0.08633612841367722,0.98972088098526,0,0,0,0,0,0,0,0,0,0,0,0,0,0
9.54775619506836,2.0,0.016491293907165527,-0.0822153240442276,-0.016438543796539307,0.08219771087169647,-0.18141977488994598,0.07899557054042816,0.5715964436531067,-0.3060574233531952,0.03,1.2287192344665527,-0.11199023574590683,0.31858813762664795,0.031979452818632126,0.10943485796451569,-0.08633612841367722,0.98972088098526,0,0,0,0,0,0,0,0,0,0,0,0,0,0
9.548907041549683,2.0,0.016491293907165527,-0.0822153240442276,-0.016438543796539307,0.08219771087169647,-0.18141977488994598,0.07899557054042816,0.5715964436531067,-0.3060574233531952,0.03,1.2287192344665527,-0.11199023574590683,0.31858813762664795,0.031979452818632126,0.10943485796451569,-0.08633612841367722,0.98972088098526,0,0,0,0,0,0,0,0,0,0,0,0,0,0
9.550951480865479,2.0,0.016491293907165527,-0.0822153240442276,-0.016438543796539307,0.08219771087169647,-0.18141977488994598,0.07899557054042816,0.5715964436531067,-0.3060574233531952,0.03,1.2287192344665527,-0.11199023574590683,0.31858813762664795,0.031979452818632126,0.10943485796451569,-0.08633612841367722,0.98972088098526,0,0,0,0,0,0,0,0,0,0,0,0,0,0
9.553022384643555,2.0,0.016491293907165527,-0.0822153240442276,-0.016438543796539307,0.08219771087169647,-0.18141977488994598,0.07899557054042816,0.5715964436531067,-0.3060574233531952,0.03,1.2287192344665527,-0.11199023574590683,0.31858813762664795,0.031979452818632126,0.10943485796451569,-0.08633612841367722,0.98972088098526,0,0,0,0,0,0,0,0,0,0,0,0,0,0
9.554379224777222,2.0,0.016491293907165527,-0.0822153240442276,-0.016438543796539307,0.08219771087169647,-0.18141977488994598,0.07899557054042816,0.5715964436531067,-0.3060574233531952,0.03,1.2287192344665527,-0.11199023574590683,0.31858813762664795,0.031979452818632126,0.10943485796451569,-0.08633612841367722,0.98972088098526,0,0,0,0,0,0,0,0,0,0,0,0,0,0
9.555917024612427,2.0,0.016491293907165527,-0.0822153240442276,-0.016438543796539307,0.08219771087169647,-0.18141977488994598,0.07899557054042816,0.5715964436531067,-0.3060574233531952,0.03,1.2287192344665527,-0.11199023574590683,0.31858813762664795,0.031979452818632126,0.10943485796451569,-0.08633612841367722,0.98972088098526,0,0,0,0,0,0,0,0,0,0,0,0,0,0
9.557307004928589,2.0,0.016491293907165527,-0.0822153240442276,-0.016438543796539307,0.08219771087169647,-0.18141977488994598,0.07899557054042816,0.5715964436531067,-0.3060574233531952,0.03,1.2287192344665527,-0.11199023574590683,0.31858813762664795,0.031979452818632126,0.10943485796451569,-0.08633612841367722,0.98972088098526,0,0,0,0,0,0,0,0,0,0,0,0,0,0
9.558394193649292,2.0,0.016491293907165527,-0.0822153240442276,-0.016438543796539307,0.08219771087169647,-0.18141977488994598,0.07899557054042816,0.5715964436531067,-0.3060574233531952,0.03,1.2287192344665527,-0.11199023574590683,0.31858813762664795,0.031979452818632126,0.10943485796451569,-0.08633612841367722,0.98972088098526,0,0,0,0,0,0,0,0,0,0,0,0,0,0
9.5608651638031,2.0,0.016491293907165527,-0.0822153240442276,-0.016438543796539307,0.08219771087169647,-0.18141977488994598,0.07899557054042816,0.5715964436531067,-0.3060574233531952,0.03,1.2287192344665527,-0.11199023574590683,0.31858813762664795,0.031979452818632126,0.10943485796451569,-0.08633612841367722,0.98972088098526,0,0,0,0,0,0,0,0,0,0,0,0,0,0
9.562240362167358,2.0,0.016491293907165527,-0.0822153240442276,-0.016438543796539307,0.08219771087169647,-0.18141977488994598,0.07899557054042816,0.5715964436531067,-0.3060574233531952,0.03,1.2287192344665527,-0.11199023574590683,0.31858813762664795,0.031979452818632126,0.10943485796451569,-0.08633612841367722,0.98972088098526,0,0,0,0,0,0,0,0,0,0,0,0,0,0
9.565106391906738,2.0,0.016491293907165527,-0.0822153240442276,-0.016438543796539307,0.08219771087169647,-0.18141977488994598,0.07899557054042816,0.5715964436531067,-0.3060574233531952,0.03,1.2287192344665527,-0.11199023574590683,0.31858813762664795,0.031979452818632126,0.10943485796451569,-0.08633612841367722,0.98972088098526,0,0,0,0,0,0,0,0,0,0,0,0,0,0
9.566238164901733,2.0,0.016491293907165527,-0.0822153240442276,-0.016438543796539307,0.08219771087169647,-0.18141977488994598,0.07899557054042816,0.5715964436531067,-0.3060574233531952,0.03,1.2287192344665527,-0.11199023574590683,0.31858813762664795,0.031979452818632126,0.10943485796451569,-0.08633612841367722,0.98972088098526,0,0,0,0,0,0,0,0,0,0,0,0,0,0
9.568326473236084,2.0,0.016491293907165527,-0.0822153240442276,-0.016438543796539307,0.08219771087169647,-0.18141977488994598,0.07899557054042816,0.5715964436531067,-0.3060574233531952,0.03,1.2287192344665527,-0.11199023574590683,0.31858813762664795,0.031979452818632126,0.10943485796451569,-0.08633612841367722,0.98972088098526,0,0,0,0,0,0,0,0,0,0,0,0,0,0
9.569433689117432,2.0,0.016491293907165527,-0.0822153240442276,-0.016438543796539307,0.08219771087169647,-0.18141977488994598,0.07899557054042816,0.5715964436531067,-0.3060574233531952,0.03,1.2287192344665527,-0.11199023574590683,0.31858813762664795,0.031979452818632126,0.10943485796451569,-0.08633612841367722,0.98972088098526,0,0,0,0,0,0,0,0,0,0,0,0,0,0
9.570725202560425,2.0,0.016491293907165527,-0.0822153240442276,-0.016438543796539307,0.08219771087169647,-0.18141977488994598,0.07899557054042816,0.5715964436531067,-0.3060574233531952,0.03,1.2287192344665527,-0.11199023574590683,0.31858813762664795,0.031979452818632126,0.10943485796451569,-0.08633612841367722,0.98972088098526,0,0,0,0,0,0,0,0,0,0,0,0,0,0
9.571890354156494,2.0,0.016491293907165527,-0.0822153240442276,-0.016438543796539307,0.08219771087169647,-0.18141977488994598,0.07899557054042816,0.5715964436531067,-0.3060574233531952,0.03,1.2287192344665527,-0.11199023574590683,0.31858813762664795,0.031979452818632126,0.10943485796451569,-0.08633612841367722,0.98972088098526,0,0,0,0,0,0,0,0,0,0,0,0,0,0
9.573069095611572,2.0,0.016491293907165527,-0.0822153240442276,-0.016438543796539307,0.08219771087169647,-0.18141977488994598,0.07899557054042816,0.5715964436531067,-0.3060574233531952,0.03,1.2287192344665527,-0.11199023574590683,0.31858813762664795,0.031979452818632126,0.10943485796451569,-0.08633612841367722,0.98972088098526,0,0,0,0,0,0,0,0,0,0,0,0,0,0
9.57549262046814,2.0,0.016491293907165527,-0.0822153240442276,-0.016438543796539307,0.08219771087169647,-0.18141977488994598,0.07899557054042816,0.5715964436531067,-0.3060574233531952,0.03,1.228733777999878,-0.11199585348367691,0.3186055123806,0.030786709859967232,0.10955343395471573,-0.09157338738441467,0.9892747402191162,0,0,0,0,0,0,0,0,0,0,0,0,0,0
9.576762914657593,2.0,0.016491293907165527,-0.0822153240442276,-0.016438543796539307,0.08219771087169647,-0.18141977488994598,0.07899557054042816,0.5715964436531067,-0.3060574233531952,0.03,1.2288376092910767,-0.11201934516429901,0.31846100091934204,0.03213917836546898,0.10907880961894989,-0.08809714019298553,0.9895998239517212,0,0,0,0,0,0,0,0,0,0,0,0,0,0
9.577878475189209,2.0,0.016491293907165527,-0.0822153240442276,-0.016438543796539307,0.08219771087169647,-0.18141977488994598,0.07899557054042816,0.5715964436531067,-0.3060574233531952,0.03,1.2288376092910767,-0.11201934516429901,0.31846100091934204,0.03213917836546898,0.10907880961894989,-0.08809714019298553,0.9895998239517212,0,0,0,0,0,0,0,0,0,0,0,0,0,0
9.579536199569702,2.0,0.016491293907165527,-0.0822153240442276,-0.016438543796539307,0.08219771087169647,-0.18141977488994598,0.07899557054042816,0.5715964436531067,-0.3060574233531952,0.03,1.2288376092910767,-0.11201934516429901,0.31846100091934204,0.03213917836546898,0.10907880961894989,-0.08809714019298553,0.9895998239517212,0,0,0,0,0,0,0,0,0,0,0,0,0,0
9.58080768585205,2.0,0.016491293907165527,-0.0822153240442276,-0.016438543796539307,0.08219771087169647,-0.18141977488994598,0.07899557054042816,0.5715964436531067,-0.3060574233531952,0.03,1.2288376092910767,-0.11201934516429901,0.31846100091934204,0.03213917836546898,0.10907880961894989,-0.08809714019298553,0.9895998239517212,0,0,0,0,0,0,0,0,0,0,0,0,0,0
9.581909656524658,2.0,0.016491293907165527,-0.0822153240442276,-0.016438543796539307,0.08219771087169647,-0.18141977488994598,0.07899557054042816,0.5715964436531067,-0.3060574233531952,0.03,1.2288376092910767,-0.11201934516429901,0.31846100091934204,0.03213917836546898,0.10907880961894989,-0.08809714019298553,0.9895998239517212,0,0,0,0,0,0,0,0,0,0,0,0,0,0
9.583160877227783,2.0,0.016491293907165527,-0.0822153240442276,-0.016438543796539307,0.08219771087169647,-0.18141977488994598,0.07899557054042816,0.5715964436531067,-0.3060574233531952,0.03,1.2288376092910767,-0.11201934516429901,0.31846100091934204,0.03213917836546898,0.10907880961894989,-0.08809714019298553,0.9895998239517212,0,0,0,0,0,0,0,0,0,0,0,0,0,0
9.584245204925537,2.0,0.016491293907165527,-0.0822153240442276,-0.016438543796539307,0.08219771087169647,-0.18141977488994598,0.07899557054042816,0.5715964436531067,-0.3060574233531952,0.03,1.2288376092910767,-0.11201934516429901,0.31846100091934204,0.03213917836546898,0.10907880961894989,-0.08809714019298553,0.9895998239517212,0,0,0,0,0,0,0,0,0,0,0,0,0,0
9.585331678390503,2.0,0.016491293907165527,-0.0822153240442276,-0.016438543796539307,0.08219771087169647,-0.18141977488994598,0.07899557054042816,0.5715964436531067,-0.3060574233531952,0.03,1.2288376092910767,-0.11201934516429901,0.31846100091934204,0.03213917836546898,0.10907880961894989,-0.08809714019298553,0.9895998239517212,0,0,0,0,0,0,0,0,0,0,0,0,0,0
9.58652377128601,2.0,0.016491293907165527,-0.0822153240442276,-0.016438543796539307,0.08219771087169647,-0.18141977488994598,0.07899557054042816,0.5715964436531067,-0.3060574233531952,0.03,1.2288376092910767,-0.11201934516429901,0.31846100091934204,0.03213917836546898,0.10907880961894989,-0.08809714019298553,0.9895998239517212,0,0,0,0,0,0,0,0,0,0,0,0,0,0
9.587610244750977,2.0,0.016491293907165527,-0.0822153240442276,-0.016438543796539307,0.08219771087169647,-0.18141977488994598,0.07899557054042816,0.5715964436531067,-0.3060574233531952,0.03,1.2288376092910767,-0.11201934516429901,0.31846100091934204,0.03213917836546898,0.10907880961894989,-0.08809714019298553,0.9895998239517212,0,0,0,0,0,0,0,0,0,0,0,0,0,0
9.589904546737671,2.0,0.022534191608428955,-0.08217348158359528,-0.022802412509918213,0.08215568959712982,-0.6715328693389893,0.32791662216186523,0.008343148976564407,-0.5458540916442871,0.03,1.2288795709609985,-0.11209147423505783,0.3183738887310028,0.032321371138095856,0.10903581231832504,-0.08699008077383041,0.9896966218948364,0,0,0,0,0,0,0,0,0,0,0,0,0,0
9.591109275817871,2.0,0.022534191608428955,-0.08217348158359528,-0.022802412509918213,0.08215568959712982,-0.6715328693389893,0.32791662216186523,0.008343148976564407,-0.5458540916442871,0.03,1.2288795709609985,-0.11209147423505783,0.3183738887310028,0.032321371138095856,0.10903581231832504,-0.08699008077383041,0.9896966218948364,0,0,0,0,0,0,0,0,0,0,0,0,0,0
9.59247875213623,2.0,0.023424208164215088,-0.08217759430408478,-0.023474156856536865,0.08217790722846985,-0.5196839570999146,0.31109488010406494,-0.033285923302173615,-0.48021820187568665,0.03,1.2288875579833984,-0.11209148168563843,0.3184172809123993,0.03283817693591118,0.10890700668096542,-0.08454558998346329,0.9899055361747742,0,0,0,0,0,0,0,0,0,0,0,0,0,0
9.593570709228516,2.0,0.023424208164215088,-0.08217759430408478,-0.023474156856536865,0.08217790722846985,-0.5196839570999146,0.31109488010406494,-0.033285923302173615,-0.48021820187568665,0.03,1.2288875579833984,-0.11209148168563843,0.3184172809123993,0.03283817693591118,0.10890700668096542,-0.08454558998346329,0.9899055361747742,0,0,0,0,0,0,0,0,0,0,0,0,0,0
9.595006227493286,2.0,0.023424208164215088,-0.08217759430408478,-0.023474156856536865,0.08217790722846985,-0.5196839570999146,0.31109488010406494,-0.033285923302173615,-0.48021820187568665,0.03,1.2288875579833984,-0.11209148168563843,0.3184172809123993,0.03283817693591118,0.10890700668096542,-0.08454558998346329,0.9899055361747742,0,0,0,0,0,0,0,0,0,0,0,0,0,0
9.598678588867188,2.0,0.023424208164215088,-0.08217759430408478,-0.023474156856536865,0.08217790722846985,-0.5196839570999146,0.31109488010406494,-0.033285923302173615,-0.48021820187568665,0.03,1.2288875579833984,-0.11209148168563843,0.3184172809123993,0.03283817693591118,0.10890700668096542,-0.08454558998346329,0.9899055361747742,0,0,0,0,0,0,0,0,0,0,0,0,0,0
9.600743532180786,2.0,0.023424208164215088,-0.08217759430408478,-0.023474156856536865,0.08217790722846985,-0.5196839570999146,0.31109488010406494,-0.033285923302173615,-0.48021820187568665,0.03,1.2288875579833984,-0.11209148168563843,0.3184172809123993,0.03283817693591118,0.10890700668096542,-0.08454558998346329,0.9899055361747742,0,0,0,0,0,0,0,0,0,0,0,0,0,0
9.602083683013916,2.0,0.023424208164215088,-0.08217759430408478,-0.023474156856536865,0.08217790722846985,-0.5196839570999146,0.31109488010406494,-0.033285923302173615,-0.48021820187568665,0.03,1.2288875579833984,-0.11209148168563843,0.3184172809123993,0.03283817693591118,0.10890700668096542,-0.08454558998346329,0.9899055361747742,0,0,0,0,0,0,0,0,0,0,0,0,0,0
9.603338718414307,2.0,0.023424208164215088,-0.08217759430408478,-0.023474156856536865,0.08217790722846985,-0.5196839570999146,0.31109488010406494,-0.033285923302173615,-0.48021820187568665,0.03,1.2288875579833984,-0.11209148168563843,0.3184172809123993,0.03283817693591118,0.10890700668096542,-0.08454558998346329,0.9899055361747742,0,0,0,0,0,0,0,0,0,0,0,0,0,0
9.605115413665771,2.0,0.023424208164215088,-0.08217759430408478,-0.023474156856536865,0.08217790722846985,-0.5196839570999146,0.31109488010406494,-0.033285923302173615,-0.48021820187568665,0.03,1.2288875579833984,-0.11209148168563843,0.3184172809123993,0.03283817693591118,0.10890700668096542,-0.08454558998346329,0.9899055361747742,0,0,0,0,0,0,0,0,0,0,0,0,0,0
9.606651782989502,2.0,0.023424208164215088,-0.08217759430408478,-0.023474156856536865,0.08217790722846985,-0.5196839570999146,0.31109488010406494,-0.033285923302173615,-0.48021820187568665,0.03,1.2288875579833984,-0.11209148168563843,0.3184172809123993,0.03283817693591118,0.10890700668096542,-0.08454558998346329,0.9899055361747742,0,0,0,0,0,0,0,0,0,0,0,0,0,0
9.607971668243408,2.0,0.023424208164215088,-0.08217759430408478,-0.023474156856536865,0.08217790722846985,-0.5196839570999146,0.31109488010406494,-0.033285923302173615,-0.48021820187568665,0.03,1.2288875579833984,-0.11209148168563843,0.3184172809123993,0.03283817693591118,0.10890700668096542,-0.08454558998346329,0.9899055361747742,0,0,0,0,0,0,0,0,0,0,0,0,0,0
9.610441446304321,2.0,0.023424208164215088,-0.08217759430408478,-0.023474156856536865,0.08217790722846985,-0.5196839570999146,0.31109488010406494,-0.033285923302173615,-0.48021820187568665,0.03,1.2288875579833984,-0.11209148168563843,0.3184172809123993,0.03283817693591118,0.10890700668096542,-0.08454558998346329,0.9899055361747742,0,0,0,0,0,0,0,0,0,0,0,0,0,0
9.612103939056396,2.0,0.023424208164215088,-0.08217759430408478,-0.023474156856536865,0.08217790722846985,-0.5196839570999146,0.31109488010406494,-0.033285923302173615,-0.48021820187568665,0.03,1.2288875579833984,-0.11209148168563843,0.3184172809123993,0.03283817693591118,0.10890700668096542,-0.08454558998346329,0.9899055361747742,0,0,0,0,0,0,0,0,0,0,0,0,0,0
9.61320185661316,2.0,0.023732125759124756,-0.08218394219875336,-0.02413356304168701,0.08216908574104309,-0.5228058099746704,0.299553781747818,-0.001218491466715932,-0.5073598027229309,0.03,1.2288875579833984,-0.11209148168563843,0.3184172809123993,0.03283817693591118,0.10890700668096542,-0.08454558998346329,0.9899055361747742,0,0,0,0,0,0,0,0,0,0,0,0,0,0
9.614426851272583,2.0,0.023732125759124756,-0.08218394219875336,-0.02413356304168701,0.08216908574104309,-0.5228058099746704,0.299553781747818,-0.001218491466715932,-0.5073598027229309,0.03,1.2288875579833984,-0.11209148168563843,0.3184172809123993,0.03283817693591118,0.10890700668096542,-0.08454558998346329,0.9899055361747742,0,0,0,0,0,0,0,0,0,0,0,0,0,0
9.615615129470825,2.0,0.02896672487258911,-0.08220413327217102,-0.029278337955474854,0.08220091462135315,-0.158092200756073,0.3345063626766205,0.46256279945373535,-0.5222766399383545,0.03,1.2288151979446411,-0.11200708895921707,0.31847816705703735,0.0326661616563797,0.10897713154554367,-0.08541388809680939,0.9898289442062378,0,0,0,0,0,0,0,0,0,0,0,0,0,0
9.616811752319336,2.0,0.031526029109954834,-0.08219572901725769,-0.03215235471725464,0.08220213651657104,-0.15684643387794495,0.34268975257873535,0.7183894515037537,-0.5291270613670349,0.03,1.2288055419921875,-0.1120438277721405,0.3183928430080414,0.033194366842508316,0.10892019420862198,-0.08357620239257812,0.9899744987487793,0,0,0,0,0,0,0,0,0,0,0,0,0,0
9.617915391921997,2.0,0.031526029109954834,-0.08219572901725769,-0.03215235471725464,0.08220213651657104,-0.15684643387794495,0.34268975257873535,0.7183894515037537,-0.5291270613670349,0.03,1.2288055419921875,-0.1120438277721405,0.3183928430080414,0.033194366842508316,0.10892019420862198,-0.08357620239257812,0.9899744987487793,0,0,0,0,0,0,0,0,0,0,0,0,0,0
9.619011402130127,2.0,0.031526029109954834,-0.08219572901725769,-0.03215235471725464,0.08220213651657104,-0.15684643387794495,0.34268975257873535,0.7183894515037537,-0.5291270613670349,0.03,1.2288055419921875,-0.1120438277721405,0.3183928430080414,0.033194366842508316,0.10892019420862198,-0.08357620239257812,0.9899744987487793,0,0,0,0,0,0,0,0,0,0,0,0,0,0
9.620691299438477,2.0,0.031526029109954834,-0.08219572901725769,-0.03215235471725464,0.08220213651657104,-0.15684643387794495,0.34268975257873535,0.7183894515037537,-0.5291270613670349,0.03,1.2288480997085571,-0.11200278252363205,0.31846943497657776,0.03285437077283859,0.10897941887378693,-0.08437532186508179,0.9899116158485413,0,0,0,0,0,0,0,0,0,0,0,0,0,0
9.622087478637695,2.0,0.031526029109954834,-0.08219572901725769,-0.03215235471725464,0.08220213651657104,-0.15684643387794495,0.34268975257873535,0.7183894515037537,-0.5291270613670349,0.03,1.2288480997085571,-0.11200278252363205,0.31846943497657776,0.03285437077283859,0.10897941887378693,-0.08437532186508179,0.9899116158485413,0,0,0,0,0,0,0,0,0,0,0,0,0,0
9.623191356658936,2.0,0.031526029109954834,-0.08219572901725769,-0.03215235471725464,0.08220213651657104,-0.15684643387794495,0.34268975257873535,0.7183894515037537,-0.5291270613670349,0.03,1.2288480997085571,-0.11200278252363205,0.31846943497657776,0.03285437077283859,0.10897941887378693,-0.08437532186508179,0.9899116158485413,0,0,0,0,0,0,0,0,0,0,0,0,0,0
9.625813961029053,2.0,0.031526029109954834,-0.08219572901725769,-0.03215235471725464,0.08220213651657104,-0.15684643387794495,0.34268975257873535,0.7183894515037537,-0.5291270613670349,0.03,1.2288480997085571,-0.11200278252363205,0.31846943497657776,0.03285437077283859,0.10897941887378693,-0.08437532186508179,0.9899116158485413,0,0,0,0,0,0,0,0,0,0,0,0,0,0
9.626983880996704,2.0,0.031526029109954834,-0.08219572901725769,-0.03215235471725464,0.08220213651657104,-0.15684643387794495,0.34268975257873535,0.7183894515037537,-0.5291270613670349,0.03,1.2288480997085571,-0.11200278252363205,0.31846943497657776,0.03285437077283859,0.10897941887378693,-0.08437532186508179,0.9899116158485413,0,0,0,0,0,0,0,0,0,0,0,0,0,0
9.62821650505066,2.0,0.031526029109954834,-0.08219572901725769,-0.03215235471725464,0.08220213651657104,-0.15684643387794495,0.34268975257873535,0.7183894515037537,-0.5291270613670349,0.03,1.2288480997085571,-0.11200278252363205,0.31846943497657776,0.03285437077283859,0.10897941887378693,-0.08437532186508179,0.9899116158485413,0,0,0,0,0,0,0,0,0,0,0,0,0,0
9.629617929458618,2.0,0.031526029109954834,-0.08219572901725769,-0.03215235471725464,0.08220213651657104,-0.15684643387794495,0.34268975257873535,0.7183894515037537,-0.5291270613670349,0.03,1.2288480997085571,-0.11200278252363205,0.31846943497657776,0.03285437077283859,0.10897941887378693,-0.08437532186508179,0.9899116158485413,0,0,0,0,0,0,0,0,0,0,0,0,0,0
9.631540536880493,2.0,0.031526029109954834,-0.08219572901725769,-0.03215235471725464,0.08220213651657104,-0.15684643387794495,0.34268975257873535,0.7183894515037537,-0.5291270613670349,0.03,1.2288480997085571,-0.11200278252363205,0.31846943497657776,0.03285437077283859,0.10897941887378693,-0.08437532186508179,0.9899116158485413,0,0,0,0,0,0,0,0,0,0,0,0,0,0
9.632603645324707,2.0,0.031526029109954834,-0.08219572901725769,-0.03215235471725464,0.08220213651657104,-0.15684643387794495,0.34268975257873535,0.7183894515037537,-0.5291270613670349,0.03,1.2288480997085571,-0.11200278252363205,0.31846943497657776,0.03285437077283859,0.10897941887378693,-0.08437532186508179,0.9899116158485413,0,0,0,0,0,0,0,0,0,0,0,0,0,0
9.634827136993408,2.0,0.031526029109954834,-0.08219572901725769,-0.03215235471725464,0.08220213651657104,-0.15684643387794495,0.34268975257873535,0.7183894515037537,-0.5291270613670349,0.03,1.2288480997085571,-0.11200278252363205,0.31846943497657776,0.03285437077283859,0.10897941887378693,-0.08437532186508179,0.9899116158485413,0,0,0,0,0,0,0,0,0,0,0,0,0,0
9.635970830917358,2.0,0.031526029109954834,-0.08219572901725769,-0.03215235471725464,0.08220213651657104,-0.15684643387794495,0.34268975257873535,0.7183894515037537,-0.5291270613670349,0.03,1.2288480997085571,-0.11200278252363205,0.31846943497657776,0.03285437077283859,0.10897941887378693,-0.08437532186508179,0.9899116158485413,0,0,0,0,0,0,0,0,0,0,0,0,0,0
9.637062788009644,2.0,0.031526029109954834,-0.08219572901725769,-0.03215235471725464,0.08220213651657104,-0.15684643387794495,0.34268975257873535,0.7183894515037537,-0.5291270613670349,0.03,1.2288480997085571,-0.11200278252363205,0.31846943497657776,0.03285437077283859,0.10897941887378693,-0.08437532186508179,0.9899116158485413,0,0,0,0,0,0,0,0,0,0,0,0,0,0
9.639474630355835,2.0,0.031526029109954834,-0.08219572901725769,-0.03215235471725464,0.08220213651657104,-0.15684643387794495,0.34268975257873535,0.7183894515037537,-0.5291270613670349,0.03,1.2288480997085571,-0.11200278252363205,0.31846943497657776,0.03285437077283859,0.10897941887378693,-0.08437532186508179,0.9899116158485413,0,0,0,0,0,0,0,0,0,0,0,0,0,0
9.640851259231567,2.0,0.031526029109954834,-0.08219572901725769,-0.03215235471725464,0.08220213651657104,-0.15684643387794495,0.34268975257873535,0.7183894515037537,-0.5291270613670349,0.03,1.2288480997085571,-0.11200278252363205,0.31846943497657776,0.03285437077283859,0.10897941887378693,-0.08437532186508179,0.9899116158485413,0,0,0,0,0,0,0,0,0,0,0,0,0,0
9.646562337875366,2.0,0.03178226947784424,-0.08219577372074127,-0.03239321708679199,0.08220213651657104,-0.4225691854953766,0.3440489172935486,0.43192771077156067,-0.5306939482688904,0.03,1.2288572788238525,-0.1120334342122078,0.3185341954231262,0.032774101942777634,0.10889723896980286,-0.08419183641672134,0.9899389743804932,0,0,0,0,0,0,0,0,0,0,0,0,0,0
9.64805817604065,2.0,0.03178226947784424,-0.08219577372074127,-0.03239321708679199,0.08220213651657104,-0.4225691854953766,0.3440489172935486,0.43192771077156067,-0.5306939482688904,0.03,1.2288572788238525,-0.1120334342122078,0.3185341954231262,0.032774101942777634,0.10889723896980286,-0.08419183641672134,0.9899389743804932,0,0,0,0,0,0,0,0,0,0,0,0,0,0
9.649267196655273,2.0,0.03178226947784424,-0.08219577372074127,-0.03239321708679199,0.08220213651657104,-0.4225691854953766,0.3440489172935486,0.43192771077156067,-0.5306939482688904,0.03,1.2288572788238525,-0.1120334342122078,0.3185341954231262,0.032774101942777634,0.10889723896980286,-0.08419183641672134,0.9899389743804932,0,0,0,0,0,0,0,0,0,0,0,0,0,0
9.650724172592163,2.0,0.03178226947784424,-0.08219577372074127,-0.03239321708679199,0.08220213651657104,-0.4225691854953766,0.3440489172935486,0.43192771077156067,-0.5306939482688904,0.03,1.2288572788238525,-0.1120334342122078,0.3185341954231262,0.032774101942777634,0.10889723896980286,-0.08419183641672134,0.9899389743804932,0,0,0,0,0,0,0,0,0,0,0,0,0,0
9.651867389678955,2.0,0.03178226947784424,-0.08219577372074127,-0.03239321708679199,0.08220213651657104,-0.4225691854953766,0.3440489172935486,0.43192771077156067,-0.5306939482688904,0.03,1.2288572788238525,-0.1120334342122078,0.3185341954231262,0.032774101942777634,0.10889723896980286,-0.08419183641672134,0.9899389743804932,0,0,0,0,0,0,0,0,0,0,0,0,0,0
9.653407335281372,2.0,0.03178226947784424,-0.08219577372074127,-0.03239321708679199,0.08220213651657104,-0.4225691854953766,0.3440489172935486,0.43192771077156067,-0.5306939482688904,0.03,1.2288572788238525,-0.1120334342122078,0.3185341954231262,0.032774101942777634,0.10889723896980286,-0.08419183641672134,0.9899389743804932,0,0,0,0,0,0,0,0,0,0,0,0,0,0
9.654758930206299,2.0,0.03178226947784424,-0.08219577372074127,-0.03239321708679199,0.08220213651657104,-0.4225691854953766,0.3440489172935486,0.43192771077156067,-0.5306939482688904,0.03,1.2288572788238525,-0.1120334342122078,0.3185341954231262,0.032774101942777634,0.10889723896980286,-0.08419183641672134,0.9899389743804932,0,0,0,0,0,0,0,0,0,0,0,0,0,0
9.656016826629639,2.0,0.03178226947784424,-0.08219577372074127,-0.03239321708679199,0.08220213651657104,-0.4225691854953766,0.3440489172935486,0.43192771077156067,-0.5306939482688904,0.03,1.2288572788238525,-0.1120334342122078,0.3185341954231262,0.032774101942777634,0.10889723896980286,-0.08419183641672134,0.9899389743804932,0,0,0,0,0,0,0,0,0,0,0,0,0,0
9.657585620880127,2.0,0.03178226947784424,-0.08219577372074127,-0.03239321708679199,0.08220213651657104,-0.4225691854953766,0.3440489172935486,0.43192771077156067,-0.5306939482688904,0.03,1.2288572788238525,-0.1120334342122078,0.3185341954231262,0.032774101942777634,0.10889723896980286,-0.08419183641672134,0.9899389743804932,0,0,0,0,0,0,0,0,0,0,0,0,0,0
9.658982276916504,2.0,0.03178226947784424,-0.08219577372074127,-0.03239321708679199,0.08220213651657104,-0.4225691854953766,0.3440489172935486,0.43192771077156067,-0.5306939482688904,0.03,1.2288572788238525,-0.1120334342122078,0.3185341954231262,0.032774101942777634,0.10889723896980286,-0.08419183641672134,0.9899389743804932,0,0,0,0,0,0,0,0,0,0,0,0,0,0
9.660494565963745,2.0,0.03178226947784424,-0.08219577372074127,-0.03239321708679199,0.08220213651657104,-0.4225691854953766,0.3440489172935486,0.43192771077156067,-0.5306939482688904,0.03,1.2288572788238525,-0.1120334342122078,0.3185341954231262,0.032774101942777634,0.10889723896980286,-0.08419183641672134,0.9899389743804932,0,0,0,0,0,0,0,0,0,0,0,0,0,0
9.661890268325806,2.0,0.03880661725997925,-0.08220505714416504,-0.03954792022705078,0.08220213651657104,-1.4170118570327759,0.37293916940689087,-0.5282206535339355,-0.5746272206306458,0.03,1.2288236618041992,-0.11207537353038788,0.31840288639068604,0.03359059616923332,0.1088998019695282,-0.08156456798315048,0.990131139755249,0,0,0,0,0,0,0,0,0,0,0,0,0,0
9.662985801696777,2.0,0.03880661725997925,-0.08220505714416504,-0.03954792022705078,0.08220213651657104,-1.4170118570327759,0.37293916940689087,-0.5282206535339355,-0.5746272206306458,0.03,1.2288236618041992,-0.11207537353038788,0.31840288639068604,0.03359059616923332,0.1088998019695282,-0.08156456798315048,0.990131139755249,0,0,0,0,0,0,0,0,0,0,0,0,0,0
9.664071321487427,2.0,0.03880661725997925,-0.08220505714416504,-0.03954792022705078,0.08220213651657104,-1.4170118570327759,0.37293916940689087,-0.5282206535339355,-0.5746272206306458,0.03,1.2288236618041992,-0.11207537353038788,0.31840288639068604,0.03359059616923332,0.1088998019695282,-0.08156456798315048,0.990131139755249,0,0,0,0,0,0,0,0,0,0,0,0,0,0
9.665577173233032,2.0,0.03880661725997925,-0.08220505714416504,-0.03954792022705078,0.08220213651657104,-1.4170118570327759,0.37293916940689087,-0.5282206535339355,-0.5746272206306458,0.03,1.2288236618041992,-0.11207537353038788,0.31840288639068604,0.03359059616923332,0.1088998019695282,-0.08156456798315048,0.990131139755249,0,0,0,0,0,0,0,0,0,0,0,0,0,0
9.66664433479309,2.0,0.03880661725997925,-0.08220505714416504,-0.03954792022705078,0.08220213651657104,-1.4170118570327759,0.37293916940689087,-0.5282206535339355,-0.5746272206306458,0.03,1.2288236618041992,-0.11207537353038788,0.31840288639068604,0.03359059616923332,0.1088998019695282,-0.08156456798315048,0.990131139755249,0,0,0,0,0,0,0,0,0,0,0,0,0,0
9.667727947235107,2.0,0.03880661725997925,-0.08220505714416504,-0.03954792022705078,0.08220213651657104,-1.4170118570327759,0.37293916940689087,-0.5282206535339355,-0.5746272206306458,0.03,1.2288236618041992,-0.11207537353038788,0.31840288639068604,0.03359059616923332,0.1088998019695282,-0.08156456798315048,0.990131139755249,0,0,0,0,0,0,0,0,0,0,0,0,0,0
9.668938159942627,2.0,0.03880661725997925,-0.08220505714416504,-0.03954792022705078,0.08220213651657104,-1.4170118570327759,0.37293916940689087,-0.5282206535339355,-0.5746272206306458,0.03,1.2288236618041992,-0.11207537353038788,0.31840288639068604,0.03359059616923332,0.1088998019695282,-0.08156456798315048,0.990131139755249,0,0,0,0,0,0,0,0,0,0,0,0,0,0
9.670504093170166,2.0,0.04059457778930664,-0.08222119510173798,-0.04125058650970459,0.08220213651657104,-1.2846494913101196,0.3905979096889496,-0.278091698884964,-0.585610568523407,0.03,1.2288236618041992,-0.11207537353038788,0.31840288639068604,0.03359059616923332,0.1088998019695282,-0.08156456798315048,0.990131139755249,0,0,0,0,0,0,0,0,0,0,0,0,0,0
9.671910762786865,2.0,0.04201585054397583,-0.08225719630718231,-0.04298681020736694,0.08220213651657104,-1.555242657661438,0.35458698868751526,-0.20364786684513092,-0.5950421690940857,0.03,1.2288168668746948,-0.11205153912305832,0.31835538148880005,0.03325545787811279,0.10905162990093231,-0.0829177275300026,0.9900133609771729,0,0,0,0,0,0,0,0,0,0,0,0,0,0
9.67306399345398,2.0,0.04410463571548462,-0.08230955898761749,-0.04592001438140869,0.08220170438289642,-2.0960443019866943,0.3281302750110626,0.12313918024301529,-0.612528920173645,0.03,1.2288168668746948,-0.11205153912305832,0.31835538148880005,0.03325545787811279,0.10905162990093231,-0.0829177275300026,0.9900133609771729,0,0,0,0,0,0,0,0,0,0,0,0,0,0
9.674128293991089,2.0,0.04410463571548462,-0.08230955898761749,-0.04592001438140869,0.08220170438289642,-2.0960443019866943,0.3281302750110626,0.12313918024301529,-0.612528920173645,0.03,1.2288168668746948,-0.11205153912305832,0.31835538148880005,0.03325545787811279,0.10905162990093231,-0.0829177275300026,0.9900133609771729,0,0,0,0,0,0,0,0,0,0,0,0,0,0
9.67523455619812,2.0,0.04410463571548462,-0.08230955898761749,-0.04592001438140869,0.08220170438289642,-2.0960443019866943,0.3281302750110626,0.12313918024301529,-0.612528920173645,0.03,1.2288168668746948,-0.11205153912305832,0.31835538148880005,0.03325545787811279,0.10905162990093231,-0.0829177275300026,0.9900133609771729,0,0,0,0,0,0,0,0,0,0,0,0,0,0
9.676541805267334,2.0,0.04410463571548462,-0.08230955898761749,-0.04592001438140869,0.08220170438289642,-2.0960443019866943,0.3281302750110626,0.12313918024301529,-0.612528920173645,0.03,1.2288168668746948,-0.11205153912305832,0.31835538148880005,0.03325545787811279,0.10905162990093231,-0.0829177275300026,0.9900133609771729,0,0,0,0,0,0,0,0,0,0,0,0,0,0
9.677694320678711,2.0,0.04410463571548462,-0.08230955898761749,-0.04592001438140869,0.08220170438289642,-2.0960443019866943,0.3281302750110626,0.12313918024301529,-0.612528920173645,0.03,1.2288168668746948,-0.11205153912305832,0.31835538148880005,0.03325545787811279,0.10905162990093231,-0.0829177275300026,0.9900133609771729,0,0,0,0,0,0,0,0,0,0,0,0,0,0
9.679809808731079,2.0,0.04410463571548462,-0.08230955898761749,-0.04592001438140869,0.08220170438289642,-2.0960443019866943,0.3281302750110626,0.12313918024301529,-0.612528920173645,0.03,1.2288168668746948,-0.11205153912305832,0.31835538148880005,0.03325545787811279,0.10905162990093231,-0.0829177275300026,0.9900133609771729,0,0,0,0,0,0,0,0,0,0,0,0,0,0
9.681028127670288,2.0,0.04410463571548462,-0.08230955898761749,-0.04592001438140869,0.08220170438289642,-2.0960443019866943,0.3281302750110626,0.12313918024301529,-0.612528920173645,0.03,1.2288168668746948,-0.11205153912305832,0.31835538148880005,0.03325545787811279,0.10905162990093231,-0.0829177275300026,0.9900133609771729,0,0,0,0,0,0,0,0,0,0,0,0,0,0
9.682283163070679,2.0,0.04410463571548462,-0.08230955898761749,-0.04592001438140869,0.08220170438289642,-2.0960443019866943,0.3281302750110626,0.12313918024301529,-0.612528920173645,0.03,1.2288168668746948,-0.11205153912305832,0.31835538148880005,0.03325545787811279,0.10905162990093231,-0.0829177275300026,0.9900133609771729,0,0,0,0,0,0,0,0,0,0,0,0,0,0
9.68341851234436,2.0,0.04410463571548462,-0.08230955898761749,-0.04592001438140869,0.08220170438289642,-2.0960443019866943,0.3281302750110626,0.12313918024301529,-0.612528920173645,0.03,1.2288168668746948,-0.11205153912305832,0.31835538148880005,0.03325545787811279,0.10905162990093231,-0.0829177275300026,0.9900133609771729,0,0,0,0,0,0,0,0,0,0,0,0,0,0
9.685049533843994,2.0,0.04410463571548462,-0.08230955898761749,-0.04592001438140869,0.08220170438289642,-2.0960443019866943,0.3281302750110626,0.12313918024301529,-0.612528920173645,0.03,1.2288168668746948,-0.11205153912305832,0.31835538148880005,0.03325545787811279,0.10905162990093231,-0.0829177275300026,0.9900133609771729,0,0,0,0,0,0,0,0,0,0,0,0,0,0
9.686427593231201,2.0,0.04410463571548462,-0.08230955898761749,-0.04592001438140869,0.08220170438289642,-2.0960443019866943,0.3281302750110626,0.12313918024301529,-0.612528920173645,0.03,1.2288168668746948,-0.11205153912305832,0.31835538148880005,0.03325545787811279,0.10905162990093231,-0.0829177275300026,0.9900133609771729,0,0,0,0,0,0,0,0,0,0,0,0,0,0
9.687510013580322,2.0,0.04410463571548462,-0.08230955898761749,-0.04592001438140869,0.08220170438289642,-2.0960443019866943,0.3281302750110626,0.12313918024301529,-0.612528920173645,0.03,1.2288168668746948,-0.11205153912305832,0.31835538148880005,0.03325545787811279,0.10905162990093231,-0.0829177275300026,0.9900133609771729,0,0,0,0,0,0,0,0,0,0,0,0,0,0
9.689898014068604,2.0,0.04410463571548462,-0.08230955898761749,-0.04592001438140869,0.08220170438289642,-2.0960443019866943,0.3281302750110626,0.12313918024301529,-0.612528920173645,0.03,1.2288168668746948,-0.11205153912305832,0.31835538148880005,0.03325545787811279,0.10905162990093231,-0.0829177275300026,0.9900133609771729,0,0,0,0,0,0,0,0,0,0,0,0,0,0
9.691645860671997,2.0,0.04410463571548462,-0.08230955898761749,-0.04592001438140869,0.08220170438289642,-2.0960443019866943,0.3281302750110626,0.12313918024301529,-0.612528920173645,0.03,1.2288168668746948,-0.11205153912305832,0.31835538148880005,0.03325545787811279,0.10905162990093231,-0.0829177275300026,0.9900133609771729,0,0,0,0,0,0,0,0,0,0,0,0,0,0
9.692728519439697,2.0,0.04410463571548462,-0.08230955898761749,-0.04592001438140869,0.08220170438289642,-2.0960443019866943,0.3281302750110626,0.12313918024301529,-0.612528920173645,0.03,1.2288168668746948,-0.11205153912305832,0.31835538148880005,0.03325545787811279,0.10905162990093231,-0.0829177275300026,0.9900133609771729,0,0,0,0,0,0,0,0,0,0,0,0,0,0
9.694060325622559,2.0,0.04410463571548462,-0.08230955898761749,-0.04592001438140869,0.08220170438289642,-2.0960443019866943,0.3281302750110626,0.12313918024301529,-0.612528920173645,0.03,1.2287769317626953,-0.1120685264468193,0.318427711725235,0.03139963001012802,0.10970006138086319,-0.0873584970831871,0.9896204471588135,0,0,0,0,0,0,0,0,0,0,0,0,0,0
9.695998430252075,2.0,0.05057070031762123,-0.08231909573078156,-0.053311944007873535,0.082222580909729,-2.866633415222168,0.34428805112838745,-0.017278239130973816,-0.6278368234634399,0.03,1.228857159614563,-0.11208448559045792,0.3183421790599823,0.031767427921295166,0.10930930823087692,-0.08795130997896194,0.9895994067192078,0,0,0,0,0,0,0,0,0,0,0,0,0,0
9.697149276733398,2.0,0.05276861786842346,-0.08231788873672485,-0.05494314432144165,0.08221837878227234,-2.638282060623169,0.3650357127189636,-0.39997386932373047,-0.6654105186462402,0.03,1.228857159614563,-0.11208448559045792,0.3183421790599823,0.031767427921295166,0.10930930823087692,-0.08795130997896194,0.9895994067192078,0,0,0,0,0,0,0,0,0,0,0,0,0,0
9.699068784713745,2.0,0.0555991493165493,-0.08231653273105621,-0.05786687135696411,0.08220884203910828,-2.8780574798583984,0.3895970284938812,-0.36565300822257996,-0.6763140559196472,0.03,1.2288626432418823,-0.11204636096954346,0.3183739185333252,0.03313974291086197,0.10914155095815659,-0.08137165755033493,0.9901356101036072,0,0,0,0,0,0,0,0,0,0,0,0,0,0
9.700555086135864,2.0,0.05631323158740997,-0.08231717348098755,-0.05904954671859741,0.08220860362052917,-3.2661426067352295,0.39160430431365967,-0.2556154131889343,-0.6919370889663696,0.03,1.2287951707839966,-0.11206450313329697,0.3183971345424652,0.030112890526652336,0.11010922491550446,-0.09201628714799881,0.9891926646232605,0,0,0,0,0,0,0,0,0,0,0,0,0,0
9.701812505722046,2.0,0.05631323158740997,-0.08231717348098755,-0.05904954671859741,0.08220860362052917,-3.2661426067352295,0.39160430431365967,-0.2556154131889343,-0.6919370889663696,0.03,1.2287951707839966,-0.11206450313329697,0.3183971345424652,0.030112890526652336,0.11010922491550446,-0.09201628714799881,0.9891926646232605,0,0,0,0,0,0,0,0,0,0,0,0,0,0
9.703978776931763,2.0,0.05631323158740997,-0.08231717348098755,-0.05904954671859741,0.08220860362052917,-3.2661426067352295,0.39160430431365967,-0.2556154131889343,-0.6919370889663696,0.03,1.2287951707839966,-0.11206450313329697,0.3183971345424652,0.030112890526652336,0.11010922491550446,-0.09201628714799881,0.9891926646232605,0,0,0,0,0,0,0,0,0,0,0,0,0,0
9.705417394638062,2.0,0.05631323158740997,-0.08231717348098755,-0.05904954671859741,0.08220860362052917,-3.2661426067352295,0.39160430431365967,-0.2556154131889343,-0.6919370889663696,0.03,1.2287951707839966,-0.11206450313329697,0.3183971345424652,0.030112890526652336,0.11010922491550446,-0.09201628714799881,0.9891926646232605,0,0,0,0,0,0,0,0,0,0,0,0,0,0
9.707781076431274,2.0,0.05631323158740997,-0.08231717348098755,-0.05904954671859741,0.08220860362052917,-3.2661426067352295,0.39160430431365967,-0.2556154131889343,-0.6919370889663696,0.03,1.2287951707839966,-0.11206450313329697,0.3183971345424652,0.030112890526652336,0.11010922491550446,-0.09201628714799881,0.9891926646232605,0,0,0,0,0,0,0,0,0,0,0,0,0,0
9.709203243255615,2.0,0.05631323158740997,-0.08231717348098755,-0.05904954671859741,0.08220860362052917,-3.2661426067352295,0.39160430431365967,-0.2556154131889343,-0.6919370889663696,0.03,1.2287951707839966,-0.11206450313329697,0.3183971345424652,0.030112890526652336,0.11010922491550446,-0.09201628714799881,0.9891926646232605,0,0,0,0,0,0,0,0,0,0,0,0,0,0
9.710319995880127,2.0,0.05631323158740997,-0.08231717348098755,-0.05904954671859741,0.08220860362052917,-3.2661426067352295,0.39160430431365967,-0.2556154131889343,-0.6919370889663696,0.03,1.2287951707839966,-0.11206450313329697,0.3183971345424652,0.030112890526652336,0.11010922491550446,-0.09201628714799881,0.9891926646232605,0,0,0,0,0,0,0,0,0,0,0,0,0,0
9.711682319641113,2.0,0.05631323158740997,-0.08231717348098755,-0.05904954671859741,0.08220860362052917,-3.2661426067352295,0.39160430431365967,-0.2556154131889343,-0.6919370889663696,0.03,1.2287951707839966,-0.11206450313329697,0.3183971345424652,0.030112890526652336,0.11010922491550446,-0.09201628714799881,0.9891926646232605,0,0,0,0,0,0,0,0,0,0,0,0,0,0
9.713694334030151,2.0,0.05631323158740997,-0.08231717348098755,-0.05904954671859741,0.08220860362052917,-3.2661426067352295,0.39160430431365967,-0.2556154131889343,-0.6919370889663696,0.03,1.2287951707839966,-0.11206450313329697,0.3183971345424652,0.030112890526652336,0.11010922491550446,-0.09201628714799881,0.9891926646232605,0,0,0,0,0,0,0,0,0,0,0,0,0,0
9.714764595031738,2.0,0.05631323158740997,-0.08231717348098755,-0.05904954671859741,0.08220860362052917,-3.2661426067352295,0.39160430431365967,-0.2556154131889343,-0.6919370889663696,0.03,1.2287951707839966,-0.11206450313329697,0.3183971345424652,0.030112890526652336,0.11010922491550446,-0.09201628714799881,0.9891926646232605,0,0,0,0,0,0,0,0,0,0,0,0,0,0
9.716043710708618,2.0,0.05631323158740997,-0.08231717348098755,-0.05904954671859741,0.08220860362052917,-3.2661426067352295,0.39160430431365967,-0.2556154131889343,-0.6919370889663696,0.03,1.2288246154785156,-0.11207649856805801,0.3182545304298401,0.0312790609896183,0.1096719354391098,-0.08875811100006104,0.9895027875900269,0,0,0,0,0,0,0,0,0,0,0,0,0,0
9.71751070022583,2.0,0.05631323158740997,-0.08231717348098755,-0.05904954671859741,0.08220860362052917,-3.2661426067352295,0.39160430431365967,-0.2556154131889343,-0.6919370889663696,0.03,1.2288260459899902,-0.11210430413484573,0.3182326555252075,0.03245443478226662,0.10952918231487274,-0.08337755501270294,0.9899486303329468,0,0,0,0,0,0,0,0,0,0,0,0,0,0
9.719075441360474,2.0,0.05631323158740997,-0.08231717348098755,-0.05904954671859741,0.08220860362052917,-3.2661426067352295,0.39160430431365967,-0.2556154131889343,-0.6919370889663696,0.03,1.2288260459899902,-0.11210430413484573,0.3182326555252075,0.03245443478226662,0.10952918231487274,-0.08337755501270294,0.9899486303329468,0,0,0,0,0,0,0,0,0,0,0,0,0,0
9.720155954360962,2.0,0.05631323158740997,-0.08231717348098755,-0.05904954671859741,0.08220860362052917,-3.2661426067352295,0.39160430431365967,-0.2556154131889343,-0.6919370889663696,0.03,1.2288260459899902,-0.11210430413484573,0.3182326555252075,0.03245443478226662,0.10952918231487274,-0.08337755501270294,0.9899486303329468,0,0,0,0,0,0,0,0,0,0,0,0,0,0
9.722625255584717,2.0,0.05631323158740997,-0.08231717348098755,-0.05904954671859741,0.08220860362052917,-3.2661426067352295,0.39160430431365967,-0.2556154131889343,-0.6919370889663696,0.03,1.2288260459899902,-0.11210430413484573,0.3182326555252075,0.03245443478226662,0.10952918231487274,-0.08337755501270294,0.9899486303329468,0,0,0,0,0,0,0,0,0,0,0,0,0,0
9.723751544952393,2.0,0.05631323158740997,-0.08231717348098755,-0.05904954671859741,0.08220860362052917,-3.2661426067352295,0.39160430431365967,-0.2556154131889343,-0.6919370889663696,0.03,1.2288260459899902,-0.11210430413484573,0.3182326555252075,0.03245443478226662,0.10952918231487274,-0.08337755501270294,0.9899486303329468,0,0,0,0,0,0,0,0,0,0,0,0,0,0
9.725046873092651,2.0,0.05631323158740997,-0.08231717348098755,-0.05904954671859741,0.08220860362052917,-3.2661426067352295,0.39160430431365967,-0.2556154131889343,-0.6919370889663696,0.03,1.2288260459899902,-0.11210430413484573,0.3182326555252075,0.03245443478226662,0.10952918231487274,-0.08337755501270294,0.9899486303329468,0,0,0,0,0,0,0,0,0,0,0,0,0,0
9.729826927185059,2.0,0.06338577717542648,-0.08232550323009491,-0.06707102060317993,0.08226324617862701,-3.7486376762390137,0.42363181710243225,0.09844954311847687,-0.671562671661377,0.03,1.2288260459899902,-0.11210430413484573,0.3182326555252075,0.03245443478226662,0.10952918231487274,-0.08337755501270294,0.9899486303329468,0,0,0,0,0,0,0,0,0,0,0,0,0,0
9.73130464553833,2.0,0.0657082349061966,-0.08232338726520538,-0.0696764588356018,0.08226317167282104,-4.077002048492432,0.4419078826904297,-0.03585010766983032,-0.6868094205856323,0.03,1.2288260459899902,-0.11210430413484573,0.3182326555252075,0.03245443478226662,0.10952918231487274,-0.08337755501270294,0.9899486303329468,0,0,0,0,0,0,0,0,0,0,0,0,0,0
9.732751846313477,2.0,0.06672171503305435,-0.08232244849205017,-0.07063692808151245,0.08226312696933746,-4.144301414489746,0.44437262415885925,-0.3027196526527405,-0.6942673921585083,0.03,1.2287980318069458,-0.11211718618869781,0.3183298110961914,0.030082575976848602,0.11015837639570236,-0.09056821465492249,0.9893218278884888,0,0,0,0,0,0,0,0,0,0,0,0,0,0
9.7342369556427,2.0,0.0677233412861824,-0.08231979608535767,-0.07137206196784973,0.08226311206817627,-4.269974708557129,0.45822662115097046,-0.42400261759757996,-0.6975178718566895,0.03,1.2287980318069458,-0.11211718618869781,0.3183298110961914,0.030082575976848602,0.11015837639570236,-0.09056821465492249,0.9893218278884888,0,0,0,0,0,0,0,0,0,0,0,0,0,0
9.735446214675903,2.0,0.06892210245132446,-0.08231693506240845,-0.07256001234054565,0.0822632908821106,-4.495526313781738,0.461985319852829,-0.6192459464073181,-0.7016629576683044,0.03,1.2287980318069458,-0.11211718618869781,0.3183298110961914,0.030082575976848602,0.11015837639570236,-0.09056821465492249,0.9893218278884888,0,0,0,0,0,0,0,0,0,0,0,0,0,0
9.737394332885742,3.0,0.07106038928031921,-0.08233486115932465,-0.07510742545127869,0.08226317167282104,-4.1825480461120605,0.45036718249320984,-0.20128470659255981,-0.7195292711257935,0.03,1.2288016080856323,-0.11207703500986099,0.31840553879737854,0.02975265495479107,0.11019524186849594,-0.09186568111181259,0.9892080426216125,0,0,0,0,0,0,0,0,0,0,0,0,0,0
9.739773750305176,3.0,0.07122018933296204,-0.0823255330324173,-0.0752929151058197,0.08226676285266876,-4.091917037963867,-1.199462890625,0.3213953375816345,0.9524005055427551,0.03,1.2288016080856323,-0.11207703500986099,0.31840553879737854,0.02975265495479107,0.11019524186849594,-0.09186568111181259,0.9892080426216125,0,0,0,0,0,0,0,0,0,0,0,0,0,0
9.742006540298462,3.0,0.07140611112117767,-0.08225567638874054,-0.07566934823989868,0.08218687772750854,-3.7360589504241943,-2.10056209564209,0.9460583925247192,1.823909044265747,0.03,1.2288016080856323,-0.11207703500986099,0.31840553879737854,0.02975265495479107,0.11019524186849594,-0.09186568111181259,0.9892080426216125,0,0,0,0,0,0,0,0,0,0,0,0,0,0
9.743222713470459,3.0,0.07140611112117767,-0.08225567638874054,-0.07566934823989868,0.08218687772750854,-3.7360589504241943,-2.10056209564209,0.9460583925247192,1.823909044265747,0.03,1.2288016080856323,-0.11207703500986099,0.31840553879737854,0.02975265495479107,0.11019524186849594,-0.09186568111181259,0.9892080426216125,0,0,0,0,0,0,0,0,0,0,0,0,0,0
9.744329690933228,3.0,0.07140611112117767,-0.08225567638874054,-0.07566934823989868,0.08218687772750854,-3.7360589504241943,-2.10056209564209,0.9460583925247192,1.823909044265747,0.03,1.2288016080856323,-0.11207703500986099,0.31840553879737854,0.02975265495479107,0.11019524186849594,-0.09186568111181259,0.9892080426216125,0,0,0,0,0,0,0,0,0,0,0,0,0,0
9.746326684951782,3.0,0.07140611112117767,-0.08225567638874054,-0.07566934823989868,0.08218687772750854,-3.7360589504241943,-2.10056209564209,0.9460583925247192,1.823909044265747,0.03,1.2288016080856323,-0.11207703500986099,0.31840553879737854,0.02975265495479107,0.11019524186849594,-0.09186568111181259,0.9892080426216125,0,0,0,0,0,0,0,0,0,0,0,0,0,0
9.748124361038208,3.0,0.07140611112117767,-0.08225567638874054,-0.07566934823989868,0.08218687772750854,-3.7360589504241943,-2.10056209564209,0.9460583925247192,1.823909044265747,0.03,1.2288016080856323,-0.11207703500986099,0.31840553879737854,0.02975265495479107,0.11019524186849594,-0.09186568111181259,0.9892080426216125,0,0,0,0,0,0,0,0,0,0,0,0,0,0
9.749226808547974,3.0,0.07140611112117767,-0.08225567638874054,-0.07566934823989868,0.08218687772750854,-3.7360589504241943,-2.10056209564209,0.9460583925247192,1.823909044265747,0.03,1.2288016080856323,-0.11207703500986099,0.31840553879737854,0.02975265495479107,0.11019524186849594,-0.09186568111181259,0.9892080426216125,0,0,0,0,0,0,0,0,0,0,0,0,0,0
9.750288248062134,3.0,0.07140611112117767,-0.08225567638874054,-0.07566934823989868,0.08218687772750854,-3.7360589504241943,-2.10056209564209,0.9460583925247192,1.823909044265747,0.03,1.2288016080856323,-0.11207703500986099,0.31840553879737854,0.02975265495479107,0.11019524186849594,-0.09186568111181259,0.9892080426216125,0,0,0,0,0,0,0,0,0,0,0,0,0,0
9.751452922821045,3.0,0.07140778005123138,-0.0818013995885849,-0.07587525248527527,0.08197933435440063,-3.6562280654907227,-2.137352466583252,1.2445666790008545,2.3099122047424316,0.03,1.2288016080856323,-0.11207703500986099,0.31840553879737854,0.02975265495479107,0.11019524186849594,-0.09186568111181259,0.9892080426216125,0,0,0,0,0,0,0,0,0,0,0,0,0,0
9.752516031265259,3.0,0.07137607038021088,-0.08146192133426666,-0.0758940577507019,0.08176971971988678,-3.3923797607421875,-2.7202343940734863,1.5886166095733643,3.048264265060425,0.03,1.228764533996582,-0.1122245043516159,0.31823378801345825,0.029266245663166046,0.11061028391122818,-0.09379134327173233,0.9889954924583435,0,0,0,0,0,0,0,0,0,0,0,0,0,0
9.753628253936768,3.0,0.07137607038021088,-0.08146192133426666,-0.0758940577507019,0.08176971971988678,-3.3923797607421875,-2.7202343940734863,1.5886166095733643,3.048264265060425,0.03,1.228764533996582,-0.1122245043516159,0.31823378801345825,0.029266245663166046,0.11061028391122818,-0.09379134327173233,0.9889954924583435,0,0,0,0,0,0,0,0,0,0,0,0,0,0
9.754711866378784,3.0,0.07137607038021088,-0.08146192133426666,-0.0758940577507019,0.08176971971988678,-3.3923797607421875,-2.7202343940734863,1.5886166095733643,3.048264265060425,0.03,1.228764533996582,-0.1122245043516159,0.31823378801345825,0.029266245663166046,0.11061028391122818,-0.09379134327173233,0.9889954924583435,0,0,0,0,0,0,0,0,0,0,0,0,0,0
9.755816459655762,3.0,0.07137607038021088,-0.08146192133426666,-0.0758940577507019,0.08176971971988678,-3.3923797607421875,-2.7202343940734863,1.5886166095733643,3.048264265060425,0.03,1.228764533996582,-0.1122245043516159,0.31823378801345825,0.029266245663166046,0.11061028391122818,-0.09379134327173233,0.9889954924583435,0,0,0,0,0,0,0,0,0,0,0,0,0,0
9.757001399993896,3.0,0.07137607038021088,-0.08146192133426666,-0.0758940577507019,0.08176971971988678,-3.3923797607421875,-2.7202343940734863,1.5886166095733643,3.048264265060425,0.03,1.228764533996582,-0.1122245043516159,0.31823378801345825,0.029266245663166046,0.11061028391122818,-0.09379134327173233,0.9889954924583435,0,0,0,0,0,0,0,0,0,0,0,0,0,0
9.758174896240234,3.0,0.07137607038021088,-0.08146192133426666,-0.0758940577507019,0.08176971971988678,-3.3923797607421875,-2.7202343940734863,1.5886166095733643,3.048264265060425,0.03,1.228764533996582,-0.1122245043516159,0.31823378801345825,0.029266245663166046,0.11061028391122818,-0.09379134327173233,0.9889954924583435,0,0,0,0,0,0,0,0,0,0,0,0,0,0
9.759264945983887,3.0,0.07137607038021088,-0.08146192133426666,-0.0758940577507019,0.08176971971988678,-3.3923797607421875,-2.7202343940734863,1.5886166095733643,3.048264265060425,0.03,1.228764533996582,-0.1122245043516159,0.31823378801345825,0.029266245663166046,0.11061028391122818,-0.09379134327173233,0.9889954924583435,0,0,0,0,0,0,0,0,0,0,0,0,0,0
9.760950803756714,3.0,0.07137607038021088,-0.08146192133426666,-0.0758940577507019,0.08176971971988678,-3.3923797607421875,-2.7202343940734863,1.5886166095733643,3.048264265060425,0.03,1.228764533996582,-0.1122245043516159,0.31823378801345825,0.029266245663166046,0.11061028391122818,-0.09379134327173233,0.9889954924583435,0,0,0,0,0,0,0,0,0,0,0,0,0,0
9.763464450836182,3.0,0.07137607038021088,-0.08146192133426666,-0.0758940577507019,0.08176971971988678,-3.3923797607421875,-2.7202343940734863,1.5886166095733643,3.048264265060425,0.03,1.228764533996582,-0.1122245043516159,0.31823378801345825,0.029266245663166046,0.11061028391122818,-0.09379134327173233,0.9889954924583435,0,0,0,0,0,0,0,0,0,0,0,0,0,0
9.766950368881226,3.0,0.07119561731815338,-0.07796135544776917,-0.07518184185028076,0.07828822731971741,-2.0629324913024902,-4.0548200607299805,1.990082859992981,4.007075786590576,0.03,1.228764533996582,-0.1122245043516159,0.31823378801345825,0.029266245663166046,0.11061028391122818,-0.09379134327173233,0.9889954924583435,0,0,0,0,0,0,0,0,0,0,0,0,0,0
9.768461227416992,3.0,0.07072751969099045,-0.07054091989994049,-0.07258361577987671,0.06889384984970093,-0.7077128887176514,-3.9227726459503174,1.3429573774337769,1.6890034675598145,0.03,1.228808879852295,-0.11226775497198105,0.31812936067581177,0.02903064899146557,0.11075399070978165,-0.09208549559116364,0.9891466498374939,0,0,0,0,0,0,0,0,0,0,0,0,0,0
9.769797325134277,3.0,0.07072751969099045,-0.07054091989994049,-0.07258361577987671,0.06889384984970093,-0.7077128887176514,-3.9227726459503174,1.3429573774337769,1.6890034675598145,0.03,1.228808879852295,-0.11226775497198105,0.31812936067581177,0.02903064899146557,0.11075399070978165,-0.09208549559116364,0.9891466498374939,0,0,0,0,0,0,0,0,0,0,0,0,0,0
9.771153450012207,3.0,0.07072751969099045,-0.07054091989994049,-0.07258361577987671,0.06889384984970093,-0.7077128887176514,-3.9227726459503174,1.3429573774337769,1.6890034675598145,0.03,1.228808879852295,-0.11226775497198105,0.31812936067581177,0.02903064899146557,0.11075399070978165,-0.09208549559116364,0.9891466498374939,0,0,0,0,0,0,0,0,0,0,0,0,0,0
9.772527933120728,3.0,0.07072751969099045,-0.07054091989994049,-0.07258361577987671,0.06889384984970093,-0.7077128887176514,-3.9227726459503174,1.3429573774337769,1.6890034675598145,0.03,1.228808879852295,-0.11226775497198105,0.31812936067581177,0.02903064899146557,0.11075399070978165,-0.09208549559116364,0.9891466498374939,0,0,0,0,0,0,0,0,0,0,0,0,0,0
9.773730993270874,3.0,0.0699872374534607,-0.06590060889720917,-0.07061842083930969,0.06332731246948242,-0.6779381036758423,-3.067880868911743,0.24240656197071075,0.05226138234138489,0.03,1.2290236949920654,-0.11239849776029587,0.31836947798728943,0.02553512714803219,0.10798675566911697,-0.10267060250043869,0.9885067343711853,0,0,0,0,0,0,0,0,0,0,0,0,0,0
9.775070905685425,3.0,0.0699872374534607,-0.06590060889720917,-0.07061842083930969,0.06332731246948242,-0.6779381036758423,-3.067880868911743,0.24240656197071075,0.05226138234138489,0.03,1.2290236949920654,-0.11239849776029587,0.31836947798728943,0.02553512714803219,0.10798675566911697,-0.10267060250043869,0.9885067343711853,0,0,0,0,0,0,0,0,0,0,0,0,0,0
9.776426076889038,3.0,0.0699872374534607,-0.06590060889720917,-0.07061842083930969,0.06332731246948242,-0.6779381036758423,-3.067880868911743,0.24240656197071075,0.05226138234138489,0.03,1.2290236949920654,-0.11239849776029587,0.31836947798728943,0.02553512714803219,0.10798675566911697,-0.10267060250043869,0.9885067343711853,0,0,0,0,0,0,0,0,0,0,0,0,0,0
9.77782392501831,3.0,0.0699872374534607,-0.06590060889720917,-0.07061842083930969,0.06332731246948242,-0.6779381036758423,-3.067880868911743,0.24240656197071075,0.05226138234138489,0.03,1.2290236949920654,-0.11239849776029587,0.31836947798728943,0.02553512714803219,0.10798675566911697,-0.10267060250043869,0.9885067343711853,0,0,0,0,0,0,0,0,0,0,0,0,0,0
9.778965473175049,3.0,0.0699872374534607,-0.06590060889720917,-0.07061842083930969,0.06332731246948242,-0.6779381036758423,-3.067880868911743,0.24240656197071075,0.05226138234138489,0.03,1.2290236949920654,-0.11239849776029587,0.31836947798728943,0.02553512714803219,0.10798675566911697,-0.10267060250043869,0.9885067343711853,0,0,0,0,0,0,0,0,0,0,0,0,0,0
9.780372381210327,3.0,0.0699872374534607,-0.06590060889720917,-0.07061842083930969,0.06332731246948242,-0.6779381036758423,-3.067880868911743,0.24240656197071075,0.05226138234138489,0.03,1.2290236949920654,-0.11239849776029587,0.31836947798728943,0.02553512714803219,0.10798675566911697,-0.10267060250043869,0.9885067343711853,0,0,0,0,0,0,0,0,0,0,0,0,0,0
9.7814359664917,3.0,0.0699872374534607,-0.06590060889720917,-0.07061842083930969,0.06332731246948242,-0.6779381036758423,-3.067880868911743,0.24240656197071075,0.05226138234138489,0.03,1.2290236949920654,-0.11239849776029587,0.31836947798728943,0.02553512714803219,0.10798675566911697,-0.10267060250043869,0.9885067343711853,0,0,0,0,0,0,0,0,0,0,0,0,0,0
9.782495975494385,3.0,0.0699872374534607,-0.06590060889720917,-0.07061842083930969,0.06332731246948242,-0.6779381036758423,-3.067880868911743,0.24240656197071075,0.05226138234138489,0.03,1.2290236949920654,-0.11239849776029587,0.31836947798728943,0.02553512714803219,0.10798675566911697,-0.10267060250043869,0.9885067343711853,0,0,0,0,0,0,0,0,0,0,0,0,0,0
9.783854007720947,3.0,0.0699872374534607,-0.06590060889720917,-0.07061842083930969,0.06332731246948242,-0.6779381036758423,-3.067880868911743,0.24240656197071075,0.05226138234138489,0.03,1.2290236949920654,-0.11239849776029587,0.31836947798728943,0.02553512714803219,0.10798675566911697,-0.10267060250043869,0.9885067343711853,0,0,0,0,0,0,0,0,0,0,0,0,0,0
9.784921169281006,3.0,0.0699872374534607,-0.06590060889720917,-0.07061842083930969,0.06332731246948242,-0.6779381036758423,-3.067880868911743,0.24240656197071075,0.05226138234138489,0.03,1.2290236949920654,-0.11239849776029587,0.31836947798728943,0.02553512714803219,0.10798675566911697,-0.10267060250043869,0.9885067343711853,0,0,0,0,0,0,0,0,0,0,0,0,0,0
9.786073207855225,3.0,0.0699872374534607,-0.06590060889720917,-0.07061842083930969,0.06332731246948242,-0.6779381036758423,-3.067880868911743,0.24240656197071075,0.05226138234138489,0.03,1.2290236949920654,-0.11239849776029587,0.31836947798728943,0.02553512714803219,0.10798675566911697,-0.10267060250043869,0.9885067343711853,0,0,0,0,0,0,0,0,0,0,0,0,0,0
9.788254022598267,3.0,0.0699872374534607,-0.06590060889720917,-0.07061842083930969,0.06332731246948242,-0.6779381036758423,-3.067880868911743,0.24240656197071075,0.05226138234138489,0.03,1.2290236949920654,-0.11239849776029587,0.31836947798728943,0.02553512714803219,0.10798675566911697,-0.10267060250043869,0.9885067343711853,0,0,0,0,0,0,0,0,0,0,0,0,0,0
9.790568113327026,3.0,0.0699872374534607,-0.06590060889720917,-0.07061842083930969,0.06332731246948242,-0.6779381036758423,-3.067880868911743,0.24240656197071075,0.05226138234138489,0.03,1.2290236949920654,-0.11239849776029587,0.31836947798728943,0.02553512714803219,0.10798675566911697,-0.10267060250043869,0.9885067343711853,0,0,0,0,0,0,0,0,0,0,0,0,0,0
9.792049884796143,3.0,0.0699872374534607,-0.06590060889720917,-0.07061842083930969,0.06332731246948242,-0.6779381036758423,-3.067880868911743,0.24240656197071075,0.05226138234138489,0.03,1.2290236949920654,-0.11239849776029587,0.31836947798728943,0.02553512714803219,0.10798675566911697,-0.10267060250043869,0.9885067343711853,0,0,0,0,0,0,0,0,0,0,0,0,0,0
9.793275833129883,3.0,0.0699872374534607,-0.06590060889720917,-0.07061842083930969,0.06332731246948242,-0.6779381036758423,-3.067880868911743,0.24240656197071075,0.05226138234138489,0.03,1.2290236949920654,-0.11239849776029587,0.31836947798728943,0.02553512714803219,0.10798675566911697,-0.10267060250043869,0.9885067343711853,0,0,0,0,0,0,0,0,0,0,0,0,0,0
9.794553279876709,3.0,0.0699872374534607,-0.06590060889720917,-0.07061842083930969,0.06332731246948242,-0.6779381036758423,-3.067880868911743,0.24240656197071075,0.05226138234138489,0.03,1.2290236949920654,-0.11239849776029587,0.31836947798728943,0.02553512714803219,0.10798675566911697,-0.10267060250043869,0.9885067343711853,0,0,0,0,0,0,0,0,0,0,0,0,0,0
9.795644998550415,3.0,0.0699872374534607,-0.06590060889720917,-0.07061842083930969,0.06332731246948242,-0.6779381036758423,-3.067880868911743,0.24240656197071075,0.05226138234138489,0.03,1.2290236949920654,-0.11239849776029587,0.31836947798728943,0.02553512714803219,0.10798675566911697,-0.10267060250043869,0.9885067343711853,0,0,0,0,0,0,0,0,0,0,0,0,0,0
9.796844959259033,3.0,0.0699872374534607,-0.06590060889720917,-0.07061842083930969,0.06332731246948242,-0.6779381036758423,-3.067880868911743,0.24240656197071075,0.05226138234138489,0.03,1.2290236949920654,-0.11239849776029587,0.31836947798728943,0.02553512714803219,0.10798675566911697,-0.10267060250043869,0.9885067343711853,0,0,0,0,0,0,0,0,0,0,0,0,0,0
9.798285484313965,3.0,0.0699872374534607,-0.06590060889720917,-0.07061842083930969,0.06332731246948242,-0.6779381036758423,-3.067880868911743,0.24240656197071075,0.05226138234138489,0.03,1.2290236949920654,-0.11239849776029587,0.31836947798728943,0.02553512714803219,0.10798675566911697,-0.10267060250043869,0.9885067343711853,0,0,0,0,0,0,0,0,0,0,0,0,0,0
9.799631118774414,3.0,0.0699872374534607,-0.06590060889720917,-0.07061842083930969,0.06332731246948242,-0.6779381036758423,-3.067880868911743,0.24240656197071075,0.05226138234138489,0.03,1.2290236949920654,-0.11239849776029587,0.31836947798728943,0.02553512714803219,0.10798675566911697,-0.10267060250043869,0.9885067343711853,0,0,0,0,0,0,0,0,0,0,0,0,0,0
9.800851821899414,3.0,0.0699872374534607,-0.06590060889720917,-0.07061842083930969,0.06332731246948242,-0.6779381036758423,-3.067880868911743,0.24240656197071075,0.05226138234138489,0.03,1.2290236949920654,-0.11239849776029587,0.31836947798728943,0.02553512714803219,0.10798675566911697,-0.10267060250043869,0.9885067343711853,0,0,0,0,0,0,0,0,0,0,0,0,0,0
9.802236080169678,3.0,0.0699872374534607,-0.06590060889720917,-0.07061842083930969,0.06332731246948242,-0.6779381036758423,-3.067880868911743,0.24240656197071075,0.05226138234138489,0.03,1.2290236949920654,-0.11239849776029587,0.31836947798728943,0.02553512714803219,0.10798675566911697,-0.10267060250043869,0.9885067343711853,0,0,0,0,0,0,0,0,0,0,0,0,0,0
9.803686618804932,3.0,0.0699872374534607,-0.06590060889720917,-0.07061842083930969,0.06332731246948242,-0.6779381036758423,-3.067880868911743,0.24240656197071075,0.05226138234138489,0.03,1.2290236949920654,-0.11239849776029587,0.31836947798728943,0.02553512714803219,0.10798675566911697,-0.10267060250043869,0.9885067343711853,0,0,0,0,0,0,0,0,0,0,0,0,0,0
9.806556224822998,3.0,0.0699872374534607,-0.06590060889720917,-0.07061842083930969,0.06332731246948242,-0.6779381036758423,-3.067880868911743,0.24240656197071075,0.05226138234138489,0.03,1.2290236949920654,-0.11239849776029587,0.31836947798728943,0.02553512714803219,0.10798675566911697,-0.10267060250043869,0.9885067343711853,0,0,0,0,0,0,0,0,0,0,0,0,0,0
9.807998180389404,3.0,0.0699872374534607,-0.06590060889720917,-0.07061842083930969,0.06332731246948242,-0.6779381036758423,-3.067880868911743,0.24240656197071075,0.05226138234138489,0.03,1.2290236949920654,-0.11239849776029587,0.31836947798728943,0.02553512714803219,0.10798675566911697,-0.10267060250043869,0.9885067343711853,0,0,0,0,0,0,0,0,0,0,0,0,0,0
9.809290647506714,3.0,0.0699872374534607,-0.06590060889720917,-0.07061842083930969,0.06332731246948242,-0.6779381036758423,-3.067880868911743,0.24240656197071075,0.05226138234138489,0.03,1.2290236949920654,-0.11239849776029587,0.31836947798728943,0.02553512714803219,0.10798675566911697,-0.10267060250043869,0.9885067343711853,0,0,0,0,0,0,0,0,0,0,0,0,0,0
9.810816049575806,3.0,0.0699872374534607,-0.06590060889720917,-0.07061842083930969,0.06332731246948242,-0.6779381036758423,-3.067880868911743,0.24240656197071075,0.05226138234138489,0.03,1.2290236949920654,-0.11239849776029587,0.31836947798728943,0.02553512714803219,0.10798675566911697,-0.10267060250043869,0.9885067343711853,0,0,0,0,0,0,0,0,0,0,0,0,0,0
9.812856197357178,3.0,0.0699872374534607,-0.06590060889720917,-0.07061842083930969,0.06332731246948242,-0.6779381036758423,-3.067880868911743,0.24240656197071075,0.05226138234138489,0.03,1.2290236949920654,-0.11239849776029587,0.31836947798728943,0.02553512714803219,0.10798675566911697,-0.10267060250043869,0.9885067343711853,0,0,0,0,0,0,0,0,0,0,0,0,0,0
9.8148512840271,3.0,0.0699872374534607,-0.06590060889720917,-0.07061842083930969,0.06332731246948242,-0.6779381036758423,-3.067880868911743,0.24240656197071075,0.05226138234138489,0.03,1.2290236949920654,-0.11239849776029587,0.31836947798728943,0.02553512714803219,0.10798675566911697,-0.10267060250043869,0.9885067343711853,0,0,0,0,0,0,0,0,0,0,0,0,0,0
9.8170747756958,3.0,0.06931734085083008,-0.06164318323135376,-0.06896951794624329,0.05844169855117798,-0.2781723141670227,-2.714958667755127,-0.2251894325017929,-0.38052526116371155,0.03,1.2291151285171509,-0.11263164132833481,0.318520188331604,0.021435169503092766,0.10701019316911697,-0.1256147176027298,0.9860580563545227,0,0,0,0,0,0,0,0,0,0,0,0,0,0
9.818675994873047,3.0,0.06897015124559402,-0.058918297290802,-0.06808176636695862,0.05529826879501343,-0.17866116762161255,-3.402214765548706,-0.28173932433128357,-0.21017777919769287,0.03,1.2291151285171509,-0.11263164132833481,0.318520188331604,0.021435169503092766,0.10701019316911697,-0.1256147176027298,0.9860580563545227,0,0,0,0,0,0,0,0,0,0,0,0,0,0
9.820014238357544,3.0,0.06897015124559402,-0.058918297290802,-0.06808176636695862,0.05529826879501343,-0.17866116762161255,-3.402214765548706,-0.28173932433128357,-0.21017777919769287,0.03,1.2291151285171509,-0.11263164132833481,0.318520188331604,0.021435169503092766,0.10701019316911697,-0.1256147176027298,0.9860580563545227,0,0,0,0,0,0,0,0,0,0,0,0,0,0
9.821258544921875,3.0,0.06897015124559402,-0.058918297290802,-0.06808176636695862,0.05529826879501343,-0.17866116762161255,-3.402214765548706,-0.28173932433128357,-0.21017777919769287,0.03,1.2291151285171509,-0.11263164132833481,0.318520188331604,0.021435169503092766,0.10701019316911697,-0.1256147176027298,0.9860580563545227,0,0,0,0,0,0,0,0,0,0,0,0,0,0
9.822930812835693,3.0,0.06897015124559402,-0.058918297290802,-0.06808176636695862,0.05529826879501343,-0.17866116762161255,-3.402214765548706,-0.28173932433128357,-0.21017777919769287,0.03,1.2291151285171509,-0.11263164132833481,0.318520188331604,0.021435169503092766,0.10701019316911697,-0.1256147176027298,0.9860580563545227,0,0,0,0,0,0,0,0,0,0,0,0,0,0
9.824113368988037,3.0,0.06897015124559402,-0.058918297290802,-0.06808176636695862,0.05529826879501343,-0.17866116762161255,-3.402214765548706,-0.28173932433128357,-0.21017777919769287,0.03,1.2291151285171509,-0.11263164132833481,0.318520188331604,0.021435169503092766,0.10701019316911697,-0.1256147176027298,0.9860580563545227,0,0,0,0,0,0,0,0,0,0,0,0,0,0
9.825222730636597,3.0,0.06897015124559402,-0.058918297290802,-0.06808176636695862,0.05529826879501343,-0.17866116762161255,-3.402214765548706,-0.28173932433128357,-0.21017777919769287,0.03,1.2291151285171509,-0.11263164132833481,0.318520188331604,0.021435169503092766,0.10701019316911697,-0.1256147176027298,0.9860580563545227,0,0,0,0,0,0,0,0,0,0,0,0,0,0
9.826286554336548,3.0,0.06897015124559402,-0.058918297290802,-0.06808176636695862,0.05529826879501343,-0.17866116762161255,-3.402214765548706,-0.28173932433128357,-0.21017777919769287,0.03,1.2291151285171509,-0.11263164132833481,0.318520188331604,0.021435169503092766,0.10701019316911697,-0.1256147176027298,0.9860580563545227,0,0,0,0,0,0,0,0,0,0,0,0,0,0
9.827568531036377,3.0,0.06897015124559402,-0.058918297290802,-0.06808176636695862,0.05529826879501343,-0.17866116762161255,-3.402214765548706,-0.28173932433128357,-0.21017777919769287,0.03,1.2291151285171509,-0.11263164132833481,0.318520188331604,0.021435169503092766,0.10701019316911697,-0.1256147176027298,0.9860580563545227,0,0,0,0,0,0,0,0,0,0,0,0,0,0
9.829037427902222,3.0,0.06897015124559402,-0.058918297290802,-0.06808176636695862,0.05529826879501343,-0.17866116762161255,-3.402214765548706,-0.28173932433128357,-0.21017777919769287,0.03,1.2291151285171509,-0.11263164132833481,0.318520188331604,0.021435169503092766,0.10701019316911697,-0.1256147176027298,0.9860580563545227,0,0,0,0,0,0,0,0,0,0,0,0,0,0
9.83013105392456,3.0,0.06897015124559402,-0.058918297290802,-0.06808176636695862,0.05529826879501343,-0.17866116762161255,-3.402214765548706,-0.28173932433128357,-0.21017777919769287,0.03,1.2291151285171509,-0.11263164132833481,0.318520188331604,0.021435169503092766,0.10701019316911697,-0.1256147176027298,0.9860580563545227,0,0,0,0,0,0,0,0,0,0,0,0,0,0
9.831216096878052,3.0,0.06897015124559402,-0.058918297290802,-0.06808176636695862,0.05529826879501343,-0.17866116762161255,-3.402214765548706,-0.28173932433128357,-0.21017777919769287,0.03,1.2291151285171509,-0.11263164132833481,0.318520188331604,0.021435169503092766,0.10701019316911697,-0.1256147176027298,0.9860580563545227,0,0,0,0,0,0,0,0,0,0,0,0,0,0
9.832731485366821,3.0,0.06743692606687546,-0.04585776478052139,-0.06676942110061646,0.04292452335357666,0.7217082977294922,-5.257440567016602,1.1885932683944702,2.441298723220825,0.03,1.2291951179504395,-0.11277707666158676,0.3185320496559143,0.019291942939162254,0.10588439553976059,-0.1349734365940094,0.9849866032600403,0,0,0,0,0,0,0,0,0,0,0,0,0,0
9.833884716033936,3.0,0.06657883524894714,-0.037908315658569336,-0.06580036878585815,0.034774720668792725,0.7971639037132263,-5.559977054595947,1.0346647500991821,2.495328187942505,0.03,1.2293034791946411,-0.11297698318958282,0.3186427652835846,0.018866337835788727,0.10365224629640579,-0.13399671018123627,0.9853655695915222,0,0,0,0,0,0,0,0,0,0,0,0,0,0
9.835055828094482,3.0,0.06657883524894714,-0.037908315658569336,-0.06580036878585815,0.034774720668792725,0.7971639037132263,-5.559977054595947,1.0346647500991821,2.495328187942505,0.03,1.2293034791946411,-0.11297698318958282,0.3186427652835846,0.018866337835788727,0.10365224629640579,-0.13399671018123627,0.9853655695915222,0,0,0,0,0,0,0,0,0,0,0,0,0,0
9.836118698120117,3.0,0.06657883524894714,-0.037908315658569336,-0.06580036878585815,0.034774720668792725,0.7971639037132263,-5.559977054595947,1.0346647500991821,2.495328187942505,0.03,1.2293034791946411,-0.11297698318958282,0.3186427652835846,0.018866337835788727,0.10365224629640579,-0.13399671018123627,0.9853655695915222,0,0,0,0,0,0,0,0,0,0,0,0,0,0
9.837268590927124,3.0,0.06614172458648682,-0.03381972759962082,-0.06526875495910645,0.03051382303237915,0.694557785987854,-4.866087913513184,0.8729669451713562,1.5395504236221313,0.03,1.229472041130066,-0.11318586766719818,0.3190873861312866,0.010168973356485367,0.10055945068597794,-0.16120649874210358,0.9817315936088562,0,0,0,0,0,0,0,0,0,0,0,0,0,0
9.838358640670776,3.0,0.06614172458648682,-0.03381972759962082,-0.06526875495910645,0.03051382303237915,0.694557785987854,-4.866087913513184,0.8729669451713562,1.5395504236221313,0.03,1.229472041130066,-0.11318586766719818,0.3190873861312866,0.010168973356485367,0.10055945068597794,-0.16120649874210358,0.9817315936088562,0,0,0,0,0,0,0,0,0,0,0,0,0,0
9.839521408081055,3.0,0.06614172458648682,-0.03381972759962082,-0.06526875495910645,0.03051382303237915,0.694557785987854,-4.866087913513184,0.8729669451713562,1.5395504236221313,0.03,1.229472041130066,-0.11318586766719818,0.3190873861312866,0.010168973356485367,0.10055945068597794,-0.16120649874210358,0.9817315936088562,0,0,0,0,0,0,0,0,0,0,0,0,0,0
9.841076135635376,3.0,0.06488645076751709,-0.02461937814950943,-0.06410080194473267,0.02161496877670288,0.18570317327976227,-5.270411968231201,0.5583450198173523,1.3288646936416626,0.03,1.2294702529907227,-0.11305924504995346,0.31918925046920776,0.00932503305375576,0.09753343462944031,-0.15957456827163696,0.9823117256164551,0,0,0,0,0,0,0,0,0,0,0,0,0,0
9.8424711227417,3.0,0.06488645076751709,-0.02461937814950943,-0.06410080194473267,0.02161496877670288,0.18570317327976227,-5.270411968231201,0.5583450198173523,1.3288646936416626,0.03,1.2294702529907227,-0.11305924504995346,0.31918925046920776,0.00932503305375576,0.09753343462944031,-0.15957456827163696,0.9823117256164551,0,0,0,0,0,0,0,0,0,0,0,0,0,0
9.843636989593506,3.0,0.06488645076751709,-0.02461937814950943,-0.06410080194473267,0.02161496877670288,0.18570317327976227,-5.270411968231201,0.5583450198173523,1.3288646936416626,0.03,1.2294702529907227,-0.11305924504995346,0.31918925046920776,0.00932503305375576,0.09753343462944031,-0.15957456827163696,0.9823117256164551,0,0,0,0,0,0,0,0,0,0,0,0,0,0
9.845073699951172,3.0,0.06488645076751709,-0.02461937814950943,-0.06410080194473267,0.02161496877670288,0.18570317327976227,-5.270411968231201,0.5583450198173523,1.3288646936416626,0.03,1.2294702529907227,-0.11305924504995346,0.31918925046920776,0.00932503305375576,0.09753343462944031,-0.15957456827163696,0.9823117256164551,0,0,0,0,0,0,0,0,0,0,0,0,0,0
9.846548557281494,3.0,0.06488645076751709,-0.02461937814950943,-0.06410080194473267,0.02161496877670288,0.18570317327976227,-5.270411968231201,0.5583450198173523,1.3288646936416626,0.03,1.2294702529907227,-0.11305924504995346,0.31918925046920776,0.00932503305375576,0.09753343462944031,-0.15957456827163696,0.9823117256164551,0,0,0,0,0,0,0,0,0,0,0,0,0,0
9.84779667854309,3.0,0.06488645076751709,-0.02461937814950943,-0.06410080194473267,0.02161496877670288,0.18570317327976227,-5.270411968231201,0.5583450198173523,1.3288646936416626,0.03,1.2294702529907227,-0.11305924504995346,0.31918925046920776,0.00932503305375576,0.09753343462944031,-0.15957456827163696,0.9823117256164551,0,0,0,0,0,0,0,0,0,0,0,0,0,0
9.851654767990112,3.0,0.06404498219490051,-0.013601541519165039,-0.06349152326583862,0.00988990068435669,0.025711599737405777,-5.79982328414917,0.5183664560317993,1.7343631982803345,0.03,1.2295414209365845,-0.11300449818372726,0.31922873854637146,0.010847842320799828,0.09616940468549728,-0.1551784723997116,0.9831345677375793,0,0,0,0,0,0,0,0,0,0,0,0,0,0
9.85291075706482,3.0,0.06404498219490051,-0.013601541519165039,-0.06349152326583862,0.00988990068435669,0.025711599737405777,-5.79982328414917,0.5183664560317993,1.7343631982803345,0.03,1.2295414209365845,-0.11300449818372726,0.31922873854637146,0.010847842320799828,0.09616940468549728,-0.1551784723997116,0.9831345677375793,0,0,0,0,0,0,0,0,0,0,0,0,0,0
9.85413646697998,3.0,0.06404498219490051,-0.013601541519165039,-0.06349152326583862,0.00988990068435669,0.025711599737405777,-5.79982328414917,0.5183664560317993,1.7343631982803345,0.03,1.2295414209365845,-0.11300449818372726,0.31922873854637146,0.010847842320799828,0.09616940468549728,-0.1551784723997116,0.9831345677375793,0,0,0,0,0,0,0,0,0,0,0,0,0,0
9.855486631393433,3.0,0.06404498219490051,-0.013601541519165039,-0.06349152326583862,0.00988990068435669,0.025711599737405777,-5.79982328414917,0.5183664560317993,1.7343631982803345,0.03,1.2295414209365845,-0.11300449818372726,0.31922873854637146,0.010847842320799828,0.09616940468549728,-0.1551784723997116,0.9831345677375793,0,0,0,0,0,0,0,0,0,0,0,0,0,0
9.856802940368652,3.0,0.06404498219490051,-0.013601541519165039,-0.06349152326583862,0.00988990068435669,0.025711599737405777,-5.79982328414917,0.5183664560317993,1.7343631982803345,0.03,1.2295414209365845,-0.11300449818372726,0.31922873854637146,0.010847842320799828,0.09616940468549728,-0.1551784723997116,0.9831345677375793,0,0,0,0,0,0,0,0,0,0,0,0,0,0
9.858131170272827,3.0,0.06404498219490051,-0.013601541519165039,-0.06349152326583862,0.00988990068435669,0.025711599737405777,-5.79982328414917,0.5183664560317993,1.7343631982803345,0.03,1.2295414209365845,-0.11300449818372726,0.31922873854637146,0.010847842320799828,0.09616940468549728,-0.1551784723997116,0.9831345677375793,0,0,0,0,0,0,0,0,0,0,0,0,0,0
9.859583139419556,3.0,0.06404498219490051,-0.013601541519165039,-0.06349152326583862,0.00988990068435669,0.025711599737405777,-5.79982328414917,0.5183664560317993,1.7343631982803345,0.03,1.2295414209365845,-0.11300449818372726,0.31922873854637146,0.010847842320799828,0.09616940468549728,-0.1551784723997116,0.9831345677375793,0,0,0,0,0,0,0,0,0,0,0,0,0,0
9.860716819763184,3.0,0.06404498219490051,-0.013601541519165039,-0.06349152326583862,0.00988990068435669,0.025711599737405777,-5.79982328414917,0.5183664560317993,1.7343631982803345,0.03,1.2295414209365845,-0.11300449818372726,0.31922873854637146,0.010847842320799828,0.09616940468549728,-0.1551784723997116,0.9831345677375793,0,0,0,0,0,0,0,0,0,0,0,0,0,0
9.86181354522705,3.0,0.06404498219490051,-0.013601541519165039,-0.06349152326583862,0.00988990068435669,0.025711599737405777,-5.79982328414917,0.5183664560317993,1.7343631982803345,0.03,1.2295414209365845,-0.11300449818372726,0.31922873854637146,0.010847842320799828,0.09616940468549728,-0.1551784723997116,0.9831345677375793,0,0,0,0,0,0,0,0,0,0,0,0,0,0
9.862936735153198,3.0,0.06404498219490051,-0.013601541519165039,-0.06349152326583862,0.00988990068435669,0.025711599737405777,-5.79982328414917,0.5183664560317993,1.7343631982803345,0.03,1.2295414209365845,-0.11300449818372726,0.31922873854637146,0.010847842320799828,0.09616940468549728,-0.1551784723997116,0.9831345677375793,0,0,0,0,0,0,0,0,0,0,0,0,0,0
9.864041805267334,3.0,0.06390778720378876,-0.009332716464996338,-0.06338423490524292,0.005481302738189697,-0.018150165677070618,-6.5130109786987305,0.5004594326019287,2.520597457885742,0.03,1.2295100688934326,-0.11290519684553146,0.31937798857688904,0.013298684731125832,0.09479562938213348,-0.13916395604610443,0.9856319427490234,0,0,0,0,0,0,0,0,0,0,0,0,0,0
9.865273475646973,3.0,0.06390778720378876,-0.009332716464996338,-0.06338423490524292,0.005481302738189697,-0.018150165677070618,-6.5130109786987305,0.5004594326019287,2.520597457885742,0.03,1.2295100688934326,-0.11290519684553146,0.31937798857688904,0.013298684731125832,0.09479562938213348,-0.13916395604610443,0.9856319427490234,0,0,0,0,0,0,0,0,0,0,0,0,0,0
9.866388082504272,3.0,0.06390778720378876,-0.009332716464996338,-0.06338423490524292,0.005481302738189697,-0.018150165677070618,-6.5130109786987305,0.5004594326019287,2.520597457885742,0.03,1.2295100688934326,-0.11290519684553146,0.31937798857688904,0.013298684731125832,0.09479562938213348,-0.13916395604610443,0.9856319427490234,0,0,0,0,0,0,0,0,0,0,0,0,0,0
9.867798805236816,3.0,0.06390778720378876,-0.009332716464996338,-0.06338423490524292,0.005481302738189697,-0.018150165677070618,-6.5130109786987305,0.5004594326019287,2.520597457885742,0.03,1.2295100688934326,-0.11290519684553146,0.31937798857688904,0.013298684731125832,0.09479562938213348,-0.13916395604610443,0.9856319427490234,0,0,0,0,0,0,0,0,0,0,0,0,0,0
9.868915319442749,3.0,0.06390778720378876,-0.009332716464996338,-0.06338423490524292,0.005481302738189697,-0.018150165677070618,-6.5130109786987305,0.5004594326019287,2.520597457885742,0.03,1.2295100688934326,-0.11290519684553146,0.31937798857688904,0.013298684731125832,0.09479562938213348,-0.13916395604610443,0.9856319427490234,0,0,0,0,0,0,0,0,0,0,0,0,0,0
9.871565580368042,3.0,0.06390778720378876,-0.009332716464996338,-0.06338423490524292,0.005481302738189697,-0.018150165677070618,-6.5130109786987305,0.5004594326019287,2.520597457885742,0.03,1.2295100688934326,-0.11290519684553146,0.31937798857688904,0.013298684731125832,0.09479562938213348,-0.13916395604610443,0.9856319427490234,0,0,0,0,0,0,0,0,0,0,0,0,0,0
9.87276816368103,3.0,0.06390778720378876,-0.009332716464996338,-0.06338423490524292,0.005481302738189697,-0.018150165677070618,-6.5130109786987305,0.5004594326019287,2.520597457885742,0.03,1.2295141220092773,-0.11304216086864471,0.3196386694908142,0.01466257032006979,0.09334339946508408,-0.13320711255073547,0.9865738153457642,0,0,0,0,0,0,0,0,0,0,0,0,0,0
9.87425684928894,3.0,0.06390778720378876,-0.009332716464996338,-0.06338423490524292,0.005481302738189697,-0.018150165677070618,-6.5130109786987305,0.5004594326019287,2.520597457885742,0.03,1.2295141220092773,-0.11304216086864471,0.3196386694908142,0.01466257032006979,0.09334339946508408,-0.13320711255073547,0.9865738153457642,0,0,0,0,0,0,0,0,0,0,0,0,0,0
9.875680446624756,3.0,0.06390778720378876,-0.009332716464996338,-0.06338423490524292,0.005481302738189697,-0.018150165677070618,-6.5130109786987305,0.5004594326019287,2.520597457885742,0.03,1.2295141220092773,-0.11304216086864471,0.3196386694908142,0.01466257032006979,0.09334339946508408,-0.13320711255073547,0.9865738153457642,0,0,0,0,0,0,0,0,0,0,0,0,0,0
9.878681421279907,3.0,0.06390778720378876,-0.009332716464996338,-0.06338423490524292,0.005481302738189697,-0.018150165677070618,-6.5130109786987305,0.5004594326019287,2.520597457885742,0.03,1.2295141220092773,-0.11304216086864471,0.3196386694908142,0.01466257032006979,0.09334339946508408,-0.13320711255073547,0.9865738153457642,0,0,0,0,0,0,0,0,0,0,0,0,0,0
9.880580425262451,3.0,0.06390778720378876,-0.009332716464996338,-0.06338423490524292,0.005481302738189697,-0.018150165677070618,-6.5130109786987305,0.5004594326019287,2.520597457885742,0.03,1.2295141220092773,-0.11304216086864471,0.3196386694908142,0.01466257032006979,0.09334339946508408,-0.13320711255073547,0.9865738153457642,0,0,0,0,0,0,0,0,0,0,0,0,0,0
9.882186889648438,3.0,0.06390778720378876,-0.009332716464996338,-0.06338423490524292,0.005481302738189697,-0.018150165677070618,-6.5130109786987305,0.5004594326019287,2.520597457885742,0.03,1.2294495105743408,-0.11332626640796661,0.31977683305740356,0.01772189885377884,0.09199576824903488,-0.12303510308265686,0.9879701733589172,0,0,0,0,0,0,0,0,0,0,0,0,0,0
9.88339114189148,3.0,0.06390778720378876,-0.009332716464996338,-0.06338423490524292,0.005481302738189697,-0.018150165677070618,-6.5130109786987305,0.5004594326019287,2.520597457885742,0.03,1.2294495105743408,-0.11332626640796661,0.31977683305740356,0.01772189885377884,0.09199576824903488,-0.12303510308265686,0.9879701733589172,0,0,0,0,0,0,0,0,0,0,0,0,0,0
9.885058403015137,3.0,0.06390778720378876,-0.009332716464996338,-0.06338423490524292,0.005481302738189697,-0.018150165677070618,-6.5130109786987305,0.5004594326019287,2.520597457885742,0.03,1.2294495105743408,-0.11332626640796661,0.31977683305740356,0.01772189885377884,0.09199576824903488,-0.12303510308265686,0.9879701733589172,0,0,0,0,0,0,0,0,0,0,0,0,0,0
9.88672924041748,3.0,0.06390778720378876,-0.009332716464996338,-0.06338423490524292,0.005481302738189697,-0.018150165677070618,-6.5130109786987305,0.5004594326019287,2.520597457885742,0.03,1.2294185161590576,-0.11344847083091736,0.3198210299015045,0.019139179959893227,0.09071626514196396,-0.11422482877969742,0.9891193509101868,0,0,0,0,0,0,0,0,0,0,0,0,0,0
9.88794755935669,3.0,0.06390778720378876,-0.009332716464996338,-0.06338423490524292,0.005481302738189697,-0.018150165677070618,-6.5130109786987305,0.5004594326019287,2.520597457885742,0.03,1.2294185161590576,-0.11344847083091736,0.3198210299015045,0.019139179959893227,0.09071626514196396,-0.11422482877969742,0.9891193509101868,0,0,0,0,0,0,0,0,0,0,0,0,0,0
9.889257431030273,3.0,0.06390778720378876,-0.009332716464996338,-0.06338423490524292,0.005481302738189697,-0.018150165677070618,-6.5130109786987305,0.5004594326019287,2.520597457885742,0.03,1.2294185161590576,-0.11344847083091736,0.3198210299015045,0.019139179959893227,0.09071626514196396,-0.11422482877969742,0.9891193509101868,0,0,0,0,0,0,0,0,0,0,0,0,0,0
9.89163613319397,3.0,0.06390778720378876,-0.009332716464996338,-0.06338423490524292,0.005481302738189697,-0.018150165677070618,-6.5130109786987305,0.5004594326019287,2.520597457885742,0.03,1.2294185161590576,-0.11344847083091736,0.3198210299015045,0.019139179959893227,0.09071626514196396,-0.11422482877969742,0.9891193509101868,0,0,0,0,0,0,0,0,0,0,0,0,0,0
9.892918586730957,3.0,0.06390778720378876,-0.009332716464996338,-0.06338423490524292,0.005481302738189697,-0.018150165677070618,-6.5130109786987305,0.5004594326019287,2.520597457885742,0.03,1.2294185161590576,-0.11344847083091736,0.3198210299015045,0.019139179959893227,0.09071626514196396,-0.11422482877969742,0.9891193509101868,0,0,0,0,0,0,0,0,0,0,0,0,0,0
9.894007205963135,3.0,0.06390778720378876,-0.009332716464996338,-0.06338423490524292,0.005481302738189697,-0.018150165677070618,-6.5130109786987305,0.5004594326019287,2.520597457885742,0.03,1.2294185161590576,-0.11344847083091736,0.3198210299015045,0.019139179959893227,0.09071626514196396,-0.11422482877969742,0.9891193509101868,0,0,0,0,0,0,0,0,0,0,0,0,0,0
9.896557569503784,3.0,0.06390778720378876,-0.009332716464996338,-0.06338423490524292,0.005481302738189697,-0.018150165677070618,-6.5130109786987305,0.5004594326019287,2.520597457885742,0.03,1.2294185161590576,-0.11344847083091736,0.3198210299015045,0.019139179959893227,0.09071626514196396,-0.11422482877969742,0.9891193509101868,0,0,0,0,0,0,0,0,0,0,0,0,0,0
9.897676467895508,3.0,0.06390778720378876,-0.009332716464996338,-0.06338423490524292,0.005481302738189697,-0.018150165677070618,-6.5130109786987305,0.5004594326019287,2.520597457885742,0.03,1.2294185161590576,-0.11344847083091736,0.3198210299015045,0.019139179959893227,0.09071626514196396,-0.11422482877969742,0.9891193509101868,0,0,0,0,0,0,0,0,0,0,0,0,0,0
9.901911497116089,3.0,0.06390778720378876,-0.009332716464996338,-0.06338423490524292,0.005481302738189697,-0.018150165677070618,-6.5130109786987305,0.5004594326019287,2.520597457885742,0.03,1.2294243574142456,-0.11356066167354584,0.31993719935417175,0.01596968248486519,0.0895005390048027,-0.1252676248550415,0.9879487156867981,0,0,0,0,0,0,0,0,0,0,0,0,0,0
9.905415534973145,3.0,0.06390778720378876,-0.009332716464996338,-0.06338423490524292,0.005481302738189697,-0.018150165677070618,-6.5130109786987305,0.5004594326019287,2.520597457885742,0.03,1.2294243574142456,-0.11356066167354584,0.31993719935417175,0.01596968248486519,0.0895005390048027,-0.1252676248550415,0.9879487156867981,0,0,0,0,0,0,0,0,0,0,0,0,0,0
9.906871318817139,3.0,0.06390778720378876,-0.009332716464996338,-0.06338423490524292,0.005481302738189697,-0.018150165677070618,-6.5130109786987305,0.5004594326019287,2.520597457885742,0.03,1.2294930219650269,-0.11360432207584381,0.3201945424079895,0.011039406061172485,0.08797842264175415,-0.13966791331768036,0.9862204790115356,0,0,0,0,0,0,0,0,0,0,0,0,0,0
9.908390760421753,3.0,0.06390778720378876,-0.009332716464996338,-0.06338423490524292,0.005481302738189697,-0.018150165677070618,-6.5130109786987305,0.5004594326019287,2.520597457885742,0.03,1.2294930219650269,-0.11360432207584381,0.3201945424079895,0.011039406061172485,0.08797842264175415,-0.13966791331768036,0.9862204790115356,0,0,0,0,0,0,0,0,0,0,0,0,0,0
9.90952181816101,3.0,0.06390778720378876,-0.009332716464996338,-0.06338423490524292,0.005481302738189697,-0.018150165677070618,-6.5130109786987305,0.5004594326019287,2.520597457885742,0.03,1.2294930219650269,-0.11360432207584381,0.3201945424079895,0.011039406061172485,0.08797842264175415,-0.13966791331768036,0.9862204790115356,0,0,0,0,0,0,0,0,0,0,0,0,0,0
9.91158127784729,3.0,0.06390778720378876,-0.009332716464996338,-0.06338423490524292,0.005481302738189697,-0.018150165677070618,-6.5130109786987305,0.5004594326019287,2.520597457885742,0.03,1.2294930219650269,-0.11360432207584381,0.3201945424079895,0.011039406061172485,0.08797842264175415,-0.13966791331768036,0.9862204790115356,0,0,0,0,0,0,0,0,0,0,0,0,0,0
9.913501501083374,3.0,0.06390778720378876,-0.009332716464996338,-0.06338423490524292,0.005481302738189697,-0.018150165677070618,-6.5130109786987305,0.5004594326019287,2.520597457885742,0.03,1.2294682264328003,-0.11365820467472076,0.3203790783882141,0.009620368480682373,0.08662189543247223,-0.14403226971626282,0.9857276082038879,0,0,0,0,0,0,0,0,0,0,0,0,0,0
9.914623022079468,3.0,0.06390778720378876,-0.009332716464996338,-0.06338423490524292,0.005481302738189697,-0.018150165677070618,-6.5130109786987305,0.5004594326019287,2.520597457885742,0.03,1.2294682264328003,-0.11365820467472076,0.3203790783882141,0.009620368480682373,0.08662189543247223,-0.14403226971626282,0.9857276082038879,0,0,0,0,0,0,0,0,0,0,0,0,0,0
9.915743827819824,3.0,0.06390778720378876,-0.009332716464996338,-0.06338423490524292,0.005481302738189697,-0.018150165677070618,-6.5130109786987305,0.5004594326019287,2.520597457885742,0.03,1.2294682264328003,-0.11365820467472076,0.3203790783882141,0.009620368480682373,0.08662189543247223,-0.14403226971626282,0.9857276082038879,0,0,0,0,0,0,0,0,0,0,0,0,0,0
9.916898965835571,3.0,0.06390778720378876,-0.009332716464996338,-0.06338423490524292,0.005481302738189697,-0.018150165677070618,-6.5130109786987305,0.5004594326019287,2.520597457885742,0.03,1.2294682264328003,-0.11365820467472076,0.3203790783882141,0.009620368480682373,0.08662189543247223,-0.14403226971626282,0.9857276082038879,0,0,0,0,0,0,0,0,0,0,0,0,0,0
9.91801142692566,3.0,0.06390778720378876,-0.009332716464996338,-0.06338423490524292,0.005481302738189697,-0.018150165677070618,-6.5130109786987305,0.5004594326019287,2.520597457885742,0.03,1.2294682264328003,-0.11365820467472076,0.3203790783882141,0.009620368480682373,0.08662189543247223,-0.14403226971626282,0.9857276082038879,0,0,0,0,0,0,0,0,0,0,0,0,0,0
9.919686794281006,3.0,0.06390778720378876,-0.009332716464996338,-0.06338423490524292,0.005481302738189697,-0.018150165677070618,-6.5130109786987305,0.5004594326019287,2.520597457885742,0.03,1.2294682264328003,-0.11365820467472076,0.3203790783882141,0.009620368480682373,0.08662189543247223,-0.14403226971626282,0.9857276082038879,0,0,0,0,0,0,0,0,0,0,0,0,0,0
9.920928955078125,3.0,0.06390778720378876,-0.009332716464996338,-0.06338423490524292,0.005481302738189697,-0.018150165677070618,-6.5130109786987305,0.5004594326019287,2.520597457885742,0.03,1.2294682264328003,-0.11365820467472076,0.3203790783882141,0.009620368480682373,0.08662189543247223,-0.14403226971626282,0.9857276082038879,0,0,0,0,0,0,0,0,0,0,0,0,0,0
9.921996355056763,3.0,0.06390778720378876,-0.009332716464996338,-0.06338423490524292,0.005481302738189697,-0.018150165677070618,-6.5130109786987305,0.5004594326019287,2.520597457885742,0.03,1.2294682264328003,-0.11365820467472076,0.3203790783882141,0.009620368480682373,0.08662189543247223,-0.14403226971626282,0.9857276082038879,0,0,0,0,0,0,0,0,0,0,0,0,0,0
9.923078536987305,3.0,0.06390778720378876,-0.009332716464996338,-0.06338423490524292,0.005481302738189697,-0.018150165677070618,-6.5130109786987305,0.5004594326019287,2.520597457885742,0.03,1.2294682264328003,-0.11365820467472076,0.3203790783882141,0.009620368480682373,0.08662189543247223,-0.14403226971626282,0.9857276082038879,0,0,0,0,0,0,0,0,0,0,0,0,0,0
9.924166679382324,3.0,0.06390778720378876,-0.009332716464996338,-0.06338423490524292,0.005481302738189697,-0.018150165677070618,-6.5130109786987305,0.5004594326019287,2.520597457885742,0.03,1.2294682264328003,-0.11365820467472076,0.3203790783882141,0.009620368480682373,0.08662189543247223,-0.14403226971626282,0.9857276082038879,0,0,0,0,0,0,0,0,0,0,0,0,0,0
9.925230503082275,3.0,0.06390778720378876,-0.009332716464996338,-0.06338423490524292,0.005481302738189697,-0.018150165677070618,-6.5130109786987305,0.5004594326019287,2.520597457885742,0.03,1.2294682264328003,-0.11365820467472076,0.3203790783882141,0.009620368480682373,0.08662189543247223,-0.14403226971626282,0.9857276082038879,0,0,0,0,0,0,0,0,0,0,0,0,0,0
9.92631196975708,3.0,0.06390778720378876,-0.009332716464996338,-0.06338423490524292,0.005481302738189697,-0.018150165677070618,-6.5130109786987305,0.5004594326019287,2.520597457885742,0.03,1.2294682264328003,-0.11365820467472076,0.3203790783882141,0.009620368480682373,0.08662189543247223,-0.14403226971626282,0.9857276082038879,0,0,0,0,0,0,0,0,0,0,0,0,0,0
9.928085088729858,3.0,0.06343505531549454,0.012044265866279602,-0.06339925527572632,-0.016335666179656982,-1.0134998559951782,-8.445791244506836,-0.10397613048553467,3.838996648788452,0.03,1.22938072681427,-0.11364298313856125,0.3205103576183319,0.011351866647601128,0.08417108654975891,-0.12741032242774963,0.9882070422172546,0,0,0,0,0,0,0,0,0,0,0,0,0,0
9.92919373512268,3.0,0.06343505531549454,0.012044265866279602,-0.06339925527572632,-0.016335666179656982,-1.0134998559951782,-8.445791244506836,-0.10397613048553467,3.838996648788452,0.03,1.22938072681427,-0.11364298313856125,0.3205103576183319,0.011351866647601128,0.08417108654975891,-0.12741032242774963,0.9882070422172546,0,0,0,0,0,0,0,0,0,0,0,0,0,0
9.931321620941162,3.0,0.06379298120737076,0.030602917075157166,-0.0645710825920105,-0.03761589527130127,-2.7603869438171387,-10.720527648925781,-0.9394610524177551,3.4825475215911865,0.03,1.22938072681427,-0.11364298313856125,0.3205103576183319,0.011351866647601128,0.08417108654975891,-0.12741032242774963,0.9882070422172546,0,0,0,0,0,0,0,0,0,0,0,0,0,0
9.932672023773193,3.0,0.06379298120737076,0.030602917075157166,-0.0645710825920105,-0.03761589527130127,-2.7603869438171387,-10.720527648925781,-0.9394610524177551,3.4825475215911865,0.03,1.22938072681427,-0.11364298313856125,0.3205103576183319,0.011351866647601128,0.08417108654975891,-0.12741032242774963,0.9882070422172546,0,0,0,0,0,0,0,0,0,0,0,0,0,0
9.93456220626831,3.0,0.06379298120737076,0.030602917075157166,-0.0645710825920105,-0.03761589527130127,-2.7603869438171387,-10.720527648925781,-0.9394610524177551,3.4825475215911865,0.03,1.22938072681427,-0.11364298313856125,0.3205103576183319,0.011351866647601128,0.08417108654975891,-0.12741032242774963,0.9882070422172546,0,0,0,0,0,0,0,0,0,0,0,0,0,0
9.938071250915527,3.0,0.06379298120737076,0.030602917075157166,-0.0645710825920105,-0.03761589527130127,-2.7603869438171387,-10.720527648925781,-0.9394610524177551,3.4825475215911865,0.03,1.2293046712875366,-0.11374904960393906,0.32071202993392944,0.013553549535572529,0.08162060379981995,-0.11508113145828247,0.9899044632911682,0,0,0,0,0,0,0,0,0,0,0,0,0,0
9.939499616622925,3.0,0.06379298120737076,0.030602917075157166,-0.0645710825920105,-0.03761589527130127,-2.7603869438171387,-10.720527648925781,-0.9394610524177551,3.4825475215911865,0.03,1.2293046712875366,-0.11374904960393906,0.32071202993392944,0.013553549535572529,0.08162060379981995,-0.11508113145828247,0.9899044632911682,0,0,0,0,0,0,0,0,0,0,0,0,0,0
9.940571069717407,3.0,0.06379298120737076,0.030602917075157166,-0.0645710825920105,-0.03761589527130127,-2.7603869438171387,-10.720527648925781,-0.9394610524177551,3.4825475215911865,0.03,1.2291686534881592,-0.11387433111667633,0.3211000859737396,0.01198046188801527,0.07731961458921432,-0.1195729523897171,0.9897376298904419,0,0,0,0,0,0,0,0,0,0,0,0,0,0
9.941761255264282,3.0,0.06379298120737076,0.030602917075157166,-0.0645710825920105,-0.03761589527130127,-2.7603869438171387,-10.720527648925781,-0.9394610524177551,3.4825475215911865,0.03,1.2291686534881592,-0.11387433111667633,0.3211000859737396,0.01198046188801527,0.07731961458921432,-0.1195729523897171,0.9897376298904419,0,0,0,0,0,0,0,0,0,0,0,0,0,0
9.944087743759155,3.0,0.06379298120737076,0.030602917075157166,-0.0645710825920105,-0.03761589527130127,-2.7603869438171387,-10.720527648925781,-0.9394610524177551,3.4825475215911865,0.03,1.2291686534881592,-0.11387433111667633,0.3211000859737396,0.01198046188801527,0.07731961458921432,-0.1195729523897171,0.9897376298904419,0,0,0,0,0,0,0,0,0,0,0,0,0,0
9.945430994033813,3.0,0.06379298120737076,0.030602917075157166,-0.0645710825920105,-0.03761589527130127,-2.7603869438171387,-10.720527648925781,-0.9394610524177551,3.4825475215911865,0.03,1.2291686534881592,-0.11387433111667633,0.3211000859737396,0.01198046188801527,0.07731961458921432,-0.1195729523897171,0.9897376298904419,0,0,0,0,0,0,0,0,0,0,0,0,0,0
9.946878910064697,3.0,0.06379298120737076,0.030602917075157166,-0.0645710825920105,-0.03761589527130127,-2.7603869438171387,-10.720527648925781,-0.9394610524177551,3.4825475215911865,0.03,1.2291686534881592,-0.11387433111667633,0.3211000859737396,0.01198046188801527,0.07731961458921432,-0.1195729523897171,0.9897376298904419,0,0,0,0,0,0,0,0,0,0,0,0,0,0
9.9495689868927,3.0,0.06379298120737076,0.030602917075157166,-0.0645710825920105,-0.03761589527130127,-2.7603869438171387,-10.720527648925781,-0.9394610524177551,3.4825475215911865,0.03,1.2291686534881592,-0.11387433111667633,0.3211000859737396,0.01198046188801527,0.07731961458921432,-0.1195729523897171,0.9897376298904419,0,0,0,0,0,0,0,0,0,0,0,0,0,0
9.950710535049438,3.0,0.06379298120737076,0.030602917075157166,-0.0645710825920105,-0.03761589527130127,-2.7603869438171387,-10.720527648925781,-0.9394610524177551,3.4825475215911865,0.03,1.2291686534881592,-0.11387433111667633,0.3211000859737396,0.01198046188801527,0.07731961458921432,-0.1195729523897171,0.9897376298904419,0,0,0,0,0,0,0,0,0,0,0,0,0,0
9.951941013336182,3.0,0.06379298120737076,0.030602917075157166,-0.0645710825920105,-0.03761589527130127,-2.7603869438171387,-10.720527648925781,-0.9394610524177551,3.4825475215911865,0.03,1.2291686534881592,-0.11387433111667633,0.3211000859737396,0.01198046188801527,0.07731961458921432,-0.1195729523897171,0.9897376298904419,0,0,0,0,0,0,0,0,0,0,0,0,0,0
9.953054428100586,3.0,0.06379298120737076,0.030602917075157166,-0.0645710825920105,-0.03761589527130127,-2.7603869438171387,-10.720527648925781,-0.9394610524177551,3.4825475215911865,0.03,1.229024052619934,-0.11376402527093887,0.3221672475337982,0.010523987002670765,0.06918156892061234,-0.11059210449457169,0.991399347782135,0,0,0,0,0,0,0,0,0,0,0,0,0,0
9.954139471054077,3.0,0.06379298120737076,0.030602917075157166,-0.0645710825920105,-0.03761589527130127,-2.7603869438171387,-10.720527648925781,-0.9394610524177551,3.4825475215911865,0.03,1.229024052619934,-0.11376402527093887,0.3221672475337982,0.010523987002670765,0.06918156892061234,-0.11059210449457169,0.991399347782135,0,0,0,0,0,0,0,0,0,0,0,0,0,0
9.955217361450195,3.0,0.06379298120737076,0.030602917075157166,-0.0645710825920105,-0.03761589527130127,-2.7603869438171387,-10.720527648925781,-0.9394610524177551,3.4825475215911865,0.03,1.229024052619934,-0.11376402527093887,0.3221672475337982,0.010523987002670765,0.06918156892061234,-0.11059210449457169,0.991399347782135,0,0,0,0,0,0,0,0,0,0,0,0,0,0
9.956499099731445,3.0,0.06379298120737076,0.030602917075157166,-0.0645710825920105,-0.03761589527130127,-2.7603869438171387,-10.720527648925781,-0.9394610524177551,3.4825475215911865,0.03,1.229024052619934,-0.11376402527093887,0.3221672475337982,0.010523987002670765,0.06918156892061234,-0.11059210449457169,0.991399347782135,0,0,0,0,0,0,0,0,0,0,0,0,0,0
9.957651853561401,3.0,0.06379298120737076,0.030602917075157166,-0.0645710825920105,-0.03761589527130127,-2.7603869438171387,-10.720527648925781,-0.9394610524177551,3.4825475215911865,0.03,1.229024052619934,-0.11376402527093887,0.3221672475337982,0.010523987002670765,0.06918156892061234,-0.11059210449457169,0.991399347782135,0,0,0,0,0,0,0,0,0,0,0,0,0,0
9.958805084228516,3.0,0.06379298120737076,0.030602917075157166,-0.0645710825920105,-0.03761589527130127,-2.7603869438171387,-10.720527648925781,-0.9394610524177551,3.4825475215911865,0.03,1.229024052619934,-0.11376402527093887,0.3221672475337982,0.010523987002670765,0.06918156892061234,-0.11059210449457169,0.991399347782135,0,0,0,0,0,0,0,0,0,0,0,0,0,0
9.960027694702148,3.0,0.06379298120737076,0.030602917075157166,-0.0645710825920105,-0.03761589527130127,-2.7603869438171387,-10.720527648925781,-0.9394610524177551,3.4825475215911865,0.03,1.229024052619934,-0.11376402527093887,0.3221672475337982,0.010523987002670765,0.06918156892061234,-0.11059210449457169,0.991399347782135,0,0,0,0,0,0,0,0,0,0,0,0,0,0
9.961469888687134,3.0,0.06379298120737076,0.030602917075157166,-0.0645710825920105,-0.03761589527130127,-2.7603869438171387,-10.720527648925781,-0.9394610524177551,3.4825475215911865,0.03,1.2288204431533813,-0.11399973183870316,0.32260531187057495,0.008847271092236042,0.06583002954721451,-0.12740835547447205,0.9896239042282104,0,0,0,0,0,0,0,0,0,0,0,0,0,0
9.963122844696045,3.0,0.06379298120737076,0.030602917075157166,-0.0645710825920105,-0.03761589527130127,-2.7603869438171387,-10.720527648925781,-0.9394610524177551,3.4825475215911865,0.03,1.2288204431533813,-0.11399973183870316,0.32260531187057495,0.008847271092236042,0.06583002954721451,-0.12740835547447205,0.9896239042282104,0,0,0,0,0,0,0,0,0,0,0,0,0,0
9.964314460754395,3.0,0.06379298120737076,0.030602917075157166,-0.0645710825920105,-0.03761589527130127,-2.7603869438171387,-10.720527648925781,-0.9394610524177551,3.4825475215911865,0.03,1.2288204431533813,-0.11399973183870316,0.32260531187057495,0.008847271092236042,0.06583002954721451,-0.12740835547447205,0.9896239042282104,0,0,0,0,0,0,0,0,0,0,0,0,0,0
9.96543836593628,3.0,0.06379298120737076,0.030602917075157166,-0.0645710825920105,-0.03761589527130127,-2.7603869438171387,-10.720527648925781,-0.9394610524177551,3.4825475215911865,0.03,1.2288204431533813,-0.11399973183870316,0.32260531187057495,0.008847271092236042,0.06583002954721451,-0.12740835547447205,0.9896239042282104,0,0,0,0,0,0,0,0,0,0,0,0,0,0
9.96870493888855,3.0,0.06379298120737076,0.030602917075157166,-0.0645710825920105,-0.03761589527130127,-2.7603869438171387,-10.720527648925781,-0.9394610524177551,3.4825475215911865,0.03,1.2288204431533813,-0.11399973183870316,0.32260531187057495,0.008847271092236042,0.06583002954721451,-0.12740835547447205,0.9896239042282104,0,0,0,0,0,0,0,0,0,0,0,0,0,0
9.970359802246094,3.0,0.06379298120737076,0.030602917075157166,-0.0645710825920105,-0.03761589527130127,-2.7603869438171387,-10.720527648925781,-0.9394610524177551,3.4825475215911865,0.03,1.2285864353179932,-0.11390689760446548,0.3228699862957001,0.0062119923532009125,0.06183687970042229,-0.12373673170804977,0.99036705493927,0,0,0,0,0,0,0,0,0,0,0,0,0,0
9.971449375152588,3.0,0.06379298120737076,0.030602917075157166,-0.0645710825920105,-0.03761589527130127,-2.7603869438171387,-10.720527648925781,-0.9394610524177551,3.4825475215911865,0.03,1.2285864353179932,-0.11390689760446548,0.3228699862957001,0.0062119923532009125,0.06183687970042229,-0.12373673170804977,0.99036705493927,0,0,0,0,0,0,0,0,0,0,0,0,0,0
9.974254608154297,3.0,0.06379298120737076,0.030602917075157166,-0.0645710825920105,-0.03761589527130127,-2.7603869438171387,-10.720527648925781,-0.9394610524177551,3.4825475215911865,0.03,1.2285864353179932,-0.11390689760446548,0.3228699862957001,0.0062119923532009125,0.06183687970042229,-0.12373673170804977,0.99036705493927,0,0,0,0,0,0,0,0,0,0,0,0,0,0
9.975329160690308,3.0,0.06379298120737076,0.030602917075157166,-0.0645710825920105,-0.03761589527130127,-2.7603869438171387,-10.720527648925781,-0.9394610524177551,3.4825475215911865,0.03,1.2285864353179932,-0.11390689760446548,0.3228699862957001,0.0062119923532009125,0.06183687970042229,-0.12373673170804977,0.99036705493927,0,0,0,0,0,0,0,0,0,0,0,0,0,0
9.97645354270935,3.0,0.06379298120737076,0.030602917075157166,-0.0645710825920105,-0.03761589527130127,-2.7603869438171387,-10.720527648925781,-0.9394610524177551,3.4825475215911865,0.03,1.2285864353179932,-0.11390689760446548,0.3228699862957001,0.0062119923532009125,0.06183687970042229,-0.12373673170804977,0.99036705493927,0,0,0,0,0,0,0,0,0,0,0,0,0,0
9.981971740722656,3.0,0.06534026563167572,0.05382096767425537,-0.06832391023635864,-0.060422539710998535,-6.190114974975586,-13.909438133239746,-2.7039456367492676,7.0607500076293945,0.03,1.2285864353179932,-0.11390689760446548,0.3228699862957001,0.0062119923532009125,0.06183687970042229,-0.12373673170804977,0.99036705493927,0,0,0,0,0,0,0,0,0,0,0,0,0,0
9.983981847763062,3.0,0.06534026563167572,0.05382096767425537,-0.06832391023635864,-0.060422539710998535,-6.190114974975586,-13.909438133239746,-2.7039456367492676,7.0607500076293945,0.03,1.2285864353179932,-0.11390689760446548,0.3228699862957001,0.0062119923532009125,0.06183687970042229,-0.12373673170804977,0.99036705493927,0,0,0,0,0,0,0,0,0,0,0,0,0,0
9.985302925109863,3.0,0.06534026563167572,0.05382096767425537,-0.06832391023635864,-0.060422539710998535,-6.190114974975586,-13.909438133239746,-2.7039456367492676,7.0607500076293945,0.03,1.2285864353179932,-0.11390689760446548,0.3228699862957001,0.0062119923532009125,0.06183687970042229,-0.12373673170804977,0.99036705493927,0,0,0,0,0,0,0,0,0,0,0,0,0,0
9.987777471542358,3.0,0.06534026563167572,0.05382096767425537,-0.06832391023635864,-0.060422539710998535,-6.190114974975586,-13.909438133239746,-2.7039456367492676,7.0607500076293945,0.03,1.2285864353179932,-0.11390689760446548,0.3228699862957001,0.0062119923532009125,0.06183687970042229,-0.12373673170804977,0.99036705493927,0,0,0,0,0,0,0,0,0,0,0,0,0,0
9.9899582862854,3.0,0.06534026563167572,0.05382096767425537,-0.06832391023635864,-0.060422539710998535,-6.190114974975586,-13.909438133239746,-2.7039456367492676,7.0607500076293945,0.03,1.2285864353179932,-0.11390689760446548,0.3228699862957001,0.0062119923532009125,0.06183687970042229,-0.12373673170804977,0.99036705493927,0,0,0,0,0,0,0,0,0,0,0,0,0,0
9.991680145263672,3.0,0.06534026563167572,0.05382096767425537,-0.06832391023635864,-0.060422539710998535,-6.190114974975586,-13.909438133239746,-2.7039456367492676,7.0607500076293945,0.03,1.2285864353179932,-0.11390689760446548,0.3228699862957001,0.0062119923532009125,0.06183687970042229,-0.12373673170804977,0.99036705493927,0,0,0,0,0,0,0,0,0,0,0,0,0,0
9.992979526519775,3.0,0.06559189409017563,0.055697500705718994,-0.06857648491859436,-0.062098562717437744,-6.519298553466797,-13.977407455444336,-2.801534652709961,7.262200355529785,0.03,1.2283538579940796,-0.11399632692337036,0.32324039936065674,0.002993326634168625,0.05795551463961601,-0.1306997537612915,0.9897220730781555,0,0,0,0,0,0,0,0,0,0,0,0,0,0
9.995011806488037,3.0,0.0659613087773323,0.05736638605594635,-0.06900867819786072,-0.06362229585647583,-6.5540361404418945,-14.300201416015625,-2.8771045207977295,7.632504940032959,0.03,1.2283538579940796,-0.11399632692337036,0.32324039936065674,0.002993326634168625,0.05795551463961601,-0.1306997537612915,0.9897220730781555,0,0,0,0,0,0,0,0,0,0,0,0,0,0
9.997601985931396,3.0,0.0659613087773323,0.05736638605594635,-0.06900867819786072,-0.06362229585647583,-6.5540361404418945,-14.300201416015625,-2.8771045207977295,7.632504940032959,0.03,1.2283538579940796,-0.11399632692337036,0.32324039936065674,0.002993326634168625,0.05795551463961601,-0.1306997537612915,0.9897220730781555,0,0,0,0,0,0,0,0,0,0,0,0,0,0
9.99882435798645,3.0,0.0659613087773323,0.05736638605594635,-0.06900867819786072,-0.06362229585647583,-6.5540361404418945,-14.300201416015625,-2.8771045207977295,7.632504940032959,0.03,1.2283538579940796,-0.11399632692337036,0.32324039936065674,0.002993326634168625,0.05795551463961601,-0.1306997537612915,0.9897220730781555,0,0,0,0,0,0,0,0,0,0,0,0,0,0
10.000283002853394,3.0,0.0659613087773323,0.05736638605594635,-0.06900867819786072,-0.06362229585647583,-6.5540361404418945,-14.300201416015625,-2.8771045207977295,7.632504940032959,0.03,1.2283538579940796,-0.11399632692337036,0.32324039936065674,0.002993326634168625,0.05795551463961601,-0.1306997537612915,0.9897220730781555,0,0,0,0,0,0,0,0,0,0,0,0,0,0
10.001659154891968,3.0,0.0659613087773323,0.05736638605594635,-0.06900867819786072,-0.06362229585647583,-6.5540361404418945,-14.300201416015625,-2.8771045207977295,7.632504940032959,0.03,1.2283538579940796,-0.11399632692337036,0.32324039936065674,0.002993326634168625,0.05795551463961601,-0.1306997537612915,0.9897220730781555,0,0,0,0,0,0,0,0,0,0,0,0,0,0
10.003501176834106,3.0,0.0659613087773323,0.05736638605594635,-0.06900867819786072,-0.06362229585647583,-6.5540361404418945,-14.300201416015625,-2.8771045207977295,7.632504940032959,0.03,1.2283538579940796,-0.11399632692337036,0.32324039936065674,0.002993326634168625,0.05795551463961601,-0.1306997537612915,0.9897220730781555,0,0,0,0,0,0,0,0,0,0,0,0,0,0
10.005416631698608,4.0,0.06760454177856445,0.0659705251455307,-0.0710291862487793,-0.07121139764785767,-8.253541946411133,-15.532256126403809,-4.2243266105651855,9.3102388381958,0.03,1.2283538579940796,-0.11399632692337036,0.32324039936065674,0.002993326634168625,0.05795551463961601,-0.1306997537612915,0.9897220730781555,0,0,0,0,0,0,0,0,0,0,0,0,0,0
10.006609201431274,4.0,0.06676290184259415,0.06933343410491943,-0.06956365704536438,-0.07384741306304932,-1.4379521608352661,-14.041730880737305,1.0487102270126343,8.652334213256836,0.03,1.2283538579940796,-0.11399632692337036,0.32324039936065674,0.002993326634168625,0.05795551463961601,-0.1306997537612915,0.9897220730781555,0,0,0,0,0,0,0,0,0,0,0,0,0,0
10.00769305229187,4.0,0.06676290184259415,0.06933343410491943,-0.06956365704536438,-0.07384741306304932,-1.4379521608352661,-14.041730880737305,1.0487102270126343,8.652334213256836,0.03,1.2283538579940796,-0.11399632692337036,0.32324039936065674,0.002993326634168625,0.05795551463961601,-0.1306997537612915,0.9897220730781555,0,0,0,0,0,0,0,0,0,0,0,0,0,0
10.008756637573242,4.0,0.06548574566841125,0.06967255473136902,-0.06866714358329773,-0.07408827543258667,-1.673730731010437,-13.470098495483398,1.8850085735321045,8.288480758666992,0.03,1.2277196645736694,-0.11372286081314087,0.32419055700302124,0.0025293705984950066,0.05395331233739853,-0.1261761486530304,0.9905363321304321,0,0,0,0,0,0,0,0,0,0,0,0,0,0
10.009843111038208,4.0,0.06548574566841125,0.06967255473136902,-0.06866714358329773,-0.07408827543258667,-1.673730731010437,-13.470098495483398,1.8850085735321045,8.288480758666992,0.03,1.2277196645736694,-0.11372286081314087,0.32419055700302124,0.0025293705984950066,0.05395331233739853,-0.1261761486530304,0.9905363321304321,0,0,0,0,0,0,0,0,0,0,0,0,0,0
10.010933876037598,4.0,0.06548574566841125,0.06967255473136902,-0.06866714358329773,-0.07408827543258667,-1.673730731010437,-13.470098495483398,1.8850085735321045,8.288480758666992,0.03,1.2277196645736694,-0.11372286081314087,0.32419055700302124,0.0025293705984950066,0.05395331233739853,-0.1261761486530304,0.9905363321304321,0,0,0,0,0,0,0,0,0,0,0,0,0,0
10.012039422988892,4.0,0.06548574566841125,0.06967255473136902,-0.06866714358329773,-0.07408827543258667,-1.673730731010437,-13.470098495483398,1.8850085735321045,8.288480758666992,0.03,1.2277196645736694,-0.11372286081314087,0.32419055700302124,0.0025293705984950066,0.05395331233739853,-0.1261761486530304,0.9905363321304321,0,0,0,0,0,0,0,0,0,0,0,0,0,0
10.013100385665894,4.0,0.06548574566841125,0.06967255473136902,-0.06866714358329773,-0.07408827543258667,-1.673730731010437,-13.470098495483398,1.8850085735321045,8.288480758666992,0.03,1.2277196645736694,-0.11372286081314087,0.32419055700302124,0.0025293705984950066,0.05395331233739853,-0.1261761486530304,0.9905363321304321,0,0,0,0,0,0,0,0,0,0,0,0,0,0
10.014265775680542,4.0,0.06548574566841125,0.06967255473136902,-0.06866714358329773,-0.07408827543258667,-1.673730731010437,-13.470098495483398,1.8850085735321045,8.288480758666992,0.03,1.2277196645736694,-0.11372286081314087,0.32419055700302124,0.0025293705984950066,0.05395331233739853,-0.1261761486530304,0.9905363321304321,0,0,0,0,0,0,0,0,0,0,0,0,0,0
10.015442848205566,4.0,0.06548574566841125,0.06967255473136902,-0.06866714358329773,-0.07408827543258667,-1.673730731010437,-13.470098495483398,1.8850085735321045,8.288480758666992,0.03,1.2277196645736694,-0.11372286081314087,0.32419055700302124,0.0025293705984950066,0.05395331233739853,-0.1261761486530304,0.9905363321304321,0,0,0,0,0,0,0,0,0,0,0,0,0,0
10.016509294509888,4.0,0.06548574566841125,0.06967255473136902,-0.06866714358329773,-0.07408827543258667,-1.673730731010437,-13.470098495483398,1.8850085735321045,8.288480758666992,0.03,1.2277196645736694,-0.11372286081314087,0.32419055700302124,0.0025293705984950066,0.05395331233739853,-0.1261761486530304,0.9905363321304321,0,0,0,0,0,0,0,0,0,0,0,0,0,0
10.017650127410889,4.0,0.06548574566841125,0.06967255473136902,-0.06866714358329773,-0.07408827543258667,-1.673730731010437,-13.470098495483398,1.8850085735321045,8.288480758666992,0.03,1.2277196645736694,-0.11372286081314087,0.32419055700302124,0.0025293705984950066,0.05395331233739853,-0.1261761486530304,0.9905363321304321,0,0,0,0,0,0,0,0,0,0,0,0,0,0
10.019429206848145,4.0,0.06548574566841125,0.06967255473136902,-0.06866714358329773,-0.07408827543258667,-1.673730731010437,-13.470098495483398,1.8850085735321045,8.288480758666992,0.03,1.2277196645736694,-0.11372286081314087,0.32419055700302124,0.0025293705984950066,0.05395331233739853,-0.1261761486530304,0.9905363321304321,0,0,0,0,0,0,0,0,0,0,0,0,0,0
10.020658493041992,4.0,0.06548574566841125,0.06967255473136902,-0.06866714358329773,-0.07408827543258667,-1.673730731010437,-13.470098495483398,1.8850085735321045,8.288480758666992,0.03,1.2277196645736694,-0.11372286081314087,0.32419055700302124,0.0025293705984950066,0.05395331233739853,-0.1261761486530304,0.9905363321304321,0,0,0,0,0,0,0,0,0,0,0,0,0,0
10.023115634918213,4.0,0.06548574566841125,0.06967255473136902,-0.06866714358329773,-0.07408827543258667,-1.673730731010437,-13.470098495483398,1.8850085735321045,8.288480758666992,0.03,1.2277196645736694,-0.11372286081314087,0.32419055700302124,0.0025293705984950066,0.05395331233739853,-0.1261761486530304,0.9905363321304321,0,0,0,0,0,0,0,0,0,0,0,0,0,0
10.024216413497925,4.0,0.06548574566841125,0.06967255473136902,-0.06866714358329773,-0.07408827543258667,-1.673730731010437,-13.470098495483398,1.8850085735321045,8.288480758666992,0.03,1.2277196645736694,-0.11372286081314087,0.32419055700302124,0.0025293705984950066,0.05395331233739853,-0.1261761486530304,0.9905363321304321,0,0,0,0,0,0,0,0,0,0,0,0,0,0
10.025320529937744,4.0,0.06548574566841125,0.06967255473136902,-0.06866714358329773,-0.07408827543258667,-1.673730731010437,-13.470098495483398,1.8850085735321045,8.288480758666992,0.03,1.227307677268982,-0.11388584226369858,0.32466259598731995,0.0029915166087448597,0.050888318568468094,-0.11754118651151657,0.9917588829994202,0,0,0,0,0,0,0,0,0,0,0,0,0,0
10.027698278427124,4.0,0.06548574566841125,0.06967255473136902,-0.06866714358329773,-0.07408827543258667,-1.673730731010437,-13.470098495483398,1.8850085735321045,8.288480758666992,0.03,1.227307677268982,-0.11388584226369858,0.32466259598731995,0.0029915166087448597,0.050888318568468094,-0.11754118651151657,0.9917588829994202,0,0,0,0,0,0,0,0,0,0,0,0,0,0
10.029515027999878,4.0,0.06548574566841125,0.06967255473136902,-0.06866714358329773,-0.07408827543258667,-1.673730731010437,-13.470098495483398,1.8850085735321045,8.288480758666992,0.03,1.227307677268982,-0.11388584226369858,0.32466259598731995,0.0029915166087448597,0.050888318568468094,-0.11754118651151657,0.9917588829994202,0,0,0,0,0,0,0,0,0,0,0,0,0,0
10.030719757080078,4.0,0.06548574566841125,0.06967255473136902,-0.06866714358329773,-0.07408827543258667,-1.673730731010437,-13.470098495483398,1.8850085735321045,8.288480758666992,0.03,1.227307677268982,-0.11388584226369858,0.32466259598731995,0.0029915166087448597,0.050888318568468094,-0.11754118651151657,0.9917588829994202,0,0,0,0,0,0,0,0,0,0,0,0,0,0
10.033321380615234,4.0,0.06548574566841125,0.06967255473136902,-0.06866714358329773,-0.07408827543258667,-1.673730731010437,-13.470098495483398,1.8850085735321045,8.288480758666992,0.03,1.227307677268982,-0.11388584226369858,0.32466259598731995,0.0029915166087448597,0.050888318568468094,-0.11754118651151657,0.9917588829994202,0,0,0,0,0,0,0,0,0,0,0,0,0,0
10.034919500350952,4.0,0.06548574566841125,0.06967255473136902,-0.06866714358329773,-0.07408827543258667,-1.673730731010437,-13.470098495483398,1.8850085735321045,8.288480758666992,0.03,1.227307677268982,-0.11388584226369858,0.32466259598731995,0.0029915166087448597,0.050888318568468094,-0.11754118651151657,0.9917588829994202,0,0,0,0,0,0,0,0,0,0,0,0,0,0
10.036007165908813,4.0,0.06548574566841125,0.06967255473136902,-0.06866714358329773,-0.07408827543258667,-1.673730731010437,-13.470098495483398,1.8850085735321045,8.288480758666992,0.03,1.227307677268982,-0.11388584226369858,0.32466259598731995,0.0029915166087448597,0.050888318568468094,-0.11754118651151657,0.9917588829994202,0,0,0,0,0,0,0,0,0,0,0,0,0,0
10.037092924118042,4.0,0.06548574566841125,0.06967255473136902,-0.06866714358329773,-0.07408827543258667,-1.673730731010437,-13.470098495483398,1.8850085735321045,8.288480758666992,0.03,1.227307677268982,-0.11388584226369858,0.32466259598731995,0.0029915166087448597,0.050888318568468094,-0.11754118651151657,0.9917588829994202,0,0,0,0,0,0,0,0,0,0,0,0,0,0
10.038250207901001,4.0,0.06548574566841125,0.06967255473136902,-0.06866714358329773,-0.07408827543258667,-1.673730731010437,-13.470098495483398,1.8850085735321045,8.288480758666992,0.03,1.227307677268982,-0.11388584226369858,0.32466259598731995,0.0029915166087448597,0.050888318568468094,-0.11754118651151657,0.9917588829994202,0,0,0,0,0,0,0,0,0,0,0,0,0,0
10.039315462112427,4.0,0.06548574566841125,0.06967255473136902,-0.06866714358329773,-0.07408827543258667,-1.673730731010437,-13.470098495483398,1.8850085735321045,8.288480758666992,0.03,1.227307677268982,-0.11388584226369858,0.32466259598731995,0.0029915166087448597,0.050888318568468094,-0.11754118651151657,0.9917588829994202,0,0,0,0,0,0,0,0,0,0,0,0,0,0
10.041141986846924,4.0,0.06548574566841125,0.06967255473136902,-0.06866714358329773,-0.07408827543258667,-1.673730731010437,-13.470098495483398,1.8850085735321045,8.288480758666992,0.03,1.227307677268982,-0.11388584226369858,0.32466259598731995,0.0029915166087448597,0.050888318568468094,-0.11754118651151657,0.9917588829994202,0,0,0,0,0,0,0,0,0,0,0,0,0,0
10.044799089431763,4.0,0.06548574566841125,0.06967255473136902,-0.06866714358329773,-0.07408827543258667,-1.673730731010437,-13.470098495483398,1.8850085735321045,8.288480758666992,0.03,1.227307677268982,-0.11388584226369858,0.32466259598731995,0.0029915166087448597,0.050888318568468094,-0.11754118651151657,0.9917588829994202,0,0,0,0,0,0,0,0,0,0,0,0,0,0
10.046153545379639,4.0,0.06548574566841125,0.06967255473136902,-0.06866714358329773,-0.07408827543258667,-1.673730731010437,-13.470098495483398,1.8850085735321045,8.288480758666992,0.03,1.2269858121871948,-0.1139477863907814,0.32501938939094543,0.0033875906374305487,0.04910355061292648,-0.11539231240749359,0.9920997619628906,0,0,0,0,0,0,0,0,0,0,0,0,0,0
10.047450304031372,4.0,0.06548574566841125,0.06967255473136902,-0.06866714358329773,-0.07408827543258667,-1.673730731010437,-13.470098495483398,1.8850085735321045,8.288480758666992,0.03,1.2269858121871948,-0.1139477863907814,0.32501938939094543,0.0033875906374305487,0.04910355061292648,-0.11539231240749359,0.9920997619628906,0,0,0,0,0,0,0,0,0,0,0,0,0,0
10.048599243164062,4.0,0.06548574566841125,0.06967255473136902,-0.06866714358329773,-0.07408827543258667,-1.673730731010437,-13.470098495483398,1.8850085735321045,8.288480758666992,0.03,1.2269858121871948,-0.1139477863907814,0.32501938939094543,0.0033875906374305487,0.04910355061292648,-0.11539231240749359,0.9920997619628906,0,0,0,0,0,0,0,0,0,0,0,0,0,0
10.050622940063477,4.0,0.06548574566841125,0.06967255473136902,-0.06866714358329773,-0.07408827543258667,-1.673730731010437,-13.470098495483398,1.8850085735321045,8.288480758666992,0.03,1.2269858121871948,-0.1139477863907814,0.32501938939094543,0.0033875906374305487,0.04910355061292648,-0.11539231240749359,0.9920997619628906,0,0,0,0,0,0,0,0,0,0,0,0,0,0
10.05235481262207,4.0,0.06548574566841125,0.06967255473136902,-0.06866714358329773,-0.07408827543258667,-1.673730731010437,-13.470098495483398,1.8850085735321045,8.288480758666992,0.03,1.2269858121871948,-0.1139477863907814,0.32501938939094543,0.0033875906374305487,0.04910355061292648,-0.11539231240749359,0.9920997619628906,0,0,0,0,0,0,0,0,0,0,0,0,0,0
10.053737163543701,4.0,0.06548574566841125,0.06967255473136902,-0.06866714358329773,-0.07408827543258667,-1.673730731010437,-13.470098495483398,1.8850085735321045,8.288480758666992,0.03,1.2269858121871948,-0.1139477863907814,0.32501938939094543,0.0033875906374305487,0.04910355061292648,-0.11539231240749359,0.9920997619628906,0,0,0,0,0,0,0,0,0,0,0,0,0,0
10.055207252502441,4.0,0.06407663226127625,0.07084780931472778,-0.06640321016311646,-0.07507413625717163,0.8724929094314575,-12.458916664123535,3.305210828781128,7.3844451904296875,0.03,1.2269858121871948,-0.1139477863907814,0.32501938939094543,0.0033875906374305487,0.04910355061292648,-0.11539231240749359,0.9920997619628906,0,0,0,0,0,0,0,0,0,0,0,0,0,0
10.056598901748657,4.0,0.06407663226127625,0.07084780931472778,-0.06640321016311646,-0.07507413625717163,0.8724929094314575,-12.458916664123535,3.305210828781128,7.3844451904296875,0.03,1.2269858121871948,-0.1139477863907814,0.32501938939094543,0.0033875906374305487,0.04910355061292648,-0.11539231240749359,0.9920997619628906,0,0,0,0,0,0,0,0,0,0,0,0,0,0
10.058633804321289,4.0,0.057405464351177216,0.07397350668907166,-0.05695044994354248,-0.07755488157272339,5.860657215118408,-10.450658798217773,5.97529935836792,5.733341217041016,0.03,1.2267956733703613,-0.11396784335374832,0.325374573469162,0.0045534418895840645,0.04783908277750015,-0.11765407025814056,0.9918912053108215,0,0,0,0,0,0,0,0,0,0,0,0,0,0
10.059944152832031,4.0,0.04820532724261284,0.0763312578201294,-0.045923590660095215,-0.0796281099319458,7.2481842041015625,-8.37345027923584,7.346251487731934,3.8260180950164795,0.03,1.2265799045562744,-0.11400371789932251,0.3257959485054016,0.005501695908606052,0.045247696340084076,-0.12659858167171478,0.990906298160553,0,0,0,0,0,0,0,0,0,0,0,0,0,0
10.061079740524292,4.0,0.04322284460067749,0.07770553231239319,-0.041531264781951904,-0.08081960678100586,7.758572101593018,-7.139139175415039,6.91815185546875,2.805647134780884,0.03,1.2265799045562744,-0.11400371789932251,0.3257959485054016,0.005501695908606052,0.045247696340084076,-0.12659858167171478,0.990906298160553,0,0,0,0,0,0,0,0,0,0,0,0,0,0
10.064599752426147,4.0,0.029862046241760254,0.08088073134422302,-0.025441467761993408,-0.08327275514602661,6.094987392425537,-4.511876106262207,4.479395866394043,0.8963596224784851,0.03,1.2265125513076782,-0.1137235164642334,0.3264029026031494,0.006212582811713219,0.042811568826436996,-0.12322904169559479,0.9914348721504211,0,0,0,0,0,0,0,0,0,0,0,0,0,0
10.065937042236328,4.0,0.023905158042907715,0.08210864663124084,-0.02046865224838257,-0.08417350053787231,6.007564544677734,-3.6295037269592285,3.7359464168548584,0.23778803646564484,0.03,1.227503776550293,-0.11381731182336807,0.32697930932044983,0.011944021098315716,0.04051769897341728,-0.12417396157979965,0.9913609623908997,0,0,0,0,0,0,0,0,0,0,0,0,0,0
10.06728744506836,1.0,0.01345282793045044,0.08420641720294952,-0.009480774402618408,-0.08558768033981323,5.370733261108398,-1.9699474573135376,3.0609469413757324,-0.9173853993415833,0.03,1.227503776550293,-0.11381731182336807,0.32697930932044983,0.011944021098315716,0.04051769897341728,-0.12417396157979965,0.9913609623908997,0,0,0,0,0,0,0,0,0,0,0,0,0,0
10.071734189987183,1.0,0.01345282793045044,0.08420641720294952,-0.009480774402618408,-0.08558768033981323,5.370733261108398,-1.9699474573135376,3.0609469413757324,-0.9173853993415833,0.03,1.227503776550293,-0.11381731182336807,0.32697930932044983,0.011944021098315716,0.04051769897341728,-0.12417396157979965,0.9913609623908997,0,0,0,0,0,0,0,0,0,0,0,0,0,0
10.072808027267456,1.0,0.01345282793045044,0.08420641720294952,-0.009480774402618408,-0.08558768033981323,5.370733261108398,-1.9699474573135376,3.0609469413757324,-0.9173853993415833,0.03,1.227503776550293,-0.11381731182336807,0.32697930932044983,0.011944021098315716,0.04051769897341728,-0.12417396157979965,0.9913609623908997,0,0,0,0,0,0,0,0,0,0,0,0,0,0
10.074260950088501,1.0,0.01345282793045044,0.08420641720294952,-0.009480774402618408,-0.08558768033981323,5.370733261108398,-1.9699474573135376,3.0609469413757324,-0.9173853993415833,0.03,1.227503776550293,-0.11381731182336807,0.32697930932044983,0.011944021098315716,0.04051769897341728,-0.12417396157979965,0.9913609623908997,0,0,0,0,0,0,0,0,0,0,0,0,0,0
10.075662851333618,1.0,0.01345282793045044,0.08420641720294952,-0.009480774402618408,-0.08558768033981323,5.370733261108398,-1.9699474573135376,3.0609469413757324,-0.9173853993415833,0.03,1.227503776550293,-0.11381731182336807,0.32697930932044983,0.011944021098315716,0.04051769897341728,-0.12417396157979965,0.9913609623908997,0,0,0,0,0,0,0,0,0,0,0,0,0,0
10.077208757400513,1.0,0.01345282793045044,0.08420641720294952,-0.009480774402618408,-0.08558768033981323,5.370733261108398,-1.9699474573135376,3.0609469413757324,-0.9173853993415833,0.03,1.227503776550293,-0.11381731182336807,0.32697930932044983,0.011944021098315716,0.04051769897341728,-0.12417396157979965,0.9913609623908997,0,0,0,0,0,0,0,0,0,0,0,0,0,0
10.079392194747925,1.0,0.01345282793045044,0.08420641720294952,-0.009480774402618408,-0.08558768033981323,5.370733261108398,-1.9699474573135376,3.0609469413757324,-0.9173853993415833,0.03,1.227503776550293,-0.11381731182336807,0.32697930932044983,0.011944021098315716,0.04051769897341728,-0.12417396157979965,0.9913609623908997,0,0,0,0,0,0,0,0,0,0,0,0,0,0
10.080490112304688,1.0,0.01345282793045044,0.08420641720294952,-0.009480774402618408,-0.08558768033981323,5.370733261108398,-1.9699474573135376,3.0609469413757324,-0.9173853993415833,0.03,1.227503776550293,-0.11381731182336807,0.32697930932044983,0.011944021098315716,0.04051769897341728,-0.12417396157979965,0.9913609623908997,0,0,0,0,0,0,0,0,0,0,0,0,0,0
10.081589460372925,1.0,0.01345282793045044,0.08420641720294952,-0.009480774402618408,-0.08558768033981323,5.370733261108398,-1.9699474573135376,3.0609469413757324,-0.9173853993415833,0.03,1.227503776550293,-0.11381731182336807,0.32697930932044983,0.011944021098315716,0.04051769897341728,-0.12417396157979965,0.9913609623908997,0,0,0,0,0,0,0,0,0,0,0,0,0,0
10.083362340927124,1.0,0.01345282793045044,0.08420641720294952,-0.009480774402618408,-0.08558768033981323,5.370733261108398,-1.9699474573135376,3.0609469413757324,-0.9173853993415833,0.03,1.227503776550293,-0.11381731182336807,0.32697930932044983,0.011944021098315716,0.04051769897341728,-0.12417396157979965,0.9913609623908997,0,0,0,0,0,0,0,0,0,0,0,0,0,0
10.08510422706604,1.0,0.01345282793045044,0.08420641720294952,-0.009480774402618408,-0.08558768033981323,5.370733261108398,-1.9699474573135376,3.0609469413757324,-0.9173853993415833,0.03,1.227503776550293,-0.11381731182336807,0.32697930932044983,0.011944021098315716,0.04051769897341728,-0.12417396157979965,0.9913609623908997,0,0,0,0,0,0,0,0,0,0,0,0,0,0
10.086366415023804,1.0,0.01345282793045044,0.08420641720294952,-0.009480774402618408,-0.08558768033981323,5.370733261108398,-1.9699474573135376,3.0609469413757324,-0.9173853993415833,0.03,1.228023886680603,-0.11379534006118774,0.3268512785434723,0.013564817607402802,0.0419190488755703,-0.106647789478302,0.9933201670646667,0,0,0,0,0,0,0,0,0,0,0,0,0,0
10.087539196014404,1.0,0.01345282793045044,0.08420641720294952,-0.009480774402618408,-0.08558768033981323,5.370733261108398,-1.9699474573135376,3.0609469413757324,-0.9173853993415833,0.03,1.228023886680603,-0.11379534006118774,0.3268512785434723,0.013564817607402802,0.0419190488755703,-0.106647789478302,0.9933201670646667,0,0,0,0,0,0,0,0,0,0,0,0,0,0
10.088599920272827,1.0,0.01345282793045044,0.08420641720294952,-0.009480774402618408,-0.08558768033981323,5.370733261108398,-1.9699474573135376,3.0609469413757324,-0.9173853993415833,0.03,1.228023886680603,-0.11379534006118774,0.3268512785434723,0.013564817607402802,0.0419190488755703,-0.106647789478302,0.9933201670646667,0,0,0,0,0,0,0,0,0,0,0,0,0,0
10.089766502380371,1.0,0.01345282793045044,0.08420641720294952,-0.009480774402618408,-0.08558768033981323,5.370733261108398,-1.9699474573135376,3.0609469413757324,-0.9173853993415833,0.03,1.228023886680603,-0.11379534006118774,0.3268512785434723,0.013564817607402802,0.0419190488755703,-0.106647789478302,0.9933201670646667,0,0,0,0,0,0,0,0,0,0,0,0,0,0
10.090832471847534,1.0,0.01345282793045044,0.08420641720294952,-0.009480774402618408,-0.08558768033981323,5.370733261108398,-1.9699474573135376,3.0609469413757324,-0.9173853993415833,0.03,1.228023886680603,-0.11379534006118774,0.3268512785434723,0.013564817607402802,0.0419190488755703,-0.106647789478302,0.9933201670646667,0,0,0,0,0,0,0,0,0,0,0,0,0,0
10.09189510345459,1.0,0.01345282793045044,0.08420641720294952,-0.009480774402618408,-0.08558768033981323,5.370733261108398,-1.9699474573135376,3.0609469413757324,-0.9173853993415833,0.03,1.228023886680603,-0.11379534006118774,0.3268512785434723,0.013564817607402802,0.0419190488755703,-0.106647789478302,0.9933201670646667,0,0,0,0,0,0,0,0,0,0,0,0,0,0
10.093079805374146,1.0,0.01345282793045044,0.08420641720294952,-0.009480774402618408,-0.08558768033981323,5.370733261108398,-1.9699474573135376,3.0609469413757324,-0.9173853993415833,0.03,1.228023886680603,-0.11379534006118774,0.3268512785434723,0.013564817607402802,0.0419190488755703,-0.106647789478302,0.9933201670646667,0,0,0,0,0,0,0,0,0,0,0,0,0,0
10.09431529045105,1.0,0.01345282793045044,0.08420641720294952,-0.009480774402618408,-0.08558768033981323,5.370733261108398,-1.9699474573135376,3.0609469413757324,-0.9173853993415833,0.03,1.228023886680603,-0.11379534006118774,0.3268512785434723,0.013564817607402802,0.0419190488755703,-0.106647789478302,0.9933201670646667,0,0,0,0,0,0,0,0,0,0,0,0,0,0
10.09570026397705,1.0,0.01345282793045044,0.08420641720294952,-0.009480774402618408,-0.08558768033981323,5.370733261108398,-1.9699474573135376,3.0609469413757324,-0.9173853993415833,0.03,1.228023886680603,-0.11379534006118774,0.3268512785434723,0.013564817607402802,0.0419190488755703,-0.106647789478302,0.9933201670646667,0,0,0,0,0,0,0,0,0,0,0,0,0,0
10.096949100494385,1.0,0.01345282793045044,0.08420641720294952,-0.009480774402618408,-0.08558768033981323,5.370733261108398,-1.9699474573135376,3.0609469413757324,-0.9173853993415833,0.03,1.228023886680603,-0.11379534006118774,0.3268512785434723,0.013564817607402802,0.0419190488755703,-0.106647789478302,0.9933201670646667,0,0,0,0,0,0,0,0,0,0,0,0,0,0
10.098780155181885,1.0,0.01345282793045044,0.08420641720294952,-0.009480774402618408,-0.08558768033981323,5.370733261108398,-1.9699474573135376,3.0609469413757324,-0.9173853993415833,0.03,1.228609323501587,-0.11411094665527344,0.3264755606651306,0.012914951890707016,0.04392320290207863,-0.11446814984083176,0.9923714399337769,0,0,0,0,0,0,0,0,0,0,0,0,0,0
10.100174903869629,1.0,0.01345282793045044,0.08420641720294952,-0.009480774402618408,-0.08558768033981323,5.370733261108398,-1.9699474573135376,3.0609469413757324,-0.9173853993415833,0.03,1.228609323501587,-0.11411094665527344,0.3264755606651306,0.012914951890707016,0.04392320290207863,-0.11446814984083176,0.9923714399337769,0,0,0,0,0,0,0,0,0,0,0,0,0,0
10.102031230926514,1.0,0.01345282793045044,0.08420641720294952,-0.009480774402618408,-0.08558768033981323,5.370733261108398,-1.9699474573135376,3.0609469413757324,-0.9173853993415833,0.03,1.229096531867981,-0.11450592428445816,0.32586708664894104,0.010821632109582424,0.047477759420871735,-0.13104072213172913,0.9901803731918335,0,0,0,0,0,0,0,0,0,0,0,0,0,0
10.104891061782837,1.0,0.01345282793045044,0.08420641720294952,-0.009480774402618408,-0.08558768033981323,5.370733261108398,-1.9699474573135376,3.0609469413757324,-0.9173853993415833,0.03,1.229096531867981,-0.11450592428445816,0.32586708664894104,0.010821632109582424,0.047477759420871735,-0.13104072213172913,0.9901803731918335,0,0,0,0,0,0,0,0,0,0,0,0,0,0
10.106252908706665,1.0,0.01345282793045044,0.08420641720294952,-0.009480774402618408,-0.08558768033981323,5.370733261108398,-1.9699474573135376,3.0609469413757324,-0.9173853993415833,0.03,1.2295849323272705,-0.11482783406972885,0.32507893443107605,0.0101025914773345,0.05249467492103577,-0.14270533621311188,0.9883204698562622,0,0,0,0,0,0,0,0,0,0,0,0,0,0
10.107481718063354,1.0,0.01345282793045044,0.08420641720294952,-0.009480774402618408,-0.08558768033981323,5.370733261108398,-1.9699474573135376,3.0609469413757324,-0.9173853993415833,0.03,1.2295849323272705,-0.11482783406972885,0.32507893443107605,0.0101025914773345,0.05249467492103577,-0.14270533621311188,0.9883204698562622,0,0,0,0,0,0,0,0,0,0,0,0,0,0
10.109081745147705,1.0,0.01345282793045044,0.08420641720294952,-0.009480774402618408,-0.08558768033981323,5.370733261108398,-1.9699474573135376,3.0609469413757324,-0.9173853993415833,0.03,1.2295849323272705,-0.11482783406972885,0.32507893443107605,0.0101025914773345,0.05249467492103577,-0.14270533621311188,0.9883204698562622,0,0,0,0,0,0,0,0,0,0,0,0,0,0
10.11058497428894,1.0,0.01345282793045044,0.08420641720294952,-0.009480774402618408,-0.08558768033981323,5.370733261108398,-1.9699474573135376,3.0609469413757324,-0.9173853993415833,0.03,1.2295849323272705,-0.11482783406972885,0.32507893443107605,0.0101025914773345,0.05249467492103577,-0.14270533621311188,0.9883204698562622,0,0,0,0,0,0,0,0,0,0,0,0,0,0
10.111808061599731,1.0,0.01345282793045044,0.08420641720294952,-0.009480774402618408,-0.08558768033981323,5.370733261108398,-1.9699474573135376,3.0609469413757324,-0.9173853993415833,0.03,1.2295849323272705,-0.11482783406972885,0.32507893443107605,0.0101025914773345,0.05249467492103577,-0.14270533621311188,0.9883204698562622,0,0,0,0,0,0,0,0,0,0,0,0,0,0
10.112889289855957,1.0,0.01345282793045044,0.08420641720294952,-0.009480774402618408,-0.08558768033981323,5.370733261108398,-1.9699474573135376,3.0609469413757324,-0.9173853993415833,0.03,1.2295849323272705,-0.11482783406972885,0.32507893443107605,0.0101025914773345,0.05249467492103577,-0.14270533621311188,0.9883204698562622,0,0,0,0,0,0,0,0,0,0,0,0,0,0
10.114448547363281,1.0,0.01345282793045044,0.08420641720294952,-0.009480774402618408,-0.08558768033981323,5.370733261108398,-1.9699474573135376,3.0609469413757324,-0.9173853993415833,0.03,1.2295849323272705,-0.11482783406972885,0.32507893443107605,0.0101025914773345,0.05249467492103577,-0.14270533621311188,0.9883204698562622,0,0,0,0,0,0,0,0,0,0,0,0,0,0
10.116161823272705,1.0,0.01345282793045044,0.08420641720294952,-0.009480774402618408,-0.08558768033981323,5.370733261108398,-1.9699474573135376,3.0609469413757324,-0.9173853993415833,0.03,1.2295849323272705,-0.11482783406972885,0.32507893443107605,0.0101025914773345,0.05249467492103577,-0.14270533621311188,0.9883204698562622,0,0,0,0,0,0,0,0,0,0,0,0,0,0
10.117282152175903,1.0,0.01345282793045044,0.08420641720294952,-0.009480774402618408,-0.08558768033981323,5.370733261108398,-1.9699474573135376,3.0609469413757324,-0.9173853993415833,0.03,1.230476975440979,-0.1150418147444725,0.3234412372112274,0.015969671308994293,0.06421644240617752,-0.13498252630233765,0.9886359572410583,0,0,0,0,0,0,0,0,0,0,0,0,0,0
10.11863088607788,1.0,0.01345282793045044,0.08420641720294952,-0.009480774402618408,-0.08558768033981323,5.370733261108398,-1.9699474573135376,3.0609469413757324,-0.9173853993415833,0.03,1.230476975440979,-0.1150418147444725,0.3234412372112274,0.015969671308994293,0.06421644240617752,-0.13498252630233765,0.9886359572410583,0,0,0,0,0,0,0,0,0,0,0,0,0,0
10.11976432800293,1.0,0.01345282793045044,0.08420641720294952,-0.009480774402618408,-0.08558768033981323,5.370733261108398,-1.9699474573135376,3.0609469413757324,-0.9173853993415833,0.03,1.230476975440979,-0.1150418147444725,0.3234412372112274,0.015969671308994293,0.06421644240617752,-0.13498252630233765,0.9886359572410583,0,0,0,0,0,0,0,0,0,0,0,0,0,0
10.12085509300232,1.0,0.01345282793045044,0.08420641720294952,-0.009480774402618408,-0.08558768033981323,5.370733261108398,-1.9699474573135376,3.0609469413757324,-0.9173853993415833,0.03,1.230476975440979,-0.1150418147444725,0.3234412372112274,0.015969671308994293,0.06421644240617752,-0.13498252630233765,0.9886359572410583,0,0,0,0,0,0,0,0,0,0,0,0,0,0
10.121929407119751,1.0,0.01345282793045044,0.08420641720294952,-0.009480774402618408,-0.08558768033981323,5.370733261108398,-1.9699474573135376,3.0609469413757324,-0.9173853993415833,0.03,1.230476975440979,-0.1150418147444725,0.3234412372112274,0.015969671308994293,0.06421644240617752,-0.13498252630233765,0.9886359572410583,0,0,0,0,0,0,0,0,0,0,0,0,0,0
10.123332738876343,1.0,0.01345282793045044,0.08420641720294952,-0.009480774402618408,-0.08558768033981323,5.370733261108398,-1.9699474573135376,3.0609469413757324,-0.9173853993415833,0.03,1.230476975440979,-0.1150418147444725,0.3234412372112274,0.015969671308994293,0.06421644240617752,-0.13498252630233765,0.9886359572410583,0,0,0,0,0,0,0,0,0,0,0,0,0,0
10.125049829483032,1.0,0.01345282793045044,0.08420641720294952,-0.009480774402618408,-0.08558768033981323,5.370733261108398,-1.9699474573135376,3.0609469413757324,-0.9173853993415833,0.03,1.230476975440979,-0.1150418147444725,0.3234412372112274,0.015969671308994293,0.06421644240617752,-0.13498252630233765,0.9886359572410583,0,0,0,0,0,0,0,0,0,0,0,0,0,0
10.12870979309082,1.0,0.01345282793045044,0.08420641720294952,-0.009480774402618408,-0.08558768033981323,5.370733261108398,-1.9699474573135376,3.0609469413757324,-0.9173853993415833,0.03,1.230476975440979,-0.1150418147444725,0.3234412372112274,0.015969671308994293,0.06421644240617752,-0.13498252630233765,0.9886359572410583,0,0,0,0,0,0,0,0,0,0,0,0,0,0
10.12997817993164,1.0,0.01345282793045044,0.08420641720294952,-0.009480774402618408,-0.08558768033981323,5.370733261108398,-1.9699474573135376,3.0609469413757324,-0.9173853993415833,0.03,1.230476975440979,-0.1150418147444725,0.3234412372112274,0.015969671308994293,0.06421644240617752,-0.13498252630233765,0.9886359572410583,0,0,0,0,0,0,0,0,0,0,0,0,0,0
10.131206512451172,1.0,0.01345282793045044,0.08420641720294952,-0.009480774402618408,-0.08558768033981323,5.370733261108398,-1.9699474573135376,3.0609469413757324,-0.9173853993415833,0.03,1.230476975440979,-0.1150418147444725,0.3234412372112274,0.015969671308994293,0.06421644240617752,-0.13498252630233765,0.9886359572410583,0,0,0,0,0,0,0,0,0,0,0,0,0,0
10.132980823516846,1.0,0.01345282793045044,0.08420641720294952,-0.009480774402618408,-0.08558768033981323,5.370733261108398,-1.9699474573135376,3.0609469413757324,-0.9173853993415833,0.03,1.230476975440979,-0.1150418147444725,0.3234412372112274,0.015969671308994293,0.06421644240617752,-0.13498252630233765,0.9886359572410583,0,0,0,0,0,0,0,0,0,0,0,0,0,0
10.13427996635437,1.0,0.01345282793045044,0.08420641720294952,-0.009480774402618408,-0.08558768033981323,5.370733261108398,-1.9699474573135376,3.0609469413757324,-0.9173853993415833,0.03,1.230476975440979,-0.1150418147444725,0.3234412372112274,0.015969671308994293,0.06421644240617752,-0.13498252630233765,0.9886359572410583,0,0,0,0,0,0,0,0,0,0,0,0,0,0
10.135693311691284,1.0,0.002886950969696045,0.07621748745441437,-0.0016556382179260254,-0.0726051926612854,2.29734206199646,6.753652095794678,2.3850536346435547,-5.346130847930908,0.03,1.230476975440979,-0.1150418147444725,0.3234412372112274,0.015969671308994293,0.06421644240617752,-0.13498252630233765,0.9886359572410583,0,0,0,0,0,0,0,0,0,0,0,0,0,0
10.137014865875244,1.0,0.003964781761169434,0.053509294986724854,-0.0010075569152832031,-0.04915565252304077,2.880558490753174,5.745067596435547,1.2078769207000732,-3.5972232818603516,0.03,1.230476975440979,-0.1150418147444725,0.3234412372112274,0.015969671308994293,0.06421644240617752,-0.13498252630233765,0.9886359572410583,0,0,0,0,0,0,0,0,0,0,0,0,0,0
10.138374328613281,1.0,0.003964781761169434,0.053509294986724854,-0.0010075569152832031,-0.04915565252304077,2.880558490753174,5.745067596435547,1.2078769207000732,-3.5972232818603516,0.03,1.230476975440979,-0.1150418147444725,0.3234412372112274,0.015969671308994293,0.06421644240617752,-0.13498252630233765,0.9886359572410583,0,0,0,0,0,0,0,0,0,0,0,0,0,0
10.139663696289062,1.0,0.003964781761169434,0.053509294986724854,-0.0010075569152832031,-0.04915565252304077,2.880558490753174,5.745067596435547,1.2078769207000732,-3.5972232818603516,0.03,1.230476975440979,-0.1150418147444725,0.3234412372112274,0.015969671308994293,0.06421644240617752,-0.13498252630233765,0.9886359572410583,0,0,0,0,0,0,0,0,0,0,0,0,0,0
10.140908479690552,1.0,0.003964781761169434,0.053509294986724854,-0.0010075569152832031,-0.04915565252304077,2.880558490753174,5.745067596435547,1.2078769207000732,-3.5972232818603516,0.03,1.230476975440979,-0.1150418147444725,0.3234412372112274,0.015969671308994293,0.06421644240617752,-0.13498252630233765,0.9886359572410583,0,0,0,0,0,0,0,0,0,0,0,0,0,0
10.141999006271362,1.0,0.003964781761169434,0.053509294986724854,-0.0010075569152832031,-0.04915565252304077,2.880558490753174,5.745067596435547,1.2078769207000732,-3.5972232818603516,0.03,1.230476975440979,-0.1150418147444725,0.3234412372112274,0.015969671308994293,0.06421644240617752,-0.13498252630233765,0.9886359572410583,0,0,0,0,0,0,0,0,0,0,0,0,0,0
10.143499374389648,1.0,0.003964781761169434,0.053509294986724854,-0.0010075569152832031,-0.04915565252304077,2.880558490753174,5.745067596435547,1.2078769207000732,-3.5972232818603516,0.03,1.230476975440979,-0.1150418147444725,0.3234412372112274,0.015969671308994293,0.06421644240617752,-0.13498252630233765,0.9886359572410583,0,0,0,0,0,0,0,0,0,0,0,0,0,0
10.144582748413086,1.0,0.003964781761169434,0.053509294986724854,-0.0010075569152832031,-0.04915565252304077,2.880558490753174,5.745067596435547,1.2078769207000732,-3.5972232818603516,0.03,1.230476975440979,-0.1150418147444725,0.3234412372112274,0.015969671308994293,0.06421644240617752,-0.13498252630233765,0.9886359572410583,0,0,0,0,0,0,0,0,0,0,0,0,0,0
10.145698070526123,1.0,0.003964781761169434,0.053509294986724854,-0.0010075569152832031,-0.04915565252304077,2.880558490753174,5.745067596435547,1.2078769207000732,-3.5972232818603516,0.03,1.230476975440979,-0.1150418147444725,0.3234412372112274,0.015969671308994293,0.06421644240617752,-0.13498252630233765,0.9886359572410583,0,0,0,0,0,0,0,0,0,0,0,0,0,0
10.146961688995361,1.0,0.003964781761169434,0.053509294986724854,-0.0010075569152832031,-0.04915565252304077,2.880558490753174,5.745067596435547,1.2078769207000732,-3.5972232818603516,0.03,1.230476975440979,-0.1150418147444725,0.3234412372112274,0.015969671308994293,0.06421644240617752,-0.13498252630233765,0.9886359572410583,0,0,0,0,0,0,0,0,0,0,0,0,0,0
10.14878797531128,1.0,0.003964781761169434,0.053509294986724854,-0.0010075569152832031,-0.04915565252304077,2.880558490753174,5.745067596435547,1.2078769207000732,-3.5972232818603516,0.03,1.230476975440979,-0.1150418147444725,0.3234412372112274,0.015969671308994293,0.06421644240617752,-0.13498252630233765,0.9886359572410583,0,0,0,0,0,0,0,0,0,0,0,0,0,0
10.149947166442871,1.0,0.003964781761169434,0.053509294986724854,-0.0010075569152832031,-0.04915565252304077,2.880558490753174,5.745067596435547,1.2078769207000732,-3.5972232818603516,0.03,1.230476975440979,-0.1150418147444725,0.3234412372112274,0.015969671308994293,0.06421644240617752,-0.13498252630233765,0.9886359572410583,0,0,0,0,0,0,0,0,0,0,0,0,0,0
10.151609182357788,1.0,0.003964781761169434,0.053509294986724854,-0.0010075569152832031,-0.04915565252304077,2.880558490753174,5.745067596435547,1.2078769207000732,-3.5972232818603516,0.03,1.230476975440979,-0.1150418147444725,0.3234412372112274,0.015969671308994293,0.06421644240617752,-0.13498252630233765,0.9886359572410583,0,0,0,0,0,0,0,0,0,0,0,0,0,0
10.152746677398682,1.0,0.003964781761169434,0.053509294986724854,-0.0010075569152832031,-0.04915565252304077,2.880558490753174,5.745067596435547,1.2078769207000732,-3.5972232818603516,0.03,1.230476975440979,-0.1150418147444725,0.3234412372112274,0.015969671308994293,0.06421644240617752,-0.13498252630233765,0.9886359572410583,0,0,0,0,0,0,0,0,0,0,0,0,0,0
10.154213428497314,1.0,0.003964781761169434,0.053509294986724854,-0.0010075569152832031,-0.04915565252304077,2.880558490753174,5.745067596435547,1.2078769207000732,-3.5972232818603516,0.03,1.230476975440979,-0.1150418147444725,0.3234412372112274,0.015969671308994293,0.06421644240617752,-0.13498252630233765,0.9886359572410583,0,0,0,0,0,0,0,0,0,0,0,0,0,0
10.157009601593018,1.0,0.003964781761169434,0.053509294986724854,-0.0010075569152832031,-0.04915565252304077,2.880558490753174,5.745067596435547,1.2078769207000732,-3.5972232818603516,0.03,1.230476975440979,-0.1150418147444725,0.3234412372112274,0.015969671308994293,0.06421644240617752,-0.13498252630233765,0.9886359572410583,0,0,0,0,0,0,0,0,0,0,0,0,0,0
10.158635377883911,1.0,0.003964781761169434,0.053509294986724854,-0.0010075569152832031,-0.04915565252304077,2.880558490753174,5.745067596435547,1.2078769207000732,-3.5972232818603516,0.03,1.230476975440979,-0.1150418147444725,0.3234412372112274,0.015969671308994293,0.06421644240617752,-0.13498252630233765,0.9886359572410583,0,0,0,0,0,0,0,0,0,0,0,0,0,0
10.160056114196777,1.0,0.003964781761169434,0.053509294986724854,-0.0010075569152832031,-0.04915565252304077,2.880558490753174,5.745067596435547,1.2078769207000732,-3.5972232818603516,0.03,1.230476975440979,-0.1150418147444725,0.3234412372112274,0.015969671308994293,0.06421644240617752,-0.13498252630233765,0.9886359572410583,0,0,0,0,0,0,0,0,0,0,0,0,0,0
10.161885499954224,1.0,0.003964781761169434,0.053509294986724854,-0.0010075569152832031,-0.04915565252304077,2.880558490753174,5.745067596435547,1.2078769207000732,-3.5972232818603516,0.03,1.230476975440979,-0.1150418147444725,0.3234412372112274,0.015969671308994293,0.06421644240617752,-0.13498252630233765,0.9886359572410583,0,0,0,0,0,0,0,0,0,0,0,0,0,0
10.163251638412476,1.0,0.003964781761169434,0.053509294986724854,-0.0010075569152832031,-0.04915565252304077,2.880558490753174,5.745067596435547,1.2078769207000732,-3.5972232818603516,0.03,1.230476975440979,-0.1150418147444725,0.3234412372112274,0.015969671308994293,0.06421644240617752,-0.13498252630233765,0.9886359572410583,0,0,0,0,0,0,0,0,0,0,0,0,0,0
10.164364099502563,1.0,0.003964781761169434,0.053509294986724854,-0.0010075569152832031,-0.04915565252304077,2.880558490753174,5.745067596435547,1.2078769207000732,-3.5972232818603516,0.03,1.230476975440979,-0.1150418147444725,0.3234412372112274,0.015969671308994293,0.06421644240617752,-0.13498252630233765,0.9886359572410583,0,0,0,0,0,0,0,0,0,0,0,0,0,0
10.165467977523804,1.0,0.003964781761169434,0.053509294986724854,-0.0010075569152832031,-0.04915565252304077,2.880558490753174,5.745067596435547,1.2078769207000732,-3.5972232818603516,0.03,1.230476975440979,-0.1150418147444725,0.3234412372112274,0.015969671308994293,0.06421644240617752,-0.13498252630233765,0.9886359572410583,0,0,0,0,0,0,0,0,0,0,0,0,0,0
10.166557550430298,1.0,0.003964781761169434,0.053509294986724854,-0.0010075569152832031,-0.04915565252304077,2.880558490753174,5.745067596435547,1.2078769207000732,-3.5972232818603516,0.03,1.230476975440979,-0.1150418147444725,0.3234412372112274,0.015969671308994293,0.06421644240617752,-0.13498252630233765,0.9886359572410583,0,0,0,0,0,0,0,0,0,0,0,0,0,0
10.167644023895264,1.0,0.003964781761169434,0.053509294986724854,-0.0010075569152832031,-0.04915565252304077,2.880558490753174,5.745067596435547,1.2078769207000732,-3.5972232818603516,0.03,1.230476975440979,-0.1150418147444725,0.3234412372112274,0.015969671308994293,0.06421644240617752,-0.13498252630233765,0.9886359572410583,0,0,0,0,0,0,0,0,0,0,0,0,0,0
10.16883373260498,1.0,0.003964781761169434,0.053509294986724854,-0.0010075569152832031,-0.04915565252304077,2.880558490753174,5.745067596435547,1.2078769207000732,-3.5972232818603516,0.03,1.230476975440979,-0.1150418147444725,0.3234412372112274,0.015969671308994293,0.06421644240617752,-0.13498252630233765,0.9886359572410583,0,0,0,0,0,0,0,0,0,0,0,0,0,0
10.170017957687378,1.0,0.003964781761169434,0.053509294986724854,-0.0010075569152832031,-0.04915565252304077,2.880558490753174,5.745067596435547,1.2078769207000732,-3.5972232818603516,0.03,1.230476975440979,-0.1150418147444725,0.3234412372112274,0.015969671308994293,0.06421644240617752,-0.13498252630233765,0.9886359572410583,0,0,0,0,0,0,0,0,0,0,0,0,0,0
10.171103239059448,1.0,0.003964781761169434,0.053509294986724854,-0.0010075569152832031,-0.04915565252304077,2.880558490753174,5.745067596435547,1.2078769207000732,-3.5972232818603516,0.03,1.230476975440979,-0.1150418147444725,0.3234412372112274,0.015969671308994293,0.06421644240617752,-0.13498252630233765,0.9886359572410583,0,0,0,0,0,0,0,0,0,0,0,0,0,0
10.172226428985596,1.0,0.003964781761169434,0.053509294986724854,-0.0010075569152832031,-0.04915565252304077,2.880558490753174,5.745067596435547,1.2078769207000732,-3.5972232818603516,0.03,1.230476975440979,-0.1150418147444725,0.3234412372112274,0.015969671308994293,0.06421644240617752,-0.13498252630233765,0.9886359572410583,0,0,0,0,0,0,0,0,0,0,0,0,0,0
10.173592805862427,1.0,0.003964781761169434,0.053509294986724854,-0.0010075569152832031,-0.04915565252304077,2.880558490753174,5.745067596435547,1.2078769207000732,-3.5972232818603516,0.03,1.230476975440979,-0.1150418147444725,0.3234412372112274,0.015969671308994293,0.06421644240617752,-0.13498252630233765,0.9886359572410583,0,0,0,0,0,0,0,0,0,0,0,0,0,0
10.174683570861816,1.0,0.003964781761169434,0.053509294986724854,-0.0010075569152832031,-0.04915565252304077,2.880558490753174,5.745067596435547,1.2078769207000732,-3.5972232818603516,0.03,1.230476975440979,-0.1150418147444725,0.3234412372112274,0.015969671308994293,0.06421644240617752,-0.13498252630233765,0.9886359572410583,0,0,0,0,0,0,0,0,0,0,0,0,0,0
10.17663836479187,1.0,0.003964781761169434,0.053509294986724854,-0.0010075569152832031,-0.04915565252304077,2.880558490753174,5.745067596435547,1.2078769207000732,-3.5972232818603516,0.03,1.230476975440979,-0.1150418147444725,0.3234412372112274,0.015969671308994293,0.06421644240617752,-0.13498252630233765,0.9886359572410583,0,0,0,0,0,0,0,0,0,0,0,0,0,0
10.178315162658691,1.0,0.003964781761169434,0.053509294986724854,-0.0010075569152832031,-0.04915565252304077,2.880558490753174,5.745067596435547,1.2078769207000732,-3.5972232818603516,0.03,1.230476975440979,-0.1150418147444725,0.3234412372112274,0.015969671308994293,0.06421644240617752,-0.13498252630233765,0.9886359572410583,0,0,0,0,0,0,0,0,0,0,0,0,0,0
10.180314779281616,1.0,0.003964781761169434,0.053509294986724854,-0.0010075569152832031,-0.04915565252304077,2.880558490753174,5.745067596435547,1.2078769207000732,-3.5972232818603516,0.03,1.230476975440979,-0.1150418147444725,0.3234412372112274,0.015969671308994293,0.06421644240617752,-0.13498252630233765,0.9886359572410583,0,0,0,0,0,0,0,0,0,0,0,0,0,0
10.181722640991211,1.0,0.003964781761169434,0.053509294986724854,-0.0010075569152832031,-0.04915565252304077,2.880558490753174,5.745067596435547,1.2078769207000732,-3.5972232818603516,0.03,1.230476975440979,-0.1150418147444725,0.3234412372112274,0.015969671308994293,0.06421644240617752,-0.13498252630233765,0.9886359572410583,0,0,0,0,0,0,0,0,0,0,0,0,0,0
10.182921648025513,1.0,0.003964781761169434,0.053509294986724854,-0.0010075569152832031,-0.04915565252304077,2.880558490753174,5.745067596435547,1.2078769207000732,-3.5972232818603516,0.03,1.230476975440979,-0.1150418147444725,0.3234412372112274,0.015969671308994293,0.06421644240617752,-0.13498252630233765,0.9886359572410583,0,0,0,0,0,0,0,0,0,0,0,0,0,0
10.185292959213257,1.0,0.003964781761169434,0.053509294986724854,-0.0010075569152832031,-0.04915565252304077,2.880558490753174,5.745067596435547,1.2078769207000732,-3.5972232818603516,0.03,1.230476975440979,-0.1150418147444725,0.3234412372112274,0.015969671308994293,0.06421644240617752,-0.13498252630233765,0.9886359572410583,0,0,0,0,0,0,0,0,0,0,0,0,0,0
10.186871767044067,1.0,0.003964781761169434,0.053509294986724854,-0.0010075569152832031,-0.04915565252304077,2.880558490753174,5.745067596435547,1.2078769207000732,-3.5972232818603516,0.03,1.230476975440979,-0.1150418147444725,0.3234412372112274,0.015969671308994293,0.06421644240617752,-0.13498252630233765,0.9886359572410583,0,0,0,0,0,0,0,0,0,0,0,0,0,0
10.188127756118774,1.0,0.003964781761169434,0.053509294986724854,-0.0010075569152832031,-0.04915565252304077,2.880558490753174,5.745067596435547,1.2078769207000732,-3.5972232818603516,0.03,1.230476975440979,-0.1150418147444725,0.3234412372112274,0.015969671308994293,0.06421644240617752,-0.13498252630233765,0.9886359572410583,0,0,0,0,0,0,0,0,0,0,0,0,0,0
10.190171241760254,1.0,0.003964781761169434,0.053509294986724854,-0.0010075569152832031,-0.04915565252304077,2.880558490753174,5.745067596435547,1.2078769207000732,-3.5972232818603516,0.03,1.230476975440979,-0.1150418147444725,0.3234412372112274,0.015969671308994293,0.06421644240617752,-0.13498252630233765,0.9886359572410583,0,0,0,0,0,0,0,0,0,0,0,0,0,0
10.192027568817139,1.0,0.003964781761169434,0.053509294986724854,-0.0010075569152832031,-0.04915565252304077,2.880558490753174,5.745067596435547,1.2078769207000732,-3.5972232818603516,0.03,1.230476975440979,-0.1150418147444725,0.3234412372112274,0.015969671308994293,0.06421644240617752,-0.13498252630233765,0.9886359572410583,0,0,0,0,0,0,0,0,0,0,0,0,0,0
10.193118572235107,1.0,0.003964781761169434,0.053509294986724854,-0.0010075569152832031,-0.04915565252304077,2.880558490753174,5.745067596435547,1.2078769207000732,-3.5972232818603516,0.03,1.230476975440979,-0.1150418147444725,0.3234412372112274,0.015969671308994293,0.06421644240617752,-0.13498252630233765,0.9886359572410583,0,0,0,0,0,0,0,0,0,0,0,0,0,0
10.194347143173218,1.0,0.003964781761169434,0.053509294986724854,-0.0010075569152832031,-0.04915565252304077,2.880558490753174,5.745067596435547,1.2078769207000732,-3.5972232818603516,0.03,1.230476975440979,-0.1150418147444725,0.3234412372112274,0.015969671308994293,0.06421644240617752,-0.13498252630233765,0.9886359572410583,0,0,0,0,0,0,0,0,0,0,0,0,0,0
10.195599555969238,1.0,0.003964781761169434,0.053509294986724854,-0.0010075569152832031,-0.04915565252304077,2.880558490753174,5.745067596435547,1.2078769207000732,-3.5972232818603516,0.03,1.230476975440979,-0.1150418147444725,0.3234412372112274,0.015969671308994293,0.06421644240617752,-0.13498252630233765,0.9886359572410583,0,0,0,0,0,0,0,0,0,0,0,0,0,0
10.196950197219849,1.0,0.003964781761169434,0.053509294986724854,-0.0010075569152832031,-0.04915565252304077,2.880558490753174,5.745067596435547,1.2078769207000732,-3.5972232818603516,0.03,1.230476975440979,-0.1150418147444725,0.3234412372112274,0.015969671308994293,0.06421644240617752,-0.13498252630233765,0.9886359572410583,0,0,0,0,0,0,0,0,0,0,0,0,0,0
10.199122428894043,1.0,0.003964781761169434,0.053509294986724854,-0.0010075569152832031,-0.04915565252304077,2.880558490753174,5.745067596435547,1.2078769207000732,-3.5972232818603516,0.03,1.230476975440979,-0.1150418147444725,0.3234412372112274,0.015969671308994293,0.06421644240617752,-0.13498252630233765,0.9886359572410583,0,0,0,0,0,0,0,0,0,0,0,0,0,0
10.201311588287354,1.0,0.003964781761169434,0.053509294986724854,-0.0010075569152832031,-0.04915565252304077,2.880558490753174,5.745067596435547,1.2078769207000732,-3.5972232818603516,0.03,1.230476975440979,-0.1150418147444725,0.3234412372112274,0.015969671308994293,0.06421644240617752,-0.13498252630233765,0.9886359572410583,0,0,0,0,0,0,0,0,0,0,0,0,0,0
10.202751398086548,1.0,0.003964781761169434,0.053509294986724854,-0.0010075569152832031,-0.04915565252304077,2.880558490753174,5.745067596435547,1.2078769207000732,-3.5972232818603516,0.03,1.230476975440979,-0.1150418147444725,0.3234412372112274,0.015969671308994293,0.06421644240617752,-0.13498252630233765,0.9886359572410583,0,0,0,0,0,0,0,0,0,0,0,0,0,0
10.203872919082642,1.0,0.003964781761169434,0.053509294986724854,-0.0010075569152832031,-0.04915565252304077,2.880558490753174,5.745067596435547,1.2078769207000732,-3.5972232818603516,0.03,1.230476975440979,-0.1150418147444725,0.3234412372112274,0.015969671308994293,0.06421644240617752,-0.13498252630233765,0.9886359572410583,0,0,0,0,0,0,0,0,0,0,0,0,0,0
10.205684900283813,1.0,0.003964781761169434,0.053509294986724854,-0.0010075569152832031,-0.04915565252304077,2.880558490753174,5.745067596435547,1.2078769207000732,-3.5972232818603516,0.03,1.2305959463119507,-0.11490218341350555,0.3229464590549469,0.013313756324350834,0.06851596385240555,-0.13907772302627563,0.9878186583518982,0,0,0,0,0,0,0,0,0,0,0,0,0,0
10.206965208053589,1.0,0.003964781761169434,0.053509294986724854,-0.0010075569152832031,-0.04915565252304077,2.880558490753174,5.745067596435547,1.2078769207000732,-3.5972232818603516,0.03,1.2304481267929077,-0.11486497521400452,0.3221783936023712,0.015990247949957848,0.07398917526006699,-0.14316901564598083,0.9867991805076599,0,0,0,0,0,0,0,0,0,0,0,0,0,0
10.20847749710083,1.0,0.003964781761169434,0.053509294986724854,-0.0010075569152832031,-0.04915565252304077,2.880558490753174,5.745067596435547,1.2078769207000732,-3.5972232818603516,0.03,1.2304481267929077,-0.11486497521400452,0.3221783936023712,0.015990247949957848,0.07398917526006699,-0.14316901564598083,0.9867991805076599,0,0,0,0,0,0,0,0,0,0,0,0,0,0
10.209782600402832,1.0,0.003964781761169434,0.053509294986724854,-0.0010075569152832031,-0.04915565252304077,2.880558490753174,5.745067596435547,1.2078769207000732,-3.5972232818603516,0.03,1.2304481267929077,-0.11486497521400452,0.3221783936023712,0.015990247949957848,0.07398917526006699,-0.14316901564598083,0.9867991805076599,0,0,0,0,0,0,0,0,0,0,0,0,0,0
10.211052179336548,1.0,0.003964781761169434,0.053509294986724854,-0.0010075569152832031,-0.04915565252304077,2.880558490753174,5.745067596435547,1.2078769207000732,-3.5972232818603516,0.03,1.23042893409729,-0.11501598358154297,0.3215915560722351,0.01754286140203476,0.0781722366809845,-0.13984715938568115,0.9869266748428345,0,0,0,0,0,0,0,0,0,0,0,0,0,0
10.213032007217407,1.0,0.003964781761169434,0.053509294986724854,-0.0010075569152832031,-0.04915565252304077,2.880558490753174,5.745067596435547,1.2078769207000732,-3.5972232818603516,0.03,1.23042893409729,-0.11501598358154297,0.3215915560722351,0.01754286140203476,0.0781722366809845,-0.13984715938568115,0.9869266748428345,0,0,0,0,0,0,0,0,0,0,0,0,0,0
10.214300870895386,1.0,0.003964781761169434,0.053509294986724854,-0.0010075569152832031,-0.04915565252304077,2.880558490753174,5.745067596435547,1.2078769207000732,-3.5972232818603516,0.03,1.23042893409729,-0.11501598358154297,0.3215915560722351,0.01754286140203476,0.0781722366809845,-0.13984715938568115,0.9869266748428345,0,0,0,0,0,0,0,0,0,0,0,0,0,0
10.217284202575684,1.0,0.003964781761169434,0.053509294986724854,-0.0010075569152832031,-0.04915565252304077,2.880558490753174,5.745067596435547,1.2078769207000732,-3.5972232818603516,0.03,1.23042893409729,-0.11501598358154297,0.3215915560722351,0.01754286140203476,0.0781722366809845,-0.13984715938568115,0.9869266748428345,0,0,0,0,0,0,0,0,0,0,0,0,0,0
10.218412160873413,1.0,0.003964781761169434,0.053509294986724854,-0.0010075569152832031,-0.04915565252304077,2.880558490753174,5.745067596435547,1.2078769207000732,-3.5972232818603516,0.03,1.23042893409729,-0.11501598358154297,0.3215915560722351,0.01754286140203476,0.0781722366809845,-0.13984715938568115,0.9869266748428345,0,0,0,0,0,0,0,0,0,0,0,0,0,0
10.219666004180908,1.0,0.003964781761169434,0.053509294986724854,-0.0010075569152832031,-0.04915565252304077,2.880558490753174,5.745067596435547,1.2078769207000732,-3.5972232818603516,0.03,1.23042893409729,-0.11501598358154297,0.3215915560722351,0.01754286140203476,0.0781722366809845,-0.13984715938568115,0.9869266748428345,0,0,0,0,0,0,0,0,0,0,0,0,0,0
10.221485376358032,1.0,0.003964781761169434,0.053509294986724854,-0.0010075569152832031,-0.04915565252304077,2.880558490753174,5.745067596435547,1.2078769207000732,-3.5972232818603516,0.03,1.23042893409729,-0.11501598358154297,0.3215915560722351,0.01754286140203476,0.0781722366809845,-0.13984715938568115,0.9869266748428345,0,0,0,0,0,0,0,0,0,0,0,0,0,0
10.225070714950562,1.0,0.003964781761169434,0.053509294986724854,-0.0010075569152832031,-0.04915565252304077,2.880558490753174,5.745067596435547,1.2078769207000732,-3.5972232818603516,0.03,1.23042893409729,-0.11501598358154297,0.3215915560722351,0.01754286140203476,0.0781722366809845,-0.13984715938568115,0.9869266748428345,0,0,0,0,0,0,0,0,0,0,0,0,0,0
10.22641372680664,1.0,0.003964781761169434,0.053509294986724854,-0.0010075569152832031,-0.04915565252304077,2.880558490753174,5.745067596435547,1.2078769207000732,-3.5972232818603516,0.03,1.23042893409729,-0.11501598358154297,0.3215915560722351,0.01754286140203476,0.0781722366809845,-0.13984715938568115,0.9869266748428345,0,0,0,0,0,0,0,0,0,0,0,0,0,0
10.227981328964233,1.0,0.003964781761169434,0.053509294986724854,-0.0010075569152832031,-0.04915565252304077,2.880558490753174,5.745067596435547,1.2078769207000732,-3.5972232818603516,0.03,1.23042893409729,-0.11501598358154297,0.3215915560722351,0.01754286140203476,0.0781722366809845,-0.13984715938568115,0.9869266748428345,0,0,0,0,0,0,0,0,0,0,0,0,0,0
10.22976279258728,1.0,0.0036140084266662598,0.03874439001083374,-0.0007447600364685059,-0.03154909610748291,2.7522807121276855,6.929125785827637,1.0831278562545776,-1.6812934875488281,0.03,1.23042893409729,-0.11501598358154297,0.3215915560722351,0.01754286140203476,0.0781722366809845,-0.13984715938568115,0.9869266748428345,0,0,0,0,0,0,0,0,0,0,0,0,0,0
10.230873107910156,1.0,0.0035629868507385254,0.03509235382080078,-0.0006494522094726562,-0.027408123016357422,2.772327184677124,7.156200408935547,1.0007871389389038,-2.151437997817993,0.03,1.2303900718688965,-0.11463923007249832,0.3210846483707428,0.025671271607279778,0.08320996910333633,-0.10351625829935074,0.9908086061477661,0,0,0,0,0,0,0,0,0,0,0,0,0,0
10.232752084732056,1.0,0.003468632698059082,0.031171783804893494,-0.0005273818969726562,-0.023141801357269287,2.6748478412628174,6.742972373962402,0.8842033743858337,-1.1076148748397827,0.03,1.2303900718688965,-0.11463923007249832,0.3210846483707428,0.025671271607279778,0.08320996910333633,-0.10351625829935074,0.9908086061477661,0,0,0,0,0,0,0,0,0,0,0,0,0,0
10.234153270721436,1.0,0.0033548474311828613,0.026540949940681458,-0.0003178119659423828,-0.018333494663238525,2.6696996688842773,7.09411096572876,0.6871965527534485,-1.3211700916290283,0.03,1.2303900718688965,-0.11463923007249832,0.3210846483707428,0.025671271607279778,0.08320996910333633,-0.10351625829935074,0.9908086061477661,0,0,0,0,0,0,0,0,0,0,0,0,0,0
10.23632287979126,1.0,0.003142833709716797,0.01969262957572937,-0.00016307830810546875,-0.011912405490875244,2.5241806507110596,6.85190486907959,0.6007104516029358,-0.5759692192077637,0.03,1.2299641370773315,-0.1144961267709732,0.3202536106109619,0.022857829928398132,0.09337040781974792,-0.1296330690383911,0.9868914484977722,0,0,0,0,0,0,0,0,0,0,0,0,0,0
10.237435817718506,1.0,0.003142833709716797,0.01969262957572937,-0.00016307830810546875,-0.011912405490875244,2.5241806507110596,6.85190486907959,0.6007104516029358,-0.5759692192077637,0.03,1.2299641370773315,-0.1144961267709732,0.3202536106109619,0.022857829928398132,0.09337040781974792,-0.1296330690383911,0.9868914484977722,0,0,0,0,0,0,0,0,0,0,0,0,0,0
10.239438533782959,1.0,0.003142833709716797,0.01969262957572937,-0.00016307830810546875,-0.011912405490875244,2.5241806507110596,6.85190486907959,0.6007104516029358,-0.5759692192077637,0.03,1.2299641370773315,-0.1144961267709732,0.3202536106109619,0.022857829928398132,0.09337040781974792,-0.1296330690383911,0.9868914484977722,0,0,0,0,0,0,0,0,0,0,0,0,0,0
10.240651845932007,1.0,0.003142833709716797,0.01969262957572937,-0.00016307830810546875,-0.011912405490875244,2.5241806507110596,6.85190486907959,0.6007104516029358,-0.5759692192077637,0.03,1.2299641370773315,-0.1144961267709732,0.3202536106109619,0.022857829928398132,0.09337040781974792,-0.1296330690383911,0.9868914484977722,0,0,0,0,0,0,0,0,0,0,0,0,0,0
10.2417573928833,1.0,0.003142833709716797,0.01969262957572937,-0.00016307830810546875,-0.011912405490875244,2.5241806507110596,6.85190486907959,0.6007104516029358,-0.5759692192077637,0.03,1.2299641370773315,-0.1144961267709732,0.3202536106109619,0.022857829928398132,0.09337040781974792,-0.1296330690383911,0.9868914484977722,0,0,0,0,0,0,0,0,0,0,0,0,0,0
10.242901802062988,1.0,0.003142833709716797,0.01969262957572937,-0.00016307830810546875,-0.011912405490875244,2.5241806507110596,6.85190486907959,0.6007104516029358,-0.5759692192077637,0.03,1.2299641370773315,-0.1144961267709732,0.3202536106109619,0.022857829928398132,0.09337040781974792,-0.1296330690383911,0.9868914484977722,0,0,0,0,0,0,0,0,0,0,0,0,0,0
10.2439866065979,1.0,0.003142833709716797,0.01969262957572937,-0.00016307830810546875,-0.011912405490875244,2.5241806507110596,6.85190486907959,0.6007104516029358,-0.5759692192077637,0.03,1.2299641370773315,-0.1144961267709732,0.3202536106109619,0.022857829928398132,0.09337040781974792,-0.1296330690383911,0.9868914484977722,0,0,0,0,0,0,0,0,0,0,0,0,0,0
10.245073556900024,1.0,0.003142833709716797,0.01969262957572937,-0.00016307830810546875,-0.011912405490875244,2.5241806507110596,6.85190486907959,0.6007104516029358,-0.5759692192077637,0.03,1.2299641370773315,-0.1144961267709732,0.3202536106109619,0.022857829928398132,0.09337040781974792,-0.1296330690383911,0.9868914484977722,0,0,0,0,0,0,0,0,0,0,0,0,0,0
10.246291160583496,1.0,0.003142833709716797,0.01969262957572937,-0.00016307830810546875,-0.011912405490875244,2.5241806507110596,6.85190486907959,0.6007104516029358,-0.5759692192077637,0.03,1.2299641370773315,-0.1144961267709732,0.3202536106109619,0.022857829928398132,0.09337040781974792,-0.1296330690383911,0.9868914484977722,0,0,0,0,0,0,0,0,0,0,0,0,0,0
10.247375965118408,1.0,0.003142833709716797,0.01969262957572937,-0.00016307830810546875,-0.011912405490875244,2.5241806507110596,6.85190486907959,0.6007104516029358,-0.5759692192077637,0.03,1.2299641370773315,-0.1144961267709732,0.3202536106109619,0.022857829928398132,0.09337040781974792,-0.1296330690383911,0.9868914484977722,0,0,0,0,0,0,0,0,0,0,0,0,0,0
10.248400211334229,1.0,0.003142833709716797,0.01969262957572937,-0.00016307830810546875,-0.011912405490875244,2.5241806507110596,6.85190486907959,0.6007104516029358,-0.5759692192077637,0.03,1.2299641370773315,-0.1144961267709732,0.3202536106109619,0.022857829928398132,0.09337040781974792,-0.1296330690383911,0.9868914484977722,0,0,0,0,0,0,0,0,0,0,0,0,0,0
10.249488592147827,1.0,0.003142833709716797,0.01969262957572937,-0.00016307830810546875,-0.011912405490875244,2.5241806507110596,6.85190486907959,0.6007104516029358,-0.5759692192077637,0.03,1.2299641370773315,-0.1144961267709732,0.3202536106109619,0.022857829928398132,0.09337040781974792,-0.1296330690383911,0.9868914484977722,0,0,0,0,0,0,0,0,0,0,0,0,0,0
10.250550031661987,1.0,0.003142833709716797,0.01969262957572937,-0.00016307830810546875,-0.011912405490875244,2.5241806507110596,6.85190486907959,0.6007104516029358,-0.5759692192077637,0.03,1.2299641370773315,-0.1144961267709732,0.3202536106109619,0.022857829928398132,0.09337040781974792,-0.1296330690383911,0.9868914484977722,0,0,0,0,0,0,0,0,0,0,0,0,0,0
10.251614570617676,1.0,0.003142833709716797,0.01969262957572937,-0.00016307830810546875,-0.011912405490875244,2.5241806507110596,6.85190486907959,0.6007104516029358,-0.5759692192077637,0.03,1.2299641370773315,-0.1144961267709732,0.3202536106109619,0.022857829928398132,0.09337040781974792,-0.1296330690383911,0.9868914484977722,0,0,0,0,0,0,0,0,0,0,0,0,0,0
10.252984285354614,1.0,0.003142833709716797,0.01969262957572937,-0.00016307830810546875,-0.011912405490875244,2.5241806507110596,6.85190486907959,0.6007104516029358,-0.5759692192077637,0.03,1.2299641370773315,-0.1144961267709732,0.3202536106109619,0.022857829928398132,0.09337040781974792,-0.1296330690383911,0.9868914484977722,0,0,0,0,0,0,0,0,0,0,0,0,0,0
10.255541563034058,1.0,0.003142833709716797,0.01969262957572937,-0.00016307830810546875,-0.011912405490875244,2.5241806507110596,6.85190486907959,0.6007104516029358,-0.5759692192077637,0.03,1.2299641370773315,-0.1144961267709732,0.3202536106109619,0.022857829928398132,0.09337040781974792,-0.1296330690383911,0.9868914484977722,0,0,0,0,0,0,0,0,0,0,0,0,0,0
10.257585525512695,1.0,0.003142833709716797,0.01969262957572937,-0.00016307830810546875,-0.011912405490875244,2.5241806507110596,6.85190486907959,0.6007104516029358,-0.5759692192077637,0.03,1.2299641370773315,-0.1144961267709732,0.3202536106109619,0.022857829928398132,0.09337040781974792,-0.1296330690383911,0.9868914484977722,0,0,0,0,0,0,0,0,0,0,0,0,0,0
10.259105443954468,1.0,0.003142833709716797,0.01969262957572937,-0.00016307830810546875,-0.011912405490875244,2.5241806507110596,6.85190486907959,0.6007104516029358,-0.5759692192077637,0.03,1.2299641370773315,-0.1144961267709732,0.3202536106109619,0.022857829928398132,0.09337040781974792,-0.1296330690383911,0.9868914484977722,0,0,0,0,0,0,0,0,0,0,0,0,0,0
10.260315418243408,1.0,0.003142833709716797,0.01969262957572937,-0.00016307830810546875,-0.011912405490875244,2.5241806507110596,6.85190486907959,0.6007104516029358,-0.5759692192077637,0.03,1.2299641370773315,-0.1144961267709732,0.3202536106109619,0.022857829928398132,0.09337040781974792,-0.1296330690383911,0.9868914484977722,0,0,0,0,0,0,0,0,0,0,0,0,0,0
10.262104272842407,1.0,0.003142833709716797,0.01969262957572937,-0.00016307830810546875,-0.011912405490875244,2.5241806507110596,6.85190486907959,0.6007104516029358,-0.5759692192077637,0.03,1.2299641370773315,-0.1144961267709732,0.3202536106109619,0.022857829928398132,0.09337040781974792,-0.1296330690383911,0.9868914484977722,0,0,0,0,0,0,0,0,0,0,0,0,0,0
10.263448476791382,1.0,0.003046691417694092,0.018351465463638306,-0.00015920400619506836,-0.009955823421478271,2.4407401084899902,7.119981288909912,0.6266896724700928,-1.2353556156158447,0.03,1.2299641370773315,-0.1144961267709732,0.3202536106109619,0.022857829928398132,0.09337040781974792,-0.1296330690383911,0.9868914484977722,0,0,0,0,0,0,0,0,0,0,0,0,0,0
10.26537537574768,1.0,0.0021927356719970703,-0.007786929607391357,-0.00022917985916137695,0.014742553234100342,1.831566333770752,5.403720378875732,0.7115068435668945,-0.24864926934242249,0.03,1.2294468879699707,-0.11416056752204895,0.31883367896080017,0.025272831320762634,0.10633829981088638,-0.13288410007953644,0.9850865006446838,0,0,0,0,0,0,0,0,0,0,0,0,0,0
10.267185926437378,1.0,0.002173304557800293,-0.0090675950050354,-0.0002511739730834961,0.01582556962966919,1.8444904088974,6.135872840881348,0.7407835721969604,-1.3305859565734863,0.03,1.2294468879699707,-0.11416056752204895,0.31883367896080017,0.025272831320762634,0.10633829981088638,-0.13288410007953644,0.9850865006446838,0,0,0,0,0,0,0,0,0,0,0,0,0,0
10.269310235977173,1.0,0.0018262863159179688,-0.017889007925987244,-0.00023603439331054688,0.024865269660949707,1.5981794595718384,5.00337028503418,0.727959394454956,0.21841807663440704,0.03,1.2293647527694702,-0.11402826756238937,0.3185882270336151,0.023288019001483917,0.11017384380102158,-0.14360558986663818,0.9832074642181396,0,0,0,0,0,0,0,0,0,0,0,0,0,0
10.27050232887268,1.0,0.0018262863159179688,-0.017889007925987244,-0.00023603439331054688,0.024865269660949707,1.5981794595718384,5.00337028503418,0.727959394454956,0.21841807663440704,0.03,1.2293647527694702,-0.11402826756238937,0.3185882270336151,0.023288019001483917,0.11017384380102158,-0.14360558986663818,0.9832074642181396,0,0,0,0,0,0,0,0,0,0,0,0,0,0
10.272050857543945,1.0,0.0018262863159179688,-0.017889007925987244,-0.00023603439331054688,0.024865269660949707,1.5981794595718384,5.00337028503418,0.727959394454956,0.21841807663440704,0.03,1.2293647527694702,-0.11402826756238937,0.3185882270336151,0.023288019001483917,0.11017384380102158,-0.14360558986663818,0.9832074642181396,0,0,0,0,0,0,0,0,0,0,0,0,0,0
10.27325439453125,1.0,0.0018262863159179688,-0.017889007925987244,-0.00023603439331054688,0.024865269660949707,1.5981794595718384,5.00337028503418,0.727959394454956,0.21841807663440704,0.03,1.2293647527694702,-0.11402826756238937,0.3185882270336151,0.023288019001483917,0.11017384380102158,-0.14360558986663818,0.9832074642181396,0,0,0,0,0,0,0,0,0,0,0,0,0,0
10.275012493133545,1.0,0.001743316650390625,-0.018561534583568573,-0.00022751092910766602,0.02616441249847412,1.463180422782898,5.7759809494018555,0.709783136844635,-0.394647479057312,0.03,1.2293647527694702,-0.11402826756238937,0.3185882270336151,0.023288019001483917,0.11017384380102158,-0.14360558986663818,0.9832074642181396,0,0,0,0,0,0,0,0,0,0,0,0,0,0
10.276075601577759,1.0,0.001695394515991211,-0.019893445074558258,-0.00022751092910766602,0.026733040809631348,1.467207908630371,5.7828450202941895,0.7087147831916809,-0.7169524431228638,0.03,1.2293647527694702,-0.11402826756238937,0.3185882270336151,0.023288019001483917,0.11017384380102158,-0.14360558986663818,0.9832074642181396,0,0,0,0,0,0,0,0,0,0,0,0,0,0
10.277137041091919,1.0,0.0016502737998962402,-0.021311767399311066,-0.00019621849060058594,0.027930855751037598,1.421994686126709,5.807750225067139,0.6510661244392395,-1.0499708652496338,0.03,1.2293782234191895,-0.11407233774662018,0.31828567385673523,0.02189493738114834,0.11401734501123428,-0.1453336775302887,0.9825471639633179,0,0,0,0,0,0,0,0,0,0,0,0,0,0
10.27838397026062,1.0,0.0015940666198730469,-0.023583240807056427,-0.0002232193946838379,0.030067801475524902,1.371559500694275,5.322634220123291,0.7128523588180542,-0.3303377628326416,0.03,1.2293782234191895,-0.11407233774662018,0.31828567385673523,0.02189493738114834,0.11401734501123428,-0.1453336775302887,0.9825471639633179,0,0,0,0,0,0,0,0,0,0,0,0,0,0
10.279478073120117,1.0,0.0015940666198730469,-0.023583240807056427,-0.0002232193946838379,0.030067801475524902,1.371559500694275,5.322634220123291,0.7128523588180542,-0.3303377628326416,0.03,1.2293782234191895,-0.11407233774662018,0.31828567385673523,0.02189493738114834,0.11401734501123428,-0.1453336775302887,0.9825471639633179,0,0,0,0,0,0,0,0,0,0,0,0,0,0
10.280542373657227,1.0,0.0015940666198730469,-0.023583240807056427,-0.0002232193946838379,0.030067801475524902,1.371559500694275,5.322634220123291,0.7128523588180542,-0.3303377628326416,0.03,1.2293782234191895,-0.11407233774662018,0.31828567385673523,0.02189493738114834,0.11401734501123428,-0.1453336775302887,0.9825471639633179,0,0,0,0,0,0,0,0,0,0,0,0,0,0
10.281627655029297,1.0,0.0015940666198730469,-0.023583240807056427,-0.0002232193946838379,0.030067801475524902,1.371559500694275,5.322634220123291,0.7128523588180542,-0.3303377628326416,0.03,1.2293782234191895,-0.11407233774662018,0.31828567385673523,0.02189493738114834,0.11401734501123428,-0.1453336775302887,0.9825471639633179,0,0,0,0,0,0,0,0,0,0,0,0,0,0
10.282825946807861,1.0,0.0015940666198730469,-0.023583240807056427,-0.0002232193946838379,0.030067801475524902,1.371559500694275,5.322634220123291,0.7128523588180542,-0.3303377628326416,0.03,1.2293782234191895,-0.11407233774662018,0.31828567385673523,0.02189493738114834,0.11401734501123428,-0.1453336775302887,0.9825471639633179,0,0,0,0,0,0,0,0,0,0,0,0,0,0
10.283917903900146,1.0,0.0015940666198730469,-0.023583240807056427,-0.0002232193946838379,0.030067801475524902,1.371559500694275,5.322634220123291,0.7128523588180542,-0.3303377628326416,0.03,1.2293782234191895,-0.11407233774662018,0.31828567385673523,0.02189493738114834,0.11401734501123428,-0.1453336775302887,0.9825471639633179,0,0,0,0,0,0,0,0,0,0,0,0,0,0
10.28515887260437,1.0,0.0015940666198730469,-0.023583240807056427,-0.0002232193946838379,0.030067801475524902,1.371559500694275,5.322634220123291,0.7128523588180542,-0.3303377628326416,0.03,1.2293782234191895,-0.11407233774662018,0.31828567385673523,0.02189493738114834,0.11401734501123428,-0.1453336775302887,0.9825471639633179,0,0,0,0,0,0,0,0,0,0,0,0,0,0
10.287468910217285,1.0,0.0015940666198730469,-0.023583240807056427,-0.0002232193946838379,0.030067801475524902,1.371559500694275,5.322634220123291,0.7128523588180542,-0.3303377628326416,0.03,1.2293782234191895,-0.11407233774662018,0.31828567385673523,0.02189493738114834,0.11401734501123428,-0.1453336775302887,0.9825471639633179,0,0,0,0,0,0,0,0,0,0,0,0,0,0
10.289332389831543,1.0,0.0015940666198730469,-0.023583240807056427,-0.0002232193946838379,0.030067801475524902,1.371559500694275,5.322634220123291,0.7128523588180542,-0.3303377628326416,0.03,1.2293782234191895,-0.11407233774662018,0.31828567385673523,0.02189493738114834,0.11401734501123428,-0.1453336775302887,0.9825471639633179,0,0,0,0,0,0,0,0,0,0,0,0,0,0
10.292554140090942,1.0,0.0013928413391113281,-0.027735233306884766,-0.00020492076873779297,0.0334928035736084,1.1961456537246704,5.07949686050415,0.6957524418830872,-1.1157375574111938,0.03,1.2293756008148193,-0.11410129815340042,0.3181995749473572,0.02127988077700138,0.11448629200458527,-0.14793716371059418,0.9821174144744873,0,0,0,0,0,0,0,0,0,0,0,0,0,0
10.29440426826477,1.0,0.0012818574905395508,-0.0358206108212471,-0.0002263188362121582,0.04042243957519531,1.2334233522415161,3.7224109172821045,0.7282552123069763,-0.6258511543273926,0.03,1.2293756008148193,-0.11410129815340042,0.3181995749473572,0.02127988077700138,0.11448629200458527,-0.14793716371059418,0.9821174144744873,0,0,0,0,0,0,0,0,0,0,0,0,0,0
10.295600175857544,1.0,0.0012850761413574219,-0.03648078441619873,-0.00022864341735839844,0.041712939739227295,1.24086332321167,4.673371315002441,0.7281122803688049,-1.2554551362991333,0.03,1.2293756008148193,-0.11410129815340042,0.3181995749473572,0.02127988077700138,0.11448629200458527,-0.14793716371059418,0.9821174144744873,0,0,0,0,0,0,0,0,0,0,0,0,0,0
10.29862904548645,1.0,0.001186668872833252,-0.042276956140995026,-0.00022608041763305664,0.04625946283340454,1.1628552675247192,3.8150737285614014,0.7262290716171265,-0.8377372622489929,0.03,1.2293756008148193,-0.11410129815340042,0.3181995749473572,0.02127988077700138,0.11448629200458527,-0.14793716371059418,0.9821174144744873,0,0,0,0,0,0,0,0,0,0,0,0,0,0
10.300267934799194,1.0,0.001161813735961914,-0.042958423495292664,-0.00020623207092285156,0.04689973592758179,1.1208009719848633,4.317506790161133,0.6870580911636353,-1.4013628959655762,0.03,1.2293870449066162,-0.11405100673437119,0.31823503971099854,0.021032430231571198,0.11450835317373276,-0.14870235323905945,0.982004702091217,0,0,0,0,0,0,0,0,0,0,0,0,0,0
10.301842212677002,1.0,0.0011640191078186035,-0.0473317950963974,-0.0002301335334777832,0.050712406635284424,1.1564207077026367,3.4780287742614746,0.7397521138191223,-1.0723350048065186,0.03,1.2293758392333984,-0.11401162296533585,0.31832176446914673,0.02045348845422268,0.11434000730514526,-0.15023240447044373,0.9818035960197449,0,0,0,0,0,0,0,0,0,0,0,0,0,0
10.304189443588257,1.0,0.0011545419692993164,-0.05028781294822693,-0.00018084049224853516,0.05338716506958008,1.1476551294326782,3.379243850708008,0.6645787954330444,-1.1300153732299805,0.03,1.2293416261672974,-0.11407414823770523,0.3182606101036072,0.020308425650000572,0.11424840241670609,-0.151596799492836,0.9816075563430786,0,0,0,0,0,0,0,0,0,0,0,0,0,0
10.306889057159424,1.0,0.0011626482009887695,-0.05271896719932556,-0.00016963481903076172,0.055605173110961914,1.1504229307174683,3.021388530731201,0.6339604258537292,-1.0411744117736816,0.03,1.2293416261672974,-0.11407414823770523,0.3182606101036072,0.020308425650000572,0.11424840241670609,-0.151596799492836,0.9816075563430786,0,0,0,0,0,0,0,0,0,0,0,0,0,0
10.308279752731323,1.0,0.0011626482009887695,-0.05271896719932556,-0.00016963481903076172,0.055605173110961914,1.1504229307174683,3.021388530731201,0.6339604258537292,-1.0411744117736816,0.03,1.2293416261672974,-0.11407414823770523,0.3182606101036072,0.020308425650000572,0.11424840241670609,-0.151596799492836,0.9816075563430786,0,0,0,0,0,0,0,0,0,0,0,0,0,0
10.311249494552612,1.0,0.0011626482009887695,-0.05271896719932556,-0.00016963481903076172,0.055605173110961914,1.1504229307174683,3.021388530731201,0.6339604258537292,-1.0411744117736816,0.03,1.2293416261672974,-0.11407414823770523,0.3182606101036072,0.020308425650000572,0.11424840241670609,-0.151596799492836,0.9816075563430786,0,0,0,0,0,0,0,0,0,0,0,0,0,0
10.312443017959595,1.0,0.0011626482009887695,-0.05271896719932556,-0.00016963481903076172,0.055605173110961914,1.1504229307174683,3.021388530731201,0.6339604258537292,-1.0411744117736816,0.03,1.2293416261672974,-0.11407414823770523,0.3182606101036072,0.020308425650000572,0.11424840241670609,-0.151596799492836,0.9816075563430786,0,0,0,0,0,0,0,0,0,0,0,0,0,0
10.313789367675781,1.0,0.0011626482009887695,-0.05271896719932556,-0.00016963481903076172,0.055605173110961914,1.1504229307174683,3.021388530731201,0.6339604258537292,-1.0411744117736816,0.03,1.2293416261672974,-0.11407414823770523,0.3182606101036072,0.020308425650000572,0.11424840241670609,-0.151596799492836,0.9816075563430786,0,0,0,0,0,0,0,0,0,0,0,0,0,0
10.31674313545227,1.0,0.0011626482009887695,-0.05271896719932556,-0.00016963481903076172,0.055605173110961914,1.1504229307174683,3.021388530731201,0.6339604258537292,-1.0411744117736816,0.03,1.2293416261672974,-0.11407414823770523,0.3182606101036072,0.020308425650000572,0.11424840241670609,-0.151596799492836,0.9816075563430786,0,0,0,0,0,0,0,0,0,0,0,0,0,0
10.318557024002075,1.0,0.0011626482009887695,-0.05271896719932556,-0.00016963481903076172,0.055605173110961914,1.1504229307174683,3.021388530731201,0.6339604258537292,-1.0411744117736816,0.03,1.2293416261672974,-0.11407414823770523,0.3182606101036072,0.020308425650000572,0.11424840241670609,-0.151596799492836,0.9816075563430786,0,0,0,0,0,0,0,0,0,0,0,0,0,0
10.319941997528076,1.0,0.0011626482009887695,-0.05271896719932556,-0.00016963481903076172,0.055605173110961914,1.1504229307174683,3.021388530731201,0.6339604258537292,-1.0411744117736816,0.03,1.2293416261672974,-0.11407414823770523,0.3182606101036072,0.020308425650000572,0.11424840241670609,-0.151596799492836,0.9816075563430786,0,0,0,0,0,0,0,0,0,0,0,0,0,0
10.321365594863892,1.0,0.0011626482009887695,-0.05271896719932556,-0.00016963481903076172,0.055605173110961914,1.1504229307174683,3.021388530731201,0.6339604258537292,-1.0411744117736816,0.03,1.2293416261672974,-0.11407414823770523,0.3182606101036072,0.020308425650000572,0.11424840241670609,-0.151596799492836,0.9816075563430786,0,0,0,0,0,0,0,0,0,0,0,0,0,0
10.325249433517456,1.0,0.0011626482009887695,-0.05271896719932556,-0.00016963481903076172,0.055605173110961914,1.1504229307174683,3.021388530731201,0.6339604258537292,-1.0411744117736816,0.03,1.22929847240448,-0.11398392170667648,0.3183479309082031,0.02011200226843357,0.11398874223232269,-0.15143731236457825,0.9816663861274719,0,0,0,0,0,0,0,0,0,0,0,0,0,0
10.327132940292358,1.0,0.0011626482009887695,-0.05271896719932556,-0.00016963481903076172,0.055605173110961914,1.1504229307174683,3.021388530731201,0.6339604258537292,-1.0411744117736816,0.03,1.22929847240448,-0.11398392170667648,0.3183479309082031,0.02011200226843357,0.11398874223232269,-0.15143731236457825,0.9816663861274719,0,0,0,0,0,0,0,0,0,0,0,0,0,0
10.328247308731079,1.0,0.0011626482009887695,-0.05271896719932556,-0.00016963481903076172,0.055605173110961914,1.1504229307174683,3.021388530731201,0.6339604258537292,-1.0411744117736816,0.03,1.22929847240448,-0.11398392170667648,0.3183479309082031,0.02011200226843357,0.11398874223232269,-0.15143731236457825,0.9816663861274719,0,0,0,0,0,0,0,0,0,0,0,0,0,0
10.330432176589966,1.0,0.0011626482009887695,-0.05271896719932556,-0.00016963481903076172,0.055605173110961914,1.1504229307174683,3.021388530731201,0.6339604258537292,-1.0411744117736816,0.03,1.22929847240448,-0.11398392170667648,0.3183479309082031,0.02011200226843357,0.11398874223232269,-0.15143731236457825,0.9816663861274719,0,0,0,0,0,0,0,0,0,0,0,0,0,0
10.331737041473389,1.0,0.0011626482009887695,-0.05271896719932556,-0.00016963481903076172,0.055605173110961914,1.1504229307174683,3.021388530731201,0.6339604258537292,-1.0411744117736816,0.03,1.22929847240448,-0.11398392170667648,0.3183479309082031,0.02011200226843357,0.11398874223232269,-0.15143731236457825,0.9816663861274719,0,0,0,0,0,0,0,0,0,0,0,0,0,0
10.33283519744873,1.0,0.0011626482009887695,-0.05271896719932556,-0.00016963481903076172,0.055605173110961914,1.1504229307174683,3.021388530731201,0.6339604258537292,-1.0411744117736816,0.03,1.22929847240448,-0.11398392170667648,0.3183479309082031,0.02011200226843357,0.11398874223232269,-0.15143731236457825,0.9816663861274719,0,0,0,0,0,0,0,0,0,0,0,0,0,0
10.333935976028442,1.0,0.0011626482009887695,-0.05271896719932556,-0.00016963481903076172,0.055605173110961914,1.1504229307174683,3.021388530731201,0.6339604258537292,-1.0411744117736816,0.03,1.22929847240448,-0.11398392170667648,0.3183479309082031,0.02011200226843357,0.11398874223232269,-0.15143731236457825,0.9816663861274719,0,0,0,0,0,0,0,0,0,0,0,0,0,0
10.335032939910889,1.0,0.0011626482009887695,-0.05271896719932556,-0.00016963481903076172,0.055605173110961914,1.1504229307174683,3.021388530731201,0.6339604258537292,-1.0411744117736816,0.03,1.22929847240448,-0.11398392170667648,0.3183479309082031,0.02011200226843357,0.11398874223232269,-0.15143731236457825,0.9816663861274719,0,0,0,0,0,0,0,0,0,0,0,0,0,0
10.336180686950684,1.0,0.0011626482009887695,-0.05271896719932556,-0.00016963481903076172,0.055605173110961914,1.1504229307174683,3.021388530731201,0.6339604258537292,-1.0411744117736816,0.03,1.22929847240448,-0.11398392170667648,0.3183479309082031,0.02011200226843357,0.11398874223232269,-0.15143731236457825,0.9816663861274719,0,0,0,0,0,0,0,0,0,0,0,0,0,0
10.337276458740234,1.0,0.0011626482009887695,-0.05271896719932556,-0.00016963481903076172,0.055605173110961914,1.1504229307174683,3.021388530731201,0.6339604258537292,-1.0411744117736816,0.03,1.22929847240448,-0.11398392170667648,0.3183479309082031,0.02011200226843357,0.11398874223232269,-0.15143731236457825,0.9816663861274719,0,0,0,0,0,0,0,0,0,0,0,0,0,0
10.338360786437988,1.0,0.0011626482009887695,-0.05271896719932556,-0.00016963481903076172,0.055605173110961914,1.1504229307174683,3.021388530731201,0.6339604258537292,-1.0411744117736816,0.03,1.22929847240448,-0.11398392170667648,0.3183479309082031,0.02011200226843357,0.11398874223232269,-0.15143731236457825,0.9816663861274719,0,0,0,0,0,0,0,0,0,0,0,0,0,0
10.33953070640564,1.0,0.0011626482009887695,-0.05271896719932556,-0.00016963481903076172,0.055605173110961914,1.1504229307174683,3.021388530731201,0.6339604258537292,-1.0411744117736816,0.03,1.22929847240448,-0.11398392170667648,0.3183479309082031,0.02011200226843357,0.11398874223232269,-0.15143731236457825,0.9816663861274719,0,0,0,0,0,0,0,0,0,0,0,0,0,0
10.34070611000061,1.0,0.0011626482009887695,-0.05271896719932556,-0.00016963481903076172,0.055605173110961914,1.1504229307174683,3.021388530731201,0.6339604258537292,-1.0411744117736816,0.03,1.22929847240448,-0.11398392170667648,0.3183479309082031,0.02011200226843357,0.11398874223232269,-0.15143731236457825,0.9816663861274719,0,0,0,0,0,0,0,0,0,0,0,0,0,0
10.341928720474243,2.0,0.0020177364349365234,-0.08293609321117401,-0.0008356571197509766,0.08349043130874634,-0.3613077700138092,-1.2426294088363647,-0.7601286768913269,1.4182924032211304,0.03,1.229275107383728,-0.11403321474790573,0.3183085024356842,0.020192483440041542,0.11391762644052505,-0.15164431929588318,0.9816409945487976,0,0,0,0,0,0,0,0,0,0,0,0,0,0
10.343106269836426,2.0,0.0031137466430664062,-0.0843590646982193,-0.0024666786193847656,0.08442510664463043,-0.8967970609664917,-1.8590604066848755,-0.6864993572235107,1.6176650524139404,0.03,1.229275107383728,-0.11403321474790573,0.3183085024356842,0.020192483440041542,0.11391762644052505,-0.15164431929588318,0.9816409945487976,0,0,0,0,0,0,0,0,0,0,0,0,0,0
10.344440460205078,2.0,0.004282355308532715,-0.08476628363132477,-0.0037474632263183594,0.08445468544960022,-0.21324580907821655,-1.944643259048462,-0.318231999874115,1.3572816848754883,0.03,1.229310393333435,-0.11409368366003036,0.31830188632011414,0.020136980339884758,0.11361882835626602,-0.15134896337985992,0.9817224144935608,0,0,0,0,0,0,0,0,0,0,0,0,0,0
10.345994710922241,2.0,0.005676448345184326,-0.08463343977928162,-0.005510866641998291,0.08419860899448395,-0.4390130639076233,-1.5773974657058716,-0.143227219581604,0.9901209473609924,0.03,1.229310393333435,-0.11409368366003036,0.31830188632011414,0.020136980339884758,0.11361882835626602,-0.15134896337985992,0.9817224144935608,0,0,0,0,0,0,0,0,0,0,0,0,0,0
10.347182512283325,2.0,0.005676448345184326,-0.08463343977928162,-0.005510866641998291,0.08419860899448395,-0.4390130639076233,-1.5773974657058716,-0.143227219581604,0.9901209473609924,0.03,1.229310393333435,-0.11409368366003036,0.31830188632011414,0.020136980339884758,0.11361882835626602,-0.15134896337985992,0.9817224144935608,0,0,0,0,0,0,0,0,0,0,0,0,0,0
10.348562717437744,2.0,0.005676448345184326,-0.08463343977928162,-0.005510866641998291,0.08419860899448395,-0.4390130639076233,-1.5773974657058716,-0.143227219581604,0.9901209473609924,0.03,1.229310393333435,-0.11409368366003036,0.31830188632011414,0.020136980339884758,0.11361882835626602,-0.15134896337985992,0.9817224144935608,0,0,0,0,0,0,0,0,0,0,0,0,0,0
10.350380659103394,2.0,0.005676448345184326,-0.08463343977928162,-0.005510866641998291,0.08419860899448395,-0.4390130639076233,-1.5773974657058716,-0.143227219581604,0.9901209473609924,0.03,1.229310393333435,-0.11409368366003036,0.31830188632011414,0.020136980339884758,0.11361882835626602,-0.15134896337985992,0.9817224144935608,0,0,0,0,0,0,0,0,0,0,0,0,0,0
10.35335111618042,2.0,0.005676448345184326,-0.08463343977928162,-0.005510866641998291,0.08419860899448395,-0.4390130639076233,-1.5773974657058716,-0.143227219581604,0.9901209473609924,0.03,1.229310393333435,-0.11409368366003036,0.31830188632011414,0.020136980339884758,0.11361882835626602,-0.15134896337985992,0.9817224144935608,0,0,0,0,0,0,0,0,0,0,0,0,0,0
10.354566097259521,2.0,0.005676448345184326,-0.08463343977928162,-0.005510866641998291,0.08419860899448395,-0.4390130639076233,-1.5773974657058716,-0.143227219581604,0.9901209473609924,0.03,1.229310393333435,-0.11409368366003036,0.31830188632011414,0.020136980339884758,0.11361882835626602,-0.15134896337985992,0.9817224144935608,0,0,0,0,0,0,0,0,0,0,0,0,0,0
10.355759382247925,2.0,0.005676448345184326,-0.08463343977928162,-0.005510866641998291,0.08419860899448395,-0.4390130639076233,-1.5773974657058716,-0.143227219581604,0.9901209473609924,0.03,1.229310393333435,-0.11409368366003036,0.31830188632011414,0.020136980339884758,0.11361882835626602,-0.15134896337985992,0.9817224144935608,0,0,0,0,0,0,0,0,0,0,0,0,0,0
10.357673406600952,2.0,0.005676448345184326,-0.08463343977928162,-0.005510866641998291,0.08419860899448395,-0.4390130639076233,-1.5773974657058716,-0.143227219581604,0.9901209473609924,0.03,1.229310393333435,-0.11409368366003036,0.31830188632011414,0.020136980339884758,0.11361882835626602,-0.15134896337985992,0.9817224144935608,0,0,0,0,0,0,0,0,0,0,0,0,0,0
10.359119415283203,2.0,0.005676448345184326,-0.08463343977928162,-0.005510866641998291,0.08419860899448395,-0.4390130639076233,-1.5773974657058716,-0.143227219581604,0.9901209473609924,0.03,1.229310393333435,-0.11409368366003036,0.31830188632011414,0.020136980339884758,0.11361882835626602,-0.15134896337985992,0.9817224144935608,0,0,0,0,0,0,0,0,0,0,0,0,0,0
10.360441207885742,2.0,0.005676448345184326,-0.08463343977928162,-0.005510866641998291,0.08419860899448395,-0.4390130639076233,-1.5773974657058716,-0.143227219581604,0.9901209473609924,0.03,1.229310393333435,-0.11409368366003036,0.31830188632011414,0.020136980339884758,0.11361882835626602,-0.15134896337985992,0.9817224144935608,0,0,0,0,0,0,0,0,0,0,0,0,0,0
10.363368034362793,2.0,0.005676448345184326,-0.08463343977928162,-0.005510866641998291,0.08419860899448395,-0.4390130639076233,-1.5773974657058716,-0.143227219581604,0.9901209473609924,0.03,1.229310393333435,-0.11409368366003036,0.31830188632011414,0.020136980339884758,0.11361882835626602,-0.15134896337985992,0.9817224144935608,0,0,0,0,0,0,0,0,0,0,0,0,0,0
10.364710330963135,2.0,0.005676448345184326,-0.08463343977928162,-0.005510866641998291,0.08419860899448395,-0.4390130639076233,-1.5773974657058716,-0.143227219581604,0.9901209473609924,0.03,1.2292925119400024,-0.11398474127054214,0.31838706135749817,0.023523349314928055,0.11108966916799545,-0.13834504783153534,0.9838528633117676,0,0,0,0,0,0,0,0,0,0,0,0,0,0
10.365816116333008,2.0,0.005676448345184326,-0.08463343977928162,-0.005510866641998291,0.08419860899448395,-0.4390130639076233,-1.5773974657058716,-0.143227219581604,0.9901209473609924,0.03,1.2292925119400024,-0.11398474127054214,0.31838706135749817,0.023523349314928055,0.11108966916799545,-0.13834504783153534,0.9838528633117676,0,0,0,0,0,0,0,0,0,0,0,0,0,0
10.367151260375977,2.0,0.005676448345184326,-0.08463343977928162,-0.005510866641998291,0.08419860899448395,-0.4390130639076233,-1.5773974657058716,-0.143227219581604,0.9901209473609924,0.03,1.2292925119400024,-0.11398474127054214,0.31838706135749817,0.023523349314928055,0.11108966916799545,-0.13834504783153534,0.9838528633117676,0,0,0,0,0,0,0,0,0,0,0,0,0,0
10.368776082992554,2.0,0.005676448345184326,-0.08463343977928162,-0.005510866641998291,0.08419860899448395,-0.4390130639076233,-1.5773974657058716,-0.143227219581604,0.9901209473609924,0.03,1.2292925119400024,-0.11398474127054214,0.31838706135749817,0.023523349314928055,0.11108966916799545,-0.13834504783153534,0.9838528633117676,0,0,0,0,0,0,0,0,0,0,0,0,0,0
10.369978427886963,2.0,0.005676448345184326,-0.08463343977928162,-0.005510866641998291,0.08419860899448395,-0.4390130639076233,-1.5773974657058716,-0.143227219581604,0.9901209473609924,0.03,1.2292925119400024,-0.11398474127054214,0.31838706135749817,0.023523349314928055,0.11108966916799545,-0.13834504783153534,0.9838528633117676,0,0,0,0,0,0,0,0,0,0,0,0,0,0
10.371240139007568,2.0,0.005676448345184326,-0.08463343977928162,-0.005510866641998291,0.08419860899448395,-0.4390130639076233,-1.5773974657058716,-0.143227219581604,0.9901209473609924,0.03,1.2292925119400024,-0.11398474127054214,0.31838706135749817,0.023523349314928055,0.11108966916799545,-0.13834504783153534,0.9838528633117676,0,0,0,0,0,0,0,0,0,0,0,0,0,0
10.372384786605835,2.0,0.005676448345184326,-0.08463343977928162,-0.005510866641998291,0.08419860899448395,-0.4390130639076233,-1.5773974657058716,-0.143227219581604,0.9901209473609924,0.03,1.229269027709961,-0.11394216120243073,0.3183673620223999,0.022170810028910637,0.11083764582872391,-0.14285071194171906,0.983268678188324,0,0,0,0,0,0,0,0,0,0,0,0,0,0
10.374080181121826,2.0,0.005676448345184326,-0.08463343977928162,-0.005510866641998291,0.08419860899448395,-0.4390130639076233,-1.5773974657058716,-0.143227219581604,0.9901209473609924,0.03,1.229269027709961,-0.11394216120243073,0.3183673620223999,0.022170810028910637,0.11083764582872391,-0.14285071194171906,0.983268678188324,0,0,0,0,0,0,0,0,0,0,0,0,0,0
10.375978469848633,2.0,0.005676448345184326,-0.08463343977928162,-0.005510866641998291,0.08419860899448395,-0.4390130639076233,-1.5773974657058716,-0.143227219581604,0.9901209473609924,0.03,1.229269027709961,-0.11394216120243073,0.3183673620223999,0.022170810028910637,0.11083764582872391,-0.14285071194171906,0.983268678188324,0,0,0,0,0,0,0,0,0,0,0,0,0,0
10.377557754516602,2.0,0.005676448345184326,-0.08463343977928162,-0.005510866641998291,0.08419860899448395,-0.4390130639076233,-1.5773974657058716,-0.143227219581604,0.9901209473609924,0.03,1.229269027709961,-0.11394216120243073,0.3183673620223999,0.022170810028910637,0.11083764582872391,-0.14285071194171906,0.983268678188324,0,0,0,0,0,0,0,0,0,0,0,0,0,0
10.379127502441406,2.0,0.005676448345184326,-0.08463343977928162,-0.005510866641998291,0.08419860899448395,-0.4390130639076233,-1.5773974657058716,-0.143227219581604,0.9901209473609924,0.03,1.229269027709961,-0.11394216120243073,0.3183673620223999,0.022170810028910637,0.11083764582872391,-0.14285071194171906,0.983268678188324,0,0,0,0,0,0,0,0,0,0,0,0,0,0
10.380549907684326,2.0,0.009449183940887451,-0.08291438221931458,-0.009617924690246582,0.08208724856376648,-0.2991618514060974,0.2243468463420868,0.18620336055755615,-1.012239694595337,0.03,1.229239821434021,-0.11392989009618759,0.31832483410835266,0.02206331118941307,0.11085616797208786,-0.1428096890449524,0.9832748770713806,0,0,0,0,0,0,0,0,0,0,0,0,0,0
10.382992029190063,2.0,0.009449183940887451,-0.08291438221931458,-0.009617924690246582,0.08208724856376648,-0.2991618514060974,0.2243468463420868,0.18620336055755615,-1.012239694595337,0.03,1.229239821434021,-0.11392989009618759,0.31832483410835266,0.02206331118941307,0.11085616797208786,-0.1428096890449524,0.9832748770713806,0,0,0,0,0,0,0,0,0,0,0,0,0,0
10.38538146018982,2.0,0.010640263557434082,-0.08238919079303741,-0.010916471481323242,0.08184903860092163,-0.1618049442768097,0.5807769894599915,0.38446173071861267,-1.0255029201507568,0.03,1.229239821434021,-0.11392989009618759,0.31832483410835266,0.02206331118941307,0.11085616797208786,-0.1428096890449524,0.9832748770713806,0,0,0,0,0,0,0,0,0,0,0,0,0,0
10.386564493179321,2.0,0.012009739875793457,-0.08209840953350067,-0.012176275253295898,0.08180855214595795,0.030475961044430733,0.6864843964576721,0.3545214533805847,-0.8998063206672668,0.03,1.229239821434021,-0.11392989009618759,0.31832483410835266,0.02206331118941307,0.11085616797208786,-0.1428096890449524,0.9832748770713806,0,0,0,0,0,0,0,0,0,0,0,0,0,0
10.387908697128296,2.0,0.012009739875793457,-0.08209840953350067,-0.012176275253295898,0.08180855214595795,0.030475961044430733,0.6864843964576721,0.3545214533805847,-0.8998063206672668,0.03,1.229239821434021,-0.11392989009618759,0.31832483410835266,0.02206331118941307,0.11085616797208786,-0.1428096890449524,0.9832748770713806,0,0,0,0,0,0,0,0,0,0,0,0,0,0
10.389836311340332,2.0,0.012009739875793457,-0.08209840953350067,-0.012176275253295898,0.08180855214595795,0.030475961044430733,0.6864843964576721,0.3545214533805847,-0.8998063206672668,0.03,1.229239821434021,-0.11392989009618759,0.31832483410835266,0.02206331118941307,0.11085616797208786,-0.1428096890449524,0.9832748770713806,0,0,0,0,0,0,0,0,0,0,0,0,0,0
10.390936374664307,2.0,0.012009739875793457,-0.08209840953350067,-0.012176275253295898,0.08180855214595795,0.030475961044430733,0.6864843964576721,0.3545214533805847,-0.8998063206672668,0.03,1.229239821434021,-0.11392989009618759,0.31832483410835266,0.02206331118941307,0.11085616797208786,-0.1428096890449524,0.9832748770713806,0,0,0,0,0,0,0,0,0,0,0,0,0,0
10.392570972442627,2.0,0.012009739875793457,-0.08209840953350067,-0.012176275253295898,0.08180855214595795,0.030475961044430733,0.6864843964576721,0.3545214533805847,-0.8998063206672668,0.03,1.229239821434021,-0.11392989009618759,0.31832483410835266,0.02206331118941307,0.11085616797208786,-0.1428096890449524,0.9832748770713806,0,0,0,0,0,0,0,0,0,0,0,0,0,0
10.394034385681152,2.0,0.012009739875793457,-0.08209840953350067,-0.012176275253295898,0.08180855214595795,0.030475961044430733,0.6864843964576721,0.3545214533805847,-0.8998063206672668,0.03,1.229239821434021,-0.11392989009618759,0.31832483410835266,0.02206331118941307,0.11085616797208786,-0.1428096890449524,0.9832748770713806,0,0,0,0,0,0,0,0,0,0,0,0,0,0
10.396738529205322,2.0,0.01606464385986328,-0.08195552229881287,-0.015996336936950684,0.08202071487903595,0.32018736004829407,0.6071968078613281,0.4152287244796753,-0.6636715531349182,0.03,1.229239821434021,-0.11392989009618759,0.31832483410835266,0.02206331118941307,0.11085616797208786,-0.1428096890449524,0.9832748770713806,0,0,0,0,0,0,0,0,0,0,0,0,0,0
10.397965431213379,2.0,0.016360938549041748,-0.0819825679063797,-0.01624518632888794,0.08205592632293701,0.24833601713180542,0.5651586651802063,0.29389938712120056,-0.6231421232223511,0.03,1.229239821434021,-0.11392989009618759,0.31832483410835266,0.02206331118941307,0.11085616797208786,-0.1428096890449524,0.9832748770713806,0,0,0,0,0,0,0,0,0,0,0,0,0,0
10.400390863418579,2.0,0.016360938549041748,-0.0819825679063797,-0.01624518632888794,0.08205592632293701,0.24833601713180542,0.5651586651802063,0.29389938712120056,-0.6231421232223511,0.03,1.229239821434021,-0.11392989009618759,0.31832483410835266,0.02206331118941307,0.11085616797208786,-0.1428096890449524,0.9832748770713806,0,0,0,0,0,0,0,0,0,0,0,0,0,0
10.401461124420166,2.0,0.016360938549041748,-0.0819825679063797,-0.01624518632888794,0.08205592632293701,0.24833601713180542,0.5651586651802063,0.29389938712120056,-0.6231421232223511,0.03,1.2291771173477173,-0.11399524658918381,0.31833112239837646,0.019618161022663116,0.11164673417806625,-0.15123890340328217,0.9819760918617249,0,0,0,0,0,0,0,0,0,0,0,0,0,0
10.402822017669678,2.0,0.01815742254257202,-0.08207596838474274,-0.017869651317596436,0.08220329880714417,0.34380340576171875,0.5002450346946716,0.27383002638816833,-0.5344864130020142,0.03,1.2292628288269043,-0.11390417814254761,0.31839004158973694,0.022412778809666634,0.11095284670591354,-0.1423645317554474,0.9833207130432129,0,0,0,0,0,0,0,0,0,0,0,0,0,0
10.404587984085083,2.0,0.01815742254257202,-0.08207596838474274,-0.017869651317596436,0.08220329880714417,0.34380340576171875,0.5002450346946716,0.27383002638816833,-0.5344864130020142,0.03,1.2292780876159668,-0.11392305791378021,0.3183932304382324,0.022444969043135643,0.1108817532658577,-0.14240148663520813,0.9833225607872009,0,0,0,0,0,0,0,0,0,0,0,0,0,0
10.407499551773071,2.0,0.01815742254257202,-0.08207596838474274,-0.017869651317596436,0.08220329880714417,0.34380340576171875,0.5002450346946716,0.27383002638816833,-0.5344864130020142,0.03,1.2292780876159668,-0.11392305791378021,0.3183932304382324,0.022444969043135643,0.1108817532658577,-0.14240148663520813,0.9833225607872009,0,0,0,0,0,0,0,0,0,0,0,0,0,0
10.408809661865234,2.0,0.01815742254257202,-0.08207596838474274,-0.017869651317596436,0.08220329880714417,0.34380340576171875,0.5002450346946716,0.27383002638816833,-0.5344864130020142,0.03,1.2292780876159668,-0.11392305791378021,0.3183932304382324,0.022444969043135643,0.1108817532658577,-0.14240148663520813,0.9833225607872009,0,0,0,0,0,0,0,0,0,0,0,0,0,0
10.410388946533203,2.0,0.01815742254257202,-0.08207596838474274,-0.017869651317596436,0.08220329880714417,0.34380340576171875,0.5002450346946716,0.27383002638816833,-0.5344864130020142,0.03,1.2292780876159668,-0.11392305791378021,0.3183932304382324,0.022444969043135643,0.1108817532658577,-0.14240148663520813,0.9833225607872009,0,0,0,0,0,0,0,0,0,0,0,0,0,0
10.411515235900879,2.0,0.01815742254257202,-0.08207596838474274,-0.017869651317596436,0.08220329880714417,0.34380340576171875,0.5002450346946716,0.27383002638816833,-0.5344864130020142,0.03,1.2292780876159668,-0.11392305791378021,0.3183932304382324,0.022444969043135643,0.1108817532658577,-0.14240148663520813,0.9833225607872009,0,0,0,0,0,0,0,0,0,0,0,0,0,0
10.41282057762146,2.0,0.01815742254257202,-0.08207596838474274,-0.017869651317596436,0.08220329880714417,0.34380340576171875,0.5002450346946716,0.27383002638816833,-0.5344864130020142,0.03,1.2292780876159668,-0.11392305791378021,0.3183932304382324,0.022444969043135643,0.1108817532658577,-0.14240148663520813,0.9833225607872009,0,0,0,0,0,0,0,0,0,0,0,0,0,0
10.414187908172607,2.0,0.01815742254257202,-0.08207596838474274,-0.017869651317596436,0.08220329880714417,0.34380340576171875,0.5002450346946716,0.27383002638816833,-0.5344864130020142,0.03,1.2292780876159668,-0.11392305791378021,0.3183932304382324,0.022444969043135643,0.1108817532658577,-0.14240148663520813,0.9833225607872009,0,0,0,0,0,0,0,0,0,0,0,0,0,0
10.415417671203613,2.0,0.01815742254257202,-0.08207596838474274,-0.017869651317596436,0.08220329880714417,0.34380340576171875,0.5002450346946716,0.27383002638816833,-0.5344864130020142,0.03,1.2292780876159668,-0.11392305791378021,0.3183932304382324,0.022444969043135643,0.1108817532658577,-0.14240148663520813,0.9833225607872009,0,0,0,0,0,0,0,0,0,0,0,0,0,0
10.417104482650757,2.0,0.01815742254257202,-0.08207596838474274,-0.017869651317596436,0.08220329880714417,0.34380340576171875,0.5002450346946716,0.27383002638816833,-0.5344864130020142,0.03,1.2292780876159668,-0.11392305791378021,0.3183932304382324,0.022444969043135643,0.1108817532658577,-0.14240148663520813,0.9833225607872009,0,0,0,0,0,0,0,0,0,0,0,0,0,0
10.418298959732056,2.0,0.01815742254257202,-0.08207596838474274,-0.017869651317596436,0.08220329880714417,0.34380340576171875,0.5002450346946716,0.27383002638816833,-0.5344864130020142,0.03,1.2292780876159668,-0.11392305791378021,0.3183932304382324,0.022444969043135643,0.1108817532658577,-0.14240148663520813,0.9833225607872009,0,0,0,0,0,0,0,0,0,0,0,0,0,0
10.419575691223145,2.0,0.01815742254257202,-0.08207596838474274,-0.017869651317596436,0.08220329880714417,0.34380340576171875,0.5002450346946716,0.27383002638816833,-0.5344864130020142,0.03,1.2292780876159668,-0.11392305791378021,0.3183932304382324,0.022444969043135643,0.1108817532658577,-0.14240148663520813,0.9833225607872009,0,0,0,0,0,0,0,0,0,0,0,0,0,0
10.420698642730713,2.0,0.01815742254257202,-0.08207596838474274,-0.017869651317596436,0.08220329880714417,0.34380340576171875,0.5002450346946716,0.27383002638816833,-0.5344864130020142,0.03,1.2292780876159668,-0.11392305791378021,0.3183932304382324,0.022444969043135643,0.1108817532658577,-0.14240148663520813,0.9833225607872009,0,0,0,0,0,0,0,0,0,0,0,0,0,0
10.42228078842163,2.0,0.01815742254257202,-0.08207596838474274,-0.017869651317596436,0.08220329880714417,0.34380340576171875,0.5002450346946716,0.27383002638816833,-0.5344864130020142,0.03,1.2292780876159668,-0.11392305791378021,0.3183932304382324,0.022444969043135643,0.1108817532658577,-0.14240148663520813,0.9833225607872009,0,0,0,0,0,0,0,0,0,0,0,0,0,0
10.423357009887695,2.0,0.01815742254257202,-0.08207596838474274,-0.017869651317596436,0.08220329880714417,0.34380340576171875,0.5002450346946716,0.27383002638816833,-0.5344864130020142,0.03,1.2292780876159668,-0.11392305791378021,0.3183932304382324,0.022444969043135643,0.1108817532658577,-0.14240148663520813,0.9833225607872009,0,0,0,0,0,0,0,0,0,0,0,0,0,0
10.42443561553955,2.0,0.01815742254257202,-0.08207596838474274,-0.017869651317596436,0.08220329880714417,0.34380340576171875,0.5002450346946716,0.27383002638816833,-0.5344864130020142,0.03,1.2292780876159668,-0.11392305791378021,0.3183932304382324,0.022444969043135643,0.1108817532658577,-0.14240148663520813,0.9833225607872009,0,0,0,0,0,0,0,0,0,0,0,0,0,0
10.425512075424194,2.0,0.01815742254257202,-0.08207596838474274,-0.017869651317596436,0.08220329880714417,0.34380340576171875,0.5002450346946716,0.27383002638816833,-0.5344864130020142,0.03,1.2292780876159668,-0.11392305791378021,0.3183932304382324,0.022444969043135643,0.1108817532658577,-0.14240148663520813,0.9833225607872009,0,0,0,0,0,0,0,0,0,0,0,0,0,0
10.426720142364502,2.0,0.01815742254257202,-0.08207596838474274,-0.017869651317596436,0.08220329880714417,0.34380340576171875,0.5002450346946716,0.27383002638816833,-0.5344864130020142,0.03,1.2292780876159668,-0.11392305791378021,0.3183932304382324,0.022444969043135643,0.1108817532658577,-0.14240148663520813,0.9833225607872009,0,0,0,0,0,0,0,0,0,0,0,0,0,0
10.428256273269653,2.0,0.01815742254257202,-0.08207596838474274,-0.017869651317596436,0.08220329880714417,0.34380340576171875,0.5002450346946716,0.27383002638816833,-0.5344864130020142,0.03,1.2293049097061157,-0.11395494639873505,0.31832313537597656,0.022001607343554497,0.11099017411470413,-0.14348013699054718,0.9831635355949402,0,0,0,0,0,0,0,0,0,0,0,0,0,0
10.429333686828613,2.0,0.01815742254257202,-0.08207596838474274,-0.017869651317596436,0.08220329880714417,0.34380340576171875,0.5002450346946716,0.27383002638816833,-0.5344864130020142,0.03,1.2294379472732544,-0.11401012539863586,0.31821221113204956,0.022498158738017082,0.11227216571569443,-0.1401694118976593,0.9834843277931213,0,0,0,0,0,0,0,0,0,0,0,0,0,0
10.430418968200684,2.0,0.01815742254257202,-0.08207596838474274,-0.017869651317596436,0.08220329880714417,0.34380340576171875,0.5002450346946716,0.27383002638816833,-0.5344864130020142,0.03,1.2294379472732544,-0.11401012539863586,0.31821221113204956,0.022498158738017082,0.11227216571569443,-0.1401694118976593,0.9834843277931213,0,0,0,0,0,0,0,0,0,0,0,0,0,0
10.43157148361206,2.0,0.01815742254257202,-0.08207596838474274,-0.017869651317596436,0.08220329880714417,0.34380340576171875,0.5002450346946716,0.27383002638816833,-0.5344864130020142,0.03,1.2294379472732544,-0.11401012539863586,0.31821221113204956,0.022498158738017082,0.11227216571569443,-0.1401694118976593,0.9834843277931213,0,0,0,0,0,0,0,0,0,0,0,0,0,0
10.432920694351196,2.0,0.01815742254257202,-0.08207596838474274,-0.017869651317596436,0.08220329880714417,0.34380340576171875,0.5002450346946716,0.27383002638816833,-0.5344864130020142,0.03,1.2294379472732544,-0.11401012539863586,0.31821221113204956,0.022498158738017082,0.11227216571569443,-0.1401694118976593,0.9834843277931213,0,0,0,0,0,0,0,0,0,0,0,0,0,0
10.434001445770264,2.0,0.01815742254257202,-0.08207596838474274,-0.017869651317596436,0.08220329880714417,0.34380340576171875,0.5002450346946716,0.27383002638816833,-0.5344864130020142,0.03,1.2294379472732544,-0.11401012539863586,0.31821221113204956,0.022498158738017082,0.11227216571569443,-0.1401694118976593,0.9834843277931213,0,0,0,0,0,0,0,0,0,0,0,0,0,0
10.435406923294067,2.0,0.01815742254257202,-0.08207596838474274,-0.017869651317596436,0.08220329880714417,0.34380340576171875,0.5002450346946716,0.27383002638816833,-0.5344864130020142,0.03,1.2294379472732544,-0.11401012539863586,0.31821221113204956,0.022498158738017082,0.11227216571569443,-0.1401694118976593,0.9834843277931213,0,0,0,0,0,0,0,0,0,0,0,0,0,0
10.436832189559937,2.0,0.01815742254257202,-0.08207596838474274,-0.017869651317596436,0.08220329880714417,0.34380340576171875,0.5002450346946716,0.27383002638816833,-0.5344864130020142,0.03,1.2294379472732544,-0.11401012539863586,0.31821221113204956,0.022498158738017082,0.11227216571569443,-0.1401694118976593,0.9834843277931213,0,0,0,0,0,0,0,0,0,0,0,0,0,0
10.438109159469604,2.0,0.01815742254257202,-0.08207596838474274,-0.017869651317596436,0.08220329880714417,0.34380340576171875,0.5002450346946716,0.27383002638816833,-0.5344864130020142,0.03,1.2294379472732544,-0.11401012539863586,0.31821221113204956,0.022498158738017082,0.11227216571569443,-0.1401694118976593,0.9834843277931213,0,0,0,0,0,0,0,0,0,0,0,0,0,0
10.439595222473145,2.0,0.01815742254257202,-0.08207596838474274,-0.017869651317596436,0.08220329880714417,0.34380340576171875,0.5002450346946716,0.27383002638816833,-0.5344864130020142,0.03,1.2294379472732544,-0.11401012539863586,0.31821221113204956,0.022498158738017082,0.11227216571569443,-0.1401694118976593,0.9834843277931213,0,0,0,0,0,0,0,0,0,0,0,0,0,0
10.440731048583984,2.0,0.01815742254257202,-0.08207596838474274,-0.017869651317596436,0.08220329880714417,0.34380340576171875,0.5002450346946716,0.27383002638816833,-0.5344864130020142,0.03,1.2294379472732544,-0.11401012539863586,0.31821221113204956,0.022498158738017082,0.11227216571569443,-0.1401694118976593,0.9834843277931213,0,0,0,0,0,0,0,0,0,0,0,0,0,0
10.442020177841187,2.0,0.01815742254257202,-0.08207596838474274,-0.017869651317596436,0.08220329880714417,0.34380340576171875,0.5002450346946716,0.27383002638816833,-0.5344864130020142,0.03,1.2294379472732544,-0.11401012539863586,0.31821221113204956,0.022498158738017082,0.11227216571569443,-0.1401694118976593,0.9834843277931213,0,0,0,0,0,0,0,0,0,0,0,0,0,0
10.443178176879883,2.0,0.01815742254257202,-0.08207596838474274,-0.017869651317596436,0.08220329880714417,0.34380340576171875,0.5002450346946716,0.27383002638816833,-0.5344864130020142,0.03,1.2294379472732544,-0.11401012539863586,0.31821221113204956,0.022498158738017082,0.11227216571569443,-0.1401694118976593,0.9834843277931213,0,0,0,0,0,0,0,0,0,0,0,0,0,0
10.444702625274658,2.0,0.01815742254257202,-0.08207596838474274,-0.017869651317596436,0.08220329880714417,0.34380340576171875,0.5002450346946716,0.27383002638816833,-0.5344864130020142,0.03,1.2294379472732544,-0.11401012539863586,0.31821221113204956,0.022498158738017082,0.11227216571569443,-0.1401694118976593,0.9834843277931213,0,0,0,0,0,0,0,0,0,0,0,0,0,0
10.44609260559082,2.0,0.01815742254257202,-0.08207596838474274,-0.017869651317596436,0.08220329880714417,0.34380340576171875,0.5002450346946716,0.27383002638816833,-0.5344864130020142,0.03,1.2294379472732544,-0.11401012539863586,0.31821221113204956,0.022498158738017082,0.11227216571569443,-0.1401694118976593,0.9834843277931213,0,0,0,0,0,0,0,0,0,0,0,0,0,0
10.450629711151123,2.0,0.029815495014190674,-0.08199876546859741,-0.03125619888305664,0.08225613832473755,-1.3141899108886719,0.7057382464408875,0.4951084852218628,-0.6479659080505371,0.03,1.2294206619262695,-0.11396694928407669,0.3182377815246582,0.022260757163167,0.11232028156518936,-0.13977672159671783,0.9835400581359863,0,0,0,0,0,0,0,0,0,0,0,0,0,0
10.451951503753662,2.0,0.029815495014190674,-0.08199876546859741,-0.03125619888305664,0.08225613832473755,-1.3141899108886719,0.7057382464408875,0.4951084852218628,-0.6479659080505371,0.03,1.2294206619262695,-0.11396694928407669,0.3182377815246582,0.022260757163167,0.11232028156518936,-0.13977672159671783,0.9835400581359863,0,0,0,0,0,0,0,0,0,0,0,0,0,0
10.45314335823059,2.0,0.029815495014190674,-0.08199876546859741,-0.03125619888305664,0.08225613832473755,-1.3141899108886719,0.7057382464408875,0.4951084852218628,-0.6479659080505371,0.03,1.2294206619262695,-0.11396694928407669,0.3182377815246582,0.022260757163167,0.11232028156518936,-0.13977672159671783,0.9835400581359863,0,0,0,0,0,0,0,0,0,0,0,0,0,0
10.454300880432129,2.0,0.029815495014190674,-0.08199876546859741,-0.03125619888305664,0.08225613832473755,-1.3141899108886719,0.7057382464408875,0.4951084852218628,-0.6479659080505371,0.03,1.2294206619262695,-0.11396694928407669,0.3182377815246582,0.022260757163167,0.11232028156518936,-0.13977672159671783,0.9835400581359863,0,0,0,0,0,0,0,0,0,0,0,0,0,0
10.455800533294678,2.0,0.029815495014190674,-0.08199876546859741,-0.03125619888305664,0.08225613832473755,-1.3141899108886719,0.7057382464408875,0.4951084852218628,-0.6479659080505371,0.03,1.2294206619262695,-0.11396694928407669,0.3182377815246582,0.022260757163167,0.11232028156518936,-0.13977672159671783,0.9835400581359863,0,0,0,0,0,0,0,0,0,0,0,0,0,0
10.456888198852539,2.0,0.029815495014190674,-0.08199876546859741,-0.03125619888305664,0.08225613832473755,-1.3141899108886719,0.7057382464408875,0.4951084852218628,-0.6479659080505371,0.03,1.2294206619262695,-0.11396694928407669,0.3182377815246582,0.022260757163167,0.11232028156518936,-0.13977672159671783,0.9835400581359863,0,0,0,0,0,0,0,0,0,0,0,0,0,0
10.45821475982666,2.0,0.03014010190963745,-0.0820116251707077,-0.031532883644104004,0.08225615322589874,-0.9941793084144592,0.6788672208786011,0.4293432831764221,-0.6070772409439087,0.03,1.2294206619262695,-0.11396694928407669,0.3182377815246582,0.022260757163167,0.11232028156518936,-0.13977672159671783,0.9835400581359863,0,0,0,0,0,0,0,0,0,0,0,0,0,0
10.459290742874146,2.0,0.03157168626785278,-0.08201199769973755,-0.0329742431640625,0.08223411440849304,-0.8149763345718384,0.676944375038147,0.6749597191810608,-0.6710131168365479,0.03,1.229395866394043,-0.11392456293106079,0.31827685236930847,0.022145647555589676,0.11229313910007477,-0.14001551270484924,0.9835118055343628,0,0,0,0,0,0,0,0,0,0,0,0,0,0
10.4605872631073,2.0,0.03157168626785278,-0.08201199769973755,-0.0329742431640625,0.08223411440849304,-0.8149763345718384,0.676944375038147,0.6749597191810608,-0.6710131168365479,0.03,1.229395866394043,-0.11392456293106079,0.31827685236930847,0.022145647555589676,0.11229313910007477,-0.14001551270484924,0.9835118055343628,0,0,0,0,0,0,0,0,0,0,0,0,0,0
10.461678743362427,2.0,0.03157168626785278,-0.08201199769973755,-0.0329742431640625,0.08223411440849304,-0.8149763345718384,0.676944375038147,0.6749597191810608,-0.6710131168365479,0.03,1.229395866394043,-0.11392456293106079,0.31827685236930847,0.022145647555589676,0.11229313910007477,-0.14001551270484924,0.9835118055343628,0,0,0,0,0,0,0,0,0,0,0,0,0,0
10.463050603866577,2.0,0.03157168626785278,-0.08201199769973755,-0.0329742431640625,0.08223411440849304,-0.8149763345718384,0.676944375038147,0.6749597191810608,-0.6710131168365479,0.03,1.229395866394043,-0.11392456293106079,0.31827685236930847,0.022145647555589676,0.11229313910007477,-0.14001551270484924,0.9835118055343628,0,0,0,0,0,0,0,0,0,0,0,0,0,0
10.464832067489624,2.0,0.03157168626785278,-0.08201199769973755,-0.0329742431640625,0.08223411440849304,-0.8149763345718384,0.676944375038147,0.6749597191810608,-0.6710131168365479,0.03,1.229395866394043,-0.11392456293106079,0.31827685236930847,0.022145647555589676,0.11229313910007477,-0.14001551270484924,0.9835118055343628,0,0,0,0,0,0,0,0,0,0,0,0,0,0
10.468289375305176,2.0,0.03157168626785278,-0.08201199769973755,-0.0329742431640625,0.08223411440849304,-0.8149763345718384,0.676944375038147,0.6749597191810608,-0.6710131168365479,0.03,1.229395866394043,-0.11392456293106079,0.31827685236930847,0.022145647555589676,0.11229313910007477,-0.14001551270484924,0.9835118055343628,0,0,0,0,0,0,0,0,0,0,0,0,0,0
10.46967887878418,2.0,0.03157168626785278,-0.08201199769973755,-0.0329742431640625,0.08223411440849304,-0.8149763345718384,0.676944375038147,0.6749597191810608,-0.6710131168365479,0.03,1.229395866394043,-0.11392456293106079,0.31827685236930847,0.022145647555589676,0.11229313910007477,-0.14001551270484924,0.9835118055343628,0,0,0,0,0,0,0,0,0,0,0,0,0,0
10.470972061157227,2.0,0.03264659643173218,-0.08199089765548706,-0.03400510549545288,0.08225999772548676,-1.0125794410705566,0.7210992574691772,0.3502216041088104,-0.6153104305267334,0.03,1.229395866394043,-0.11392456293106079,0.31827685236930847,0.022145647555589676,0.11229313910007477,-0.14001551270484924,0.9835118055343628,0,0,0,0,0,0,0,0,0,0,0,0,0,0
10.47579836845398,2.0,0.03666633367538452,-0.08201359212398529,-0.03757822513580322,0.08221940696239471,-1.6104838848114014,0.7233393788337708,-0.1267767697572708,-0.6963146328926086,0.03,1.2294248342514038,-0.11405060440301895,0.31817999482154846,0.023221051320433617,0.11221224814653397,-0.13549955189228058,0.9841285943984985,0,0,0,0,0,0,0,0,0,0,0,0,0,0
10.477082014083862,2.0,0.03666633367538452,-0.08201359212398529,-0.03757822513580322,0.08221940696239471,-1.6104838848114014,0.7233393788337708,-0.1267767697572708,-0.6963146328926086,0.03,1.2294248342514038,-0.11405060440301895,0.31817999482154846,0.023221051320433617,0.11221224814653397,-0.13549955189228058,0.9841285943984985,0,0,0,0,0,0,0,0,0,0,0,0,0,0
10.478282928466797,2.0,0.03666633367538452,-0.08201359212398529,-0.03757822513580322,0.08221940696239471,-1.6104838848114014,0.7233393788337708,-0.1267767697572708,-0.6963146328926086,0.03,1.2294248342514038,-0.11405060440301895,0.31817999482154846,0.023221051320433617,0.11221224814653397,-0.13549955189228058,0.9841285943984985,0,0,0,0,0,0,0,0,0,0,0,0,0,0
10.481095314025879,2.0,0.03666633367538452,-0.08201359212398529,-0.03757822513580322,0.08221940696239471,-1.6104838848114014,0.7233393788337708,-0.1267767697572708,-0.6963146328926086,0.03,1.2294248342514038,-0.11405060440301895,0.31817999482154846,0.023221051320433617,0.11221224814653397,-0.13549955189228058,0.9841285943984985,0,0,0,0,0,0,0,0,0,0,0,0,0,0
10.48220443725586,2.0,0.03666633367538452,-0.08201359212398529,-0.03757822513580322,0.08221940696239471,-1.6104838848114014,0.7233393788337708,-0.1267767697572708,-0.6963146328926086,0.03,1.2293665409088135,-0.11402644217014313,0.3182630240917206,0.020981963723897934,0.1127520352602005,-0.1413625031709671,0.9832921028137207,0,0,0,0,0,0,0,0,0,0,0,0,0,0
10.483431339263916,2.0,0.03666633367538452,-0.08201359212398529,-0.03757822513580322,0.08221940696239471,-1.6104838848114014,0.7233393788337708,-0.1267767697572708,-0.6963146328926086,0.03,1.2293665409088135,-0.11402644217014313,0.3182630240917206,0.020981963723897934,0.1127520352602005,-0.1413625031709671,0.9832921028137207,0,0,0,0,0,0,0,0,0,0,0,0,0,0
10.485026121139526,2.0,0.03666633367538452,-0.08201359212398529,-0.03757822513580322,0.08221940696239471,-1.6104838848114014,0.7233393788337708,-0.1267767697572708,-0.6963146328926086,0.03,1.2293665409088135,-0.11402644217014313,0.3182630240917206,0.020981963723897934,0.1127520352602005,-0.1413625031709671,0.9832921028137207,0,0,0,0,0,0,0,0,0,0,0,0,0,0
10.48618197441101,2.0,0.03666633367538452,-0.08201359212398529,-0.03757822513580322,0.08221940696239471,-1.6104838848114014,0.7233393788337708,-0.1267767697572708,-0.6963146328926086,0.03,1.2293665409088135,-0.11402644217014313,0.3182630240917206,0.020981963723897934,0.1127520352602005,-0.1413625031709671,0.9832921028137207,0,0,0,0,0,0,0,0,0,0,0,0,0,0
10.487494230270386,2.0,0.03666633367538452,-0.08201359212398529,-0.03757822513580322,0.08221940696239471,-1.6104838848114014,0.7233393788337708,-0.1267767697572708,-0.6963146328926086,0.03,1.2293665409088135,-0.11402644217014313,0.3182630240917206,0.020981963723897934,0.1127520352602005,-0.1413625031709671,0.9832921028137207,0,0,0,0,0,0,0,0,0,0,0,0,0,0
10.489376306533813,2.0,0.03666633367538452,-0.08201359212398529,-0.03757822513580322,0.08221940696239471,-1.6104838848114014,0.7233393788337708,-0.1267767697572708,-0.6963146328926086,0.03,1.2293665409088135,-0.11402644217014313,0.3182630240917206,0.020981963723897934,0.1127520352602005,-0.1413625031709671,0.9832921028137207,0,0,0,0,0,0,0,0,0,0,0,0,0,0
10.493285179138184,2.0,0.03666633367538452,-0.08201359212398529,-0.03757822513580322,0.08221940696239471,-1.6104838848114014,0.7233393788337708,-0.1267767697572708,-0.6963146328926086,0.03,1.2293665409088135,-0.11402644217014313,0.3182630240917206,0.020981963723897934,0.1127520352602005,-0.1413625031709671,0.9832921028137207,0,0,0,0,0,0,0,0,0,0,0,0,0,0
10.494716882705688,2.0,0.03666633367538452,-0.08201359212398529,-0.03757822513580322,0.08221940696239471,-1.6104838848114014,0.7233393788337708,-0.1267767697572708,-0.6963146328926086,0.03,1.2293665409088135,-0.11402644217014313,0.3182630240917206,0.020981963723897934,0.1127520352602005,-0.1413625031709671,0.9832921028137207,0,0,0,0,0,0,0,0,0,0,0,0,0,0
10.496055603027344,2.0,0.03666633367538452,-0.08201359212398529,-0.03757822513580322,0.08221940696239471,-1.6104838848114014,0.7233393788337708,-0.1267767697572708,-0.6963146328926086,0.03,1.2293555736541748,-0.11405298113822937,0.3182121813297272,0.020449791103601456,0.11297575384378433,-0.14332261681556702,0.9829939603805542,0,0,0,0,0,0,0,0,0,0,0,0,0,0
10.497555017471313,2.0,0.03666633367538452,-0.08201359212398529,-0.03757822513580322,0.08221940696239471,-1.6104838848114014,0.7233393788337708,-0.1267767697572708,-0.6963146328926086,0.03,1.2293614149093628,-0.11411195993423462,0.31813204288482666,0.019701888784766197,0.11308803409337997,-0.14597660303115845,0.9826056361198425,0,0,0,0,0,0,0,0,0,0,0,0,0,0
10.4996657371521,2.0,0.03666633367538452,-0.08201359212398529,-0.03757822513580322,0.08221940696239471,-1.6104838848114014,0.7233393788337708,-0.1267767697572708,-0.6963146328926086,0.03,1.2293614149093628,-0.11411195993423462,0.31813204288482666,0.019701888784766197,0.11308803409337997,-0.14597660303115845,0.9826056361198425,0,0,0,0,0,0,0,0,0,0,0,0,0,0
10.500784397125244,2.0,0.03666633367538452,-0.08201359212398529,-0.03757822513580322,0.08221940696239471,-1.6104838848114014,0.7233393788337708,-0.1267767697572708,-0.6963146328926086,0.03,1.2293614149093628,-0.11411195993423462,0.31813204288482666,0.019701888784766197,0.11308803409337997,-0.14597660303115845,0.9826056361198425,0,0,0,0,0,0,0,0,0,0,0,0,0,0
10.50192642211914,2.0,0.03666633367538452,-0.08201359212398529,-0.03757822513580322,0.08221940696239471,-1.6104838848114014,0.7233393788337708,-0.1267767697572708,-0.6963146328926086,0.03,1.2293614149093628,-0.11411195993423462,0.31813204288482666,0.019701888784766197,0.11308803409337997,-0.14597660303115845,0.9826056361198425,0,0,0,0,0,0,0,0,0,0,0,0,0,0
10.50308895111084,2.0,0.03666633367538452,-0.08201359212398529,-0.03757822513580322,0.08221940696239471,-1.6104838848114014,0.7233393788337708,-0.1267767697572708,-0.6963146328926086,0.03,1.2293614149093628,-0.11411195993423462,0.31813204288482666,0.019701888784766197,0.11308803409337997,-0.14597660303115845,0.9826056361198425,0,0,0,0,0,0,0,0,0,0,0,0,0,0
10.504356622695923,2.0,0.03666633367538452,-0.08201359212398529,-0.03757822513580322,0.08221940696239471,-1.6104838848114014,0.7233393788337708,-0.1267767697572708,-0.6963146328926086,0.03,1.2293614149093628,-0.11411195993423462,0.31813204288482666,0.019701888784766197,0.11308803409337997,-0.14597660303115845,0.9826056361198425,0,0,0,0,0,0,0,0,0,0,0,0,0,0
10.50629472732544,2.0,0.03666633367538452,-0.08201359212398529,-0.03757822513580322,0.08221940696239471,-1.6104838848114014,0.7233393788337708,-0.1267767697572708,-0.6963146328926086,0.03,1.2293614149093628,-0.11411195993423462,0.31813204288482666,0.019701888784766197,0.11308803409337997,-0.14597660303115845,0.9826056361198425,0,0,0,0,0,0,0,0,0,0,0,0,0,0
10.507410049438477,2.0,0.03666633367538452,-0.08201359212398529,-0.03757822513580322,0.08221940696239471,-1.6104838848114014,0.7233393788337708,-0.1267767697572708,-0.6963146328926086,0.03,1.2293614149093628,-0.11411195993423462,0.31813204288482666,0.019701888784766197,0.11308803409337997,-0.14597660303115845,0.9826056361198425,0,0,0,0,0,0,0,0,0,0,0,0,0,0
10.508474588394165,2.0,0.03666633367538452,-0.08201359212398529,-0.03757822513580322,0.08221940696239471,-1.6104838848114014,0.7233393788337708,-0.1267767697572708,-0.6963146328926086,0.03,1.2293614149093628,-0.11411195993423462,0.31813204288482666,0.019701888784766197,0.11308803409337997,-0.14597660303115845,0.9826056361198425,0,0,0,0,0,0,0,0,0,0,0,0,0,0
10.509540319442749,2.0,0.03666633367538452,-0.08201359212398529,-0.03757822513580322,0.08221940696239471,-1.6104838848114014,0.7233393788337708,-0.1267767697572708,-0.6963146328926086,0.03,1.2293701171875,-0.1140640527009964,0.3181450068950653,0.018998069688677788,0.11315669119358063,-0.1483166217803955,0.9822611212730408,0,0,0,0,0,0,0,0,0,0,0,0,0,0
10.510603666305542,2.0,0.03666633367538452,-0.08201359212398529,-0.03757822513580322,0.08221940696239471,-1.6104838848114014,0.7233393788337708,-0.1267767697572708,-0.6963146328926086,0.03,1.2293701171875,-0.1140640527009964,0.3181450068950653,0.018998069688677788,0.11315669119358063,-0.1483166217803955,0.9822611212730408,0,0,0,0,0,0,0,0,0,0,0,0,0,0
10.511821031570435,2.0,0.03666633367538452,-0.08201359212398529,-0.03757822513580322,0.08221940696239471,-1.6104838848114014,0.7233393788337708,-0.1267767697572708,-0.6963146328926086,0.03,1.2293701171875,-0.1140640527009964,0.3181450068950653,0.018998069688677788,0.11315669119358063,-0.1483166217803955,0.9822611212730408,0,0,0,0,0,0,0,0,0,0,0,0,0,0
10.512906551361084,2.0,0.03666633367538452,-0.08201359212398529,-0.03757822513580322,0.08221940696239471,-1.6104838848114014,0.7233393788337708,-0.1267767697572708,-0.6963146328926086,0.03,1.2293701171875,-0.1140640527009964,0.3181450068950653,0.018998069688677788,0.11315669119358063,-0.1483166217803955,0.9822611212730408,0,0,0,0,0,0,0,0,0,0,0,0,0,0
10.513994932174683,2.0,0.03666633367538452,-0.08201359212398529,-0.03757822513580322,0.08221940696239471,-1.6104838848114014,0.7233393788337708,-0.1267767697572708,-0.6963146328926086,0.03,1.2293701171875,-0.1140640527009964,0.3181450068950653,0.018998069688677788,0.11315669119358063,-0.1483166217803955,0.9822611212730408,0,0,0,0,0,0,0,0,0,0,0,0,0,0
10.515198945999146,2.0,0.03666633367538452,-0.08201359212398529,-0.03757822513580322,0.08221940696239471,-1.6104838848114014,0.7233393788337708,-0.1267767697572708,-0.6963146328926086,0.03,1.2293701171875,-0.1140640527009964,0.3181450068950653,0.018998069688677788,0.11315669119358063,-0.1483166217803955,0.9822611212730408,0,0,0,0,0,0,0,0,0,0,0,0,0,0
10.516358852386475,2.0,0.03666633367538452,-0.08201359212398529,-0.03757822513580322,0.08221940696239471,-1.6104838848114014,0.7233393788337708,-0.1267767697572708,-0.6963146328926086,0.03,1.2293701171875,-0.1140640527009964,0.3181450068950653,0.018998069688677788,0.11315669119358063,-0.1483166217803955,0.9822611212730408,0,0,0,0,0,0,0,0,0,0,0,0,0,0
10.51766848564148,2.0,0.03666633367538452,-0.08201359212398529,-0.03757822513580322,0.08221940696239471,-1.6104838848114014,0.7233393788337708,-0.1267767697572708,-0.6963146328926086,0.03,1.2293701171875,-0.1140640527009964,0.3181450068950653,0.018998069688677788,0.11315669119358063,-0.1483166217803955,0.9822611212730408,0,0,0,0,0,0,0,0,0,0,0,0,0,0
10.518874883651733,2.0,0.03666633367538452,-0.08201359212398529,-0.03757822513580322,0.08221940696239471,-1.6104838848114014,0.7233393788337708,-0.1267767697572708,-0.6963146328926086,0.03,1.2293701171875,-0.1140640527009964,0.3181450068950653,0.018998069688677788,0.11315669119358063,-0.1483166217803955,0.9822611212730408,0,0,0,0,0,0,0,0,0,0,0,0,0,0
10.520298719406128,2.0,0.03666633367538452,-0.08201359212398529,-0.03757822513580322,0.08221940696239471,-1.6104838848114014,0.7233393788337708,-0.1267767697572708,-0.6963146328926086,0.03,1.2293701171875,-0.1140640527009964,0.3181450068950653,0.018998069688677788,0.11315669119358063,-0.1483166217803955,0.9822611212730408,0,0,0,0,0,0,0,0,0,0,0,0,0,0
10.521899461746216,2.0,0.03666633367538452,-0.08201359212398529,-0.03757822513580322,0.08221940696239471,-1.6104838848114014,0.7233393788337708,-0.1267767697572708,-0.6963146328926086,0.03,1.2293701171875,-0.1140640527009964,0.3181450068950653,0.018998069688677788,0.11315669119358063,-0.1483166217803955,0.9822611212730408,0,0,0,0,0,0,0,0,0,0,0,0,0,0
10.52407169342041,2.0,0.03666633367538452,-0.08201359212398529,-0.03757822513580322,0.08221940696239471,-1.6104838848114014,0.7233393788337708,-0.1267767697572708,-0.6963146328926086,0.03,1.2293701171875,-0.1140640527009964,0.3181450068950653,0.018998069688677788,0.11315669119358063,-0.1483166217803955,0.9822611212730408,0,0,0,0,0,0,0,0,0,0,0,0,0,0
10.526144027709961,2.0,0.03666633367538452,-0.08201359212398529,-0.03757822513580322,0.08221940696239471,-1.6104838848114014,0.7233393788337708,-0.1267767697572708,-0.6963146328926086,0.03,1.2293701171875,-0.1140640527009964,0.3181450068950653,0.018998069688677788,0.11315669119358063,-0.1483166217803955,0.9822611212730408,0,0,0,0,0,0,0,0,0,0,0,0,0,0
10.527432918548584,2.0,0.03666633367538452,-0.08201359212398529,-0.03757822513580322,0.08221940696239471,-1.6104838848114014,0.7233393788337708,-0.1267767697572708,-0.6963146328926086,0.03,1.2293877601623535,-0.11407332867383957,0.31815439462661743,0.01934031955897808,0.11310070008039474,-0.14689946174621582,0.9824738502502441,0,0,0,0,0,0,0,0,0,0,0,0,0,0
10.528632164001465,2.0,0.03666633367538452,-0.08201359212398529,-0.03757822513580322,0.08221940696239471,-1.6104838848114014,0.7233393788337708,-0.1267767697572708,-0.6963146328926086,0.03,1.2293795347213745,-0.11413030326366425,0.31807371973991394,0.019144507125020027,0.1132119819521904,-0.14742740988731384,0.9823858141899109,0,0,0,0,0,0,0,0,0,0,0,0,0,0
10.529963731765747,2.0,0.03666633367538452,-0.08201359212398529,-0.03757822513580322,0.08221940696239471,-1.6104838848114014,0.7233393788337708,-0.1267767697572708,-0.6963146328926086,0.03,1.2293795347213745,-0.11413030326366425,0.31807371973991394,0.019144507125020027,0.1132119819521904,-0.14742740988731384,0.9823858141899109,0,0,0,0,0,0,0,0,0,0,0,0,0,0
10.531353235244751,2.0,0.03666633367538452,-0.08201359212398529,-0.03757822513580322,0.08221940696239471,-1.6104838848114014,0.7233393788337708,-0.1267767697572708,-0.6963146328926086,0.03,1.2293795347213745,-0.11413030326366425,0.31807371973991394,0.019144507125020027,0.1132119819521904,-0.14742740988731384,0.9823858141899109,0,0,0,0,0,0,0,0,0,0,0,0,0,0
10.532616138458252,2.0,0.03666633367538452,-0.08201359212398529,-0.03757822513580322,0.08221940696239471,-1.6104838848114014,0.7233393788337708,-0.1267767697572708,-0.6963146328926086,0.03,1.2293795347213745,-0.11413030326366425,0.31807371973991394,0.019144507125020027,0.1132119819521904,-0.14742740988731384,0.9823858141899109,0,0,0,0,0,0,0,0,0,0,0,0,0,0
10.533936023712158,2.0,0.03666633367538452,-0.08201359212398529,-0.03757822513580322,0.08221940696239471,-1.6104838848114014,0.7233393788337708,-0.1267767697572708,-0.6963146328926086,0.03,1.2293795347213745,-0.11413030326366425,0.31807371973991394,0.019144507125020027,0.1132119819521904,-0.14742740988731384,0.9823858141899109,0,0,0,0,0,0,0,0,0,0,0,0,0,0
10.536021947860718,2.0,0.03666633367538452,-0.08201359212398529,-0.03757822513580322,0.08221940696239471,-1.6104838848114014,0.7233393788337708,-0.1267767697572708,-0.6963146328926086,0.03,1.2293795347213745,-0.11413030326366425,0.31807371973991394,0.019144507125020027,0.1132119819521904,-0.14742740988731384,0.9823858141899109,0,0,0,0,0,0,0,0,0,0,0,0,0,0
10.53727650642395,2.0,0.03666633367538452,-0.08201359212398529,-0.03757822513580322,0.08221940696239471,-1.6104838848114014,0.7233393788337708,-0.1267767697572708,-0.6963146328926086,0.03,1.2293657064437866,-0.11413449794054031,0.31805071234703064,0.01857781410217285,0.1133228987455368,-0.14888684451580048,0.9821637868881226,0,0,0,0,0,0,0,0,0,0,0,0,0,0
10.539074420928955,2.0,0.03666633367538452,-0.08201359212398529,-0.03757822513580322,0.08221940696239471,-1.6104838848114014,0.7233393788337708,-0.1267767697572708,-0.6963146328926086,0.03,1.2293657064437866,-0.11413449794054031,0.31805071234703064,0.01857781410217285,0.1133228987455368,-0.14888684451580048,0.9821637868881226,0,0,0,0,0,0,0,0,0,0,0,0,0,0
10.540177822113037,2.0,0.03666633367538452,-0.08201359212398529,-0.03757822513580322,0.08221940696239471,-1.6104838848114014,0.7233393788337708,-0.1267767697572708,-0.6963146328926086,0.03,1.2293657064437866,-0.11413449794054031,0.31805071234703064,0.01857781410217285,0.1133228987455368,-0.14888684451580048,0.9821637868881226,0,0,0,0,0,0,0,0,0,0,0,0,0,0
10.541239976882935,2.0,0.03666633367538452,-0.08201359212398529,-0.03757822513580322,0.08221940696239471,-1.6104838848114014,0.7233393788337708,-0.1267767697572708,-0.6963146328926086,0.03,1.2293657064437866,-0.11413449794054031,0.31805071234703064,0.01857781410217285,0.1133228987455368,-0.14888684451580048,0.9821637868881226,0,0,0,0,0,0,0,0,0,0,0,0,0,0
10.542401790618896,2.0,0.03666633367538452,-0.08201359212398529,-0.03757822513580322,0.08221940696239471,-1.6104838848114014,0.7233393788337708,-0.1267767697572708,-0.6963146328926086,0.03,1.2293657064437866,-0.11413449794054031,0.31805071234703064,0.01857781410217285,0.1133228987455368,-0.14888684451580048,0.9821637868881226,0,0,0,0,0,0,0,0,0,0,0,0,0,0
10.543489694595337,2.0,0.03666633367538452,-0.08201359212398529,-0.03757822513580322,0.08221940696239471,-1.6104838848114014,0.7233393788337708,-0.1267767697572708,-0.6963146328926086,0.03,1.2293657064437866,-0.11413449794054031,0.31805071234703064,0.01857781410217285,0.1133228987455368,-0.14888684451580048,0.9821637868881226,0,0,0,0,0,0,0,0,0,0,0,0,0,0
10.54474401473999,2.0,0.03666633367538452,-0.08201359212398529,-0.03757822513580322,0.08221940696239471,-1.6104838848114014,0.7233393788337708,-0.1267767697572708,-0.6963146328926086,0.03,1.2293657064437866,-0.11413449794054031,0.31805071234703064,0.01857781410217285,0.1133228987455368,-0.14888684451580048,0.9821637868881226,0,0,0,0,0,0,0,0,0,0,0,0,0,0
10.545853853225708,2.0,0.03666633367538452,-0.08201359212398529,-0.03757822513580322,0.08221940696239471,-1.6104838848114014,0.7233393788337708,-0.1267767697572708,-0.6963146328926086,0.03,1.2293657064437866,-0.11413449794054031,0.31805071234703064,0.01857781410217285,0.1133228987455368,-0.14888684451580048,0.9821637868881226,0,0,0,0,0,0,0,0,0,0,0,0,0,0
10.54813289642334,2.0,0.03666633367538452,-0.08201359212398529,-0.03757822513580322,0.08221940696239471,-1.6104838848114014,0.7233393788337708,-0.1267767697572708,-0.6963146328926086,0.03,1.2293545007705688,-0.11410146206617355,0.3180598020553589,0.018179545179009438,0.11343149840831757,-0.15015724301338196,0.9819652438163757,0,0,0,0,0,0,0,0,0,0,0,0,0,0
10.54979419708252,2.0,0.03666633367538452,-0.08201359212398529,-0.03757822513580322,0.08221940696239471,-1.6104838848114014,0.7233393788337708,-0.1267767697572708,-0.6963146328926086,0.03,1.2293586730957031,-0.11403986066579819,0.3180968165397644,0.01889644004404545,0.11354539543390274,-0.1467500925064087,0.9824535250663757,0,0,0,0,0,0,0,0,0,0,0,0,0,0
10.550957441329956,2.0,0.03666633367538452,-0.08201359212398529,-0.03757822513580322,0.08221940696239471,-1.6104838848114014,0.7233393788337708,-0.1267767697572708,-0.6963146328926086,0.03,1.2293586730957031,-0.11403986066579819,0.3180968165397644,0.01889644004404545,0.11354539543390274,-0.1467500925064087,0.9824535250663757,0,0,0,0,0,0,0,0,0,0,0,0,0,0
10.552462100982666,2.0,0.03666633367538452,-0.08201359212398529,-0.03757822513580322,0.08221940696239471,-1.6104838848114014,0.7233393788337708,-0.1267767697572708,-0.6963146328926086,0.03,1.2293586730957031,-0.11403986066579819,0.3180968165397644,0.01889644004404545,0.11354539543390274,-0.1467500925064087,0.9824535250663757,0,0,0,0,0,0,0,0,0,0,0,0,0,0
10.553820371627808,2.0,0.03666633367538452,-0.08201359212398529,-0.03757822513580322,0.08221940696239471,-1.6104838848114014,0.7233393788337708,-0.1267767697572708,-0.6963146328926086,0.03,1.2293586730957031,-0.11403986066579819,0.3180968165397644,0.01889644004404545,0.11354539543390274,-0.1467500925064087,0.9824535250663757,0,0,0,0,0,0,0,0,0,0,0,0,0,0
10.555017948150635,2.0,0.03666633367538452,-0.08201359212398529,-0.03757822513580322,0.08221940696239471,-1.6104838848114014,0.7233393788337708,-0.1267767697572708,-0.6963146328926086,0.03,1.2293586730957031,-0.11403986066579819,0.3180968165397644,0.01889644004404545,0.11354539543390274,-0.1467500925064087,0.9824535250663757,0,0,0,0,0,0,0,0,0,0,0,0,0,0
10.556121110916138,2.0,0.03666633367538452,-0.08201359212398529,-0.03757822513580322,0.08221940696239471,-1.6104838848114014,0.7233393788337708,-0.1267767697572708,-0.6963146328926086,0.03,1.2293586730957031,-0.11403986066579819,0.3180968165397644,0.01889644004404545,0.11354539543390274,-0.1467500925064087,0.9824535250663757,0,0,0,0,0,0,0,0,0,0,0,0,0,0
10.558364629745483,2.0,0.03666633367538452,-0.08201359212398529,-0.03757822513580322,0.08221940696239471,-1.6104838848114014,0.7233393788337708,-0.1267767697572708,-0.6963146328926086,0.03,1.2293586730957031,-0.11403986066579819,0.3180968165397644,0.01889644004404545,0.11354539543390274,-0.1467500925064087,0.9824535250663757,0,0,0,0,0,0,0,0,0,0,0,0,0,0
10.559463262557983,2.0,0.03666633367538452,-0.08201359212398529,-0.03757822513580322,0.08221940696239471,-1.6104838848114014,0.7233393788337708,-0.1267767697572708,-0.6963146328926086,0.03,1.2293586730957031,-0.11403986066579819,0.3180968165397644,0.01889644004404545,0.11354539543390274,-0.1467500925064087,0.9824535250663757,0,0,0,0,0,0,0,0,0,0,0,0,0,0
10.560608386993408,2.0,0.03666633367538452,-0.08201359212398529,-0.03757822513580322,0.08221940696239471,-1.6104838848114014,0.7233393788337708,-0.1267767697572708,-0.6963146328926086,0.03,1.2293586730957031,-0.11403986066579819,0.3180968165397644,0.01889644004404545,0.11354539543390274,-0.1467500925064087,0.9824535250663757,0,0,0,0,0,0,0,0,0,0,0,0,0,0
10.562306880950928,2.0,0.03666633367538452,-0.08201359212398529,-0.03757822513580322,0.08221940696239471,-1.6104838848114014,0.7233393788337708,-0.1267767697572708,-0.6963146328926086,0.03,1.2293586730957031,-0.11403986066579819,0.3180968165397644,0.01889644004404545,0.11354539543390274,-0.1467500925064087,0.9824535250663757,0,0,0,0,0,0,0,0,0,0,0,0,0,0
10.563810586929321,2.0,0.03666633367538452,-0.08201359212398529,-0.03757822513580322,0.08221940696239471,-1.6104838848114014,0.7233393788337708,-0.1267767697572708,-0.6963146328926086,0.03,1.2293586730957031,-0.11403986066579819,0.3180968165397644,0.01889644004404545,0.11354539543390274,-0.1467500925064087,0.9824535250663757,0,0,0,0,0,0,0,0,0,0,0,0,0,0
10.567191123962402,2.0,0.03666633367538452,-0.08201359212398529,-0.03757822513580322,0.08221940696239471,-1.6104838848114014,0.7233393788337708,-0.1267767697572708,-0.6963146328926086,0.03,1.2293586730957031,-0.11403986066579819,0.3180968165397644,0.01889644004404545,0.11354539543390274,-0.1467500925064087,0.9824535250663757,0,0,0,0,0,0,0,0,0,0,0,0,0,0
10.568511247634888,2.0,0.03774559497833252,-0.08201275765895844,-0.038530170917510986,0.08223885297775269,-1.6129441261291504,0.7358577847480774,-0.21031776070594788,-0.6599979400634766,0.03,1.2293586730957031,-0.11403986066579819,0.3180968165397644,0.01889644004404545,0.11354539543390274,-0.1467500925064087,0.9824535250663757,0,0,0,0,0,0,0,0,0,0,0,0,0,0
10.570868015289307,2.0,0.04831479862332344,-0.08207373321056366,-0.05180859565734863,0.08226367831230164,-3.2882237434387207,0.7632461786270142,0.1799338310956955,-0.7183234095573425,0.03,1.2293586730957031,-0.11403986066579819,0.3180968165397644,0.01889644004404545,0.11354539543390274,-0.1467500925064087,0.9824535250663757,0,0,0,0,0,0,0,0,0,0,0,0,0,0
10.573201179504395,2.0,0.04831479862332344,-0.08207373321056366,-0.05180859565734863,0.08226367831230164,-3.2882237434387207,0.7632461786270142,0.1799338310956955,-0.7183234095573425,0.03,1.2293586730957031,-0.11403986066579819,0.3180968165397644,0.01889644004404545,0.11354539543390274,-0.1467500925064087,0.9824535250663757,0,0,0,0,0,0,0,0,0,0,0,0,0,0
10.574552059173584,2.0,0.05024673417210579,-0.08207638561725616,-0.05365544557571411,0.08225160837173462,-3.061209201812744,0.7852893471717834,0.20529893040657043,-0.7582571506500244,0.03,1.2293586730957031,-0.11403986066579819,0.3180968165397644,0.01889644004404545,0.11354539543390274,-0.1467500925064087,0.9824535250663757,0,0,0,0,0,0,0,0,0,0,0,0,0,0
10.576426982879639,2.0,0.05024673417210579,-0.08207638561725616,-0.05365544557571411,0.08225160837173462,-3.061209201812744,0.7852893471717834,0.20529893040657043,-0.7582571506500244,0.03,1.2293586730957031,-0.11403986066579819,0.3180968165397644,0.01889644004404545,0.11354539543390274,-0.1467500925064087,0.9824535250663757,0,0,0,0,0,0,0,0,0,0,0,0,0,0
10.578763008117676,2.0,0.05079473555088043,-0.08208765089511871,-0.05389517545700073,0.08226197957992554,-3.160642147064209,0.7625465393066406,-0.1134202852845192,-0.7352228164672852,0.03,1.2293586730957031,-0.11403986066579819,0.3180968165397644,0.01889644004404545,0.11354539543390274,-0.1467500925064087,0.9824535250663757,0,0,0,0,0,0,0,0,0,0,0,0,0,0
10.579830884933472,2.0,0.05715978518128395,-0.082135409116745,-0.060387372970581055,0.08226180076599121,-3.9262635707855225,0.7605001926422119,-0.2861461341381073,-0.7986046075820923,0.03,1.2293586730957031,-0.11403986066579819,0.3180968165397644,0.01889644004404545,0.11354539543390274,-0.1467500925064087,0.9824535250663757,0,0,0,0,0,0,0,0,0,0,0,0,0,0
10.580980777740479,2.0,0.05771137401461601,-0.08213159441947937,-0.0609402060508728,0.08226364850997925,-3.924473524093628,0.7730575799942017,-0.34633779525756836,-0.7730115056037903,0.03,1.2293531894683838,-0.11404871195554733,0.3180799186229706,0.018713202327489853,0.11359211057424545,-0.14775095880031586,0.9823015928268433,0,0,0,0,0,0,0,0,0,0,0,0,0,0
10.5824453830719,2.0,0.06008683145046234,-0.08213512599468231,-0.06369507312774658,0.08226466178894043,-3.946789264678955,0.7839623093605042,-0.13091707229614258,-0.7901650667190552,0.03,1.2293531894683838,-0.11404871195554733,0.3180799186229706,0.018713202327489853,0.11359211057424545,-0.14775095880031586,0.9823015928268433,0,0,0,0,0,0,0,0,0,0,0,0,0,0
10.584355115890503,2.0,0.06008683145046234,-0.08213512599468231,-0.06369507312774658,0.08226466178894043,-3.946789264678955,0.7839623093605042,-0.13091707229614258,-0.7901650667190552,0.03,1.2293531894683838,-0.11404871195554733,0.3180799186229706,0.018713202327489853,0.11359211057424545,-0.14775095880031586,0.9823015928268433,0,0,0,0,0,0,0,0,0,0,0,0,0,0
10.58559775352478,2.0,0.06008683145046234,-0.08213512599468231,-0.06369507312774658,0.08226466178894043,-3.946789264678955,0.7839623093605042,-0.13091707229614258,-0.7901650667190552,0.03,1.2293531894683838,-0.11404871195554733,0.3180799186229706,0.018713202327489853,0.11359211057424545,-0.14775095880031586,0.9823015928268433,0,0,0,0,0,0,0,0,0,0,0,0,0,0
10.587319612503052,2.0,0.06008683145046234,-0.08213512599468231,-0.06369507312774658,0.08226466178894043,-3.946789264678955,0.7839623093605042,-0.13091707229614258,-0.7901650667190552,0.03,1.2293531894683838,-0.11404871195554733,0.3180799186229706,0.018713202327489853,0.11359211057424545,-0.14775095880031586,0.9823015928268433,0,0,0,0,0,0,0,0,0,0,0,0,0,0
10.588460683822632,2.0,0.06008683145046234,-0.08213512599468231,-0.06369507312774658,0.08226466178894043,-3.946789264678955,0.7839623093605042,-0.13091707229614258,-0.7901650667190552,0.03,1.2293531894683838,-0.11404871195554733,0.3180799186229706,0.018713202327489853,0.11359211057424545,-0.14775095880031586,0.9823015928268433,0,0,0,0,0,0,0,0,0,0,0,0,0,0
10.58959150314331,2.0,0.06008683145046234,-0.08213512599468231,-0.06369507312774658,0.08226466178894043,-3.946789264678955,0.7839623093605042,-0.13091707229614258,-0.7901650667190552,0.03,1.2293531894683838,-0.11404871195554733,0.3180799186229706,0.018713202327489853,0.11359211057424545,-0.14775095880031586,0.9823015928268433,0,0,0,0,0,0,0,0,0,0,0,0,0,0
10.590833187103271,2.0,0.06008683145046234,-0.08213512599468231,-0.06369507312774658,0.08226466178894043,-3.946789264678955,0.7839623093605042,-0.13091707229614258,-0.7901650667190552,0.03,1.2293531894683838,-0.11404871195554733,0.3180799186229706,0.018713202327489853,0.11359211057424545,-0.14775095880031586,0.9823015928268433,0,0,0,0,0,0,0,0,0,0,0,0,0,0
10.591961145401001,2.0,0.06008683145046234,-0.08213512599468231,-0.06369507312774658,0.08226466178894043,-3.946789264678955,0.7839623093605042,-0.13091707229614258,-0.7901650667190552,0.03,1.2293531894683838,-0.11404871195554733,0.3180799186229706,0.018713202327489853,0.11359211057424545,-0.14775095880031586,0.9823015928268433,0,0,0,0,0,0,0,0,0,0,0,0,0,0
10.593512058258057,2.0,0.06008683145046234,-0.08213512599468231,-0.06369507312774658,0.08226466178894043,-3.946789264678955,0.7839623093605042,-0.13091707229614258,-0.7901650667190552,0.03,1.2293531894683838,-0.11404871195554733,0.3180799186229706,0.018713202327489853,0.11359211057424545,-0.14775095880031586,0.9823015928268433,0,0,0,0,0,0,0,0,0,0,0,0,0,0
10.594643831253052,2.0,0.06008683145046234,-0.08213512599468231,-0.06369507312774658,0.08226466178894043,-3.946789264678955,0.7839623093605042,-0.13091707229614258,-0.7901650667190552,0.03,1.2293531894683838,-0.11404871195554733,0.3180799186229706,0.018713202327489853,0.11359211057424545,-0.14775095880031586,0.9823015928268433,0,0,0,0,0,0,0,0,0,0,0,0,0,0
10.595733165740967,2.0,0.06008683145046234,-0.08213512599468231,-0.06369507312774658,0.08226466178894043,-3.946789264678955,0.7839623093605042,-0.13091707229614258,-0.7901650667190552,0.03,1.2293531894683838,-0.11404871195554733,0.3180799186229706,0.018713202327489853,0.11359211057424545,-0.14775095880031586,0.9823015928268433,0,0,0,0,0,0,0,0,0,0,0,0,0,0
10.596923589706421,2.0,0.06008683145046234,-0.08213512599468231,-0.06369507312774658,0.08226466178894043,-3.946789264678955,0.7839623093605042,-0.13091707229614258,-0.7901650667190552,0.03,1.2293531894683838,-0.11404871195554733,0.3180799186229706,0.018713202327489853,0.11359211057424545,-0.14775095880031586,0.9823015928268433,0,0,0,0,0,0,0,0,0,0,0,0,0,0
10.598049879074097,2.0,0.06008683145046234,-0.08213512599468231,-0.06369507312774658,0.08226466178894043,-3.946789264678955,0.7839623093605042,-0.13091707229614258,-0.7901650667190552,0.03,1.2293531894683838,-0.11404871195554733,0.3180799186229706,0.018713202327489853,0.11359211057424545,-0.14775095880031586,0.9823015928268433,0,0,0,0,0,0,0,0,0,0,0,0,0,0
10.599135637283325,2.0,0.06008683145046234,-0.08213512599468231,-0.06369507312774658,0.08226466178894043,-3.946789264678955,0.7839623093605042,-0.13091707229614258,-0.7901650667190552,0.03,1.2293531894683838,-0.11404871195554733,0.3180799186229706,0.018713202327489853,0.11359211057424545,-0.14775095880031586,0.9823015928268433,0,0,0,0,0,0,0,0,0,0,0,0,0,0
10.600224733352661,2.0,0.06008683145046234,-0.08213512599468231,-0.06369507312774658,0.08226466178894043,-3.946789264678955,0.7839623093605042,-0.13091707229614258,-0.7901650667190552,0.03,1.2293531894683838,-0.11404871195554733,0.3180799186229706,0.018713202327489853,0.11359211057424545,-0.14775095880031586,0.9823015928268433,0,0,0,0,0,0,0,0,0,0,0,0,0,0
10.601364850997925,2.0,0.06008683145046234,-0.08213512599468231,-0.06369507312774658,0.08226466178894043,-3.946789264678955,0.7839623093605042,-0.13091707229614258,-0.7901650667190552,0.03,1.2293531894683838,-0.11404871195554733,0.3180799186229706,0.018713202327489853,0.11359211057424545,-0.14775095880031586,0.9823015928268433,0,0,0,0,0,0,0,0,0,0,0,0,0,0
10.602582454681396,2.0,0.06008683145046234,-0.08213512599468231,-0.06369507312774658,0.08226466178894043,-3.946789264678955,0.7839623093605042,-0.13091707229614258,-0.7901650667190552,0.03,1.2293531894683838,-0.11404871195554733,0.3180799186229706,0.018713202327489853,0.11359211057424545,-0.14775095880031586,0.9823015928268433,0,0,0,0,0,0,0,0,0,0,0,0,0,0
10.603647708892822,2.0,0.06008683145046234,-0.08213512599468231,-0.06369507312774658,0.08226466178894043,-3.946789264678955,0.7839623093605042,-0.13091707229614258,-0.7901650667190552,0.03,1.2293531894683838,-0.11404871195554733,0.3180799186229706,0.018713202327489853,0.11359211057424545,-0.14775095880031586,0.9823015928268433,0,0,0,0,0,0,0,0,0,0,0,0,0,0
10.604735136032104,2.0,0.06008683145046234,-0.08213512599468231,-0.06369507312774658,0.08226466178894043,-3.946789264678955,0.7839623093605042,-0.13091707229614258,-0.7901650667190552,0.03,1.2293531894683838,-0.11404871195554733,0.3180799186229706,0.018713202327489853,0.11359211057424545,-0.14775095880031586,0.9823015928268433,0,0,0,0,0,0,0,0,0,0,0,0,0,0
10.606123924255371,2.0,0.06008683145046234,-0.08213512599468231,-0.06369507312774658,0.08226466178894043,-3.946789264678955,0.7839623093605042,-0.13091707229614258,-0.7901650667190552,0.03,1.2293531894683838,-0.11404871195554733,0.3180799186229706,0.018713202327489853,0.11359211057424545,-0.14775095880031586,0.9823015928268433,0,0,0,0,0,0,0,0,0,0,0,0,0,0
10.607656717300415,2.0,0.06008683145046234,-0.08213512599468231,-0.06369507312774658,0.08226466178894043,-3.946789264678955,0.7839623093605042,-0.13091707229614258,-0.7901650667190552,0.03,1.2293531894683838,-0.11404871195554733,0.3180799186229706,0.018713202327489853,0.11359211057424545,-0.14775095880031586,0.9823015928268433,0,0,0,0,0,0,0,0,0,0,0,0,0,0
10.608941078186035,2.0,0.06008683145046234,-0.08213512599468231,-0.06369507312774658,0.08226466178894043,-3.946789264678955,0.7839623093605042,-0.13091707229614258,-0.7901650667190552,0.03,1.2293531894683838,-0.11404871195554733,0.3180799186229706,0.018713202327489853,0.11359211057424545,-0.14775095880031586,0.9823015928268433,0,0,0,0,0,0,0,0,0,0,0,0,0,0
10.610575437545776,2.0,0.06008683145046234,-0.08213512599468231,-0.06369507312774658,0.08226466178894043,-3.946789264678955,0.7839623093605042,-0.13091707229614258,-0.7901650667190552,0.03,1.2293531894683838,-0.11404871195554733,0.3180799186229706,0.018713202327489853,0.11359211057424545,-0.14775095880031586,0.9823015928268433,0,0,0,0,0,0,0,0,0,0,0,0,0,0
10.612436294555664,2.0,0.065589539706707,-0.08213481307029724,-0.06971240043640137,0.08231279253959656,-4.410614967346191,0.8212799429893494,-0.14266443252563477,-0.7513336539268494,0.03,1.2293444871902466,-0.11411623656749725,0.3180133104324341,0.018190087750554085,0.11363092809915543,-0.14921826124191284,0.9820850491523743,0,0,0,0,0,0,0,0,0,0,0,0,0,0
10.614592790603638,2.0,0.06765228509902954,-0.08213476836681366,-0.07170045375823975,0.08230504393577576,-4.631816387176514,0.8348677754402161,-0.45374804735183716,-0.785378634929657,0.03,1.2293250560760498,-0.11414241790771484,0.3179665207862854,0.018214425072073936,0.11366177350282669,-0.14910335838794708,0.9820984601974487,0,0,0,0,0,0,0,0,0,0,0,0,0,0
10.615910530090332,2.0,0.06836088001728058,-0.08213476836681366,-0.07266402244567871,0.08228237926959991,-4.788836479187012,0.8398503661155701,-0.5130186080932617,-0.8356013298034668,0.03,1.2293250560760498,-0.11414241790771484,0.3179665207862854,0.018214425072073936,0.11366177350282669,-0.14910335838794708,0.9820984601974487,0,0,0,0,0,0,0,0,0,0,0,0,0,0
10.617127895355225,2.0,0.06836088001728058,-0.08213476836681366,-0.07266402244567871,0.08228237926959991,-4.788836479187012,0.8398503661155701,-0.5130186080932617,-0.8356013298034668,0.03,1.2293250560760498,-0.11414241790771484,0.3179665207862854,0.018214425072073936,0.11366177350282669,-0.14910335838794708,0.9820984601974487,0,0,0,0,0,0,0,0,0,0,0,0,0,0
10.618296384811401,2.0,0.06836088001728058,-0.08213476836681366,-0.07266402244567871,0.08228237926959991,-4.788836479187012,0.8398503661155701,-0.5130186080932617,-0.8356013298034668,0.03,1.2293250560760498,-0.11414241790771484,0.3179665207862854,0.018214425072073936,0.11366177350282669,-0.14910335838794708,0.9820984601974487,0,0,0,0,0,0,0,0,0,0,0,0,0,0
10.619423389434814,3.0,0.07062636315822601,-0.08213484287261963,-0.07507842779159546,0.08229087293148041,-4.92271614074707,0.8560872077941895,-0.11497766524553299,-0.8416622281074524,0.03,1.2293250560760498,-0.11414241790771484,0.3179665207862854,0.018214425072073936,0.11366177350282669,-0.14910335838794708,0.9820984601974487,0,0,0,0,0,0,0,0,0,0,0,0,0,0
10.620954513549805,3.0,0.07101820409297943,-0.0820835679769516,-0.0757458508014679,0.08228816092014313,-4.103704452514648,-1.4562488794326782,1.0607856512069702,1.5665632486343384,0.03,1.2293250560760498,-0.11414241790771484,0.3179665207862854,0.018214425072073936,0.11366177350282669,-0.14910335838794708,0.9820984601974487,0,0,0,0,0,0,0,0,0,0,0,0,0,0
10.62206244468689,3.0,0.07107864320278168,-0.08162693679332733,-0.07611265778541565,0.08167868852615356,-3.7346930503845215,-2.4793777465820312,1.3302568197250366,1.7407909631729126,0.03,1.229282259941101,-0.11417433619499207,0.3179706931114197,0.017392249777913094,0.11387800425291061,-0.1517810970544815,0.9816781282424927,0,0,0,0,0,0,0,0,0,0,0,0,0,0
10.623391389846802,3.0,0.07103550434112549,-0.08103251457214355,-0.07606717944145203,0.08142392337322235,-3.5221991539001465,-2.6504995822906494,1.759656310081482,3.009201765060425,0.03,1.229282259941101,-0.11417433619499207,0.3179706931114197,0.017392249777913094,0.11387800425291061,-0.1517810970544815,0.9816781282424927,0,0,0,0,0,0,0,0,0,0,0,0,0,0
10.624471664428711,3.0,0.07103550434112549,-0.08103251457214355,-0.07606717944145203,0.08142392337322235,-3.5221991539001465,-2.6504995822906494,1.759656310081482,3.009201765060425,0.03,1.229282259941101,-0.11417433619499207,0.3179706931114197,0.017392249777913094,0.11387800425291061,-0.1517810970544815,0.9816781282424927,0,0,0,0,0,0,0,0,0,0,0,0,0,0
10.625949621200562,3.0,0.07103550434112549,-0.08103251457214355,-0.07606717944145203,0.08142392337322235,-3.5221991539001465,-2.6504995822906494,1.759656310081482,3.009201765060425,0.03,1.229282259941101,-0.11417433619499207,0.3179706931114197,0.017392249777913094,0.11387800425291061,-0.1517810970544815,0.9816781282424927,0,0,0,0,0,0,0,0,0,0,0,0,0,0
10.627296924591064,3.0,0.07103550434112549,-0.08103251457214355,-0.07606717944145203,0.08142392337322235,-3.5221991539001465,-2.6504995822906494,1.759656310081482,3.009201765060425,0.03,1.229282259941101,-0.11417433619499207,0.3179706931114197,0.017392249777913094,0.11387800425291061,-0.1517810970544815,0.9816781282424927,0,0,0,0,0,0,0,0,0,0,0,0,0,0
10.628361225128174,3.0,0.07103550434112549,-0.08103251457214355,-0.07606717944145203,0.08142392337322235,-3.5221991539001465,-2.6504995822906494,1.759656310081482,3.009201765060425,0.03,1.229282259941101,-0.11417433619499207,0.3179706931114197,0.017392249777913094,0.11387800425291061,-0.1517810970544815,0.9816781282424927,0,0,0,0,0,0,0,0,0,0,0,0,0,0
10.629449129104614,3.0,0.07103550434112549,-0.08103251457214355,-0.07606717944145203,0.08142392337322235,-3.5221991539001465,-2.6504995822906494,1.759656310081482,3.009201765060425,0.03,1.229282259941101,-0.11417433619499207,0.3179706931114197,0.017392249777913094,0.11387800425291061,-0.1517810970544815,0.9816781282424927,0,0,0,0,0,0,0,0,0,0,0,0,0,0
10.63054084777832,3.0,0.07103550434112549,-0.08103251457214355,-0.07606717944145203,0.08142392337322235,-3.5221991539001465,-2.6504995822906494,1.759656310081482,3.009201765060425,0.03,1.229282259941101,-0.11417433619499207,0.3179706931114197,0.017392249777913094,0.11387800425291061,-0.1517810970544815,0.9816781282424927,0,0,0,0,0,0,0,0,0,0,0,0,0,0
10.631889343261719,3.0,0.07103550434112549,-0.08103251457214355,-0.07606717944145203,0.08142392337322235,-3.5221991539001465,-2.6504995822906494,1.759656310081482,3.009201765060425,0.03,1.229282259941101,-0.11417433619499207,0.3179706931114197,0.017392249777913094,0.11387800425291061,-0.1517810970544815,0.9816781282424927,0,0,0,0,0,0,0,0,0,0,0,0,0,0
10.632978916168213,3.0,0.07103550434112549,-0.08103251457214355,-0.07606717944145203,0.08142392337322235,-3.5221991539001465,-2.6504995822906494,1.759656310081482,3.009201765060425,0.03,1.229282259941101,-0.11417433619499207,0.3179706931114197,0.017392249777913094,0.11387800425291061,-0.1517810970544815,0.9816781282424927,0,0,0,0,0,0,0,0,0,0,0,0,0,0
10.634802341461182,3.0,0.07103550434112549,-0.08103251457214355,-0.07606717944145203,0.08142392337322235,-3.5221991539001465,-2.6504995822906494,1.759656310081482,3.009201765060425,0.03,1.229282259941101,-0.11417433619499207,0.3179706931114197,0.017392249777913094,0.11387800425291061,-0.1517810970544815,0.9816781282424927,0,0,0,0,0,0,0,0,0,0,0,0,0,0
10.636698007583618,3.0,0.07103550434112549,-0.08103251457214355,-0.07606717944145203,0.08142392337322235,-3.5221991539001465,-2.6504995822906494,1.759656310081482,3.009201765060425,0.03,1.229282259941101,-0.11417433619499207,0.3179706931114197,0.017392249777913094,0.11387800425291061,-0.1517810970544815,0.9816781282424927,0,0,0,0,0,0,0,0,0,0,0,0,0,0
10.63789701461792,3.0,0.07103550434112549,-0.08103251457214355,-0.07606717944145203,0.08142392337322235,-3.5221991539001465,-2.6504995822906494,1.759656310081482,3.009201765060425,0.03,1.229282259941101,-0.11417433619499207,0.3179706931114197,0.017392249777913094,0.11387800425291061,-0.1517810970544815,0.9816781282424927,0,0,0,0,0,0,0,0,0,0,0,0,0,0
10.640463590621948,3.0,0.07103550434112549,-0.08103251457214355,-0.07606717944145203,0.08142392337322235,-3.5221991539001465,-2.6504995822906494,1.759656310081482,3.009201765060425,0.03,1.229282259941101,-0.11417433619499207,0.3179706931114197,0.017392249777913094,0.11387800425291061,-0.1517810970544815,0.9816781282424927,0,0,0,0,0,0,0,0,0,0,0,0,0,0
10.64173173904419,3.0,0.07103550434112549,-0.08103251457214355,-0.07606717944145203,0.08142392337322235,-3.5221991539001465,-2.6504995822906494,1.759656310081482,3.009201765060425,0.03,1.229282259941101,-0.11417433619499207,0.3179706931114197,0.017392249777913094,0.11387800425291061,-0.1517810970544815,0.9816781282424927,0,0,0,0,0,0,0,0,0,0,0,0,0,0
10.64299201965332,3.0,0.07103550434112549,-0.08103251457214355,-0.07606717944145203,0.08142392337322235,-3.5221991539001465,-2.6504995822906494,1.759656310081482,3.009201765060425,0.03,1.229282259941101,-0.11417433619499207,0.3179706931114197,0.017392249777913094,0.11387800425291061,-0.1517810970544815,0.9816781282424927,0,0,0,0,0,0,0,0,0,0,0,0,0,0
10.645823955535889,3.0,0.07094468176364899,-0.07851789891719818,-0.07547679543495178,0.0786687582731247,-2.3834140300750732,-4.197178840637207,2.259697437286377,3.9799604415893555,0.03,1.229300618171692,-0.11419345438480377,0.31801092624664307,0.01691880263388157,0.11384899914264679,-0.15268279612064362,0.981549859046936,0,0,0,0,0,0,0,0,0,0,0,0,0,0
10.64765191078186,3.0,0.07085266709327698,-0.07725790143013,-0.07492178678512573,0.07694073021411896,-1.9200080633163452,-4.805500507354736,2.1268558502197266,4.019033908843994,0.03,1.229300618171692,-0.11419345438480377,0.31801092624664307,0.01691880263388157,0.11384899914264679,-0.15268279612064362,0.981549859046936,0,0,0,0,0,0,0,0,0,0,0,0,0,0
10.64915943145752,3.0,0.07069120556116104,-0.07363109290599823,-0.0733410120010376,0.07160848379135132,-1.0749987363815308,-4.877564907073975,1.6737818717956543,2.3752899169921875,0.03,1.229300618171692,-0.11419345438480377,0.31801092624664307,0.01691880263388157,0.11384899914264679,-0.15268279612064362,0.981549859046936,0,0,0,0,0,0,0,0,0,0,0,0,0,0
10.650334596633911,3.0,0.07069120556116104,-0.07363109290599823,-0.0733410120010376,0.07160848379135132,-1.0749987363815308,-4.877564907073975,1.6737818717956543,2.3752899169921875,0.03,1.229300618171692,-0.11419345438480377,0.31801092624664307,0.01691880263388157,0.11384899914264679,-0.15268279612064362,0.981549859046936,0,0,0,0,0,0,0,0,0,0,0,0,0,0
10.652103900909424,3.0,0.07069120556116104,-0.07363109290599823,-0.0733410120010376,0.07160848379135132,-1.0749987363815308,-4.877564907073975,1.6737818717956543,2.3752899169921875,0.03,1.229300618171692,-0.11419345438480377,0.31801092624664307,0.01691880263388157,0.11384899914264679,-0.15268279612064362,0.981549859046936,0,0,0,0,0,0,0,0,0,0,0,0,0,0
10.653438329696655,3.0,0.07069120556116104,-0.07363109290599823,-0.0733410120010376,0.07160848379135132,-1.0749987363815308,-4.877564907073975,1.6737818717956543,2.3752899169921875,0.03,1.229300618171692,-0.11419345438480377,0.31801092624664307,0.01691880263388157,0.11384899914264679,-0.15268279612064362,0.981549859046936,0,0,0,0,0,0,0,0,0,0,0,0,0,0
10.654544830322266,3.0,0.07069120556116104,-0.07363109290599823,-0.0733410120010376,0.07160848379135132,-1.0749987363815308,-4.877564907073975,1.6737818717956543,2.3752899169921875,0.03,1.229300618171692,-0.11419345438480377,0.31801092624664307,0.01691880263388157,0.11384899914264679,-0.15268279612064362,0.981549859046936,0,0,0,0,0,0,0,0,0,0,0,0,0,0
10.657341957092285,3.0,0.07055094093084335,-0.07124266028404236,-0.07230249047279358,0.06809002161026001,-0.5388278365135193,-5.454854965209961,1.3766860961914062,1.9396899938583374,0.03,1.229300618171692,-0.11419345438480377,0.31801092624664307,0.01691880263388157,0.11384899914264679,-0.15268279612064362,0.981549859046936,0,0,0,0,0,0,0,0,0,0,0,0,0,0
10.65869665145874,3.0,0.07021891325712204,-0.06894534826278687,-0.07130423188209534,0.06518375873565674,-0.6130317449569702,-4.698894500732422,0.7417963147163391,0.7982286214828491,0.03,1.229360580444336,-0.1142231673002243,0.318050742149353,0.017079997807741165,0.1129925474524498,-0.15154825150966644,0.9818218946456909,0,0,0,0,0,0,0,0,0,0,0,0,0,0
10.65983247756958,3.0,0.07010847330093384,-0.06817330420017242,-0.07056528329849243,0.06421685218811035,-0.49897563457489014,-4.946899890899658,0.3587478697299957,-0.024529144167900085,0.03,1.2293903827667236,-0.11434892565011978,0.3181241750717163,0.01788480579853058,0.11054691672325134,-0.15625545382499695,0.981347918510437,0,0,0,0,0,0,0,0,0,0,0,0,0,0
10.66191816329956,3.0,0.06923361122608185,-0.061523787677288055,-0.06828606128692627,0.056395530700683594,-0.33768293261528015,-3.5778820514678955,-0.4464002549648285,-1.1400283575057983,0.03,1.2294148206710815,-0.11423928290605545,0.3182030916213989,0.019096391275525093,0.1066415011882782,-0.1404288411140442,0.9841456413269043,0,0,0,0,0,0,0,0,0,0,0,0,0,0
10.663373947143555,3.0,0.06923361122608185,-0.061523787677288055,-0.06828606128692627,0.056395530700683594,-0.33768293261528015,-3.5778820514678955,-0.4464002549648285,-1.1400283575057983,0.03,1.2294148206710815,-0.11423928290605545,0.3182030916213989,0.019096391275525093,0.1066415011882782,-0.1404288411140442,0.9841456413269043,0,0,0,0,0,0,0,0,0,0,0,0,0,0
10.664973974227905,3.0,0.06843248754739761,-0.055941395461559296,-0.06713587045669556,0.0512775182723999,0.03926442936062813,-4.143104553222656,-0.00926996674388647,0.12134480476379395,0.03,1.2295949459075928,-0.11437546461820602,0.31839215755462646,0.018869072198867798,0.10341060906648636,-0.13355973362922668,0.9854501485824585,0,0,0,0,0,0,0,0,0,0,0,0,0,0
10.667000532150269,3.0,0.06843248754739761,-0.055941395461559296,-0.06713587045669556,0.0512775182723999,0.03926442936062813,-4.143104553222656,-0.00926996674388647,0.12134480476379395,0.03,1.2295949459075928,-0.11437546461820602,0.31839215755462646,0.018869072198867798,0.10341060906648636,-0.13355973362922668,0.9854501485824585,0,0,0,0,0,0,0,0,0,0,0,0,0,0
10.668643236160278,3.0,0.06843248754739761,-0.055941395461559296,-0.06713587045669556,0.0512775182723999,0.03926442936062813,-4.143104553222656,-0.00926996674388647,0.12134480476379395,0.03,1.2295949459075928,-0.11437546461820602,0.31839215755462646,0.018869072198867798,0.10341060906648636,-0.13355973362922668,0.9854501485824585,0,0,0,0,0,0,0,0,0,0,0,0,0,0
10.67014455795288,3.0,0.06843248754739761,-0.055941395461559296,-0.06713587045669556,0.0512775182723999,0.03926442936062813,-4.143104553222656,-0.00926996674388647,0.12134480476379395,0.03,1.2295949459075928,-0.11437546461820602,0.31839215755462646,0.018869072198867798,0.10341060906648636,-0.13355973362922668,0.9854501485824585,0,0,0,0,0,0,0,0,0,0,0,0,0,0
10.671811580657959,3.0,0.06823219358921051,-0.05460573732852936,-0.06700077652931213,0.05014181137084961,0.07806006819009781,-4.373847961425781,0.14387287199497223,0.6101993918418884,0.03,1.2295949459075928,-0.11437546461820602,0.31839215755462646,0.018869072198867798,0.10341060906648636,-0.13355973362922668,0.9854501485824585,0,0,0,0,0,0,0,0,0,0,0,0,0,0
10.674354791641235,3.0,0.06798374652862549,-0.05255817621946335,-0.06689423322677612,0.048766911029815674,0.23177595436573029,-4.195717811584473,0.40017637610435486,1.2245734930038452,0.03,1.2298665046691895,-0.11469807475805283,0.31886622309684753,0.024081183597445488,0.09910421818494797,-0.1085248664021492,0.9888482689857483,0,0,0,0,0,0,0,0,0,0,0,0,0,0
10.67598581314087,3.0,0.06798374652862549,-0.05255817621946335,-0.06689423322677612,0.048766911029815674,0.23177595436573029,-4.195717811584473,0.40017637610435486,1.2245734930038452,0.03,1.2298665046691895,-0.11469807475805283,0.31886622309684753,0.024081183597445488,0.09910421818494797,-0.1085248664021492,0.9888482689857483,0,0,0,0,0,0,0,0,0,0,0,0,0,0
10.6771080493927,3.0,0.06798374652862549,-0.05255817621946335,-0.06689423322677612,0.048766911029815674,0.23177595436573029,-4.195717811584473,0.40017637610435486,1.2245734930038452,0.03,1.2298665046691895,-0.11469807475805283,0.31886622309684753,0.024081183597445488,0.09910421818494797,-0.1085248664021492,0.9888482689857483,0,0,0,0,0,0,0,0,0,0,0,0,0,0
10.678173542022705,3.0,0.06798374652862549,-0.05255817621946335,-0.06689423322677612,0.048766911029815674,0.23177595436573029,-4.195717811584473,0.40017637610435486,1.2245734930038452,0.03,1.2298665046691895,-0.11469807475805283,0.31886622309684753,0.024081183597445488,0.09910421818494797,-0.1085248664021492,0.9888482689857483,0,0,0,0,0,0,0,0,0,0,0,0,0,0
10.679604530334473,3.0,0.06798374652862549,-0.05255817621946335,-0.06689423322677612,0.048766911029815674,0.23177595436573029,-4.195717811584473,0.40017637610435486,1.2245734930038452,0.03,1.2298665046691895,-0.11469807475805283,0.31886622309684753,0.024081183597445488,0.09910421818494797,-0.1085248664021492,0.9888482689857483,0,0,0,0,0,0,0,0,0,0,0,0,0,0
10.68070650100708,3.0,0.06798374652862549,-0.05255817621946335,-0.06689423322677612,0.048766911029815674,0.23177595436573029,-4.195717811584473,0.40017637610435486,1.2245734930038452,0.03,1.2298665046691895,-0.11469807475805283,0.31886622309684753,0.024081183597445488,0.09910421818494797,-0.1085248664021492,0.9888482689857483,0,0,0,0,0,0,0,0,0,0,0,0,0,0
10.681810855865479,3.0,0.06798374652862549,-0.05255817621946335,-0.06689423322677612,0.048766911029815674,0.23177595436573029,-4.195717811584473,0.40017637610435486,1.2245734930038452,0.03,1.2298665046691895,-0.11469807475805283,0.31886622309684753,0.024081183597445488,0.09910421818494797,-0.1085248664021492,0.9888482689857483,0,0,0,0,0,0,0,0,0,0,0,0,0,0
10.682994842529297,3.0,0.06798374652862549,-0.05255817621946335,-0.06689423322677612,0.048766911029815674,0.23177595436573029,-4.195717811584473,0.40017637610435486,1.2245734930038452,0.03,1.2298665046691895,-0.11469807475805283,0.31886622309684753,0.024081183597445488,0.09910421818494797,-0.1085248664021492,0.9888482689857483,0,0,0,0,0,0,0,0,0,0,0,0,0,0
10.684058904647827,3.0,0.06798374652862549,-0.05255817621946335,-0.06689423322677612,0.048766911029815674,0.23177595436573029,-4.195717811584473,0.40017637610435486,1.2245734930038452,0.03,1.2298665046691895,-0.11469807475805283,0.31886622309684753,0.024081183597445488,0.09910421818494797,-0.1085248664021492,0.9888482689857483,0,0,0,0,0,0,0,0,0,0,0,0,0,0
10.68511700630188,3.0,0.06798374652862549,-0.05255817621946335,-0.06689423322677612,0.048766911029815674,0.23177595436573029,-4.195717811584473,0.40017637610435486,1.2245734930038452,0.03,1.2298665046691895,-0.11469807475805283,0.31886622309684753,0.024081183597445488,0.09910421818494797,-0.1085248664021492,0.9888482689857483,0,0,0,0,0,0,0,0,0,0,0,0,0,0
10.686217069625854,3.0,0.06798374652862549,-0.05255817621946335,-0.06689423322677612,0.048766911029815674,0.23177595436573029,-4.195717811584473,0.40017637610435486,1.2245734930038452,0.03,1.2298665046691895,-0.11469807475805283,0.31886622309684753,0.024081183597445488,0.09910421818494797,-0.1085248664021492,0.9888482689857483,0,0,0,0,0,0,0,0,0,0,0,0,0,0
10.687296152114868,3.0,0.06798374652862549,-0.05255817621946335,-0.06689423322677612,0.048766911029815674,0.23177595436573029,-4.195717811584473,0.40017637610435486,1.2245734930038452,0.03,1.2298665046691895,-0.11469807475805283,0.31886622309684753,0.024081183597445488,0.09910421818494797,-0.1085248664021492,0.9888482689857483,0,0,0,0,0,0,0,0,0,0,0,0,0,0
10.68840479850769,3.0,0.06798374652862549,-0.05255817621946335,-0.06689423322677612,0.048766911029815674,0.23177595436573029,-4.195717811584473,0.40017637610435486,1.2245734930038452,0.03,1.2298665046691895,-0.11469807475805283,0.31886622309684753,0.024081183597445488,0.09910421818494797,-0.1085248664021492,0.9888482689857483,0,0,0,0,0,0,0,0,0,0,0,0,0,0
10.689579010009766,3.0,0.06798374652862549,-0.05255817621946335,-0.06689423322677612,0.048766911029815674,0.23177595436573029,-4.195717811584473,0.40017637610435486,1.2245734930038452,0.03,1.2298665046691895,-0.11469807475805283,0.31886622309684753,0.024081183597445488,0.09910421818494797,-0.1085248664021492,0.9888482689857483,0,0,0,0,0,0,0,0,0,0,0,0,0,0
10.690700769424438,3.0,0.06798374652862549,-0.05255817621946335,-0.06689423322677612,0.048766911029815674,0.23177595436573029,-4.195717811584473,0.40017637610435486,1.2245734930038452,0.03,1.2298665046691895,-0.11469807475805283,0.31886622309684753,0.024081183597445488,0.09910421818494797,-0.1085248664021492,0.9888482689857483,0,0,0,0,0,0,0,0,0,0,0,0,0,0
10.691762685775757,3.0,0.06798374652862549,-0.05255817621946335,-0.06689423322677612,0.048766911029815674,0.23177595436573029,-4.195717811584473,0.40017637610435486,1.2245734930038452,0.03,1.2298665046691895,-0.11469807475805283,0.31886622309684753,0.024081183597445488,0.09910421818494797,-0.1085248664021492,0.9888482689857483,0,0,0,0,0,0,0,0,0,0,0,0,0,0
10.69316577911377,3.0,0.06798374652862549,-0.05255817621946335,-0.06689423322677612,0.048766911029815674,0.23177595436573029,-4.195717811584473,0.40017637610435486,1.2245734930038452,0.03,1.2298665046691895,-0.11469807475805283,0.31886622309684753,0.024081183597445488,0.09910421818494797,-0.1085248664021492,0.9888482689857483,0,0,0,0,0,0,0,0,0,0,0,0,0,0
10.69455623626709,3.0,0.06798374652862549,-0.05255817621946335,-0.06689423322677612,0.048766911029815674,0.23177595436573029,-4.195717811584473,0.40017637610435486,1.2245734930038452,0.03,1.2298665046691895,-0.11469807475805283,0.31886622309684753,0.024081183597445488,0.09910421818494797,-0.1085248664021492,0.9888482689857483,0,0,0,0,0,0,0,0,0,0,0,0,0,0
10.698437929153442,3.0,0.06798374652862549,-0.05255817621946335,-0.06689423322677612,0.048766911029815674,0.23177595436573029,-4.195717811584473,0.40017637610435486,1.2245734930038452,0.03,1.2298665046691895,-0.11469807475805283,0.31886622309684753,0.024081183597445488,0.09910421818494797,-0.1085248664021492,0.9888482689857483,0,0,0,0,0,0,0,0,0,0,0,0,0,0
10.699703931808472,3.0,0.06798374652862549,-0.05255817621946335,-0.06689423322677612,0.048766911029815674,0.23177595436573029,-4.195717811584473,0.40017637610435486,1.2245734930038452,0.03,1.2298665046691895,-0.11469807475805283,0.31886622309684753,0.024081183597445488,0.09910421818494797,-0.1085248664021492,0.9888482689857483,0,0,0,0,0,0,0,0,0,0,0,0,0,0
10.70091724395752,3.0,0.06798374652862549,-0.05255817621946335,-0.06689423322677612,0.048766911029815674,0.23177595436573029,-4.195717811584473,0.40017637610435486,1.2245734930038452,0.03,1.2298665046691895,-0.11469807475805283,0.31886622309684753,0.024081183597445488,0.09910421818494797,-0.1085248664021492,0.9888482689857483,0,0,0,0,0,0,0,0,0,0,0,0,0,0
10.702306509017944,3.0,0.06798374652862549,-0.05255817621946335,-0.06689423322677612,0.048766911029815674,0.23177595436573029,-4.195717811584473,0.40017637610435486,1.2245734930038452,0.03,1.2298665046691895,-0.11469807475805283,0.31886622309684753,0.024081183597445488,0.09910421818494797,-0.1085248664021492,0.9888482689857483,0,0,0,0,0,0,0,0,0,0,0,0,0,0
10.704390287399292,3.0,0.06798374652862549,-0.05255817621946335,-0.06689423322677612,0.048766911029815674,0.23177595436573029,-4.195717811584473,0.40017637610435486,1.2245734930038452,0.03,1.2298665046691895,-0.11469807475805283,0.31886622309684753,0.024081183597445488,0.09910421818494797,-0.1085248664021492,0.9888482689857483,0,0,0,0,0,0,0,0,0,0,0,0,0,0
10.705707788467407,3.0,0.06798374652862549,-0.05255817621946335,-0.06689423322677612,0.048766911029815674,0.23177595436573029,-4.195717811584473,0.40017637610435486,1.2245734930038452,0.03,1.2298665046691895,-0.11469807475805283,0.31886622309684753,0.024081183597445488,0.09910421818494797,-0.1085248664021492,0.9888482689857483,0,0,0,0,0,0,0,0,0,0,0,0,0,0
10.707160472869873,3.0,0.06798374652862549,-0.05255817621946335,-0.06689423322677612,0.048766911029815674,0.23177595436573029,-4.195717811584473,0.40017637610435486,1.2245734930038452,0.03,1.2298665046691895,-0.11469807475805283,0.31886622309684753,0.024081183597445488,0.09910421818494797,-0.1085248664021492,0.9888482689857483,0,0,0,0,0,0,0,0,0,0,0,0,0,0
10.70853328704834,3.0,0.06798374652862549,-0.05255817621946335,-0.06689423322677612,0.048766911029815674,0.23177595436573029,-4.195717811584473,0.40017637610435486,1.2245734930038452,0.03,1.2298665046691895,-0.11469807475805283,0.31886622309684753,0.024081183597445488,0.09910421818494797,-0.1085248664021492,0.9888482689857483,0,0,0,0,0,0,0,0,0,0,0,0,0,0
10.710222005844116,3.0,0.06798374652862549,-0.05255817621946335,-0.06689423322677612,0.048766911029815674,0.23177595436573029,-4.195717811584473,0.40017637610435486,1.2245734930038452,0.03,1.2298665046691895,-0.11469807475805283,0.31886622309684753,0.024081183597445488,0.09910421818494797,-0.1085248664021492,0.9888482689857483,0,0,0,0,0,0,0,0,0,0,0,0,0,0
10.711305856704712,3.0,0.06798374652862549,-0.05255817621946335,-0.06689423322677612,0.048766911029815674,0.23177595436573029,-4.195717811584473,0.40017637610435486,1.2245734930038452,0.03,1.2298665046691895,-0.11469807475805283,0.31886622309684753,0.024081183597445488,0.09910421818494797,-0.1085248664021492,0.9888482689857483,0,0,0,0,0,0,0,0,0,0,0,0,0,0
10.712393760681152,3.0,0.06798374652862549,-0.05255817621946335,-0.06689423322677612,0.048766911029815674,0.23177595436573029,-4.195717811584473,0.40017637610435486,1.2245734930038452,0.03,1.2298665046691895,-0.11469807475805283,0.31886622309684753,0.024081183597445488,0.09910421818494797,-0.1085248664021492,0.9888482689857483,0,0,0,0,0,0,0,0,0,0,0,0,0,0
10.713634252548218,3.0,0.06798374652862549,-0.05255817621946335,-0.06689423322677612,0.048766911029815674,0.23177595436573029,-4.195717811584473,0.40017637610435486,1.2245734930038452,0.03,1.2298665046691895,-0.11469807475805283,0.31886622309684753,0.024081183597445488,0.09910421818494797,-0.1085248664021492,0.9888482689857483,0,0,0,0,0,0,0,0,0,0,0,0,0,0
10.71471881866455,3.0,0.06798374652862549,-0.05255817621946335,-0.06689423322677612,0.048766911029815674,0.23177595436573029,-4.195717811584473,0.40017637610435486,1.2245734930038452,0.03,1.2298665046691895,-0.11469807475805283,0.31886622309684753,0.024081183597445488,0.09910421818494797,-0.1085248664021492,0.9888482689857483,0,0,0,0,0,0,0,0,0,0,0,0,0,0
10.716346979141235,3.0,0.06798374652862549,-0.05255817621946335,-0.06689423322677612,0.048766911029815674,0.23177595436573029,-4.195717811584473,0.40017637610435486,1.2245734930038452,0.03,1.2298665046691895,-0.11469807475805283,0.31886622309684753,0.024081183597445488,0.09910421818494797,-0.1085248664021492,0.9888482689857483,0,0,0,0,0,0,0,0,0,0,0,0,0,0
10.717966556549072,3.0,0.06798374652862549,-0.05255817621946335,-0.06689423322677612,0.048766911029815674,0.23177595436573029,-4.195717811584473,0.40017637610435486,1.2245734930038452,0.03,1.2298665046691895,-0.11469807475805283,0.31886622309684753,0.024081183597445488,0.09910421818494797,-0.1085248664021492,0.9888482689857483,0,0,0,0,0,0,0,0,0,0,0,0,0,0
10.720691680908203,3.0,0.06798374652862549,-0.05255817621946335,-0.06689423322677612,0.048766911029815674,0.23177595436573029,-4.195717811584473,0.40017637610435486,1.2245734930038452,0.03,1.2298665046691895,-0.11469807475805283,0.31886622309684753,0.024081183597445488,0.09910421818494797,-0.1085248664021492,0.9888482689857483,0,0,0,0,0,0,0,0,0,0,0,0,0,0
10.722157955169678,3.0,0.06798374652862549,-0.05255817621946335,-0.06689423322677612,0.048766911029815674,0.23177595436573029,-4.195717811584473,0.40017637610435486,1.2245734930038452,0.03,1.2298665046691895,-0.11469807475805283,0.31886622309684753,0.024081183597445488,0.09910421818494797,-0.1085248664021492,0.9888482689857483,0,0,0,0,0,0,0,0,0,0,0,0,0,0
10.723663568496704,3.0,0.06798374652862549,-0.05255817621946335,-0.06689423322677612,0.048766911029815674,0.23177595436573029,-4.195717811584473,0.40017637610435486,1.2245734930038452,0.03,1.2299724817276,-0.11477978527545929,0.31893470883369446,0.02761244960129261,0.09676498174667358,-0.09338288009166718,0.9905320405960083,0,0,0,0,0,0,0,0,0,0,0,0,0,0
10.725098609924316,3.0,0.06798374652862549,-0.05255817621946335,-0.06689423322677612,0.048766911029815674,0.23177595436573029,-4.195717811584473,0.40017637610435486,1.2245734930038452,0.03,1.2300456762313843,-0.11491525918245316,0.31926894187927246,0.023663489148020744,0.0927460715174675,-0.09558209776878357,0.99080890417099,0,0,0,0,0,0,0,0,0,0,0,0,0,0
10.726412057876587,3.0,0.06798374652862549,-0.05255817621946335,-0.06689423322677612,0.048766911029815674,0.23177595436573029,-4.195717811584473,0.40017637610435486,1.2245734930038452,0.03,1.2300456762313843,-0.11491525918245316,0.31926894187927246,0.023663489148020744,0.0927460715174675,-0.09558209776878357,0.99080890417099,0,0,0,0,0,0,0,0,0,0,0,0,0,0
10.72791051864624,3.0,0.06798374652862549,-0.05255817621946335,-0.06689423322677612,0.048766911029815674,0.23177595436573029,-4.195717811584473,0.40017637610435486,1.2245734930038452,0.03,1.2300456762313843,-0.11491525918245316,0.31926894187927246,0.023663489148020744,0.0927460715174675,-0.09558209776878357,0.99080890417099,0,0,0,0,0,0,0,0,0,0,0,0,0,0
10.729278802871704,3.0,0.06798374652862549,-0.05255817621946335,-0.06689423322677612,0.048766911029815674,0.23177595436573029,-4.195717811584473,0.40017637610435486,1.2245734930038452,0.03,1.2300456762313843,-0.11491525918245316,0.31926894187927246,0.023663489148020744,0.0927460715174675,-0.09558209776878357,0.99080890417099,0,0,0,0,0,0,0,0,0,0,0,0,0,0
10.731398820877075,3.0,0.06798374652862549,-0.05255817621946335,-0.06689423322677612,0.048766911029815674,0.23177595436573029,-4.195717811584473,0.40017637610435486,1.2245734930038452,0.03,1.2300456762313843,-0.11491525918245316,0.31926894187927246,0.023663489148020744,0.0927460715174675,-0.09558209776878357,0.99080890417099,0,0,0,0,0,0,0,0,0,0,0,0,0,0
10.732495069503784,3.0,0.06798374652862549,-0.05255817621946335,-0.06689423322677612,0.048766911029815674,0.23177595436573029,-4.195717811584473,0.40017637610435486,1.2245734930038452,0.03,1.2300456762313843,-0.11491525918245316,0.31926894187927246,0.023663489148020744,0.0927460715174675,-0.09558209776878357,0.99080890417099,0,0,0,0,0,0,0,0,0,0,0,0,0,0
10.73369550704956,3.0,0.0677378848195076,-0.050647489726543427,-0.06679129600524902,0.04699397087097168,0.16398541629314423,-3.9866440296173096,0.5406920909881592,0.7738451361656189,0.03,1.2300201654434204,-0.11499016731977463,0.31951281428337097,0.019451579079031944,0.09122709184885025,-0.12109553068876266,0.9882485270500183,0,0,0,0,0,0,0,0,0,0,0,0,0,0
10.734822988510132,3.0,0.06433024257421494,-0.01892732083797455,-0.06369954347610474,0.01480323076248169,0.05742589011788368,-5.537642002105713,0.5907537937164307,1.972214937210083,0.03,1.2300201654434204,-0.11499016731977463,0.31951281428337097,0.019451579079031944,0.09122709184885025,-0.12109553068876266,0.9882485270500183,0,0,0,0,0,0,0,0,0,0,0,0,0,0
10.736257553100586,3.0,0.06433024257421494,-0.01892732083797455,-0.06369954347610474,0.01480323076248169,0.05742589011788368,-5.537642002105713,0.5907537937164307,1.972214937210083,0.03,1.2300201654434204,-0.11499016731977463,0.31951281428337097,0.019451579079031944,0.09122709184885025,-0.12109553068876266,0.9882485270500183,0,0,0,0,0,0,0,0,0,0,0,0,0,0
10.740160703659058,3.0,0.06433024257421494,-0.01892732083797455,-0.06369954347610474,0.01480323076248169,0.05742589011788368,-5.537642002105713,0.5907537937164307,1.972214937210083,0.03,1.2300201654434204,-0.11499016731977463,0.31951281428337097,0.019451579079031944,0.09122709184885025,-0.12109553068876266,0.9882485270500183,0,0,0,0,0,0,0,0,0,0,0,0,0,0
10.74280309677124,3.0,0.06418664753437042,-0.016296446323394775,-0.06362408399581909,0.012991249561309814,0.05979524552822113,-5.757525444030762,0.6207095384597778,2.517320394515991,0.03,1.2300201654434204,-0.11499016731977463,0.31951281428337097,0.019451579079031944,0.09122709184885025,-0.12109553068876266,0.9882485270500183,0,0,0,0,0,0,0,0,0,0,0,0,0,0
10.745487928390503,3.0,0.06395518779754639,-0.012355156242847443,-0.0634770393371582,0.008830785751342773,-0.029809819534420967,-5.840968132019043,0.5947976112365723,2.1850082874298096,0.03,1.2300207614898682,-0.11503157019615173,0.31963998079299927,0.01604687049984932,0.09064976125955582,-0.13746173679828644,0.9862197637557983,0,0,0,0,0,0,0,0,0,0,0,0,0,0
10.747504234313965,3.0,0.06383690237998962,-0.006559506058692932,-0.0633535385131836,0.003006160259246826,-0.029870012775063515,-6.284055233001709,0.5407523512840271,2.6165614128112793,0.03,1.2300207614898682,-0.11503157019615173,0.31963998079299927,0.01604687049984932,0.09064976125955582,-0.13746173679828644,0.9862197637557983,0,0,0,0,0,0,0,0,0,0,0,0,0,0
10.74878978729248,3.0,0.06359422206878662,0.0010983124375343323,-0.06332659721374512,-0.004897117614746094,-0.38096168637275696,-6.6601643562316895,0.45338502526283264,1.6338796615600586,0.03,1.2299842834472656,-0.1152498722076416,0.3197232782840729,0.019323229789733887,0.08886255323886871,-0.11765868216753006,0.988881528377533,0,0,0,0,0,0,0,0,0,0,0,0,0,0
10.74993896484375,3.0,0.06359422206878662,0.0010983124375343323,-0.06332659721374512,-0.004897117614746094,-0.38096168637275696,-6.6601643562316895,0.45338502526283264,1.6338796615600586,0.03,1.2299842834472656,-0.1152498722076416,0.3197232782840729,0.019323229789733887,0.08886255323886871,-0.11765868216753006,0.988881528377533,0,0,0,0,0,0,0,0,0,0,0,0,0,0
10.751322984695435,3.0,0.06359422206878662,0.0010983124375343323,-0.06332659721374512,-0.004897117614746094,-0.38096168637275696,-6.6601643562316895,0.45338502526283264,1.6338796615600586,0.03,1.2299842834472656,-0.1152498722076416,0.3197232782840729,0.019323229789733887,0.08886255323886871,-0.11765868216753006,0.988881528377533,0,0,0,0,0,0,0,0,0,0,0,0,0,0
10.752695083618164,3.0,0.06359422206878662,0.0010983124375343323,-0.06332659721374512,-0.004897117614746094,-0.38096168637275696,-6.6601643562316895,0.45338502526283264,1.6338796615600586,0.03,1.2299842834472656,-0.1152498722076416,0.3197232782840729,0.019323229789733887,0.08886255323886871,-0.11765868216753006,0.988881528377533,0,0,0,0,0,0,0,0,0,0,0,0,0,0
10.753798007965088,3.0,0.06359422206878662,0.0010983124375343323,-0.06332659721374512,-0.004897117614746094,-0.38096168637275696,-6.6601643562316895,0.45338502526283264,1.6338796615600586,0.03,1.2299796342849731,-0.11543845385313034,0.3200254440307617,0.017842773348093033,0.08784882724285126,-0.1254032999277115,0.9880476593971252,0,0,0,0,0,0,0,0,0,0,0,0,0,0
10.755440950393677,3.0,0.06359422206878662,0.0010983124375343323,-0.06332659721374512,-0.004897117614746094,-0.38096168637275696,-6.6601643562316895,0.45338502526283264,1.6338796615600586,0.03,1.2299796342849731,-0.11543845385313034,0.3200254440307617,0.017842773348093033,0.08784882724285126,-0.1254032999277115,0.9880476593971252,0,0,0,0,0,0,0,0,0,0,0,0,0,0
10.756875276565552,3.0,0.06359422206878662,0.0010983124375343323,-0.06332659721374512,-0.004897117614746094,-0.38096168637275696,-6.6601643562316895,0.45338502526283264,1.6338796615600586,0.03,1.2299796342849731,-0.11543845385313034,0.3200254440307617,0.017842773348093033,0.08784882724285126,-0.1254032999277115,0.9880476593971252,0,0,0,0,0,0,0,0,0,0,0,0,0,0
10.757967233657837,3.0,0.06359422206878662,0.0010983124375343323,-0.06332659721374512,-0.004897117614746094,-0.38096168637275696,-6.6601643562316895,0.45338502526283264,1.6338796615600586,0.03,1.2299796342849731,-0.11543845385313034,0.3200254440307617,0.017842773348093033,0.08784882724285126,-0.1254032999277115,0.9880476593971252,0,0,0,0,0,0,0,0,0,0,0,0,0,0
10.759177684783936,3.0,0.06359422206878662,0.0010983124375343323,-0.06332659721374512,-0.004897117614746094,-0.38096168637275696,-6.6601643562316895,0.45338502526283264,1.6338796615600586,0.03,1.2299796342849731,-0.11543845385313034,0.3200254440307617,0.017842773348093033,0.08784882724285126,-0.1254032999277115,0.9880476593971252,0,0,0,0,0,0,0,0,0,0,0,0,0,0
10.760352611541748,3.0,0.06359422206878662,0.0010983124375343323,-0.06332659721374512,-0.004897117614746094,-0.38096168637275696,-6.6601643562316895,0.45338502526283264,1.6338796615600586,0.03,1.2299796342849731,-0.11543845385313034,0.3200254440307617,0.017842773348093033,0.08784882724285126,-0.1254032999277115,0.9880476593971252,0,0,0,0,0,0,0,0,0,0,0,0,0,0
10.761962652206421,3.0,0.06359422206878662,0.0010983124375343323,-0.06332659721374512,-0.004897117614746094,-0.38096168637275696,-6.6601643562316895,0.45338502526283264,1.6338796615600586,0.03,1.2299796342849731,-0.11543845385313034,0.3200254440307617,0.017842773348093033,0.08784882724285126,-0.1254032999277115,0.9880476593971252,0,0,0,0,0,0,0,0,0,0,0,0,0,0
10.763098239898682,3.0,0.06359422206878662,0.0010983124375343323,-0.06332659721374512,-0.004897117614746094,-0.38096168637275696,-6.6601643562316895,0.45338502526283264,1.6338796615600586,0.03,1.2299796342849731,-0.11543845385313034,0.3200254440307617,0.017842773348093033,0.08784882724285126,-0.1254032999277115,0.9880476593971252,0,0,0,0,0,0,0,0,0,0,0,0,0,0
10.764184951782227,3.0,0.06359422206878662,0.0010983124375343323,-0.06332659721374512,-0.004897117614746094,-0.38096168637275696,-6.6601643562316895,0.45338502526283264,1.6338796615600586,0.03,1.2299796342849731,-0.11543845385313034,0.3200254440307617,0.017842773348093033,0.08784882724285126,-0.1254032999277115,0.9880476593971252,0,0,0,0,0,0,0,0,0,0,0,0,0,0
10.76526951789856,3.0,0.06359422206878662,0.0010983124375343323,-0.06332659721374512,-0.004897117614746094,-0.38096168637275696,-6.6601643562316895,0.45338502526283264,1.6338796615600586,0.03,1.2299796342849731,-0.11543845385313034,0.3200254440307617,0.017842773348093033,0.08784882724285126,-0.1254032999277115,0.9880476593971252,0,0,0,0,0,0,0,0,0,0,0,0,0,0
10.766371011734009,3.0,0.06359422206878662,0.0010983124375343323,-0.06332659721374512,-0.004897117614746094,-0.38096168637275696,-6.6601643562316895,0.45338502526283264,1.6338796615600586,0.03,1.2299796342849731,-0.11543845385313034,0.3200254440307617,0.017842773348093033,0.08784882724285126,-0.1254032999277115,0.9880476593971252,0,0,0,0,0,0,0,0,0,0,0,0,0,0
10.767430782318115,3.0,0.06359422206878662,0.0010983124375343323,-0.06332659721374512,-0.004897117614746094,-0.38096168637275696,-6.6601643562316895,0.45338502526283264,1.6338796615600586,0.03,1.2299796342849731,-0.11543845385313034,0.3200254440307617,0.017842773348093033,0.08784882724285126,-0.1254032999277115,0.9880476593971252,0,0,0,0,0,0,0,0,0,0,0,0,0,0
10.768492698669434,3.0,0.06359422206878662,0.0010983124375343323,-0.06332659721374512,-0.004897117614746094,-0.38096168637275696,-6.6601643562316895,0.45338502526283264,1.6338796615600586,0.03,1.2299796342849731,-0.11543845385313034,0.3200254440307617,0.017842773348093033,0.08784882724285126,-0.1254032999277115,0.9880476593971252,0,0,0,0,0,0,0,0,0,0,0,0,0,0
10.769551515579224,3.0,0.06359422206878662,0.0010983124375343323,-0.06332659721374512,-0.004897117614746094,-0.38096168637275696,-6.6601643562316895,0.45338502526283264,1.6338796615600586,0.03,1.2299796342849731,-0.11543845385313034,0.3200254440307617,0.017842773348093033,0.08784882724285126,-0.1254032999277115,0.9880476593971252,0,0,0,0,0,0,0,0,0,0,0,0,0,0
10.770657539367676,3.0,0.06359422206878662,0.0010983124375343323,-0.06332659721374512,-0.004897117614746094,-0.38096168637275696,-6.6601643562316895,0.45338502526283264,1.6338796615600586,0.03,1.2299796342849731,-0.11543845385313034,0.3200254440307617,0.017842773348093033,0.08784882724285126,-0.1254032999277115,0.9880476593971252,0,0,0,0,0,0,0,0,0,0,0,0,0,0
10.771743059158325,3.0,0.06359422206878662,0.0010983124375343323,-0.06332659721374512,-0.004897117614746094,-0.38096168637275696,-6.6601643562316895,0.45338502526283264,1.6338796615600586,0.03,1.2297663688659668,-0.11561708897352219,0.3206076920032501,0.015241038985550404,0.07995826750993729,-0.11490439623594284,0.9900360703468323,0,0,0,0,0,0,0,0,0,0,0,0,0,0
10.773030757904053,3.0,0.06359422206878662,0.0010983124375343323,-0.06332659721374512,-0.004897117614746094,-0.38096168637275696,-6.6601643562316895,0.45338502526283264,1.6338796615600586,0.03,1.2297663688659668,-0.11561708897352219,0.3206076920032501,0.015241038985550404,0.07995826750993729,-0.11490439623594284,0.9900360703468323,0,0,0,0,0,0,0,0,0,0,0,0,0,0
10.774282932281494,3.0,0.06359422206878662,0.0010983124375343323,-0.06332659721374512,-0.004897117614746094,-0.38096168637275696,-6.6601643562316895,0.45338502526283264,1.6338796615600586,0.03,1.2297663688659668,-0.11561708897352219,0.3206076920032501,0.015241038985550404,0.07995826750993729,-0.11490439623594284,0.9900360703468323,0,0,0,0,0,0,0,0,0,0,0,0,0,0
10.775633573532104,3.0,0.06359422206878662,0.0010983124375343323,-0.06332659721374512,-0.004897117614746094,-0.38096168637275696,-6.6601643562316895,0.45338502526283264,1.6338796615600586,0.03,1.2297663688659668,-0.11561708897352219,0.3206076920032501,0.015241038985550404,0.07995826750993729,-0.11490439623594284,0.9900360703468323,0,0,0,0,0,0,0,0,0,0,0,0,0,0
10.777594804763794,3.0,0.06359422206878662,0.0010983124375343323,-0.06332659721374512,-0.004897117614746094,-0.38096168637275696,-6.6601643562316895,0.45338502526283264,1.6338796615600586,0.03,1.2297663688659668,-0.11561708897352219,0.3206076920032501,0.015241038985550404,0.07995826750993729,-0.11490439623594284,0.9900360703468323,0,0,0,0,0,0,0,0,0,0,0,0,0,0
10.779594659805298,3.0,0.06359422206878662,0.0010983124375343323,-0.06332659721374512,-0.004897117614746094,-0.38096168637275696,-6.6601643562316895,0.45338502526283264,1.6338796615600586,0.03,1.2297663688659668,-0.11561708897352219,0.3206076920032501,0.015241038985550404,0.07995826750993729,-0.11490439623594284,0.9900360703468323,0,0,0,0,0,0,0,0,0,0,0,0,0,0
10.78068208694458,3.0,0.06359422206878662,0.0010983124375343323,-0.06332659721374512,-0.004897117614746094,-0.38096168637275696,-6.6601643562316895,0.45338502526283264,1.6338796615600586,0.03,1.2297663688659668,-0.11561708897352219,0.3206076920032501,0.015241038985550404,0.07995826750993729,-0.11490439623594284,0.9900360703468323,0,0,0,0,0,0,0,0,0,0,0,0,0,0
10.78188419342041,3.0,0.06359422206878662,0.0010983124375343323,-0.06332659721374512,-0.004897117614746094,-0.38096168637275696,-6.6601643562316895,0.45338502526283264,1.6338796615600586,0.03,1.2297663688659668,-0.11561708897352219,0.3206076920032501,0.015241038985550404,0.07995826750993729,-0.11490439623594284,0.9900360703468323,0,0,0,0,0,0,0,0,0,0,0,0,0,0
10.783081293106079,3.0,0.06359422206878662,0.0010983124375343323,-0.06332659721374512,-0.004897117614746094,-0.38096168637275696,-6.6601643562316895,0.45338502526283264,1.6338796615600586,0.03,1.2297663688659668,-0.11561708897352219,0.3206076920032501,0.015241038985550404,0.07995826750993729,-0.11490439623594284,0.9900360703468323,0,0,0,0,0,0,0,0,0,0,0,0,0,0
10.784486770629883,3.0,0.06359422206878662,0.0010983124375343323,-0.06332659721374512,-0.004897117614746094,-0.38096168637275696,-6.6601643562316895,0.45338502526283264,1.6338796615600586,0.03,1.2297663688659668,-0.11561708897352219,0.3206076920032501,0.015241038985550404,0.07995826750993729,-0.11490439623594284,0.9900360703468323,0,0,0,0,0,0,0,0,0,0,0,0,0,0
10.786268472671509,3.0,0.06359422206878662,0.0010983124375343323,-0.06332659721374512,-0.004897117614746094,-0.38096168637275696,-6.6601643562316895,0.45338502526283264,1.6338796615600586,0.03,1.2297663688659668,-0.11561708897352219,0.3206076920032501,0.015241038985550404,0.07995826750993729,-0.11490439623594284,0.9900360703468323,0,0,0,0,0,0,0,0,0,0,0,0,0,0
10.787483215332031,3.0,0.06359422206878662,0.0010983124375343323,-0.06332659721374512,-0.004897117614746094,-0.38096168637275696,-6.6601643562316895,0.45338502526283264,1.6338796615600586,0.03,1.2297663688659668,-0.11561708897352219,0.3206076920032501,0.015241038985550404,0.07995826750993729,-0.11490439623594284,0.9900360703468323,0,0,0,0,0,0,0,0,0,0,0,0,0,0
10.789140224456787,3.0,0.06359422206878662,0.0010983124375343323,-0.06332659721374512,-0.004897117614746094,-0.38096168637275696,-6.6601643562316895,0.45338502526283264,1.6338796615600586,0.03,1.2297663688659668,-0.11561708897352219,0.3206076920032501,0.015241038985550404,0.07995826750993729,-0.11490439623594284,0.9900360703468323,0,0,0,0,0,0,0,0,0,0,0,0,0,0
10.790746450424194,3.0,0.06359422206878662,0.0010983124375343323,-0.06332659721374512,-0.004897117614746094,-0.38096168637275696,-6.6601643562316895,0.45338502526283264,1.6338796615600586,0.03,1.2297663688659668,-0.11561708897352219,0.3206076920032501,0.015241038985550404,0.07995826750993729,-0.11490439623594284,0.9900360703468323,0,0,0,0,0,0,0,0,0,0,0,0,0,0
10.791847705841064,3.0,0.06359422206878662,0.0010983124375343323,-0.06332659721374512,-0.004897117614746094,-0.38096168637275696,-6.6601643562316895,0.45338502526283264,1.6338796615600586,0.03,1.2297663688659668,-0.11561708897352219,0.3206076920032501,0.015241038985550404,0.07995826750993729,-0.11490439623594284,0.9900360703468323,0,0,0,0,0,0,0,0,0,0,0,0,0,0
10.793148756027222,3.0,0.06359422206878662,0.0010983124375343323,-0.06332659721374512,-0.004897117614746094,-0.38096168637275696,-6.6601643562316895,0.45338502526283264,1.6338796615600586,0.03,1.2297663688659668,-0.11561708897352219,0.3206076920032501,0.015241038985550404,0.07995826750993729,-0.11490439623594284,0.9900360703468323,0,0,0,0,0,0,0,0,0,0,0,0,0,0
10.79442548751831,3.0,0.06359422206878662,0.0010983124375343323,-0.06332659721374512,-0.004897117614746094,-0.38096168637275696,-6.6601643562316895,0.45338502526283264,1.6338796615600586,0.03,1.2292193174362183,-0.11572051048278809,0.3221413791179657,0.007730960380285978,0.06442291289567947,-0.11756003648042679,0.9909437894821167,0,0,0,0,0,0,0,0,0,0,0,0,0,0
10.795586347579956,3.0,0.06359422206878662,0.0010983124375343323,-0.06332659721374512,-0.004897117614746094,-0.38096168637275696,-6.6601643562316895,0.45338502526283264,1.6338796615600586,0.03,1.2292193174362183,-0.11572051048278809,0.3221413791179657,0.007730960380285978,0.06442291289567947,-0.11756003648042679,0.9909437894821167,0,0,0,0,0,0,0,0,0,0,0,0,0,0
10.796650409698486,3.0,0.06359422206878662,0.0010983124375343323,-0.06332659721374512,-0.004897117614746094,-0.38096168637275696,-6.6601643562316895,0.45338502526283264,1.6338796615600586,0.03,1.2292193174362183,-0.11572051048278809,0.3221413791179657,0.007730960380285978,0.06442291289567947,-0.11756003648042679,0.9909437894821167,0,0,0,0,0,0,0,0,0,0,0,0,0,0
10.797761678695679,3.0,0.06359422206878662,0.0010983124375343323,-0.06332659721374512,-0.004897117614746094,-0.38096168637275696,-6.6601643562316895,0.45338502526283264,1.6338796615600586,0.03,1.2292193174362183,-0.11572051048278809,0.3221413791179657,0.007730960380285978,0.06442291289567947,-0.11756003648042679,0.9909437894821167,0,0,0,0,0,0,0,0,0,0,0,0,0,0
10.80016565322876,3.0,0.06359422206878662,0.0010983124375343323,-0.06332659721374512,-0.004897117614746094,-0.38096168637275696,-6.6601643562316895,0.45338502526283264,1.6338796615600586,0.03,1.2292193174362183,-0.11572051048278809,0.3221413791179657,0.007730960380285978,0.06442291289567947,-0.11756003648042679,0.9909437894821167,0,0,0,0,0,0,0,0,0,0,0,0,0,0
10.801983118057251,3.0,0.06359422206878662,0.0010983124375343323,-0.06332659721374512,-0.004897117614746094,-0.38096168637275696,-6.6601643562316895,0.45338502526283264,1.6338796615600586,0.03,1.2292193174362183,-0.11572051048278809,0.3221413791179657,0.007730960380285978,0.06442291289567947,-0.11756003648042679,0.9909437894821167,0,0,0,0,0,0,0,0,0,0,0,0,0,0
10.803698778152466,3.0,0.06359422206878662,0.0010983124375343323,-0.06332659721374512,-0.004897117614746094,-0.38096168637275696,-6.6601643562316895,0.45338502526283264,1.6338796615600586,0.03,1.2292193174362183,-0.11572051048278809,0.3221413791179657,0.007730960380285978,0.06442291289567947,-0.11756003648042679,0.9909437894821167,0,0,0,0,0,0,0,0,0,0,0,0,0,0
10.804899215698242,3.0,0.06359422206878662,0.0010983124375343323,-0.06332659721374512,-0.004897117614746094,-0.38096168637275696,-6.6601643562316895,0.45338502526283264,1.6338796615600586,0.03,1.2292193174362183,-0.11572051048278809,0.3221413791179657,0.007730960380285978,0.06442291289567947,-0.11756003648042679,0.9909437894821167,0,0,0,0,0,0,0,0,0,0,0,0,0,0
10.806216955184937,3.0,0.06359422206878662,0.0010983124375343323,-0.06332659721374512,-0.004897117614746094,-0.38096168637275696,-6.6601643562316895,0.45338502526283264,1.6338796615600586,0.03,1.2292193174362183,-0.11572051048278809,0.3221413791179657,0.007730960380285978,0.06442291289567947,-0.11756003648042679,0.9909437894821167,0,0,0,0,0,0,0,0,0,0,0,0,0,0
10.807613849639893,3.0,0.06359422206878662,0.0010983124375343323,-0.06332659721374512,-0.004897117614746094,-0.38096168637275696,-6.6601643562316895,0.45338502526283264,1.6338796615600586,0.03,1.229156732559204,-0.1158662885427475,0.3226649761199951,0.006724306847900152,0.06258784234523773,-0.12655691802501678,0.9899601340293884,0,0,0,0,0,0,0,0,0,0,0,0,0,0
10.809528350830078,3.0,0.06359422206878662,0.0010983124375343323,-0.06332659721374512,-0.004897117614746094,-0.38096168637275696,-6.6601643562316895,0.45338502526283264,1.6338796615600586,0.03,1.229156732559204,-0.1158662885427475,0.3226649761199951,0.006724306847900152,0.06258784234523773,-0.12655691802501678,0.9899601340293884,0,0,0,0,0,0,0,0,0,0,0,0,0,0
10.81062650680542,3.0,0.06359422206878662,0.0010983124375343323,-0.06332659721374512,-0.004897117614746094,-0.38096168637275696,-6.6601643562316895,0.45338502526283264,1.6338796615600586,0.03,1.229156732559204,-0.1158662885427475,0.3226649761199951,0.006724306847900152,0.06258784234523773,-0.12655691802501678,0.9899601340293884,0,0,0,0,0,0,0,0,0,0,0,0,0,0
10.811803817749023,3.0,0.06359422206878662,0.0010983124375343323,-0.06332659721374512,-0.004897117614746094,-0.38096168637275696,-6.6601643562316895,0.45338502526283264,1.6338796615600586,0.03,1.229156732559204,-0.1158662885427475,0.3226649761199951,0.006724306847900152,0.06258784234523773,-0.12655691802501678,0.9899601340293884,0,0,0,0,0,0,0,0,0,0,0,0,0,0
10.813004970550537,3.0,0.06359422206878662,0.0010983124375343323,-0.06332659721374512,-0.004897117614746094,-0.38096168637275696,-6.6601643562316895,0.45338502526283264,1.6338796615600586,0.03,1.2288384437561035,-0.11588271707296371,0.3230920135974884,0.0062351771630346775,0.059752821922302246,-0.13382239639759064,0.9891826510429382,0,0,0,0,0,0,0,0,0,0,0,0,0,0
10.814178228378296,3.0,0.06359422206878662,0.0010983124375343323,-0.06332659721374512,-0.004897117614746094,-0.38096168637275696,-6.6601643562316895,0.45338502526283264,1.6338796615600586,0.03,1.2288384437561035,-0.11588271707296371,0.3230920135974884,0.0062351771630346775,0.059752821922302246,-0.13382239639759064,0.9891826510429382,0,0,0,0,0,0,0,0,0,0,0,0,0,0
10.815377950668335,3.0,0.06359422206878662,0.0010983124375343323,-0.06332659721374512,-0.004897117614746094,-0.38096168637275696,-6.6601643562316895,0.45338502526283264,1.6338796615600586,0.03,1.2288384437561035,-0.11588271707296371,0.3230920135974884,0.0062351771630346775,0.059752821922302246,-0.13382239639759064,0.9891826510429382,0,0,0,0,0,0,0,0,0,0,0,0,0,0
10.817576885223389,3.0,0.06359422206878662,0.0010983124375343323,-0.06332659721374512,-0.004897117614746094,-0.38096168637275696,-6.6601643562316895,0.45338502526283264,1.6338796615600586,0.03,1.2288384437561035,-0.11588271707296371,0.3230920135974884,0.0062351771630346775,0.059752821922302246,-0.13382239639759064,0.9891826510429382,0,0,0,0,0,0,0,0,0,0,0,0,0,0
10.81911015510559,3.0,0.06359422206878662,0.0010983124375343323,-0.06332659721374512,-0.004897117614746094,-0.38096168637275696,-6.6601643562316895,0.45338502526283264,1.6338796615600586,0.03,1.2288384437561035,-0.11588271707296371,0.3230920135974884,0.0062351771630346775,0.059752821922302246,-0.13382239639759064,0.9891826510429382,0,0,0,0,0,0,0,0,0,0,0,0,0,0
10.820312023162842,3.0,0.06359422206878662,0.0010983124375343323,-0.06332659721374512,-0.004897117614746094,-0.38096168637275696,-6.6601643562316895,0.45338502526283264,1.6338796615600586,0.03,1.2285088300704956,-0.1156226322054863,0.32338741421699524,0.004174785688519478,0.056244488805532455,-0.1270320564508438,0.9902939796447754,0,0,0,0,0,0,0,0,0,0,0,0,0,0
10.821825981140137,3.0,0.06359422206878662,0.0010983124375343323,-0.06332659721374512,-0.004897117614746094,-0.38096168637275696,-6.6601643562316895,0.45338502526283264,1.6338796615600586,0.03,1.2285088300704956,-0.1156226322054863,0.32338741421699524,0.004174785688519478,0.056244488805532455,-0.1270320564508438,0.9902939796447754,0,0,0,0,0,0,0,0,0,0,0,0,0,0
10.823140621185303,3.0,0.06359422206878662,0.0010983124375343323,-0.06332659721374512,-0.004897117614746094,-0.38096168637275696,-6.6601643562316895,0.45338502526283264,1.6338796615600586,0.03,1.2285088300704956,-0.1156226322054863,0.32338741421699524,0.004174785688519478,0.056244488805532455,-0.1270320564508438,0.9902939796447754,0,0,0,0,0,0,0,0,0,0,0,0,0,0
10.824721813201904,3.0,0.06359422206878662,0.0010983124375343323,-0.06332659721374512,-0.004897117614746094,-0.38096168637275696,-6.6601643562316895,0.45338502526283264,1.6338796615600586,0.03,1.2285088300704956,-0.1156226322054863,0.32338741421699524,0.004174785688519478,0.056244488805532455,-0.1270320564508438,0.9902939796447754,0,0,0,0,0,0,0,0,0,0,0,0,0,0
10.825999021530151,3.0,0.06359422206878662,0.0010983124375343323,-0.06332659721374512,-0.004897117614746094,-0.38096168637275696,-6.6601643562316895,0.45338502526283264,1.6338796615600586,0.03,1.2285088300704956,-0.1156226322054863,0.32338741421699524,0.004174785688519478,0.056244488805532455,-0.1270320564508438,0.9902939796447754,0,0,0,0,0,0,0,0,0,0,0,0,0,0
10.827563524246216,3.0,0.06359422206878662,0.0010983124375343323,-0.06332659721374512,-0.004897117614746094,-0.38096168637275696,-6.6601643562316895,0.45338502526283264,1.6338796615600586,0.03,1.2282118797302246,-0.11559157818555832,0.3236570358276367,0.007222931366413832,0.05428088456392288,-0.1011294573545456,0.9933651685714722,0,0,0,0,0,0,0,0,0,0,0,0,0,0
10.828972101211548,3.0,0.06359422206878662,0.0010983124375343323,-0.06332659721374512,-0.004897117614746094,-0.38096168637275696,-6.6601643562316895,0.45338502526283264,1.6338796615600586,0.03,1.2282118797302246,-0.11559157818555832,0.3236570358276367,0.007222931366413832,0.05428088456392288,-0.1011294573545456,0.9933651685714722,0,0,0,0,0,0,0,0,0,0,0,0,0,0
10.83061408996582,3.0,0.06359422206878662,0.0010983124375343323,-0.06332659721374512,-0.004897117614746094,-0.38096168637275696,-6.6601643562316895,0.45338502526283264,1.6338796615600586,0.03,1.2282118797302246,-0.11559157818555832,0.3236570358276367,0.007222931366413832,0.05428088456392288,-0.1011294573545456,0.9933651685714722,0,0,0,0,0,0,0,0,0,0,0,0,0,0
10.831801176071167,3.0,0.06359422206878662,0.0010983124375343323,-0.06332659721374512,-0.004897117614746094,-0.38096168637275696,-6.6601643562316895,0.45338502526283264,1.6338796615600586,0.03,1.2282118797302246,-0.11559157818555832,0.3236570358276367,0.007222931366413832,0.05428088456392288,-0.1011294573545456,0.9933651685714722,0,0,0,0,0,0,0,0,0,0,0,0,0,0
10.833474159240723,3.0,0.06359422206878662,0.0010983124375343323,-0.06332659721374512,-0.004897117614746094,-0.38096168637275696,-6.6601643562316895,0.45338502526283264,1.6338796615600586,0.03,1.2282118797302246,-0.11559157818555832,0.3236570358276367,0.007222931366413832,0.05428088456392288,-0.1011294573545456,0.9933651685714722,0,0,0,0,0,0,0,0,0,0,0,0,0,0
10.83466362953186,3.0,0.06359422206878662,0.0010983124375343323,-0.06332659721374512,-0.004897117614746094,-0.38096168637275696,-6.6601643562316895,0.45338502526283264,1.6338796615600586,0.03,1.2282118797302246,-0.11559157818555832,0.3236570358276367,0.007222931366413832,0.05428088456392288,-0.1011294573545456,0.9933651685714722,0,0,0,0,0,0,0,0,0,0,0,0,0,0
10.837022066116333,3.0,0.06359422206878662,0.0010983124375343323,-0.06332659721374512,-0.004897117614746094,-0.38096168637275696,-6.6601643562316895,0.45338502526283264,1.6338796615600586,0.03,1.2282118797302246,-0.11559157818555832,0.3236570358276367,0.007222931366413832,0.05428088456392288,-0.1011294573545456,0.9933651685714722,0,0,0,0,0,0,0,0,0,0,0,0,0,0
10.838208436965942,3.0,0.06359422206878662,0.0010983124375343323,-0.06332659721374512,-0.004897117614746094,-0.38096168637275696,-6.6601643562316895,0.45338502526283264,1.6338796615600586,0.03,1.2282118797302246,-0.11559157818555832,0.3236570358276367,0.007222931366413832,0.05428088456392288,-0.1011294573545456,0.9933651685714722,0,0,0,0,0,0,0,0,0,0,0,0,0,0
10.839939594268799,3.0,0.06359422206878662,0.0010983124375343323,-0.06332659721374512,-0.004897117614746094,-0.38096168637275696,-6.6601643562316895,0.45338502526283264,1.6338796615600586,0.03,1.2282118797302246,-0.11559157818555832,0.3236570358276367,0.007222931366413832,0.05428088456392288,-0.1011294573545456,0.9933651685714722,0,0,0,0,0,0,0,0,0,0,0,0,0,0
10.841063022613525,3.0,0.06359422206878662,0.0010983124375343323,-0.06332659721374512,-0.004897117614746094,-0.38096168637275696,-6.6601643562316895,0.45338502526283264,1.6338796615600586,0.03,1.2282118797302246,-0.11559157818555832,0.3236570358276367,0.007222931366413832,0.05428088456392288,-0.1011294573545456,0.9933651685714722,0,0,0,0,0,0,0,0,0,0,0,0,0,0
10.842146396636963,3.0,0.06359422206878662,0.0010983124375343323,-0.06332659721374512,-0.004897117614746094,-0.38096168637275696,-6.6601643562316895,0.45338502526283264,1.6338796615600586,0.03,1.2282118797302246,-0.11559157818555832,0.3236570358276367,0.007222931366413832,0.05428088456392288,-0.1011294573545456,0.9933651685714722,0,0,0,0,0,0,0,0,0,0,0,0,0,0
10.843231916427612,3.0,0.06359422206878662,0.0010983124375343323,-0.06332659721374512,-0.004897117614746094,-0.38096168637275696,-6.6601643562316895,0.45338502526283264,1.6338796615600586,0.03,1.2282118797302246,-0.11559157818555832,0.3236570358276367,0.007222931366413832,0.05428088456392288,-0.1011294573545456,0.9933651685714722,0,0,0,0,0,0,0,0,0,0,0,0,0,0
10.844329595565796,3.0,0.06359422206878662,0.0010983124375343323,-0.06332659721374512,-0.004897117614746094,-0.38096168637275696,-6.6601643562316895,0.45338502526283264,1.6338796615600586,0.03,1.2282118797302246,-0.11559157818555832,0.3236570358276367,0.007222931366413832,0.05428088456392288,-0.1011294573545456,0.9933651685714722,0,0,0,0,0,0,0,0,0,0,0,0,0,0
10.845413208007812,3.0,0.06359422206878662,0.0010983124375343323,-0.06332659721374512,-0.004897117614746094,-0.38096168637275696,-6.6601643562316895,0.45338502526283264,1.6338796615600586,0.03,1.2282118797302246,-0.11559157818555832,0.3236570358276367,0.007222931366413832,0.05428088456392288,-0.1011294573545456,0.9933651685714722,0,0,0,0,0,0,0,0,0,0,0,0,0,0
10.846481561660767,3.0,0.06359422206878662,0.0010983124375343323,-0.06332659721374512,-0.004897117614746094,-0.38096168637275696,-6.6601643562316895,0.45338502526283264,1.6338796615600586,0.03,1.2282118797302246,-0.11559157818555832,0.3236570358276367,0.007222931366413832,0.05428088456392288,-0.1011294573545456,0.9933651685714722,0,0,0,0,0,0,0,0,0,0,0,0,0,0
10.847541570663452,3.0,0.06359422206878662,0.0010983124375343323,-0.06332659721374512,-0.004897117614746094,-0.38096168637275696,-6.6601643562316895,0.45338502526283264,1.6338796615600586,0.03,1.2282118797302246,-0.11559157818555832,0.3236570358276367,0.007222931366413832,0.05428088456392288,-0.1011294573545456,0.9933651685714722,0,0,0,0,0,0,0,0,0,0,0,0,0,0
10.848634481430054,3.0,0.06359422206878662,0.0010983124375343323,-0.06332659721374512,-0.004897117614746094,-0.38096168637275696,-6.6601643562316895,0.45338502526283264,1.6338796615600586,0.03,1.2282118797302246,-0.11559157818555832,0.3236570358276367,0.007222931366413832,0.05428088456392288,-0.1011294573545456,0.9933651685714722,0,0,0,0,0,0,0,0,0,0,0,0,0,0
10.849700689315796,3.0,0.06359422206878662,0.0010983124375343323,-0.06332659721374512,-0.004897117614746094,-0.38096168637275696,-6.6601643562316895,0.45338502526283264,1.6338796615600586,0.03,1.2282118797302246,-0.11559157818555832,0.3236570358276367,0.007222931366413832,0.05428088456392288,-0.1011294573545456,0.9933651685714722,0,0,0,0,0,0,0,0,0,0,0,0,0,0
10.850793361663818,3.0,0.06359422206878662,0.0010983124375343323,-0.06332659721374512,-0.004897117614746094,-0.38096168637275696,-6.6601643562316895,0.45338502526283264,1.6338796615600586,0.03,1.2282118797302246,-0.11559157818555832,0.3236570358276367,0.007222931366413832,0.05428088456392288,-0.1011294573545456,0.9933651685714722,0,0,0,0,0,0,0,0,0,0,0,0,0,0
10.852272033691406,3.0,0.06359422206878662,0.0010983124375343323,-0.06332659721374512,-0.004897117614746094,-0.38096168637275696,-6.6601643562316895,0.45338502526283264,1.6338796615600586,0.03,1.2282118797302246,-0.11559157818555832,0.3236570358276367,0.007222931366413832,0.05428088456392288,-0.1011294573545456,0.9933651685714722,0,0,0,0,0,0,0,0,0,0,0,0,0,0
10.855776309967041,3.0,0.06359422206878662,0.0010983124375343323,-0.06332659721374512,-0.004897117614746094,-0.38096168637275696,-6.6601643562316895,0.45338502526283264,1.6338796615600586,0.03,1.2282118797302246,-0.11559157818555832,0.3236570358276367,0.007222931366413832,0.05428088456392288,-0.1011294573545456,0.9933651685714722,0,0,0,0,0,0,0,0,0,0,0,0,0,0
10.858181476593018,3.0,0.06359422206878662,0.0010983124375343323,-0.06332659721374512,-0.004897117614746094,-0.38096168637275696,-6.6601643562316895,0.45338502526283264,1.6338796615600586,0.03,1.227813482284546,-0.1156870424747467,0.32395026087760925,0.006455532740801573,0.05282920226454735,-0.10894548147916794,0.9926219582557678,0,0,0,0,0,0,0,0,0,0,0,0,0,0
10.859497785568237,3.0,0.06359422206878662,0.0010983124375343323,-0.06332659721374512,-0.004897117614746094,-0.38096168637275696,-6.6601643562316895,0.45338502526283264,1.6338796615600586,0.03,1.227813482284546,-0.1156870424747467,0.32395026087760925,0.006455532740801573,0.05282920226454735,-0.10894548147916794,0.9926219582557678,0,0,0,0,0,0,0,0,0,0,0,0,0,0
10.860716104507446,3.0,0.06359422206878662,0.0010983124375343323,-0.06332659721374512,-0.004897117614746094,-0.38096168637275696,-6.6601643562316895,0.45338502526283264,1.6338796615600586,0.03,1.227813482284546,-0.1156870424747467,0.32395026087760925,0.006455532740801573,0.05282920226454735,-0.10894548147916794,0.9926219582557678,0,0,0,0,0,0,0,0,0,0,0,0,0,0
10.86232304573059,3.0,0.06359422206878662,0.0010983124375343323,-0.06332659721374512,-0.004897117614746094,-0.38096168637275696,-6.6601643562316895,0.45338502526283264,1.6338796615600586,0.03,1.227813482284546,-0.1156870424747467,0.32395026087760925,0.006455532740801573,0.05282920226454735,-0.10894548147916794,0.9926219582557678,0,0,0,0,0,0,0,0,0,0,0,0,0,0
10.864686965942383,3.0,0.06359422206878662,0.0010983124375343323,-0.06332659721374512,-0.004897117614746094,-0.38096168637275696,-6.6601643562316895,0.45338502526283264,1.6338796615600586,0.03,1.227813482284546,-0.1156870424747467,0.32395026087760925,0.006455532740801573,0.05282920226454735,-0.10894548147916794,0.9926219582557678,0,0,0,0,0,0,0,0,0,0,0,0,0,0
10.866047620773315,3.0,0.06359422206878662,0.0010983124375343323,-0.06332659721374512,-0.004897117614746094,-0.38096168637275696,-6.6601643562316895,0.45338502526283264,1.6338796615600586,0.03,1.227813482284546,-0.1156870424747467,0.32395026087760925,0.006455532740801573,0.05282920226454735,-0.10894548147916794,0.9926219582557678,0,0,0,0,0,0,0,0,0,0,0,0,0,0
10.867321252822876,3.0,0.06353757530450821,0.007041126489639282,-0.06339389085769653,-0.011080324649810791,-0.6041427254676819,-7.29740047454834,0.28342241048812866,3.078317165374756,0.03,1.227813482284546,-0.1156870424747467,0.32395026087760925,0.006455532740801573,0.05282920226454735,-0.10894548147916794,0.9926219582557678,0,0,0,0,0,0,0,0,0,0,0,0,0,0
10.869728565216064,3.0,0.06351075321435928,0.008220076560974121,-0.06340110301971436,-0.012360572814941406,-0.7442044019699097,-7.241274833679199,0.22872406244277954,2.8414289951324463,0.03,1.227295160293579,-0.11542516946792603,0.32454726099967957,0.006062060594558716,0.04980747401714325,-0.10692671686410904,0.9930000901222229,0,0,0,0,0,0,0,0,0,0,0,0,0,0
10.870886087417603,3.0,0.06355257332324982,0.013531684875488281,-0.06352674961090088,-0.018689990043640137,-0.9614409804344177,-8.404952049255371,0.013826213777065277,2.814868450164795,0.03,1.227295160293579,-0.11542516946792603,0.32454726099967957,0.006062060594558716,0.04980747401714325,-0.10692671686410904,0.9930000901222229,0,0,0,0,0,0,0,0,0,0,0,0,0,0
10.872749090194702,3.0,0.06355257332324982,0.013531684875488281,-0.06352674961090088,-0.018689990043640137,-0.9614409804344177,-8.404952049255371,0.013826213777065277,2.814868450164795,0.03,1.227295160293579,-0.11542516946792603,0.32454726099967957,0.006062060594558716,0.04980747401714325,-0.10692671686410904,0.9930000901222229,0,0,0,0,0,0,0,0,0,0,0,0,0,0
10.873849630355835,3.0,0.06355257332324982,0.013531684875488281,-0.06352674961090088,-0.018689990043640137,-0.9614409804344177,-8.404952049255371,0.013826213777065277,2.814868450164795,0.03,1.227295160293579,-0.11542516946792603,0.32454726099967957,0.006062060594558716,0.04980747401714325,-0.10692671686410904,0.9930000901222229,0,0,0,0,0,0,0,0,0,0,0,0,0,0
10.875656604766846,3.0,0.06356196850538254,0.016064852476119995,-0.06365013122558594,-0.02243858575820923,-1.3154852390289307,-9.798324584960938,-0.09143123030662537,3.038233757019043,0.03,1.227295160293579,-0.11542516946792603,0.32454726099967957,0.006062060594558716,0.04980747401714325,-0.10692671686410904,0.9930000901222229,0,0,0,0,0,0,0,0,0,0,0,0,0,0
10.877299785614014,3.0,0.06376983225345612,0.026835709810256958,-0.0643816590309143,-0.03446704149246216,-2.2055821418762207,-10.669778823852539,-0.6153361797332764,2.979625940322876,0.03,1.227067232131958,-0.1152639389038086,0.32502883672714233,0.00422812020406127,0.04825163260102272,-0.11676748842000961,0.9919775128364563,0,0,0,0,0,0,0,0,0,0,0,0,0,0
10.878607749938965,3.0,0.06376983225345612,0.026835709810256958,-0.0643816590309143,-0.03446704149246216,-2.2055821418762207,-10.669778823852539,-0.6153361797332764,2.979625940322876,0.03,1.227067232131958,-0.1152639389038086,0.32502883672714233,0.00422812020406127,0.04825163260102272,-0.11676748842000961,0.9919775128364563,0,0,0,0,0,0,0,0,0,0,0,0,0,0
10.88001298904419,3.0,0.06376983225345612,0.026835709810256958,-0.0643816590309143,-0.03446704149246216,-2.2055821418762207,-10.669778823852539,-0.6153361797332764,2.979625940322876,0.03,1.227067232131958,-0.1152639389038086,0.32502883672714233,0.00422812020406127,0.04825163260102272,-0.11676748842000961,0.9919775128364563,0,0,0,0,0,0,0,0,0,0,0,0,0,0
10.881513118743896,3.0,0.06376983225345612,0.026835709810256958,-0.0643816590309143,-0.03446704149246216,-2.2055821418762207,-10.669778823852539,-0.6153361797332764,2.979625940322876,0.03,1.227067232131958,-0.1152639389038086,0.32502883672714233,0.00422812020406127,0.04825163260102272,-0.11676748842000961,0.9919775128364563,0,0,0,0,0,0,0,0,0,0,0,0,0,0
10.882583141326904,3.0,0.06376983225345612,0.026835709810256958,-0.0643816590309143,-0.03446704149246216,-2.2055821418762207,-10.669778823852539,-0.6153361797332764,2.979625940322876,0.03,1.227067232131958,-0.1152639389038086,0.32502883672714233,0.00422812020406127,0.04825163260102272,-0.11676748842000961,0.9919775128364563,0,0,0,0,0,0,0,0,0,0,0,0,0,0
10.884309530258179,3.0,0.06376983225345612,0.026835709810256958,-0.0643816590309143,-0.03446704149246216,-2.2055821418762207,-10.669778823852539,-0.6153361797332764,2.979625940322876,0.03,1.227067232131958,-0.1152639389038086,0.32502883672714233,0.00422812020406127,0.04825163260102272,-0.11676748842000961,0.9919775128364563,0,0,0,0,0,0,0,0,0,0,0,0,0,0
10.886059999465942,3.0,0.06376983225345612,0.026835709810256958,-0.0643816590309143,-0.03446704149246216,-2.2055821418762207,-10.669778823852539,-0.6153361797332764,2.979625940322876,0.03,1.2269022464752197,-0.11550424247980118,0.32590559124946594,0.003525475040078163,0.043661631643772125,-0.13755039870738983,0.9895256757736206,0,0,0,0,0,0,0,0,0,0,0,0,0,0
10.887283086776733,3.0,0.06376983225345612,0.026835709810256958,-0.0643816590309143,-0.03446704149246216,-2.2055821418762207,-10.669778823852539,-0.6153361797332764,2.979625940322876,0.03,1.2269022464752197,-0.11550424247980118,0.32590559124946594,0.003525475040078163,0.043661631643772125,-0.13755039870738983,0.9895256757736206,0,0,0,0,0,0,0,0,0,0,0,0,0,0
10.89256501197815,3.0,0.06376983225345612,0.026835709810256958,-0.0643816590309143,-0.03446704149246216,-2.2055821418762207,-10.669778823852539,-0.6153361797332764,2.979625940322876,0.03,1.2269022464752197,-0.11550424247980118,0.32590559124946594,0.003525475040078163,0.043661631643772125,-0.13755039870738983,0.9895256757736206,0,0,0,0,0,0,0,0,0,0,0,0,0,0
10.894103527069092,3.0,0.06376983225345612,0.026835709810256958,-0.0643816590309143,-0.03446704149246216,-2.2055821418762207,-10.669778823852539,-0.6153361797332764,2.979625940322876,0.03,1.2269022464752197,-0.11550424247980118,0.32590559124946594,0.003525475040078163,0.043661631643772125,-0.13755039870738983,0.9895256757736206,0,0,0,0,0,0,0,0,0,0,0,0,0,0
10.89537501335144,3.0,0.06376983225345612,0.026835709810256958,-0.0643816590309143,-0.03446704149246216,-2.2055821418762207,-10.669778823852539,-0.6153361797332764,2.979625940322876,0.03,1.2269022464752197,-0.11550424247980118,0.32590559124946594,0.003525475040078163,0.043661631643772125,-0.13755039870738983,0.9895256757736206,0,0,0,0,0,0,0,0,0,0,0,0,0,0
10.896671772003174,3.0,0.06376983225345612,0.026835709810256958,-0.0643816590309143,-0.03446704149246216,-2.2055821418762207,-10.669778823852539,-0.6153361797332764,2.979625940322876,0.03,1.2269022464752197,-0.11550424247980118,0.32590559124946594,0.003525475040078163,0.043661631643772125,-0.13755039870738983,0.9895256757736206,0,0,0,0,0,0,0,0,0,0,0,0,0,0
10.898553371429443,3.0,0.06376983225345612,0.026835709810256958,-0.0643816590309143,-0.03446704149246216,-2.2055821418762207,-10.669778823852539,-0.6153361797332764,2.979625940322876,0.03,1.2269022464752197,-0.11550424247980118,0.32590559124946594,0.003525475040078163,0.043661631643772125,-0.13755039870738983,0.9895256757736206,0,0,0,0,0,0,0,0,0,0,0,0,0,0
10.900420188903809,3.0,0.06376983225345612,0.026835709810256958,-0.0643816590309143,-0.03446704149246216,-2.2055821418762207,-10.669778823852539,-0.6153361797332764,2.979625940322876,0.03,1.2269022464752197,-0.11550424247980118,0.32590559124946594,0.003525475040078163,0.043661631643772125,-0.13755039870738983,0.9895256757736206,0,0,0,0,0,0,0,0,0,0,0,0,0,0
10.901625394821167,3.0,0.06376983225345612,0.026835709810256958,-0.0643816590309143,-0.03446704149246216,-2.2055821418762207,-10.669778823852539,-0.6153361797332764,2.979625940322876,0.03,1.2272595167160034,-0.11539220064878464,0.32641342282295227,0.00266451807692647,0.041168637573719025,-0.15813854336738586,0.986554741859436,0,0,0,0,0,0,0,0,0,0,0,0,0,0
10.903029918670654,3.0,0.06376983225345612,0.026835709810256958,-0.0643816590309143,-0.03446704149246216,-2.2055821418762207,-10.669778823852539,-0.6153361797332764,2.979625940322876,0.03,1.2272595167160034,-0.11539220064878464,0.32641342282295227,0.00266451807692647,0.041168637573719025,-0.15813854336738586,0.986554741859436,0,0,0,0,0,0,0,0,0,0,0,0,0,0
10.9041109085083,3.0,0.06376983225345612,0.026835709810256958,-0.0643816590309143,-0.03446704149246216,-2.2055821418762207,-10.669778823852539,-0.6153361797332764,2.979625940322876,0.03,1.2272595167160034,-0.11539220064878464,0.32641342282295227,0.00266451807692647,0.041168637573719025,-0.15813854336738586,0.986554741859436,0,0,0,0,0,0,0,0,0,0,0,0,0,0
10.907604694366455,3.0,0.06376983225345612,0.026835709810256958,-0.0643816590309143,-0.03446704149246216,-2.2055821418762207,-10.669778823852539,-0.6153361797332764,2.979625940322876,0.03,1.2272595167160034,-0.11539220064878464,0.32641342282295227,0.00266451807692647,0.041168637573719025,-0.15813854336738586,0.986554741859436,0,0,0,0,0,0,0,0,0,0,0,0,0,0
10.90883755683899,3.0,0.06376983225345612,0.026835709810256958,-0.0643816590309143,-0.03446704149246216,-2.2055821418762207,-10.669778823852539,-0.6153361797332764,2.979625940322876,0.03,1.2272595167160034,-0.11539220064878464,0.32641342282295227,0.00266451807692647,0.041168637573719025,-0.15813854336738586,0.986554741859436,0,0,0,0,0,0,0,0,0,0,0,0,0,0
10.909927368164062,3.0,0.06376983225345612,0.026835709810256958,-0.0643816590309143,-0.03446704149246216,-2.2055821418762207,-10.669778823852539,-0.6153361797332764,2.979625940322876,0.03,1.2272595167160034,-0.11539220064878464,0.32641342282295227,0.00266451807692647,0.041168637573719025,-0.15813854336738586,0.986554741859436,0,0,0,0,0,0,0,0,0,0,0,0,0,0
10.912272930145264,3.0,0.06376983225345612,0.026835709810256958,-0.0643816590309143,-0.03446704149246216,-2.2055821418762207,-10.669778823852539,-0.6153361797332764,2.979625940322876,0.03,1.2272595167160034,-0.11539220064878464,0.32641342282295227,0.00266451807692647,0.041168637573719025,-0.15813854336738586,0.986554741859436,0,0,0,0,0,0,0,0,0,0,0,0,0,0
10.913716793060303,3.0,0.06376983225345612,0.026835709810256958,-0.0643816590309143,-0.03446704149246216,-2.2055821418762207,-10.669778823852539,-0.6153361797332764,2.979625940322876,0.03,1.2272595167160034,-0.11539220064878464,0.32641342282295227,0.00266451807692647,0.041168637573719025,-0.15813854336738586,0.986554741859436,0,0,0,0,0,0,0,0,0,0,0,0,0,0
10.91502571105957,3.0,0.06376983225345612,0.026835709810256958,-0.0643816590309143,-0.03446704149246216,-2.2055821418762207,-10.669778823852539,-0.6153361797332764,2.979625940322876,0.03,1.2283201217651367,-0.11581770330667496,0.3266581892967224,0.012164939194917679,0.04230763390660286,-0.13289086520671844,0.9901525378227234,0,0,0,0,0,0,0,0,0,0,0,0,0,0
10.917368412017822,3.0,0.06376983225345612,0.026835709810256958,-0.0643816590309143,-0.03446704149246216,-2.2055821418762207,-10.669778823852539,-0.6153361797332764,2.979625940322876,0.03,1.2283201217651367,-0.11581770330667496,0.3266581892967224,0.012164939194917679,0.04230763390660286,-0.13289086520671844,0.9901525378227234,0,0,0,0,0,0,0,0,0,0,0,0,0,0
10.918696880340576,3.0,0.06376983225345612,0.026835709810256958,-0.0643816590309143,-0.03446704149246216,-2.2055821418762207,-10.669778823852539,-0.6153361797332764,2.979625940322876,0.03,1.2283201217651367,-0.11581770330667496,0.3266581892967224,0.012164939194917679,0.04230763390660286,-0.13289086520671844,0.9901525378227234,0,0,0,0,0,0,0,0,0,0,0,0,0,0
10.920015573501587,3.0,0.06376983225345612,0.026835709810256958,-0.0643816590309143,-0.03446704149246216,-2.2055821418762207,-10.669778823852539,-0.6153361797332764,2.979625940322876,0.03,1.2283201217651367,-0.11581770330667496,0.3266581892967224,0.012164939194917679,0.04230763390660286,-0.13289086520671844,0.9901525378227234,0,0,0,0,0,0,0,0,0,0,0,0,0,0
10.921436309814453,3.0,0.06376983225345612,0.026835709810256958,-0.0643816590309143,-0.03446704149246216,-2.2055821418762207,-10.669778823852539,-0.6153361797332764,2.979625940322876,0.03,1.2283201217651367,-0.11581770330667496,0.3266581892967224,0.012164939194917679,0.04230763390660286,-0.13289086520671844,0.9901525378227234,0,0,0,0,0,0,0,0,0,0,0,0,0,0
10.922897338867188,3.0,0.06376983225345612,0.026835709810256958,-0.0643816590309143,-0.03446704149246216,-2.2055821418762207,-10.669778823852539,-0.6153361797332764,2.979625940322876,0.03,1.2283201217651367,-0.11581770330667496,0.3266581892967224,0.012164939194917679,0.04230763390660286,-0.13289086520671844,0.9901525378227234,0,0,0,0,0,0,0,0,0,0,0,0,0,0
10.924679517745972,3.0,0.06376983225345612,0.026835709810256958,-0.0643816590309143,-0.03446704149246216,-2.2055821418762207,-10.669778823852539,-0.6153361797332764,2.979625940322876,0.03,1.2283201217651367,-0.11581770330667496,0.3266581892967224,0.012164939194917679,0.04230763390660286,-0.13289086520671844,0.9901525378227234,0,0,0,0,0,0,0,0,0,0,0,0,0,0
10.925826072692871,3.0,0.06376983225345612,0.026835709810256958,-0.0643816590309143,-0.03446704149246216,-2.2055821418762207,-10.669778823852539,-0.6153361797332764,2.979625940322876,0.03,1.2283201217651367,-0.11581770330667496,0.3266581892967224,0.012164939194917679,0.04230763390660286,-0.13289086520671844,0.9901525378227234,0,0,0,0,0,0,0,0,0,0,0,0,0,0
10.927450895309448,3.0,0.06376983225345612,0.026835709810256958,-0.0643816590309143,-0.03446704149246216,-2.2055821418762207,-10.669778823852539,-0.6153361797332764,2.979625940322876,0.03,1.2283201217651367,-0.11581770330667496,0.3266581892967224,0.012164939194917679,0.04230763390660286,-0.13289086520671844,0.9901525378227234,0,0,0,0,0,0,0,0,0,0,0,0,0,0
10.92886233329773,3.0,0.06376983225345612,0.026835709810256958,-0.0643816590309143,-0.03446704149246216,-2.2055821418762207,-10.669778823852539,-0.6153361797332764,2.979625940322876,0.03,1.2291784286499023,-0.11591516435146332,0.3255874514579773,0.012507540173828602,0.046345409005880356,-0.11951640248298645,0.991671085357666,0,0,0,0,0,0,0,0,0,0,0,0,0,0
10.930172204971313,3.0,0.06376983225345612,0.026835709810256958,-0.0643816590309143,-0.03446704149246216,-2.2055821418762207,-10.669778823852539,-0.6153361797332764,2.979625940322876,0.03,1.2291784286499023,-0.11591516435146332,0.3255874514579773,0.012507540173828602,0.046345409005880356,-0.11951640248298645,0.991671085357666,0,0,0,0,0,0,0,0,0,0,0,0,0,0
10.932680368423462,3.0,0.06376983225345612,0.026835709810256958,-0.0643816590309143,-0.03446704149246216,-2.2055821418762207,-10.669778823852539,-0.6153361797332764,2.979625940322876,0.03,1.2291784286499023,-0.11591516435146332,0.3255874514579773,0.012507540173828602,0.046345409005880356,-0.11951640248298645,0.991671085357666,0,0,0,0,0,0,0,0,0,0,0,0,0,0
10.933774709701538,3.0,0.06376983225345612,0.026835709810256958,-0.0643816590309143,-0.03446704149246216,-2.2055821418762207,-10.669778823852539,-0.6153361797332764,2.979625940322876,0.03,1.2291784286499023,-0.11591516435146332,0.3255874514579773,0.012507540173828602,0.046345409005880356,-0.11951640248298645,0.991671085357666,0,0,0,0,0,0,0,0,0,0,0,0,0,0
10.934879064559937,3.0,0.06376983225345612,0.026835709810256958,-0.0643816590309143,-0.03446704149246216,-2.2055821418762207,-10.669778823852539,-0.6153361797332764,2.979625940322876,0.03,1.2291784286499023,-0.11591516435146332,0.3255874514579773,0.012507540173828602,0.046345409005880356,-0.11951640248298645,0.991671085357666,0,0,0,0,0,0,0,0,0,0,0,0,0,0
10.936423063278198,3.0,0.06376983225345612,0.026835709810256958,-0.0643816590309143,-0.03446704149246216,-2.2055821418762207,-10.669778823852539,-0.6153361797332764,2.979625940322876,0.03,1.2299556732177734,-0.11628855019807816,0.32423099875450134,0.011194401420652866,0.05401316657662392,-0.1288667768239975,0.9901266694068909,0,0,0,0,0,0,0,0,0,0,0,0,0,0
10.937516927719116,3.0,0.06376983225345612,0.026835709810256958,-0.0643816590309143,-0.03446704149246216,-2.2055821418762207,-10.669778823852539,-0.6153361797332764,2.979625940322876,0.03,1.2299556732177734,-0.11628855019807816,0.32423099875450134,0.011194401420652866,0.05401316657662392,-0.1288667768239975,0.9901266694068909,0,0,0,0,0,0,0,0,0,0,0,0,0,0
10.938635349273682,3.0,0.06376983225345612,0.026835709810256958,-0.0643816590309143,-0.03446704149246216,-2.2055821418762207,-10.669778823852539,-0.6153361797332764,2.979625940322876,0.03,1.2299556732177734,-0.11628855019807816,0.32423099875450134,0.011194401420652866,0.05401316657662392,-0.1288667768239975,0.9901266694068909,0,0,0,0,0,0,0,0,0,0,0,0,0,0
10.939818620681763,3.0,0.06376983225345612,0.026835709810256958,-0.0643816590309143,-0.03446704149246216,-2.2055821418762207,-10.669778823852539,-0.6153361797332764,2.979625940322876,0.03,1.2299556732177734,-0.11628855019807816,0.32423099875450134,0.011194401420652866,0.05401316657662392,-0.1288667768239975,0.9901266694068909,0,0,0,0,0,0,0,0,0,0,0,0,0,0
10.9409658908844,3.0,0.06376983225345612,0.026835709810256958,-0.0643816590309143,-0.03446704149246216,-2.2055821418762207,-10.669778823852539,-0.6153361797332764,2.979625940322876,0.03,1.2299556732177734,-0.11628855019807816,0.32423099875450134,0.011194401420652866,0.05401316657662392,-0.1288667768239975,0.9901266694068909,0,0,0,0,0,0,0,0,0,0,0,0,0,0
10.94206190109253,3.0,0.06376983225345612,0.026835709810256958,-0.0643816590309143,-0.03446704149246216,-2.2055821418762207,-10.669778823852539,-0.6153361797332764,2.979625940322876,0.03,1.2299556732177734,-0.11628855019807816,0.32423099875450134,0.011194401420652866,0.05401316657662392,-0.1288667768239975,0.9901266694068909,0,0,0,0,0,0,0,0,0,0,0,0,0,0
10.943223237991333,3.0,0.06376983225345612,0.026835709810256958,-0.0643816590309143,-0.03446704149246216,-2.2055821418762207,-10.669778823852539,-0.6153361797332764,2.979625940322876,0.03,1.2299556732177734,-0.11628855019807816,0.32423099875450134,0.011194401420652866,0.05401316657662392,-0.1288667768239975,0.9901266694068909,0,0,0,0,0,0,0,0,0,0,0,0,0,0
10.944393396377563,3.0,0.06376983225345612,0.026835709810256958,-0.0643816590309143,-0.03446704149246216,-2.2055821418762207,-10.669778823852539,-0.6153361797332764,2.979625940322876,0.03,1.2299556732177734,-0.11628855019807816,0.32423099875450134,0.011194401420652866,0.05401316657662392,-0.1288667768239975,0.9901266694068909,0,0,0,0,0,0,0,0,0,0,0,0,0,0
10.945567607879639,3.0,0.06376983225345612,0.026835709810256958,-0.0643816590309143,-0.03446704149246216,-2.2055821418762207,-10.669778823852539,-0.6153361797332764,2.979625940322876,0.03,1.2299556732177734,-0.11628855019807816,0.32423099875450134,0.011194401420652866,0.05401316657662392,-0.1288667768239975,0.9901266694068909,0,0,0,0,0,0,0,0,0,0,0,0,0,0
10.946657419204712,3.0,0.06376983225345612,0.026835709810256958,-0.0643816590309143,-0.03446704149246216,-2.2055821418762207,-10.669778823852539,-0.6153361797332764,2.979625940322876,0.03,1.2299556732177734,-0.11628855019807816,0.32423099875450134,0.011194401420652866,0.05401316657662392,-0.1288667768239975,0.9901266694068909,0,0,0,0,0,0,0,0,0,0,0,0,0,0
10.947833776473999,3.0,0.06376983225345612,0.026835709810256958,-0.0643816590309143,-0.03446704149246216,-2.2055821418762207,-10.669778823852539,-0.6153361797332764,2.979625940322876,0.03,1.2299556732177734,-0.11628855019807816,0.32423099875450134,0.011194401420652866,0.05401316657662392,-0.1288667768239975,0.9901266694068909,0,0,0,0,0,0,0,0,0,0,0,0,0,0
10.950504779815674,3.0,0.06376983225345612,0.026835709810256958,-0.0643816590309143,-0.03446704149246216,-2.2055821418762207,-10.669778823852539,-0.6153361797332764,2.979625940322876,0.03,1.2299556732177734,-0.11628855019807816,0.32423099875450134,0.011194401420652866,0.05401316657662392,-0.1288667768239975,0.9901266694068909,0,0,0,0,0,0,0,0,0,0,0,0,0,0
10.953951835632324,3.0,0.06376983225345612,0.026835709810256958,-0.0643816590309143,-0.03446704149246216,-2.2055821418762207,-10.669778823852539,-0.6153361797332764,2.979625940322876,0.03,1.2303482294082642,-0.11654160916805267,0.32377889752388,0.015778500586748123,0.05775563046336174,-0.10679702460765839,0.9924765825271606,0,0,0,0,0,0,0,0,0,0,0,0,0,0
10.955169677734375,3.0,0.06376983225345612,0.026835709810256958,-0.0643816590309143,-0.03446704149246216,-2.2055821418762207,-10.669778823852539,-0.6153361797332764,2.979625940322876,0.03,1.2306431531906128,-0.11682692915201187,0.32341182231903076,0.019943784922361374,0.061536580324172974,-0.09987958520650864,0.9928945302963257,0,0,0,0,0,0,0,0,0,0,0,0,0,0
10.956663846969604,3.0,0.06376983225345612,0.026835709810256958,-0.0643816590309143,-0.03446704149246216,-2.2055821418762207,-10.669778823852539,-0.6153361797332764,2.979625940322876,0.03,1.2306431531906128,-0.11682692915201187,0.32341182231903076,0.019943784922361374,0.061536580324172974,-0.09987958520650864,0.9928945302963257,0,0,0,0,0,0,0,0,0,0,0,0,0,0
10.957885026931763,3.0,0.06376983225345612,0.026835709810256958,-0.0643816590309143,-0.03446704149246216,-2.2055821418762207,-10.669778823852539,-0.6153361797332764,2.979625940322876,0.03,1.230649471282959,-0.11662690341472626,0.32283467054367065,0.021303348243236542,0.06531418114900589,-0.09762399643659592,0.9928492903709412,0,0,0,0,0,0,0,0,0,0,0,0,0,0
10.959948539733887,3.0,0.06376983225345612,0.026835709810256958,-0.0643816590309143,-0.03446704149246216,-2.2055821418762207,-10.669778823852539,-0.6153361797332764,2.979625940322876,0.03,1.230649471282959,-0.11662690341472626,0.32283467054367065,0.021303348243236542,0.06531418114900589,-0.09762399643659592,0.9928492903709412,0,0,0,0,0,0,0,0,0,0,0,0,0,0
10.961512088775635,3.0,0.06376983225345612,0.026835709810256958,-0.0643816590309143,-0.03446704149246216,-2.2055821418762207,-10.669778823852539,-0.6153361797332764,2.979625940322876,0.03,1.230649471282959,-0.11662690341472626,0.32283467054367065,0.021303348243236542,0.06531418114900589,-0.09762399643659592,0.9928492903709412,0,0,0,0,0,0,0,0,0,0,0,0,0,0
10.96291446685791,3.0,0.06376983225345612,0.026835709810256958,-0.0643816590309143,-0.03446704149246216,-2.2055821418762207,-10.669778823852539,-0.6153361797332764,2.979625940322876,0.03,1.230649471282959,-0.11662690341472626,0.32283467054367065,0.021303348243236542,0.06531418114900589,-0.09762399643659592,0.9928492903709412,0,0,0,0,0,0,0,0,0,0,0,0,0,0
10.96400761604309,3.0,0.06376983225345612,0.026835709810256958,-0.0643816590309143,-0.03446704149246216,-2.2055821418762207,-10.669778823852539,-0.6153361797332764,2.979625940322876,0.03,1.230649471282959,-0.11662690341472626,0.32283467054367065,0.021303348243236542,0.06531418114900589,-0.09762399643659592,0.9928492903709412,0,0,0,0,0,0,0,0,0,0,0,0,0,0
10.96524429321289,3.0,0.06376983225345612,0.026835709810256958,-0.0643816590309143,-0.03446704149246216,-2.2055821418762207,-10.669778823852539,-0.6153361797332764,2.979625940322876,0.03,1.230649471282959,-0.11662690341472626,0.32283467054367065,0.021303348243236542,0.06531418114900589,-0.09762399643659592,0.9928492903709412,0,0,0,0,0,0,0,0,0,0,0,0,0,0
10.96677279472351,3.0,0.06376983225345612,0.026835709810256958,-0.0643816590309143,-0.03446704149246216,-2.2055821418762207,-10.669778823852539,-0.6153361797332764,2.979625940322876,0.03,1.2307307720184326,-0.11667314916849136,0.32215797901153564,0.021300043910741806,0.07027064263820648,-0.10080104321241379,0.992193341255188,0,0,0,0,0,0,0,0,0,0,0,0,0,0
10.96786904335022,3.0,0.06376983225345612,0.026835709810256958,-0.0643816590309143,-0.03446704149246216,-2.2055821418762207,-10.669778823852539,-0.6153361797332764,2.979625940322876,0.03,1.2307307720184326,-0.11667314916849136,0.32215797901153564,0.021300043910741806,0.07027064263820648,-0.10080104321241379,0.992193341255188,0,0,0,0,0,0,0,0,0,0,0,0,0,0
10.96893048286438,3.0,0.06376983225345612,0.026835709810256958,-0.0643816590309143,-0.03446704149246216,-2.2055821418762207,-10.669778823852539,-0.6153361797332764,2.979625940322876,0.03,1.2307307720184326,-0.11667314916849136,0.32215797901153564,0.021300043910741806,0.07027064263820648,-0.10080104321241379,0.992193341255188,0,0,0,0,0,0,0,0,0,0,0,0,0,0
10.97001314163208,3.0,0.06376983225345612,0.026835709810256958,-0.0643816590309143,-0.03446704149246216,-2.2055821418762207,-10.669778823852539,-0.6153361797332764,2.979625940322876,0.03,1.2307307720184326,-0.11667314916849136,0.32215797901153564,0.021300043910741806,0.07027064263820648,-0.10080104321241379,0.992193341255188,0,0,0,0,0,0,0,0,0,0,0,0,0,0
10.971274852752686,3.0,0.06376983225345612,0.026835709810256958,-0.0643816590309143,-0.03446704149246216,-2.2055821418762207,-10.669778823852539,-0.6153361797332764,2.979625940322876,0.03,1.2307307720184326,-0.11667314916849136,0.32215797901153564,0.021300043910741806,0.07027064263820648,-0.10080104321241379,0.992193341255188,0,0,0,0,0,0,0,0,0,0,0,0,0,0
10.972362279891968,3.0,0.06376983225345612,0.026835709810256958,-0.0643816590309143,-0.03446704149246216,-2.2055821418762207,-10.669778823852539,-0.6153361797332764,2.979625940322876,0.03,1.2307307720184326,-0.11667314916849136,0.32215797901153564,0.021300043910741806,0.07027064263820648,-0.10080104321241379,0.992193341255188,0,0,0,0,0,0,0,0,0,0,0,0,0,0
10.973822116851807,3.0,0.06376983225345612,0.026835709810256958,-0.0643816590309143,-0.03446704149246216,-2.2055821418762207,-10.669778823852539,-0.6153361797332764,2.979625940322876,0.03,1.2307307720184326,-0.11667314916849136,0.32215797901153564,0.021300043910741806,0.07027064263820648,-0.10080104321241379,0.992193341255188,0,0,0,0,0,0,0,0,0,0,0,0,0,0
10.975011110305786,3.0,0.06376983225345612,0.026835709810256958,-0.0643816590309143,-0.03446704149246216,-2.2055821418762207,-10.669778823852539,-0.6153361797332764,2.979625940322876,0.03,1.2307307720184326,-0.11667314916849136,0.32215797901153564,0.021300043910741806,0.07027064263820648,-0.10080104321241379,0.992193341255188,0,0,0,0,0,0,0,0,0,0,0,0,0,0
10.976402282714844,3.0,0.06376983225345612,0.026835709810256958,-0.0643816590309143,-0.03446704149246216,-2.2055821418762207,-10.669778823852539,-0.6153361797332764,2.979625940322876,0.03,1.2307307720184326,-0.11667314916849136,0.32215797901153564,0.021300043910741806,0.07027064263820648,-0.10080104321241379,0.992193341255188,0,0,0,0,0,0,0,0,0,0,0,0,0,0
10.977896451950073,3.0,0.06376983225345612,0.026835709810256958,-0.0643816590309143,-0.03446704149246216,-2.2055821418762207,-10.669778823852539,-0.6153361797332764,2.979625940322876,0.03,1.2307307720184326,-0.11667314916849136,0.32215797901153564,0.021300043910741806,0.07027064263820648,-0.10080104321241379,0.992193341255188,0,0,0,0,0,0,0,0,0,0,0,0,0,0
10.979236602783203,3.0,0.06376983225345612,0.026835709810256958,-0.0643816590309143,-0.03446704149246216,-2.2055821418762207,-10.669778823852539,-0.6153361797332764,2.979625940322876,0.03,1.2307307720184326,-0.11667314916849136,0.32215797901153564,0.021300043910741806,0.07027064263820648,-0.10080104321241379,0.992193341255188,0,0,0,0,0,0,0,0,0,0,0,0,0,0
10.980346441268921,3.0,0.06376983225345612,0.026835709810256958,-0.0643816590309143,-0.03446704149246216,-2.2055821418762207,-10.669778823852539,-0.6153361797332764,2.979625940322876,0.03,1.2307307720184326,-0.11667314916849136,0.32215797901153564,0.021300043910741806,0.07027064263820648,-0.10080104321241379,0.992193341255188,0,0,0,0,0,0,0,0,0,0,0,0,0,0
10.981537818908691,3.0,0.06376983225345612,0.026835709810256958,-0.0643816590309143,-0.03446704149246216,-2.2055821418762207,-10.669778823852539,-0.6153361797332764,2.979625940322876,0.03,1.2307307720184326,-0.11667314916849136,0.32215797901153564,0.021300043910741806,0.07027064263820648,-0.10080104321241379,0.992193341255188,0,0,0,0,0,0,0,0,0,0,0,0,0,0
10.982757806777954,3.0,0.06376983225345612,0.026835709810256958,-0.0643816590309143,-0.03446704149246216,-2.2055821418762207,-10.669778823852539,-0.6153361797332764,2.979625940322876,0.03,1.2307307720184326,-0.11667314916849136,0.32215797901153564,0.021300043910741806,0.07027064263820648,-0.10080104321241379,0.992193341255188,0,0,0,0,0,0,0,0,0,0,0,0,0,0
10.9838707447052,3.0,0.06376983225345612,0.026835709810256958,-0.0643816590309143,-0.03446704149246216,-2.2055821418762207,-10.669778823852539,-0.6153361797332764,2.979625940322876,0.03,1.2307307720184326,-0.11667314916849136,0.32215797901153564,0.021300043910741806,0.07027064263820648,-0.10080104321241379,0.992193341255188,0,0,0,0,0,0,0,0,0,0,0,0,0,0
10.985053777694702,3.0,0.06376983225345612,0.026835709810256958,-0.0643816590309143,-0.03446704149246216,-2.2055821418762207,-10.669778823852539,-0.6153361797332764,2.979625940322876,0.03,1.2307307720184326,-0.11667314916849136,0.32215797901153564,0.021300043910741806,0.07027064263820648,-0.10080104321241379,0.992193341255188,0,0,0,0,0,0,0,0,0,0,0,0,0,0
10.986271858215332,3.0,0.06376983225345612,0.026835709810256958,-0.0643816590309143,-0.03446704149246216,-2.2055821418762207,-10.669778823852539,-0.6153361797332764,2.979625940322876,0.03,1.2307307720184326,-0.11667314916849136,0.32215797901153564,0.021300043910741806,0.07027064263820648,-0.10080104321241379,0.992193341255188,0,0,0,0,0,0,0,0,0,0,0,0,0,0
10.987730979919434,3.0,0.06376983225345612,0.026835709810256958,-0.0643816590309143,-0.03446704149246216,-2.2055821418762207,-10.669778823852539,-0.6153361797332764,2.979625940322876,0.03,1.2307307720184326,-0.11667314916849136,0.32215797901153564,0.021300043910741806,0.07027064263820648,-0.10080104321241379,0.992193341255188,0,0,0,0,0,0,0,0,0,0,0,0,0,0
10.988878965377808,3.0,0.06376983225345612,0.026835709810256958,-0.0643816590309143,-0.03446704149246216,-2.2055821418762207,-10.669778823852539,-0.6153361797332764,2.979625940322876,0.03,1.2307307720184326,-0.11667314916849136,0.32215797901153564,0.021300043910741806,0.07027064263820648,-0.10080104321241379,0.992193341255188,0,0,0,0,0,0,0,0,0,0,0,0,0,0
10.991111755371094,3.0,0.06454817205667496,0.04600889980792999,-0.06692534685134888,-0.05275207757949829,-4.939506530761719,-13.25013256072998,-1.749128818511963,6.10019063949585,0.03,1.2307307720184326,-0.11667314916849136,0.32215797901153564,0.021300043910741806,0.07027064263820648,-0.10080104321241379,0.992193341255188,0,0,0,0,0,0,0,0,0,0,0,0,0,0
10.992456674575806,3.0,0.06496082246303558,0.05007500946521759,-0.06753504276275635,-0.05631619691848755,-5.4622721672058105,-13.253986358642578,-2.119791030883789,6.611896991729736,0.03,1.2307307720184326,-0.11667314916849136,0.32215797901153564,0.021300043910741806,0.07027064263820648,-0.10080104321241379,0.992193341255188,0,0,0,0,0,0,0,0,0,0,0,0,0,0
10.993534803390503,4.0,0.06733021140098572,0.06792016327381134,-0.07028636336326599,-0.07304501533508301,-3.0043721199035645,-14.73953914642334,0.41355016827583313,8.906865119934082,0.03,1.2307307720184326,-0.11667314916849136,0.32215797901153564,0.021300043910741806,0.07027064263820648,-0.10080104321241379,0.992193341255188,0,0,0,0,0,0,0,0,0,0,0,0,0,0
10.995173215866089,4.0,0.0638270452618599,0.07008787989616394,-0.06546777486801147,-0.07477903366088867,0.8869805932044983,-13.211853981018066,3.6736161708831787,7.7170939445495605,0.03,1.2307307720184326,-0.11667314916849136,0.32215797901153564,0.021300043910741806,0.07027064263820648,-0.10080104321241379,0.992193341255188,0,0,0,0,0,0,0,0,0,0,0,0,0,0
10.998093605041504,4.0,0.0638270452618599,0.07008787989616394,-0.06546777486801147,-0.07477903366088867,0.8869805932044983,-13.211853981018066,3.6736161708831787,7.7170939445495605,0.03,1.2307307720184326,-0.11667314916849136,0.32215797901153564,0.021300043910741806,0.07027064263820648,-0.10080104321241379,0.992193341255188,0,0,0,0,0,0,0,0,0,0,0,0,0,0
10.999472856521606,4.0,0.0638270452618599,0.07008787989616394,-0.06546777486801147,-0.07477903366088867,0.8869805932044983,-13.211853981018066,3.6736161708831787,7.7170939445495605,0.03,1.2307307720184326,-0.11667314916849136,0.32215797901153564,0.021300043910741806,0.07027064263820648,-0.10080104321241379,0.992193341255188,0,0,0,0,0,0,0,0,0,0,0,0,0,0
11.000969648361206,4.0,0.0638270452618599,0.07008787989616394,-0.06546777486801147,-0.07477903366088867,0.8869805932044983,-13.211853981018066,3.6736161708831787,7.7170939445495605,0.03,1.2307307720184326,-0.11667314916849136,0.32215797901153564,0.021300043910741806,0.07027064263820648,-0.10080104321241379,0.992193341255188,0,0,0,0,0,0,0,0,0,0,0,0,0,0
11.002331972122192,4.0,0.0638270452618599,0.07008787989616394,-0.06546777486801147,-0.07477903366088867,0.8869805932044983,-13.211853981018066,3.6736161708831787,7.7170939445495605,0.03,1.2307307720184326,-0.11667314916849136,0.32215797901153564,0.021300043910741806,0.07027064263820648,-0.10080104321241379,0.992193341255188,0,0,0,0,0,0,0,0,0,0,0,0,0,0
11.003477811813354,4.0,0.0638270452618599,0.07008787989616394,-0.06546777486801147,-0.07477903366088867,0.8869805932044983,-13.211853981018066,3.6736161708831787,7.7170939445495605,0.03,1.2307307720184326,-0.11667314916849136,0.32215797901153564,0.021300043910741806,0.07027064263820648,-0.10080104321241379,0.992193341255188,0,0,0,0,0,0,0,0,0,0,0,0,0,0
11.00507664680481,4.0,0.0638270452618599,0.07008787989616394,-0.06546777486801147,-0.07477903366088867,0.8869805932044983,-13.211853981018066,3.6736161708831787,7.7170939445495605,0.03,1.2307307720184326,-0.11667314916849136,0.32215797901153564,0.021300043910741806,0.07027064263820648,-0.10080104321241379,0.992193341255188,0,0,0,0,0,0,0,0,0,0,0,0,0,0
11.006495237350464,4.0,0.0638270452618599,0.07008787989616394,-0.06546777486801147,-0.07477903366088867,0.8869805932044983,-13.211853981018066,3.6736161708831787,7.7170939445495605,0.03,1.2307307720184326,-0.11667314916849136,0.32215797901153564,0.021300043910741806,0.07027064263820648,-0.10080104321241379,0.992193341255188,0,0,0,0,0,0,0,0,0,0,0,0,0,0
11.007736444473267,4.0,0.0638270452618599,0.07008787989616394,-0.06546777486801147,-0.07477903366088867,0.8869805932044983,-13.211853981018066,3.6736161708831787,7.7170939445495605,0.03,1.2307307720184326,-0.11667314916849136,0.32215797901153564,0.021300043910741806,0.07027064263820648,-0.10080104321241379,0.992193341255188,0,0,0,0,0,0,0,0,0,0,0,0,0,0
11.008939743041992,4.0,0.0638270452618599,0.07008787989616394,-0.06546777486801147,-0.07477903366088867,0.8869805932044983,-13.211853981018066,3.6736161708831787,7.7170939445495605,0.03,1.2307307720184326,-0.11667314916849136,0.32215797901153564,0.021300043910741806,0.07027064263820648,-0.10080104321241379,0.992193341255188,0,0,0,0,0,0,0,0,0,0,0,0,0,0
11.010345220565796,4.0,0.0638270452618599,0.07008787989616394,-0.06546777486801147,-0.07477903366088867,0.8869805932044983,-13.211853981018066,3.6736161708831787,7.7170939445495605,0.03,1.2307307720184326,-0.11667314916849136,0.32215797901153564,0.021300043910741806,0.07027064263820648,-0.10080104321241379,0.992193341255188,0,0,0,0,0,0,0,0,0,0,0,0,0,0
11.01144003868103,4.0,0.0638270452618599,0.07008787989616394,-0.06546777486801147,-0.07477903366088867,0.8869805932044983,-13.211853981018066,3.6736161708831787,7.7170939445495605,0.03,1.2307307720184326,-0.11667314916849136,0.32215797901153564,0.021300043910741806,0.07027064263820648,-0.10080104321241379,0.992193341255188,0,0,0,0,0,0,0,0,0,0,0,0,0,0
11.012513637542725,4.0,0.0638270452618599,0.07008787989616394,-0.06546777486801147,-0.07477903366088867,0.8869805932044983,-13.211853981018066,3.6736161708831787,7.7170939445495605,0.03,1.2307307720184326,-0.11667314916849136,0.32215797901153564,0.021300043910741806,0.07027064263820648,-0.10080104321241379,0.992193341255188,0,0,0,0,0,0,0,0,0,0,0,0,0,0
11.013698101043701,4.0,0.0638270452618599,0.07008787989616394,-0.06546777486801147,-0.07477903366088867,0.8869805932044983,-13.211853981018066,3.6736161708831787,7.7170939445495605,0.03,1.2307307720184326,-0.11667314916849136,0.32215797901153564,0.021300043910741806,0.07027064263820648,-0.10080104321241379,0.992193341255188,0,0,0,0,0,0,0,0,0,0,0,0,0,0
11.01540231704712,1.0,0.008356034755706787,0.08490267395973206,-0.004016399383544922,-0.08583450317382812,2.3375120162963867,-1.3644031286239624,-0.46895715594291687,-1.039828896522522,0.03,1.2307307720184326,-0.11667314916849136,0.32215797901153564,0.021300043910741806,0.07027064263820648,-0.10080104321241379,0.992193341255188,0,0,0,0,0,0,0,0,0,0,0,0,0,0
11.016979932785034,1.0,0.000959932804107666,0.08484508097171783,0.002665579319000244,-0.08408617973327637,-0.4243578314781189,4.122537136077881,-2.35467529296875,-5.168239593505859,0.03,1.2307307720184326,-0.11667314916849136,0.32215797901153564,0.021300043910741806,0.07027064263820648,-0.10080104321241379,0.992193341255188,0,0,0,0,0,0,0,0,0,0,0,0,0,0
11.019818544387817,1.0,0.004008293151855469,0.06527642905712128,-0.002247333526611328,-0.061396777629852295,3.0966951847076416,5.994045734405518,2.224837064743042,-4.508234024047852,0.03,1.2307307720184326,-0.11667314916849136,0.32215797901153564,0.021300043910741806,0.07027064263820648,-0.10080104321241379,0.992193341255188,0,0,0,0,0,0,0,0,0,0,0,0,0,0
11.02106261253357,1.0,0.004067480564117432,0.056672945618629456,-0.0012981295585632324,-0.0527043342590332,3.023289918899536,5.746072292327881,1.3940441608428955,-4.166563510894775,0.03,1.2307307720184326,-0.11667314916849136,0.32215797901153564,0.021300043910741806,0.07027064263820648,-0.10080104321241379,0.992193341255188,0,0,0,0,0,0,0,0,0,0,0,0,0,0
11.022191524505615,1.0,0.003951013088226318,0.05460891127586365,-0.001129448413848877,-0.05057203769683838,2.94598126411438,5.126618385314941,1.3027594089508057,-3.446455955505371,0.03,1.2307307720184326,-0.11667314916849136,0.32215797901153564,0.021300043910741806,0.07027064263820648,-0.10080104321241379,0.992193341255188,0,0,0,0,0,0,0,0,0,0,0,0,0,0
11.023535251617432,1.0,0.003951013088226318,0.05460891127586365,-0.001129448413848877,-0.05057203769683838,2.94598126411438,5.126618385314941,1.3027594089508057,-3.446455955505371,0.03,1.2307307720184326,-0.11667314916849136,0.32215797901153564,0.021300043910741806,0.07027064263820648,-0.10080104321241379,0.992193341255188,0,0,0,0,0,0,0,0,0,0,0,0,0,0
11.024618148803711,1.0,0.003951013088226318,0.05460891127586365,-0.001129448413848877,-0.05057203769683838,2.94598126411438,5.126618385314941,1.3027594089508057,-3.446455955505371,0.03,1.2307307720184326,-0.11667314916849136,0.32215797901153564,0.021300043910741806,0.07027064263820648,-0.10080104321241379,0.992193341255188,0,0,0,0,0,0,0,0,0,0,0,0,0,0
11.025693893432617,1.0,0.003951013088226318,0.05460891127586365,-0.001129448413848877,-0.05057203769683838,2.94598126411438,5.126618385314941,1.3027594089508057,-3.446455955505371,0.03,1.2307307720184326,-0.11667314916849136,0.32215797901153564,0.021300043910741806,0.07027064263820648,-0.10080104321241379,0.992193341255188,0,0,0,0,0,0,0,0,0,0,0,0,0,0
11.026888132095337,1.0,0.003451824188232422,0.038677990436553955,-0.000742495059967041,-0.03130131959915161,2.6367313861846924,6.936990261077881,1.1561837196350098,-2.16143798828125,0.03,1.2307307720184326,-0.11667314916849136,0.32215797901153564,0.021300043910741806,0.07027064263820648,-0.10080104321241379,0.992193341255188,0,0,0,0,0,0,0,0,0,0,0,0,0,0
11.02803087234497,1.0,0.0033335089683532715,0.0316094309091568,-0.000505983829498291,-0.022799551486968994,2.5547287464141846,7.210888385772705,0.9096037745475769,-1.6404515504837036,0.03,1.2307003736495972,-0.11666914820671082,0.32171499729156494,0.022827528417110443,0.07567939162254333,-0.1117556095123291,0.9905868768692017,0,0,0,0,0,0,0,0,0,0,0,0,0,0
11.02920937538147,1.0,0.0032283663749694824,0.026974201202392578,-0.0003725886344909668,-0.018765389919281006,2.5041589736938477,6.644379615783691,0.820761501789093,-1.2497353553771973,0.03,1.230070948600769,-0.11604654788970947,0.31951844692230225,0.019240442663431168,0.09488116204738617,-0.1448695808649063,0.9847031235694885,0,0,0,0,0,0,0,0,0,0,0,0,0,0
11.03029990196228,1.0,0.0031709671020507812,0.024313226342201233,-0.00023180246353149414,-0.0158117413520813,2.524433135986328,7.3499627113342285,0.671145498752594,-1.3596800565719604,0.03,1.230070948600769,-0.11604654788970947,0.31951844692230225,0.019240442663431168,0.09488116204738617,-0.1448695808649063,0.9847031235694885,0,0,0,0,0,0,0,0,0,0,0,0,0,0
11.031376600265503,1.0,0.0031709671020507812,0.024313226342201233,-0.00023180246353149414,-0.0158117413520813,2.524433135986328,7.3499627113342285,0.671145498752594,-1.3596800565719604,0.03,1.230070948600769,-0.11604654788970947,0.31951844692230225,0.019240442663431168,0.09488116204738617,-0.1448695808649063,0.9847031235694885,0,0,0,0,0,0,0,0,0,0,0,0,0,0
11.032447338104248,1.0,0.0031709671020507812,0.024313226342201233,-0.00023180246353149414,-0.0158117413520813,2.524433135986328,7.3499627113342285,0.671145498752594,-1.3596800565719604,0.03,1.230070948600769,-0.11604654788970947,0.31951844692230225,0.019240442663431168,0.09488116204738617,-0.1448695808649063,0.9847031235694885,0,0,0,0,0,0,0,0,0,0,0,0,0,0
11.03356146812439,1.0,0.0031709671020507812,0.024313226342201233,-0.00023180246353149414,-0.0158117413520813,2.524433135986328,7.3499627113342285,0.671145498752594,-1.3596800565719604,0.03,1.2298895120620728,-0.11593479663133621,0.3192519247531891,0.023053402081131935,0.10085833072662354,-0.13856561481952667,0.984934389591217,0,0,0,0,0,0,0,0,0,0,0,0,0,0
11.034773826599121,1.0,0.0031709671020507812,0.024313226342201233,-0.00023180246353149414,-0.0158117413520813,2.524433135986328,7.3499627113342285,0.671145498752594,-1.3596800565719604,0.03,1.2298895120620728,-0.11593479663133621,0.3192519247531891,0.023053402081131935,0.10085833072662354,-0.13856561481952667,0.984934389591217,0,0,0,0,0,0,0,0,0,0,0,0,0,0
11.03604769706726,1.0,0.0031709671020507812,0.024313226342201233,-0.00023180246353149414,-0.0158117413520813,2.524433135986328,7.3499627113342285,0.671145498752594,-1.3596800565719604,0.03,1.2298895120620728,-0.11593479663133621,0.3192519247531891,0.023053402081131935,0.10085833072662354,-0.13856561481952667,0.984934389591217,0,0,0,0,0,0,0,0,0,0,0,0,0,0
11.037127256393433,1.0,0.0031709671020507812,0.024313226342201233,-0.00023180246353149414,-0.0158117413520813,2.524433135986328,7.3499627113342285,0.671145498752594,-1.3596800565719604,0.03,1.2298895120620728,-0.11593479663133621,0.3192519247531891,0.023053402081131935,0.10085833072662354,-0.13856561481952667,0.984934389591217,0,0,0,0,0,0,0,0,0,0,0,0,0,0
11.038317203521729,1.0,0.0031709671020507812,0.024313226342201233,-0.00023180246353149414,-0.0158117413520813,2.524433135986328,7.3499627113342285,0.671145498752594,-1.3596800565719604,0.03,1.2298895120620728,-0.11593479663133621,0.3192519247531891,0.023053402081131935,0.10085833072662354,-0.13856561481952667,0.984934389591217,0,0,0,0,0,0,0,0,0,0,0,0,0,0
11.039866209030151,1.0,0.0031709671020507812,0.024313226342201233,-0.00023180246353149414,-0.0158117413520813,2.524433135986328,7.3499627113342285,0.671145498752594,-1.3596800565719604,0.03,1.2298895120620728,-0.11593479663133621,0.3192519247531891,0.023053402081131935,0.10085833072662354,-0.13856561481952667,0.984934389591217,0,0,0,0,0,0,0,0,0,0,0,0,0,0
11.04171872138977,1.0,0.0031709671020507812,0.024313226342201233,-0.00023180246353149414,-0.0158117413520813,2.524433135986328,7.3499627113342285,0.671145498752594,-1.3596800565719604,0.03,1.2298895120620728,-0.11593479663133621,0.3192519247531891,0.023053402081131935,0.10085833072662354,-0.13856561481952667,0.984934389591217,0,0,0,0,0,0,0,0,0,0,0,0,0,0
11.043053388595581,1.0,0.0031709671020507812,0.024313226342201233,-0.00023180246353149414,-0.0158117413520813,2.524433135986328,7.3499627113342285,0.671145498752594,-1.3596800565719604,0.03,1.2298895120620728,-0.11593479663133621,0.3192519247531891,0.023053402081131935,0.10085833072662354,-0.13856561481952667,0.984934389591217,0,0,0,0,0,0,0,0,0,0,0,0,0,0
11.044319868087769,1.0,0.0031709671020507812,0.024313226342201233,-0.00023180246353149414,-0.0158117413520813,2.524433135986328,7.3499627113342285,0.671145498752594,-1.3596800565719604,0.03,1.2298895120620728,-0.11593479663133621,0.3192519247531891,0.023053402081131935,0.10085833072662354,-0.13856561481952667,0.984934389591217,0,0,0,0,0,0,0,0,0,0,0,0,0,0
11.046090841293335,1.0,0.0031709671020507812,0.024313226342201233,-0.00023180246353149414,-0.0158117413520813,2.524433135986328,7.3499627113342285,0.671145498752594,-1.3596800565719604,0.03,1.2298895120620728,-0.11593479663133621,0.3192519247531891,0.023053402081131935,0.10085833072662354,-0.13856561481952667,0.984934389591217,0,0,0,0,0,0,0,0,0,0,0,0,0,0
11.048409223556519,1.0,0.0031709671020507812,0.024313226342201233,-0.00023180246353149414,-0.0158117413520813,2.524433135986328,7.3499627113342285,0.671145498752594,-1.3596800565719604,0.03,1.2296545505523682,-0.1157175749540329,0.3187914192676544,0.024264439940452576,0.10555077344179153,-0.1292823851108551,0.9856756329536438,0,0,0,0,0,0,0,0,0,0,0,0,0,0
11.049628496170044,1.0,0.0031709671020507812,0.024313226342201233,-0.00023180246353149414,-0.0158117413520813,2.524433135986328,7.3499627113342285,0.671145498752594,-1.3596800565719604,0.03,1.2296545505523682,-0.1157175749540329,0.3187914192676544,0.024264439940452576,0.10555077344179153,-0.1292823851108551,0.9856756329536438,0,0,0,0,0,0,0,0,0,0,0,0,0,0
11.051027774810791,1.0,0.0031709671020507812,0.024313226342201233,-0.00023180246353149414,-0.0158117413520813,2.524433135986328,7.3499627113342285,0.671145498752594,-1.3596800565719604,0.03,1.2296545505523682,-0.1157175749540329,0.3187914192676544,0.024264439940452576,0.10555077344179153,-0.1292823851108551,0.9856756329536438,0,0,0,0,0,0,0,0,0,0,0,0,0,0
11.05234146118164,1.0,0.0031709671020507812,0.024313226342201233,-0.00023180246353149414,-0.0158117413520813,2.524433135986328,7.3499627113342285,0.671145498752594,-1.3596800565719604,0.03,1.2296545505523682,-0.1157175749540329,0.3187914192676544,0.024264439940452576,0.10555077344179153,-0.1292823851108551,0.9856756329536438,0,0,0,0,0,0,0,0,0,0,0,0,0,0
11.053715467453003,1.0,0.0031709671020507812,0.024313226342201233,-0.00023180246353149414,-0.0158117413520813,2.524433135986328,7.3499627113342285,0.671145498752594,-1.3596800565719604,0.03,1.2296545505523682,-0.1157175749540329,0.3187914192676544,0.024264439940452576,0.10555077344179153,-0.1292823851108551,0.9856756329536438,0,0,0,0,0,0,0,0,0,0,0,0,0,0
11.055001735687256,1.0,0.0031709671020507812,0.024313226342201233,-0.00023180246353149414,-0.0158117413520813,2.524433135986328,7.3499627113342285,0.671145498752594,-1.3596800565719604,0.03,1.2296545505523682,-0.1157175749540329,0.3187914192676544,0.024264439940452576,0.10555077344179153,-0.1292823851108551,0.9856756329536438,0,0,0,0,0,0,0,0,0,0,0,0,0,0
11.056269884109497,1.0,0.0031709671020507812,0.024313226342201233,-0.00023180246353149414,-0.0158117413520813,2.524433135986328,7.3499627113342285,0.671145498752594,-1.3596800565719604,0.03,1.2296545505523682,-0.1157175749540329,0.3187914192676544,0.024264439940452576,0.10555077344179153,-0.1292823851108551,0.9856756329536438,0,0,0,0,0,0,0,0,0,0,0,0,0,0
11.057859420776367,1.0,0.0031709671020507812,0.024313226342201233,-0.00023180246353149414,-0.0158117413520813,2.524433135986328,7.3499627113342285,0.671145498752594,-1.3596800565719604,0.03,1.2296545505523682,-0.1157175749540329,0.3187914192676544,0.024264439940452576,0.10555077344179153,-0.1292823851108551,0.9856756329536438,0,0,0,0,0,0,0,0,0,0,0,0,0,0
11.058952808380127,1.0,0.0031709671020507812,0.024313226342201233,-0.00023180246353149414,-0.0158117413520813,2.524433135986328,7.3499627113342285,0.671145498752594,-1.3596800565719604,0.03,1.2296545505523682,-0.1157175749540329,0.3187914192676544,0.024264439940452576,0.10555077344179153,-0.1292823851108551,0.9856756329536438,0,0,0,0,0,0,0,0,0,0,0,0,0,0
11.060025691986084,1.0,0.0031709671020507812,0.024313226342201233,-0.00023180246353149414,-0.0158117413520813,2.524433135986328,7.3499627113342285,0.671145498752594,-1.3596800565719604,0.03,1.2296545505523682,-0.1157175749540329,0.3187914192676544,0.024264439940452576,0.10555077344179153,-0.1292823851108551,0.9856756329536438,0,0,0,0,0,0,0,0,0,0,0,0,0,0
11.062106132507324,1.0,0.0031709671020507812,0.024313226342201233,-0.00023180246353149414,-0.0158117413520813,2.524433135986328,7.3499627113342285,0.671145498752594,-1.3596800565719604,0.03,1.2296545505523682,-0.1157175749540329,0.3187914192676544,0.024264439940452576,0.10555077344179153,-0.1292823851108551,0.9856756329536438,0,0,0,0,0,0,0,0,0,0,0,0,0,0
11.063179731369019,1.0,0.0031709671020507812,0.024313226342201233,-0.00023180246353149414,-0.0158117413520813,2.524433135986328,7.3499627113342285,0.671145498752594,-1.3596800565719604,0.03,1.229539155960083,-0.11562900990247726,0.3184618353843689,0.029017062857747078,0.10907591134309769,-0.12160611152648926,0.986140251159668,0,0,0,0,0,0,0,0,0,0,0,0,0,0
11.06495976448059,1.0,0.0031709671020507812,0.024313226342201233,-0.00023180246353149414,-0.0158117413520813,2.524433135986328,7.3499627113342285,0.671145498752594,-1.3596800565719604,0.03,1.229539155960083,-0.11562900990247726,0.3184618353843689,0.029017062857747078,0.10907591134309769,-0.12160611152648926,0.986140251159668,0,0,0,0,0,0,0,0,0,0,0,0,0,0
11.066741704940796,1.0,0.0031709671020507812,0.024313226342201233,-0.00023180246353149414,-0.0158117413520813,2.524433135986328,7.3499627113342285,0.671145498752594,-1.3596800565719604,0.03,1.229539155960083,-0.11562900990247726,0.3184618353843689,0.029017062857747078,0.10907591134309769,-0.12160611152648926,0.986140251159668,0,0,0,0,0,0,0,0,0,0,0,0,0,0
11.06793475151062,1.0,0.0031709671020507812,0.024313226342201233,-0.00023180246353149414,-0.0158117413520813,2.524433135986328,7.3499627113342285,0.671145498752594,-1.3596800565719604,0.03,1.229539155960083,-0.11562900990247726,0.3184618353843689,0.029017062857747078,0.10907591134309769,-0.12160611152648926,0.986140251159668,0,0,0,0,0,0,0,0,0,0,0,0,0,0
11.069957494735718,1.0,0.0031709671020507812,0.024313226342201233,-0.00023180246353149414,-0.0158117413520813,2.524433135986328,7.3499627113342285,0.671145498752594,-1.3596800565719604,0.03,1.229539155960083,-0.11562900990247726,0.3184618353843689,0.029017062857747078,0.10907591134309769,-0.12160611152648926,0.986140251159668,0,0,0,0,0,0,0,0,0,0,0,0,0,0
11.071225643157959,1.0,0.0031709671020507812,0.024313226342201233,-0.00023180246353149414,-0.0158117413520813,2.524433135986328,7.3499627113342285,0.671145498752594,-1.3596800565719604,0.03,1.229539155960083,-0.11562900990247726,0.3184618353843689,0.029017062857747078,0.10907591134309769,-0.12160611152648926,0.986140251159668,0,0,0,0,0,0,0,0,0,0,0,0,0,0
11.072399616241455,1.0,0.0031709671020507812,0.024313226342201233,-0.00023180246353149414,-0.0158117413520813,2.524433135986328,7.3499627113342285,0.671145498752594,-1.3596800565719604,0.03,1.229539155960083,-0.11562900990247726,0.3184618353843689,0.029017062857747078,0.10907591134309769,-0.12160611152648926,0.986140251159668,0,0,0,0,0,0,0,0,0,0,0,0,0,0
11.074177980422974,1.0,0.0031709671020507812,0.024313226342201233,-0.00023180246353149414,-0.0158117413520813,2.524433135986328,7.3499627113342285,0.671145498752594,-1.3596800565719604,0.03,1.229539155960083,-0.11562900990247726,0.3184618353843689,0.029017062857747078,0.10907591134309769,-0.12160611152648926,0.986140251159668,0,0,0,0,0,0,0,0,0,0,0,0,0,0
11.076911926269531,1.0,0.0031709671020507812,0.024313226342201233,-0.00023180246353149414,-0.0158117413520813,2.524433135986328,7.3499627113342285,0.671145498752594,-1.3596800565719604,0.03,1.2295589447021484,-0.11550877243280411,0.31845757365226746,0.03013709746301174,0.10991810262203217,-0.11862253397703171,0.9863764643669128,0,0,0,0,0,0,0,0,0,0,0,0,0,0
11.078293323516846,1.0,0.0031709671020507812,0.024313226342201233,-0.00023180246353149414,-0.0158117413520813,2.524433135986328,7.3499627113342285,0.671145498752594,-1.3596800565719604,0.03,1.2295589447021484,-0.11550877243280411,0.31845757365226746,0.03013709746301174,0.10991810262203217,-0.11862253397703171,0.9863764643669128,0,0,0,0,0,0,0,0,0,0,0,0,0,0
11.080133199691772,1.0,0.0031709671020507812,0.024313226342201233,-0.00023180246353149414,-0.0158117413520813,2.524433135986328,7.3499627113342285,0.671145498752594,-1.3596800565719604,0.03,1.2295589447021484,-0.11550877243280411,0.31845757365226746,0.03013709746301174,0.10991810262203217,-0.11862253397703171,0.9863764643669128,0,0,0,0,0,0,0,0,0,0,0,0,0,0
11.081779479980469,1.0,0.0031709671020507812,0.024313226342201233,-0.00023180246353149414,-0.0158117413520813,2.524433135986328,7.3499627113342285,0.671145498752594,-1.3596800565719604,0.03,1.2295589447021484,-0.11550877243280411,0.31845757365226746,0.03013709746301174,0.10991810262203217,-0.11862253397703171,0.9863764643669128,0,0,0,0,0,0,0,0,0,0,0,0,0,0
11.08287525177002,1.0,0.0031709671020507812,0.024313226342201233,-0.00023180246353149414,-0.0158117413520813,2.524433135986328,7.3499627113342285,0.671145498752594,-1.3596800565719604,0.03,1.2295589447021484,-0.11550877243280411,0.31845757365226746,0.03013709746301174,0.10991810262203217,-0.11862253397703171,0.9863764643669128,0,0,0,0,0,0,0,0,0,0,0,0,0,0
11.08620572090149,1.0,0.0031709671020507812,0.024313226342201233,-0.00023180246353149414,-0.0158117413520813,2.524433135986328,7.3499627113342285,0.671145498752594,-1.3596800565719604,0.03,1.2295589447021484,-0.11550877243280411,0.31845757365226746,0.03013709746301174,0.10991810262203217,-0.11862253397703171,0.9863764643669128,0,0,0,0,0,0,0,0,0,0,0,0,0,0
11.088106155395508,1.0,0.0031709671020507812,0.024313226342201233,-0.00023180246353149414,-0.0158117413520813,2.524433135986328,7.3499627113342285,0.671145498752594,-1.3596800565719604,0.03,1.2295589447021484,-0.11550877243280411,0.31845757365226746,0.03013709746301174,0.10991810262203217,-0.11862253397703171,0.9863764643669128,0,0,0,0,0,0,0,0,0,0,0,0,0,0
11.090179204940796,1.0,0.0031709671020507812,0.024313226342201233,-0.00023180246353149414,-0.0158117413520813,2.524433135986328,7.3499627113342285,0.671145498752594,-1.3596800565719604,0.03,1.2295589447021484,-0.11550877243280411,0.31845757365226746,0.03013709746301174,0.10991810262203217,-0.11862253397703171,0.9863764643669128,0,0,0,0,0,0,0,0,0,0,0,0,0,0
11.093556642532349,1.0,0.0031709671020507812,0.024313226342201233,-0.00023180246353149414,-0.0158117413520813,2.524433135986328,7.3499627113342285,0.671145498752594,-1.3596800565719604,0.03,1.2295600175857544,-0.1155024841427803,0.3184504508972168,0.03025652840733528,0.10993902385234833,-0.1180514246225357,0.9864389896392822,0,0,0,0,0,0,0,0,0,0,0,0,0,0
11.095062971115112,1.0,0.0031709671020507812,0.024313226342201233,-0.00023180246353149414,-0.0158117413520813,2.524433135986328,7.3499627113342285,0.671145498752594,-1.3596800565719604,0.03,1.2295600175857544,-0.1155024841427803,0.3184504508972168,0.03025652840733528,0.10993902385234833,-0.1180514246225357,0.9864389896392822,0,0,0,0,0,0,0,0,0,0,0,0,0,0
11.096507787704468,1.0,0.0031709671020507812,0.024313226342201233,-0.00023180246353149414,-0.0158117413520813,2.524433135986328,7.3499627113342285,0.671145498752594,-1.3596800565719604,0.03,1.2295600175857544,-0.1155024841427803,0.3184504508972168,0.03025652840733528,0.10993902385234833,-0.1180514246225357,0.9864389896392822,0,0,0,0,0,0,0,0,0,0,0,0,0,0
11.098546266555786,1.0,0.0031709671020507812,0.024313226342201233,-0.00023180246353149414,-0.0158117413520813,2.524433135986328,7.3499627113342285,0.671145498752594,-1.3596800565719604,0.03,1.2295600175857544,-0.1155024841427803,0.3184504508972168,0.03025652840733528,0.10993902385234833,-0.1180514246225357,0.9864389896392822,0,0,0,0,0,0,0,0,0,0,0,0,0,0
11.100528240203857,1.0,0.0031709671020507812,0.024313226342201233,-0.00023180246353149414,-0.0158117413520813,2.524433135986328,7.3499627113342285,0.671145498752594,-1.3596800565719604,0.03,1.2295600175857544,-0.1155024841427803,0.3184504508972168,0.03025652840733528,0.10993902385234833,-0.1180514246225357,0.9864389896392822,0,0,0,0,0,0,0,0,0,0,0,0,0,0
11.101641416549683,1.0,0.0031709671020507812,0.024313226342201233,-0.00023180246353149414,-0.0158117413520813,2.524433135986328,7.3499627113342285,0.671145498752594,-1.3596800565719604,0.03,1.2295600175857544,-0.1155024841427803,0.3184504508972168,0.03025652840733528,0.10993902385234833,-0.1180514246225357,0.9864389896392822,0,0,0,0,0,0,0,0,0,0,0,0,0,0
11.102940320968628,1.0,0.0031709671020507812,0.024313226342201233,-0.00023180246353149414,-0.0158117413520813,2.524433135986328,7.3499627113342285,0.671145498752594,-1.3596800565719604,0.03,1.2295600175857544,-0.1155024841427803,0.3184504508972168,0.03025652840733528,0.10993902385234833,-0.1180514246225357,0.9864389896392822,0,0,0,0,0,0,0,0,0,0,0,0,0,0
11.104422807693481,1.0,0.0031709671020507812,0.024313226342201233,-0.00023180246353149414,-0.0158117413520813,2.524433135986328,7.3499627113342285,0.671145498752594,-1.3596800565719604,0.03,1.2295475006103516,-0.11554384976625443,0.31840071082115173,0.029703423380851746,0.10955329984426498,-0.11940763145685196,0.9863355159759521,0,0,0,0,0,0,0,0,0,0,0,0,0,0
11.105496883392334,1.0,0.0031709671020507812,0.024313226342201233,-0.00023180246353149414,-0.0158117413520813,2.524433135986328,7.3499627113342285,0.671145498752594,-1.3596800565719604,0.03,1.2295475006103516,-0.11554384976625443,0.31840071082115173,0.029703423380851746,0.10955329984426498,-0.11940763145685196,0.9863355159759521,0,0,0,0,0,0,0,0,0,0,0,0,0,0
11.107411623001099,1.0,0.0031709671020507812,0.024313226342201233,-0.00023180246353149414,-0.0158117413520813,2.524433135986328,7.3499627113342285,0.671145498752594,-1.3596800565719604,0.03,1.2295475006103516,-0.11554384976625443,0.31840071082115173,0.029703423380851746,0.10955329984426498,-0.11940763145685196,0.9863355159759521,0,0,0,0,0,0,0,0,0,0,0,0,0,0
11.108474493026733,1.0,0.0031709671020507812,0.024313226342201233,-0.00023180246353149414,-0.0158117413520813,2.524433135986328,7.3499627113342285,0.671145498752594,-1.3596800565719604,0.03,1.2295475006103516,-0.11554384976625443,0.31840071082115173,0.029703423380851746,0.10955329984426498,-0.11940763145685196,0.9863355159759521,0,0,0,0,0,0,0,0,0,0,0,0,0,0
11.109564304351807,1.0,0.0031709671020507812,0.024313226342201233,-0.00023180246353149414,-0.0158117413520813,2.524433135986328,7.3499627113342285,0.671145498752594,-1.3596800565719604,0.03,1.2295475006103516,-0.11554384976625443,0.31840071082115173,0.029703423380851746,0.10955329984426498,-0.11940763145685196,0.9863355159759521,0,0,0,0,0,0,0,0,0,0,0,0,0,0
11.110627174377441,1.0,0.0031709671020507812,0.024313226342201233,-0.00023180246353149414,-0.0158117413520813,2.524433135986328,7.3499627113342285,0.671145498752594,-1.3596800565719604,0.03,1.2295475006103516,-0.11554384976625443,0.31840071082115173,0.029703423380851746,0.10955329984426498,-0.11940763145685196,0.9863355159759521,0,0,0,0,0,0,0,0,0,0,0,0,0,0
11.111927509307861,1.0,0.0031709671020507812,0.024313226342201233,-0.00023180246353149414,-0.0158117413520813,2.524433135986328,7.3499627113342285,0.671145498752594,-1.3596800565719604,0.03,1.2295475006103516,-0.11554384976625443,0.31840071082115173,0.029703423380851746,0.10955329984426498,-0.11940763145685196,0.9863355159759521,0,0,0,0,0,0,0,0,0,0,0,0,0,0
11.113014698028564,1.0,0.0031709671020507812,0.024313226342201233,-0.00023180246353149414,-0.0158117413520813,2.524433135986328,7.3499627113342285,0.671145498752594,-1.3596800565719604,0.03,1.2295475006103516,-0.11554384976625443,0.31840071082115173,0.029703423380851746,0.10955329984426498,-0.11940763145685196,0.9863355159759521,0,0,0,0,0,0,0,0,0,0,0,0,0,0
11.11409854888916,1.0,0.0031709671020507812,0.024313226342201233,-0.00023180246353149414,-0.0158117413520813,2.524433135986328,7.3499627113342285,0.671145498752594,-1.3596800565719604,0.03,1.2295475006103516,-0.11554384976625443,0.31840071082115173,0.029703423380851746,0.10955329984426498,-0.11940763145685196,0.9863355159759521,0,0,0,0,0,0,0,0,0,0,0,0,0,0
11.11519455909729,1.0,0.0031709671020507812,0.024313226342201233,-0.00023180246353149414,-0.0158117413520813,2.524433135986328,7.3499627113342285,0.671145498752594,-1.3596800565719604,0.03,1.2295475006103516,-0.11554384976625443,0.31840071082115173,0.029703423380851746,0.10955329984426498,-0.11940763145685196,0.9863355159759521,0,0,0,0,0,0,0,0,0,0,0,0,0,0
11.11629867553711,1.0,0.0031709671020507812,0.024313226342201233,-0.00023180246353149414,-0.0158117413520813,2.524433135986328,7.3499627113342285,0.671145498752594,-1.3596800565719604,0.03,1.2295475006103516,-0.11554384976625443,0.31840071082115173,0.029703423380851746,0.10955329984426498,-0.11940763145685196,0.9863355159759521,0,0,0,0,0,0,0,0,0,0,0,0,0,0
11.117437362670898,1.0,0.0031709671020507812,0.024313226342201233,-0.00023180246353149414,-0.0158117413520813,2.524433135986328,7.3499627113342285,0.671145498752594,-1.3596800565719604,0.03,1.2295475006103516,-0.11554384976625443,0.31840071082115173,0.029703423380851746,0.10955329984426498,-0.11940763145685196,0.9863355159759521,0,0,0,0,0,0,0,0,0,0,0,0,0,0
11.118500232696533,1.0,0.0031709671020507812,0.024313226342201233,-0.00023180246353149414,-0.0158117413520813,2.524433135986328,7.3499627113342285,0.671145498752594,-1.3596800565719604,0.03,1.2295475006103516,-0.11554384976625443,0.31840071082115173,0.029703423380851746,0.10955329984426498,-0.11940763145685196,0.9863355159759521,0,0,0,0,0,0,0,0,0,0,0,0,0,0
11.119600772857666,1.0,0.0031709671020507812,0.024313226342201233,-0.00023180246353149414,-0.0158117413520813,2.524433135986328,7.3499627113342285,0.671145498752594,-1.3596800565719604,0.03,1.2295475006103516,-0.11554384976625443,0.31840071082115173,0.029703423380851746,0.10955329984426498,-0.11940763145685196,0.9863355159759521,0,0,0,0,0,0,0,0,0,0,0,0,0,0
11.12113356590271,1.0,0.0031709671020507812,0.024313226342201233,-0.00023180246353149414,-0.0158117413520813,2.524433135986328,7.3499627113342285,0.671145498752594,-1.3596800565719604,0.03,1.2295475006103516,-0.11554384976625443,0.31840071082115173,0.029703423380851746,0.10955329984426498,-0.11940763145685196,0.9863355159759521,0,0,0,0,0,0,0,0,0,0,0,0,0,0
11.123007774353027,1.0,0.0031709671020507812,0.024313226342201233,-0.00023180246353149414,-0.0158117413520813,2.524433135986328,7.3499627113342285,0.671145498752594,-1.3596800565719604,0.03,1.2295475006103516,-0.11554384976625443,0.31840071082115173,0.029703423380851746,0.10955329984426498,-0.11940763145685196,0.9863355159759521,0,0,0,0,0,0,0,0,0,0,0,0,0,0
11.125810623168945,1.0,0.0031709671020507812,0.024313226342201233,-0.00023180246353149414,-0.0158117413520813,2.524433135986328,7.3499627113342285,0.671145498752594,-1.3596800565719604,0.03,1.2295384407043457,-0.11550439894199371,0.31844595074653625,0.029864469543099403,0.10947388410568237,-0.11840850859880447,0.9864598512649536,0,0,0,0,0,0,0,0,0,0,0,0,0,0
11.127244234085083,1.0,0.0031709671020507812,0.024313226342201233,-0.00023180246353149414,-0.0158117413520813,2.524433135986328,7.3499627113342285,0.671145498752594,-1.3596800565719604,0.03,1.2295384407043457,-0.11550439894199371,0.31844595074653625,0.029864469543099403,0.10947388410568237,-0.11840850859880447,0.9864598512649536,0,0,0,0,0,0,0,0,0,0,0,0,0,0
11.128574132919312,1.0,0.0031709671020507812,0.024313226342201233,-0.00023180246353149414,-0.0158117413520813,2.524433135986328,7.3499627113342285,0.671145498752594,-1.3596800565719604,0.03,1.2295384407043457,-0.11550439894199371,0.31844595074653625,0.029864469543099403,0.10947388410568237,-0.11840850859880447,0.9864598512649536,0,0,0,0,0,0,0,0,0,0,0,0,0,0
11.130490779876709,1.0,0.0031709671020507812,0.024313226342201233,-0.00023180246353149414,-0.0158117413520813,2.524433135986328,7.3499627113342285,0.671145498752594,-1.3596800565719604,0.03,1.2295384407043457,-0.11550439894199371,0.31844595074653625,0.029864469543099403,0.10947388410568237,-0.11840850859880447,0.9864598512649536,0,0,0,0,0,0,0,0,0,0,0,0,0,0
11.132686614990234,1.0,0.0031709671020507812,0.024313226342201233,-0.00023180246353149414,-0.0158117413520813,2.524433135986328,7.3499627113342285,0.671145498752594,-1.3596800565719604,0.03,1.2295384407043457,-0.11550439894199371,0.31844595074653625,0.029864469543099403,0.10947388410568237,-0.11840850859880447,0.9864598512649536,0,0,0,0,0,0,0,0,0,0,0,0,0,0
11.133797883987427,1.0,0.0031709671020507812,0.024313226342201233,-0.00023180246353149414,-0.0158117413520813,2.524433135986328,7.3499627113342285,0.671145498752594,-1.3596800565719604,0.03,1.2295384407043457,-0.11550439894199371,0.31844595074653625,0.029864469543099403,0.10947388410568237,-0.11840850859880447,0.9864598512649536,0,0,0,0,0,0,0,0,0,0,0,0,0,0
11.136358499526978,1.0,0.0031709671020507812,0.024313226342201233,-0.00023180246353149414,-0.0158117413520813,2.524433135986328,7.3499627113342285,0.671145498752594,-1.3596800565719604,0.03,1.2295384407043457,-0.11550439894199371,0.31844595074653625,0.029864469543099403,0.10947388410568237,-0.11840850859880447,0.9864598512649536,0,0,0,0,0,0,0,0,0,0,0,0,0,0
11.13758397102356,1.0,0.0031709671020507812,0.024313226342201233,-0.00023180246353149414,-0.0158117413520813,2.524433135986328,7.3499627113342285,0.671145498752594,-1.3596800565719604,0.03,1.2295384407043457,-0.11550439894199371,0.31844595074653625,0.029864469543099403,0.10947388410568237,-0.11840850859880447,0.9864598512649536,0,0,0,0,0,0,0,0,0,0,0,0,0,0
11.138646125793457,1.0,0.0031709671020507812,0.024313226342201233,-0.00023180246353149414,-0.0158117413520813,2.524433135986328,7.3499627113342285,0.671145498752594,-1.3596800565719604,0.03,1.2295384407043457,-0.11550439894199371,0.31844595074653625,0.029864469543099403,0.10947388410568237,-0.11840850859880447,0.9864598512649536,0,0,0,0,0,0,0,0,0,0,0,0,0,0
11.140014410018921,1.0,0.0031709671020507812,0.024313226342201233,-0.00023180246353149414,-0.0158117413520813,2.524433135986328,7.3499627113342285,0.671145498752594,-1.3596800565719604,0.03,1.2295384407043457,-0.11550439894199371,0.31844595074653625,0.029864469543099403,0.10947388410568237,-0.11840850859880447,0.9864598512649536,0,0,0,0,0,0,0,0,0,0,0,0,0,0
11.141222476959229,1.0,0.0031709671020507812,0.024313226342201233,-0.00023180246353149414,-0.0158117413520813,2.524433135986328,7.3499627113342285,0.671145498752594,-1.3596800565719604,0.03,1.2295384407043457,-0.11550439894199371,0.31844595074653625,0.029864469543099403,0.10947388410568237,-0.11840850859880447,0.9864598512649536,0,0,0,0,0,0,0,0,0,0,0,0,0,0
11.142507076263428,1.0,0.0031709671020507812,0.024313226342201233,-0.00023180246353149414,-0.0158117413520813,2.524433135986328,7.3499627113342285,0.671145498752594,-1.3596800565719604,0.03,1.2295384407043457,-0.11550439894199371,0.31844595074653625,0.029864469543099403,0.10947388410568237,-0.11840850859880447,0.9864598512649536,0,0,0,0,0,0,0,0,0,0,0,0,0,0
11.143979549407959,1.0,0.0031709671020507812,0.024313226342201233,-0.00023180246353149414,-0.0158117413520813,2.524433135986328,7.3499627113342285,0.671145498752594,-1.3596800565719604,0.03,1.2295384407043457,-0.11550439894199371,0.31844595074653625,0.029864469543099403,0.10947388410568237,-0.11840850859880447,0.9864598512649536,0,0,0,0,0,0,0,0,0,0,0,0,0,0
11.146680116653442,1.0,0.0031709671020507812,0.024313226342201233,-0.00023180246353149414,-0.0158117413520813,2.524433135986328,7.3499627113342285,0.671145498752594,-1.3596800565719604,0.03,1.2295384407043457,-0.11550439894199371,0.31844595074653625,0.029864469543099403,0.10947388410568237,-0.11840850859880447,0.9864598512649536,0,0,0,0,0,0,0,0,0,0,0,0,0,0
11.148735761642456,1.0,0.0031709671020507812,0.024313226342201233,-0.00023180246353149414,-0.0158117413520813,2.524433135986328,7.3499627113342285,0.671145498752594,-1.3596800565719604,0.03,1.2295384407043457,-0.11550439894199371,0.31844595074653625,0.029864469543099403,0.10947388410568237,-0.11840850859880447,0.9864598512649536,0,0,0,0,0,0,0,0,0,0,0,0,0,0
11.150490283966064,1.0,0.0031709671020507812,0.024313226342201233,-0.00023180246353149414,-0.0158117413520813,2.524433135986328,7.3499627113342285,0.671145498752594,-1.3596800565719604,0.03,1.2295384407043457,-0.11550439894199371,0.31844595074653625,0.029864469543099403,0.10947388410568237,-0.11840850859880447,0.9864598512649536,0,0,0,0,0,0,0,0,0,0,0,0,0,0
11.151798725128174,1.0,0.0031709671020507812,0.024313226342201233,-0.00023180246353149414,-0.0158117413520813,2.524433135986328,7.3499627113342285,0.671145498752594,-1.3596800565719604,0.03,1.2295384407043457,-0.11550439894199371,0.31844595074653625,0.029864469543099403,0.10947388410568237,-0.11840850859880447,0.9864598512649536,0,0,0,0,0,0,0,0,0,0,0,0,0,0
11.153043746948242,1.0,0.0031709671020507812,0.024313226342201233,-0.00023180246353149414,-0.0158117413520813,2.524433135986328,7.3499627113342285,0.671145498752594,-1.3596800565719604,0.03,1.2295384407043457,-0.11550439894199371,0.31844595074653625,0.029864469543099403,0.10947388410568237,-0.11840850859880447,0.9864598512649536,0,0,0,0,0,0,0,0,0,0,0,0,0,0
11.154484510421753,1.0,0.0031709671020507812,0.024313226342201233,-0.00023180246353149414,-0.0158117413520813,2.524433135986328,7.3499627113342285,0.671145498752594,-1.3596800565719604,0.03,1.2295384407043457,-0.11550439894199371,0.31844595074653625,0.029864469543099403,0.10947388410568237,-0.11840850859880447,0.9864598512649536,0,0,0,0,0,0,0,0,0,0,0,0,0,0
11.15645146369934,1.0,0.0031709671020507812,0.024313226342201233,-0.00023180246353149414,-0.0158117413520813,2.524433135986328,7.3499627113342285,0.671145498752594,-1.3596800565719604,0.03,1.2295384407043457,-0.11550439894199371,0.31844595074653625,0.029864469543099403,0.10947388410568237,-0.11840850859880447,0.9864598512649536,0,0,0,0,0,0,0,0,0,0,0,0,0,0
11.157829761505127,1.0,0.0031709671020507812,0.024313226342201233,-0.00023180246353149414,-0.0158117413520813,2.524433135986328,7.3499627113342285,0.671145498752594,-1.3596800565719604,0.03,1.2295384407043457,-0.11550439894199371,0.31844595074653625,0.029864469543099403,0.10947388410568237,-0.11840850859880447,0.9864598512649536,0,0,0,0,0,0,0,0,0,0,0,0,0,0
11.15907883644104,1.0,0.0031709671020507812,0.024313226342201233,-0.00023180246353149414,-0.0158117413520813,2.524433135986328,7.3499627113342285,0.671145498752594,-1.3596800565719604,0.03,1.2295056581497192,-0.11550726741552353,0.31845059990882874,0.030152706429362297,0.10941611230373383,-0.1171831339597702,0.986603856086731,0,0,0,0,0,0,0,0,0,0,0,0,0,0
11.160175561904907,1.0,0.0031709671020507812,0.024313226342201233,-0.00023180246353149414,-0.0158117413520813,2.524433135986328,7.3499627113342285,0.671145498752594,-1.3596800565719604,0.03,1.2295056581497192,-0.11550726741552353,0.31845059990882874,0.030152706429362297,0.10941611230373383,-0.1171831339597702,0.986603856086731,0,0,0,0,0,0,0,0,0,0,0,0,0,0
11.161824941635132,1.0,0.0031709671020507812,0.024313226342201233,-0.00023180246353149414,-0.0158117413520813,2.524433135986328,7.3499627113342285,0.671145498752594,-1.3596800565719604,0.03,1.2295056581497192,-0.11550726741552353,0.31845059990882874,0.030152706429362297,0.10941611230373383,-0.1171831339597702,0.986603856086731,0,0,0,0,0,0,0,0,0,0,0,0,0,0
11.162889242172241,1.0,0.0031709671020507812,0.024313226342201233,-0.00023180246353149414,-0.0158117413520813,2.524433135986328,7.3499627113342285,0.671145498752594,-1.3596800565719604,0.03,1.2295056581497192,-0.11550726741552353,0.31845059990882874,0.030152706429362297,0.10941611230373383,-0.1171831339597702,0.986603856086731,0,0,0,0,0,0,0,0,0,0,0,0,0,0
11.165924549102783,1.0,0.0031709671020507812,0.024313226342201233,-0.00023180246353149414,-0.0158117413520813,2.524433135986328,7.3499627113342285,0.671145498752594,-1.3596800565719604,0.03,1.2295056581497192,-0.11550726741552353,0.31845059990882874,0.030152706429362297,0.10941611230373383,-0.1171831339597702,0.986603856086731,0,0,0,0,0,0,0,0,0,0,0,0,0,0
11.167199850082397,1.0,0.0031709671020507812,0.024313226342201233,-0.00023180246353149414,-0.0158117413520813,2.524433135986328,7.3499627113342285,0.671145498752594,-1.3596800565719604,0.03,1.2295056581497192,-0.11550726741552353,0.31845059990882874,0.030152706429362297,0.10941611230373383,-0.1171831339597702,0.986603856086731,0,0,0,0,0,0,0,0,0,0,0,0,0,0
11.169656038284302,1.0,0.0030604004859924316,0.021326586604118347,-0.00012505054473876953,-0.01312786340713501,2.424734115600586,6.759455680847168,0.5979448556900024,-1.3495829105377197,0.03,1.2295056581497192,-0.11550726741552353,0.31845059990882874,0.030152706429362297,0.10941611230373383,-0.1171831339597702,0.986603856086731,0,0,0,0,0,0,0,0,0,0,0,0,0,0
11.171070337295532,1.0,0.0030604004859924316,0.021326586604118347,-0.00012505054473876953,-0.01312786340713501,2.424734115600586,6.759455680847168,0.5979448556900024,-1.3495829105377197,0.03,1.2295056581497192,-0.11550726741552353,0.31845059990882874,0.030152706429362297,0.10941611230373383,-0.1171831339597702,0.986603856086731,0,0,0,0,0,0,0,0,0,0,0,0,0,0
11.174188137054443,1.0,0.0030604004859924316,0.021326586604118347,-0.00012505054473876953,-0.01312786340713501,2.424734115600586,6.759455680847168,0.5979448556900024,-1.3495829105377197,0.03,1.2295056581497192,-0.11550726741552353,0.31845059990882874,0.030152706429362297,0.10941611230373383,-0.1171831339597702,0.986603856086731,0,0,0,0,0,0,0,0,0,0,0,0,0,0
11.17554783821106,1.0,0.0030604004859924316,0.021326586604118347,-0.00012505054473876953,-0.01312786340713501,2.424734115600586,6.759455680847168,0.5979448556900024,-1.3495829105377197,0.03,1.2295056581497192,-0.11550726741552353,0.31845059990882874,0.030152706429362297,0.10941611230373383,-0.1171831339597702,0.986603856086731,0,0,0,0,0,0,0,0,0,0,0,0,0,0
11.177023887634277,1.0,0.0030604004859924316,0.021326586604118347,-0.00012505054473876953,-0.01312786340713501,2.424734115600586,6.759455680847168,0.5979448556900024,-1.3495829105377197,0.03,1.2295056581497192,-0.11550726741552353,0.31845059990882874,0.030152706429362297,0.10941611230373383,-0.1171831339597702,0.986603856086731,0,0,0,0,0,0,0,0,0,0,0,0,0,0
11.1790931224823,1.0,0.0030604004859924316,0.021326586604118347,-0.00012505054473876953,-0.01312786340713501,2.424734115600586,6.759455680847168,0.5979448556900024,-1.3495829105377197,0.03,1.2295056581497192,-0.11550726741552353,0.31845059990882874,0.030152706429362297,0.10941611230373383,-0.1171831339597702,0.986603856086731,0,0,0,0,0,0,0,0,0,0,0,0,0,0
11.180466651916504,1.0,0.0030604004859924316,0.021326586604118347,-0.00012505054473876953,-0.01312786340713501,2.424734115600586,6.759455680847168,0.5979448556900024,-1.3495829105377197,0.03,1.2295056581497192,-0.11550726741552353,0.31845059990882874,0.030152706429362297,0.10941611230373383,-0.1171831339597702,0.986603856086731,0,0,0,0,0,0,0,0,0,0,0,0,0,0
11.181640386581421,1.0,0.0020110607147216797,-0.013559624552726746,-0.00017642974853515625,0.020073354244232178,1.720709204673767,5.820585250854492,0.7730644345283508,-1.228912353515625,0.03,1.2295056581497192,-0.11550726741552353,0.31845059990882874,0.030152706429362297,0.10941611230373383,-0.1171831339597702,0.986603856086731,0,0,0,0,0,0,0,0,0,0,0,0,0,0
11.18290376663208,1.0,0.0020110607147216797,-0.013559624552726746,-0.00017642974853515625,0.020073354244232178,1.720709204673767,5.820585250854492,0.7730644345283508,-1.228912353515625,0.03,1.2295056581497192,-0.11550726741552353,0.31845059990882874,0.030152706429362297,0.10941611230373383,-0.1171831339597702,0.986603856086731,0,0,0,0,0,0,0,0,0,0,0,0,0,0
11.184919118881226,1.0,0.0010425448417663574,-0.061145007610321045,-0.00013577938079833984,0.06273996829986572,1.0706654787063599,1.5788419246673584,0.7314723134040833,-0.6095905900001526,0.03,1.2295056581497192,-0.11550726741552353,0.31845059990882874,0.030152706429362297,0.10941611230373383,-0.1171831339597702,0.986603856086731,0,0,0,0,0,0,0,0,0,0,0,0,0,0
11.187403678894043,1.0,0.0010425448417663574,-0.061145007610321045,-0.00013577938079833984,0.06273996829986572,1.0706654787063599,1.5788419246673584,0.7314723134040833,-0.6095905900001526,0.03,1.2295056581497192,-0.11550726741552353,0.31845059990882874,0.030152706429362297,0.10941611230373383,-0.1171831339597702,0.986603856086731,0,0,0,0,0,0,0,0,0,0,0,0,0,0
11.188493728637695,1.0,0.0010425448417663574,-0.061145007610321045,-0.00013577938079833984,0.06273996829986572,1.0706654787063599,1.5788419246673584,0.7314723134040833,-0.6095905900001526,0.03,1.2295056581497192,-0.11550726741552353,0.31845059990882874,0.030152706429362297,0.10941611230373383,-0.1171831339597702,0.986603856086731,0,0,0,0,0,0,0,0,0,0,0,0,0,0
11.189733505249023,1.0,0.0010425448417663574,-0.061145007610321045,-0.00013577938079833984,0.06273996829986572,1.0706654787063599,1.5788419246673584,0.7314723134040833,-0.6095905900001526,0.03,1.2295056581497192,-0.11550726741552353,0.31845059990882874,0.030152706429362297,0.10941611230373383,-0.1171831339597702,0.986603856086731,0,0,0,0,0,0,0,0,0,0,0,0,0,0
11.190796136856079,1.0,0.0010425448417663574,-0.061145007610321045,-0.00013577938079833984,0.06273996829986572,1.0706654787063599,1.5788419246673584,0.7314723134040833,-0.6095905900001526,0.03,1.2295056581497192,-0.11550726741552353,0.31845059990882874,0.030152706429362297,0.10941611230373383,-0.1171831339597702,0.986603856086731,0,0,0,0,0,0,0,0,0,0,0,0,0,0
11.191856145858765,1.0,0.0010425448417663574,-0.061145007610321045,-0.00013577938079833984,0.06273996829986572,1.0706654787063599,1.5788419246673584,0.7314723134040833,-0.6095905900001526,0.03,1.2295056581497192,-0.11550726741552353,0.31845059990882874,0.030152706429362297,0.10941611230373383,-0.1171831339597702,0.986603856086731,0,0,0,0,0,0,0,0,0,0,0,0,0,0
11.192941427230835,1.0,0.0010425448417663574,-0.061145007610321045,-0.00013577938079833984,0.06273996829986572,1.0706654787063599,1.5788419246673584,0.7314723134040833,-0.6095905900001526,0.03,1.2295056581497192,-0.11550726741552353,0.31845059990882874,0.030152706429362297,0.10941611230373383,-0.1171831339597702,0.986603856086731,0,0,0,0,0,0,0,0,0,0,0,0,0,0
11.194145441055298,1.0,0.0010425448417663574,-0.061145007610321045,-0.00013577938079833984,0.06273996829986572,1.0706654787063599,1.5788419246673584,0.7314723134040833,-0.6095905900001526,0.03,1.2295056581497192,-0.11550726741552353,0.31845059990882874,0.030152706429362297,0.10941611230373383,-0.1171831339597702,0.986603856086731,0,0,0,0,0,0,0,0,0,0,0,0,0,0
11.195231437683105,1.0,0.0010425448417663574,-0.061145007610321045,-0.00013577938079833984,0.06273996829986572,1.0706654787063599,1.5788419246673584,0.7314723134040833,-0.6095905900001526,0.03,1.2295056581497192,-0.11550726741552353,0.31845059990882874,0.030152706429362297,0.10941611230373383,-0.1171831339597702,0.986603856086731,0,0,0,0,0,0,0,0,0,0,0,0,0,0
11.196319341659546,1.0,0.0010425448417663574,-0.061145007610321045,-0.00013577938079833984,0.06273996829986572,1.0706654787063599,1.5788419246673584,0.7314723134040833,-0.6095905900001526,0.03,1.2295056581497192,-0.11550726741552353,0.31845059990882874,0.030152706429362297,0.10941611230373383,-0.1171831339597702,0.986603856086731,0,0,0,0,0,0,0,0,0,0,0,0,0,0
11.197425842285156,1.0,0.0010425448417663574,-0.061145007610321045,-0.00013577938079833984,0.06273996829986572,1.0706654787063599,1.5788419246673584,0.7314723134040833,-0.6095905900001526,0.03,1.2295056581497192,-0.11550726741552353,0.31845059990882874,0.030152706429362297,0.10941611230373383,-0.1171831339597702,0.986603856086731,0,0,0,0,0,0,0,0,0,0,0,0,0,0
11.198583364486694,1.0,0.0010425448417663574,-0.061145007610321045,-0.00013577938079833984,0.06273996829986572,1.0706654787063599,1.5788419246673584,0.7314723134040833,-0.6095905900001526,0.03,1.2295056581497192,-0.11550726741552353,0.31845059990882874,0.030152706429362297,0.10941611230373383,-0.1171831339597702,0.986603856086731,0,0,0,0,0,0,0,0,0,0,0,0,0,0
11.199679613113403,1.0,0.0010425448417663574,-0.061145007610321045,-0.00013577938079833984,0.06273996829986572,1.0706654787063599,1.5788419246673584,0.7314723134040833,-0.6095905900001526,0.03,1.2295056581497192,-0.11550726741552353,0.31845059990882874,0.030152706429362297,0.10941611230373383,-0.1171831339597702,0.986603856086731,0,0,0,0,0,0,0,0,0,0,0,0,0,0
11.200742959976196,1.0,0.0010425448417663574,-0.061145007610321045,-0.00013577938079833984,0.06273996829986572,1.0706654787063599,1.5788419246673584,0.7314723134040833,-0.6095905900001526,0.03,1.2295056581497192,-0.11550726741552353,0.31845059990882874,0.030152706429362297,0.10941611230373383,-0.1171831339597702,0.986603856086731,0,0,0,0,0,0,0,0,0,0,0,0,0,0
11.201870918273926,1.0,0.0010425448417663574,-0.061145007610321045,-0.00013577938079833984,0.06273996829986572,1.0706654787063599,1.5788419246673584,0.7314723134040833,-0.6095905900001526,0.03,1.2295056581497192,-0.11550726741552353,0.31845059990882874,0.030152706429362297,0.10941611230373383,-0.1171831339597702,0.986603856086731,0,0,0,0,0,0,0,0,0,0,0,0,0,0
11.203252792358398,1.0,0.0010425448417663574,-0.061145007610321045,-0.00013577938079833984,0.06273996829986572,1.0706654787063599,1.5788419246673584,0.7314723134040833,-0.6095905900001526,0.03,1.2295056581497192,-0.11550726741552353,0.31845059990882874,0.030152706429362297,0.10941611230373383,-0.1171831339597702,0.986603856086731,0,0,0,0,0,0,0,0,0,0,0,0,0,0
11.205049991607666,1.0,0.0010425448417663574,-0.061145007610321045,-0.00013577938079833984,0.06273996829986572,1.0706654787063599,1.5788419246673584,0.7314723134040833,-0.6095905900001526,0.03,1.2295056581497192,-0.11550726741552353,0.31845059990882874,0.030152706429362297,0.10941611230373383,-0.1171831339597702,0.986603856086731,0,0,0,0,0,0,0,0,0,0,0,0,0,0
11.208210468292236,1.0,0.0010425448417663574,-0.061145007610321045,-0.00013577938079833984,0.06273996829986572,1.0706654787063599,1.5788419246673584,0.7314723134040833,-0.6095905900001526,0.03,1.2295056581497192,-0.11550726741552353,0.31845059990882874,0.030152706429362297,0.10941611230373383,-0.1171831339597702,0.986603856086731,0,0,0,0,0,0,0,0,0,0,0,0,0,0
11.209387063980103,1.0,0.0010425448417663574,-0.061145007610321045,-0.00013577938079833984,0.06273996829986572,1.0706654787063599,1.5788419246673584,0.7314723134040833,-0.6095905900001526,0.03,1.2295056581497192,-0.11550726741552353,0.31845059990882874,0.030152706429362297,0.10941611230373383,-0.1171831339597702,0.986603856086731,0,0,0,0,0,0,0,0,0,0,0,0,0,0
11.21057939529419,1.0,0.0010425448417663574,-0.061145007610321045,-0.00013577938079833984,0.06273996829986572,1.0706654787063599,1.5788419246673584,0.7314723134040833,-0.6095905900001526,0.03,1.2295056581497192,-0.11550726741552353,0.31845059990882874,0.030152706429362297,0.10941611230373383,-0.1171831339597702,0.986603856086731,0,0,0,0,0,0,0,0,0,0,0,0,0,0
11.212082147598267,1.0,0.0010425448417663574,-0.061145007610321045,-0.00013577938079833984,0.06273996829986572,1.0706654787063599,1.5788419246673584,0.7314723134040833,-0.6095905900001526,0.03,1.2295056581497192,-0.11550726741552353,0.31845059990882874,0.030152706429362297,0.10941611230373383,-0.1171831339597702,0.986603856086731,0,0,0,0,0,0,0,0,0,0,0,0,0,0
11.213675260543823,1.0,0.0010425448417663574,-0.061145007610321045,-0.00013577938079833984,0.06273996829986572,1.0706654787063599,1.5788419246673584,0.7314723134040833,-0.6095905900001526,0.03,1.2295056581497192,-0.11550726741552353,0.31845059990882874,0.030152706429362297,0.10941611230373383,-0.1171831339597702,0.986603856086731,0,0,0,0,0,0,0,0,0,0,0,0,0,0
11.214993715286255,1.0,0.0010425448417663574,-0.061145007610321045,-0.00013577938079833984,0.06273996829986572,1.0706654787063599,1.5788419246673584,0.7314723134040833,-0.6095905900001526,0.03,1.2295056581497192,-0.11550726741552353,0.31845059990882874,0.030152706429362297,0.10941611230373383,-0.1171831339597702,0.986603856086731,0,0,0,0,0,0,0,0,0,0,0,0,0,0
11.21667218208313,1.0,0.0010425448417663574,-0.061145007610321045,-0.00013577938079833984,0.06273996829986572,1.0706654787063599,1.5788419246673584,0.7314723134040833,-0.6095905900001526,0.03,1.2295056581497192,-0.11550726741552353,0.31845059990882874,0.030152706429362297,0.10941611230373383,-0.1171831339597702,0.986603856086731,0,0,0,0,0,0,0,0,0,0,0,0,0,0
11.2178213596344,1.0,0.0010425448417663574,-0.061145007610321045,-0.00013577938079833984,0.06273996829986572,1.0706654787063599,1.5788419246673584,0.7314723134040833,-0.6095905900001526,0.03,1.2295056581497192,-0.11550726741552353,0.31845059990882874,0.030152706429362297,0.10941611230373383,-0.1171831339597702,0.986603856086731,0,0,0,0,0,0,0,0,0,0,0,0,0,0
11.220052242279053,1.0,0.0009739398956298828,-0.06300561130046844,-0.00011360645294189453,0.06509256362915039,0.979270339012146,2.3035407066345215,0.6931531429290771,-1.5643718242645264,0.03,1.2295056581497192,-0.11550726741552353,0.31845059990882874,0.030152706429362297,0.10941611230373383,-0.1171831339597702,0.986603856086731,0,0,0,0,0,0,0,0,0,0,0,0,0,0
11.221242427825928,2.0,0.0009663105010986328,-0.0791260153055191,-5.6684017181396484e-05,0.07993006706237793,0.6510578989982605,1.238578200340271,0.20774953067302704,-0.9006174206733704,0.03,1.2294896841049194,-0.11557463556528091,0.31839463114738464,0.029582051560282707,0.1094270795583725,-0.11828818172216415,0.9864880442619324,0,0,0,0,0,0,0,0,0,0,0,0,0,0
11.222373485565186,2.0,0.0009663105010986328,-0.0791260153055191,-5.6684017181396484e-05,0.07993006706237793,0.6510578989982605,1.238578200340271,0.20774953067302704,-0.9006174206733704,0.03,1.2294896841049194,-0.11557463556528091,0.31839463114738464,0.029582051560282707,0.1094270795583725,-0.11828818172216415,0.9864880442619324,0,0,0,0,0,0,0,0,0,0,0,0,0,0
11.223616361618042,2.0,0.0009663105010986328,-0.0791260153055191,-5.6684017181396484e-05,0.07993006706237793,0.6510578989982605,1.238578200340271,0.20774953067302704,-0.9006174206733704,0.03,1.2294896841049194,-0.11557463556528091,0.31839463114738464,0.029582051560282707,0.1094270795583725,-0.11828818172216415,0.9864880442619324,0,0,0,0,0,0,0,0,0,0,0,0,0,0
11.224904775619507,2.0,0.0009663105010986328,-0.0791260153055191,-5.6684017181396484e-05,0.07993006706237793,0.6510578989982605,1.238578200340271,0.20774953067302704,-0.9006174206733704,0.03,1.2294896841049194,-0.11557463556528091,0.31839463114738464,0.029582051560282707,0.1094270795583725,-0.11828818172216415,0.9864880442619324,0,0,0,0,0,0,0,0,0,0,0,0,0,0
11.226915836334229,2.0,0.0009663105010986328,-0.0791260153055191,-5.6684017181396484e-05,0.07993006706237793,0.6510578989982605,1.238578200340271,0.20774953067302704,-0.9006174206733704,0.03,1.2294896841049194,-0.11557463556528091,0.31839463114738464,0.029582051560282707,0.1094270795583725,-0.11828818172216415,0.9864880442619324,0,0,0,0,0,0,0,0,0,0,0,0,0,0
11.228007078170776,2.0,0.0009663105010986328,-0.0791260153055191,-5.6684017181396484e-05,0.07993006706237793,0.6510578989982605,1.238578200340271,0.20774953067302704,-0.9006174206733704,0.03,1.2294896841049194,-0.11557463556528091,0.31839463114738464,0.029582051560282707,0.1094270795583725,-0.11828818172216415,0.9864880442619324,0,0,0,0,0,0,0,0,0,0,0,0,0,0
11.22928786277771,2.0,0.0009663105010986328,-0.0791260153055191,-5.6684017181396484e-05,0.07993006706237793,0.6510578989982605,1.238578200340271,0.20774953067302704,-0.9006174206733704,0.03,1.2294896841049194,-0.11557463556528091,0.31839463114738464,0.029582051560282707,0.1094270795583725,-0.11828818172216415,0.9864880442619324,0,0,0,0,0,0,0,0,0,0,0,0,0,0
11.231446981430054,2.0,0.0009663105010986328,-0.0791260153055191,-5.6684017181396484e-05,0.07993006706237793,0.6510578989982605,1.238578200340271,0.20774953067302704,-0.9006174206733704,0.03,1.2294896841049194,-0.11557463556528091,0.31839463114738464,0.029582051560282707,0.1094270795583725,-0.11828818172216415,0.9864880442619324,0,0,0,0,0,0,0,0,0,0,0,0,0,0
11.232638597488403,2.0,0.0009663105010986328,-0.0791260153055191,-5.6684017181396484e-05,0.07993006706237793,0.6510578989982605,1.238578200340271,0.20774953067302704,-0.9006174206733704,0.03,1.2294896841049194,-0.11557463556528091,0.31839463114738464,0.029582051560282707,0.1094270795583725,-0.11828818172216415,0.9864880442619324,0,0,0,0,0,0,0,0,0,0,0,0,0,0
11.23386549949646,2.0,0.0009663105010986328,-0.0791260153055191,-5.6684017181396484e-05,0.07993006706237793,0.6510578989982605,1.238578200340271,0.20774953067302704,-0.9006174206733704,0.03,1.2294896841049194,-0.11557463556528091,0.31839463114738464,0.029582051560282707,0.1094270795583725,-0.11828818172216415,0.9864880442619324,0,0,0,0,0,0,0,0,0,0,0,0,0,0
11.23580026626587,2.0,0.0009663105010986328,-0.0791260153055191,-5.6684017181396484e-05,0.07993006706237793,0.6510578989982605,1.238578200340271,0.20774953067302704,-0.9006174206733704,0.03,1.2294896841049194,-0.11557463556528091,0.31839463114738464,0.029582051560282707,0.1094270795583725,-0.11828818172216415,0.9864880442619324,0,0,0,0,0,0,0,0,0,0,0,0,0,0
11.237158298492432,2.0,0.0009663105010986328,-0.0791260153055191,-5.6684017181396484e-05,0.07993006706237793,0.6510578989982605,1.238578200340271,0.20774953067302704,-0.9006174206733704,0.03,1.2294831275939941,-0.11550576984882355,0.31847500801086426,0.030100073665380478,0.10912185162305832,-0.11698384582996368,0.9866616129875183,0,0,0,0,0,0,0,0,0,0,0,0,0,0
11.238706111907959,2.0,0.0009663105010986328,-0.0791260153055191,-5.6684017181396484e-05,0.07993006706237793,0.6510578989982605,1.238578200340271,0.20774953067302704,-0.9006174206733704,0.03,1.2294831275939941,-0.11550576984882355,0.31847500801086426,0.030100073665380478,0.10912185162305832,-0.11698384582996368,0.9866616129875183,0,0,0,0,0,0,0,0,0,0,0,0,0,0
11.239797592163086,2.0,0.0009663105010986328,-0.0791260153055191,-5.6684017181396484e-05,0.07993006706237793,0.6510578989982605,1.238578200340271,0.20774953067302704,-0.9006174206733704,0.03,1.2294831275939941,-0.11550576984882355,0.31847500801086426,0.030100073665380478,0.10912185162305832,-0.11698384582996368,0.9866616129875183,0,0,0,0,0,0,0,0,0,0,0,0,0,0
11.240889310836792,2.0,0.0009663105010986328,-0.0791260153055191,-5.6684017181396484e-05,0.07993006706237793,0.6510578989982605,1.238578200340271,0.20774953067302704,-0.9006174206733704,0.03,1.2294831275939941,-0.11550576984882355,0.31847500801086426,0.030100073665380478,0.10912185162305832,-0.11698384582996368,0.9866616129875183,0,0,0,0,0,0,0,0,0,0,0,0,0,0
11.24199104309082,2.0,0.0009663105010986328,-0.0791260153055191,-5.6684017181396484e-05,0.07993006706237793,0.6510578989982605,1.238578200340271,0.20774953067302704,-0.9006174206733704,0.03,1.2294831275939941,-0.11550576984882355,0.31847500801086426,0.030100073665380478,0.10912185162305832,-0.11698384582996368,0.9866616129875183,0,0,0,0,0,0,0,0,0,0,0,0,0,0
11.243723392486572,2.0,0.0009663105010986328,-0.0791260153055191,-5.6684017181396484e-05,0.07993006706237793,0.6510578989982605,1.238578200340271,0.20774953067302704,-0.9006174206733704,0.03,1.2294831275939941,-0.11550576984882355,0.31847500801086426,0.030100073665380478,0.10912185162305832,-0.11698384582996368,0.9866616129875183,0,0,0,0,0,0,0,0,0,0,0,0,0,0
11.244813442230225,2.0,0.0009663105010986328,-0.0791260153055191,-5.6684017181396484e-05,0.07993006706237793,0.6510578989982605,1.238578200340271,0.20774953067302704,-0.9006174206733704,0.03,1.2294831275939941,-0.11550576984882355,0.31847500801086426,0.030100073665380478,0.10912185162305832,-0.11698384582996368,0.9866616129875183,0,0,0,0,0,0,0,0,0,0,0,0,0,0
11.249150276184082,2.0,0.0025655031204223633,-0.08411206305027008,-0.001889944076538086,0.08464094996452332,-0.8350005149841309,-1.7800925970077515,-0.886130690574646,1.984160304069519,0.03,1.2294831275939941,-0.11550576984882355,0.31847500801086426,0.030100073665380478,0.10912185162305832,-0.11698384582996368,0.9866616129875183,0,0,0,0,0,0,0,0,0,0,0,0,0,0
11.250508546829224,2.0,0.00694727897644043,-0.08394280076026917,-0.006730854511260986,0.08387318253517151,-0.3139784336090088,-0.7350884675979614,-0.10030510276556015,0.3155154585838318,0.03,1.2295254468917847,-0.11553692817687988,0.31850942969322205,0.03010164014995098,0.10894826054573059,-0.1168632060289383,0.9866950511932373,0,0,0,0,0,0,0,0,0,0,0,0,0,0
11.251861810684204,2.0,0.00694727897644043,-0.08394280076026917,-0.006730854511260986,0.08387318253517151,-0.3139784336090088,-0.7350884675979614,-0.10030510276556015,0.3155154585838318,0.03,1.2295254468917847,-0.11553692817687988,0.31850942969322205,0.03010164014995098,0.10894826054573059,-0.1168632060289383,0.9866950511932373,0,0,0,0,0,0,0,0,0,0,0,0,0,0
11.253371477127075,2.0,0.00694727897644043,-0.08394280076026917,-0.006730854511260986,0.08387318253517151,-0.3139784336090088,-0.7350884675979614,-0.10030510276556015,0.3155154585838318,0.03,1.2295254468917847,-0.11553692817687988,0.31850942969322205,0.03010164014995098,0.10894826054573059,-0.1168632060289383,0.9866950511932373,0,0,0,0,0,0,0,0,0,0,0,0,0,0
11.258837938308716,2.0,0.00811856985092163,-0.08316382765769958,-0.008017778396606445,0.08298186957836151,-0.2764745056629181,0.03004525415599346,0.03993149474263191,-0.5508562326431274,0.03,1.2295292615890503,-0.11555913835763931,0.31848326325416565,0.029764316976070404,0.10894183814525604,-0.11770810186862946,0.9866055846214294,0,0,0,0,0,0,0,0,0,0,0,0,0,0
11.260242700576782,2.0,0.008705675601959229,-0.08284309506416321,-0.008692562580108643,0.08254261314868927,-0.3662967383861542,0.2502845525741577,0.31220561265945435,-0.9189472794532776,0.03,1.2295292615890503,-0.11555913835763931,0.31848326325416565,0.029764316976070404,0.10894183814525604,-0.11770810186862946,0.9866055846214294,0,0,0,0,0,0,0,0,0,0,0,0,0,0
11.26186990737915,2.0,0.008705675601959229,-0.08284309506416321,-0.008692562580108643,0.08254261314868927,-0.3662967383861542,0.2502845525741577,0.31220561265945435,-0.9189472794532776,0.03,1.2295292615890503,-0.11555913835763931,0.31848326325416565,0.029764316976070404,0.10894183814525604,-0.11770810186862946,0.9866055846214294,0,0,0,0,0,0,0,0,0,0,0,0,0,0
11.264910459518433,2.0,0.008705675601959229,-0.08284309506416321,-0.008692562580108643,0.08254261314868927,-0.3662967383861542,0.2502845525741577,0.31220561265945435,-0.9189472794532776,0.03,1.2295292615890503,-0.11555913835763931,0.31848326325416565,0.029764316976070404,0.10894183814525604,-0.11770810186862946,0.9866055846214294,0,0,0,0,0,0,0,0,0,0,0,0,0,0
11.267391920089722,2.0,0.01167595386505127,-0.08187459409236908,-0.012044847011566162,0.08159390091896057,-0.22608472406864166,0.7441969513893127,0.4850896894931793,-1.2642050981521606,0.03,1.2294561862945557,-0.11549519002437592,0.31842172145843506,0.02864602766931057,0.10817163437604904,-0.11481728404760361,0.987064003944397,0,0,0,0,0,0,0,0,0,0,0,0,0,0
11.268610715866089,2.0,0.01167595386505127,-0.08187459409236908,-0.012044847011566162,0.08159390091896057,-0.22608472406864166,0.7441969513893127,0.4850896894931793,-1.2642050981521606,0.03,1.2294561862945557,-0.11549519002437592,0.31842172145843506,0.02864602766931057,0.10817163437604904,-0.11481728404760361,0.987064003944397,0,0,0,0,0,0,0,0,0,0,0,0,0,0
11.27044677734375,2.0,0.017652273178100586,-0.08232574164867401,-0.01808542013168335,0.08233466744422913,-0.3971911072731018,0.1584058403968811,0.4566314220428467,-0.4133610427379608,0.03,1.2295176982879639,-0.11545180529356003,0.31848013401031494,0.031163280829787254,0.10832086950540543,-0.10894086211919785,0.9876372218132019,0,0,0,0,0,0,0,0,0,0,0,0,0,0
11.271804809570312,2.0,0.017652273178100586,-0.08232574164867401,-0.01808542013168335,0.08233466744422913,-0.3971911072731018,0.1584058403968811,0.4566314220428467,-0.4133610427379608,0.03,1.2295176982879639,-0.11545180529356003,0.31848013401031494,0.031163280829787254,0.10832086950540543,-0.10894086211919785,0.9876372218132019,0,0,0,0,0,0,0,0,0,0,0,0,0,0
11.273431777954102,2.0,0.017652273178100586,-0.08232574164867401,-0.01808542013168335,0.08233466744422913,-0.3971911072731018,0.1584058403968811,0.4566314220428467,-0.4133610427379608,0.03,1.2295176982879639,-0.11545180529356003,0.31848013401031494,0.031163280829787254,0.10832086950540543,-0.10894086211919785,0.9876372218132019,0,0,0,0,0,0,0,0,0,0,0,0,0,0
11.274533748626709,2.0,0.017652273178100586,-0.08232574164867401,-0.01808542013168335,0.08233466744422913,-0.3971911072731018,0.1584058403968811,0.4566314220428467,-0.4133610427379608,0.03,1.2295176982879639,-0.11545180529356003,0.31848013401031494,0.031163280829787254,0.10832086950540543,-0.10894086211919785,0.9876372218132019,0,0,0,0,0,0,0,0,0,0,0,0,0,0
11.275640726089478,2.0,0.017652273178100586,-0.08232574164867401,-0.01808542013168335,0.08233466744422913,-0.3971911072731018,0.1584058403968811,0.4566314220428467,-0.4133610427379608,0.03,1.2295176982879639,-0.11545180529356003,0.31848013401031494,0.031163280829787254,0.10832086950540543,-0.10894086211919785,0.9876372218132019,0,0,0,0,0,0,0,0,0,0,0,0,0,0
11.27686357498169,2.0,0.017652273178100586,-0.08232574164867401,-0.01808542013168335,0.08233466744422913,-0.3971911072731018,0.1584058403968811,0.4566314220428467,-0.4133610427379608,0.03,1.2295176982879639,-0.11545180529356003,0.31848013401031494,0.031163280829787254,0.10832086950540543,-0.10894086211919785,0.9876372218132019,0,0,0,0,0,0,0,0,0,0,0,0,0,0
11.278041362762451,2.0,0.017652273178100586,-0.08232574164867401,-0.01808542013168335,0.08233466744422913,-0.3971911072731018,0.1584058403968811,0.4566314220428467,-0.4133610427379608,0.03,1.2295176982879639,-0.11545180529356003,0.31848013401031494,0.031163280829787254,0.10832086950540543,-0.10894086211919785,0.9876372218132019,0,0,0,0,0,0,0,0,0,0,0,0,0,0
11.279195308685303,2.0,0.017652273178100586,-0.08232574164867401,-0.01808542013168335,0.08233466744422913,-0.3971911072731018,0.1584058403968811,0.4566314220428467,-0.4133610427379608,0.03,1.2295176982879639,-0.11545180529356003,0.31848013401031494,0.031163280829787254,0.10832086950540543,-0.10894086211919785,0.9876372218132019,0,0,0,0,0,0,0,0,0,0,0,0,0,0
11.280306339263916,2.0,0.017652273178100586,-0.08232574164867401,-0.01808542013168335,0.08233466744422913,-0.3971911072731018,0.1584058403968811,0.4566314220428467,-0.4133610427379608,0.03,1.2295176982879639,-0.11545180529356003,0.31848013401031494,0.031163280829787254,0.10832086950540543,-0.10894086211919785,0.9876372218132019,0,0,0,0,0,0,0,0,0,0,0,0,0,0
11.28138780593872,2.0,0.017652273178100586,-0.08232574164867401,-0.01808542013168335,0.08233466744422913,-0.3971911072731018,0.1584058403968811,0.4566314220428467,-0.4133610427379608,0.03,1.2295176982879639,-0.11545180529356003,0.31848013401031494,0.031163280829787254,0.10832086950540543,-0.10894086211919785,0.9876372218132019,0,0,0,0,0,0,0,0,0,0,0,0,0,0
11.282472610473633,2.0,0.017652273178100586,-0.08232574164867401,-0.01808542013168335,0.08233466744422913,-0.3971911072731018,0.1584058403968811,0.4566314220428467,-0.4133610427379608,0.03,1.2295176982879639,-0.11545180529356003,0.31848013401031494,0.031163280829787254,0.10832086950540543,-0.10894086211919785,0.9876372218132019,0,0,0,0,0,0,0,0,0,0,0,0,0,0
11.283571243286133,2.0,0.017652273178100586,-0.08232574164867401,-0.01808542013168335,0.08233466744422913,-0.3971911072731018,0.1584058403968811,0.4566314220428467,-0.4133610427379608,0.03,1.2295176982879639,-0.11545180529356003,0.31848013401031494,0.031163280829787254,0.10832086950540543,-0.10894086211919785,0.9876372218132019,0,0,0,0,0,0,0,0,0,0,0,0,0,0
11.284655570983887,2.0,0.017652273178100586,-0.08232574164867401,-0.01808542013168335,0.08233466744422913,-0.3971911072731018,0.1584058403968811,0.4566314220428467,-0.4133610427379608,0.03,1.2295176982879639,-0.11545180529356003,0.31848013401031494,0.031163280829787254,0.10832086950540543,-0.10894086211919785,0.9876372218132019,0,0,0,0,0,0,0,0,0,0,0,0,0,0
11.285736799240112,2.0,0.017652273178100586,-0.08232574164867401,-0.01808542013168335,0.08233466744422913,-0.3971911072731018,0.1584058403968811,0.4566314220428467,-0.4133610427379608,0.03,1.2295176982879639,-0.11545180529356003,0.31848013401031494,0.031163280829787254,0.10832086950540543,-0.10894086211919785,0.9876372218132019,0,0,0,0,0,0,0,0,0,0,0,0,0,0
11.286823749542236,2.0,0.017652273178100586,-0.08232574164867401,-0.01808542013168335,0.08233466744422913,-0.3971911072731018,0.1584058403968811,0.4566314220428467,-0.4133610427379608,0.03,1.2295176982879639,-0.11545180529356003,0.31848013401031494,0.031163280829787254,0.10832086950540543,-0.10894086211919785,0.9876372218132019,0,0,0,0,0,0,0,0,0,0,0,0,0,0
11.288389682769775,2.0,0.017652273178100586,-0.08232574164867401,-0.01808542013168335,0.08233466744422913,-0.3971911072731018,0.1584058403968811,0.4566314220428467,-0.4133610427379608,0.03,1.2295176982879639,-0.11545180529356003,0.31848013401031494,0.031163280829787254,0.10832086950540543,-0.10894086211919785,0.9876372218132019,0,0,0,0,0,0,0,0,0,0,0,0,0,0
11.289506673812866,2.0,0.017652273178100586,-0.08232574164867401,-0.01808542013168335,0.08233466744422913,-0.3971911072731018,0.1584058403968811,0.4566314220428467,-0.4133610427379608,0.03,1.2295176982879639,-0.11545180529356003,0.31848013401031494,0.031163280829787254,0.10832086950540543,-0.10894086211919785,0.9876372218132019,0,0,0,0,0,0,0,0,0,0,0,0,0,0
11.29078197479248,2.0,0.017652273178100586,-0.08232574164867401,-0.01808542013168335,0.08233466744422913,-0.3971911072731018,0.1584058403968811,0.4566314220428467,-0.4133610427379608,0.03,1.2295176982879639,-0.11545180529356003,0.31848013401031494,0.031163280829787254,0.10832086950540543,-0.10894086211919785,0.9876372218132019,0,0,0,0,0,0,0,0,0,0,0,0,0,0
11.291886568069458,2.0,0.017652273178100586,-0.08232574164867401,-0.01808542013168335,0.08233466744422913,-0.3971911072731018,0.1584058403968811,0.4566314220428467,-0.4133610427379608,0.03,1.2295176982879639,-0.11545180529356003,0.31848013401031494,0.031163280829787254,0.10832086950540543,-0.10894086211919785,0.9876372218132019,0,0,0,0,0,0,0,0,0,0,0,0,0,0
11.29340147972107,2.0,0.017652273178100586,-0.08232574164867401,-0.01808542013168335,0.08233466744422913,-0.3971911072731018,0.1584058403968811,0.4566314220428467,-0.4133610427379608,0.03,1.2295176982879639,-0.11545180529356003,0.31848013401031494,0.031163280829787254,0.10832086950540543,-0.10894086211919785,0.9876372218132019,0,0,0,0,0,0,0,0,0,0,0,0,0,0
11.294631958007812,2.0,0.017652273178100586,-0.08232574164867401,-0.01808542013168335,0.08233466744422913,-0.3971911072731018,0.1584058403968811,0.4566314220428467,-0.4133610427379608,0.03,1.2295176982879639,-0.11545180529356003,0.31848013401031494,0.031163280829787254,0.10832086950540543,-0.10894086211919785,0.9876372218132019,0,0,0,0,0,0,0,0,0,0,0,0,0,0
11.295912027359009,2.0,0.017652273178100586,-0.08232574164867401,-0.01808542013168335,0.08233466744422913,-0.3971911072731018,0.1584058403968811,0.4566314220428467,-0.4133610427379608,0.03,1.2295176982879639,-0.11545180529356003,0.31848013401031494,0.031163280829787254,0.10832086950540543,-0.10894086211919785,0.9876372218132019,0,0,0,0,0,0,0,0,0,0,0,0,0,0
11.297152280807495,2.0,0.017652273178100586,-0.08232574164867401,-0.01808542013168335,0.08233466744422913,-0.3971911072731018,0.1584058403968811,0.4566314220428467,-0.4133610427379608,0.03,1.2295176982879639,-0.11545180529356003,0.31848013401031494,0.031163280829787254,0.10832086950540543,-0.10894086211919785,0.9876372218132019,0,0,0,0,0,0,0,0,0,0,0,0,0,0
11.29890751838684,2.0,0.017652273178100586,-0.08232574164867401,-0.01808542013168335,0.08233466744422913,-0.3971911072731018,0.1584058403968811,0.4566314220428467,-0.4133610427379608,0.03,1.2295176982879639,-0.11545180529356003,0.31848013401031494,0.031163280829787254,0.10832086950540543,-0.10894086211919785,0.9876372218132019,0,0,0,0,0,0,0,0,0,0,0,0,0,0
11.300212621688843,2.0,0.017652273178100586,-0.08232574164867401,-0.01808542013168335,0.08233466744422913,-0.3971911072731018,0.1584058403968811,0.4566314220428467,-0.4133610427379608,0.03,1.2295176982879639,-0.11545180529356003,0.31848013401031494,0.031163280829787254,0.10832086950540543,-0.10894086211919785,0.9876372218132019,0,0,0,0,0,0,0,0,0,0,0,0,0,0
11.301411867141724,2.0,0.017652273178100586,-0.08232574164867401,-0.01808542013168335,0.08233466744422913,-0.3971911072731018,0.1584058403968811,0.4566314220428467,-0.4133610427379608,0.03,1.2295176982879639,-0.11545180529356003,0.31848013401031494,0.031163280829787254,0.10832086950540543,-0.10894086211919785,0.9876372218132019,0,0,0,0,0,0,0,0,0,0,0,0,0,0
11.30318307876587,2.0,0.017652273178100586,-0.08232574164867401,-0.01808542013168335,0.08233466744422913,-0.3971911072731018,0.1584058403968811,0.4566314220428467,-0.4133610427379608,0.03,1.2295176982879639,-0.11545180529356003,0.31848013401031494,0.031163280829787254,0.10832086950540543,-0.10894086211919785,0.9876372218132019,0,0,0,0,0,0,0,0,0,0,0,0,0,0
11.30427622795105,2.0,0.017652273178100586,-0.08232574164867401,-0.01808542013168335,0.08233466744422913,-0.3971911072731018,0.1584058403968811,0.4566314220428467,-0.4133610427379608,0.03,1.2295176982879639,-0.11545180529356003,0.31848013401031494,0.031163280829787254,0.10832086950540543,-0.10894086211919785,0.9876372218132019,0,0,0,0,0,0,0,0,0,0,0,0,0,0
11.306123971939087,2.0,0.017652273178100586,-0.08232574164867401,-0.01808542013168335,0.08233466744422913,-0.3971911072731018,0.1584058403968811,0.4566314220428467,-0.4133610427379608,0.03,1.2295176982879639,-0.11545180529356003,0.31848013401031494,0.031163280829787254,0.10832086950540543,-0.10894086211919785,0.9876372218132019,0,0,0,0,0,0,0,0,0,0,0,0,0,0
11.30720067024231,2.0,0.017652273178100586,-0.08232574164867401,-0.01808542013168335,0.08233466744422913,-0.3971911072731018,0.1584058403968811,0.4566314220428467,-0.4133610427379608,0.03,1.2295176982879639,-0.11545180529356003,0.31848013401031494,0.031163280829787254,0.10832086950540543,-0.10894086211919785,0.9876372218132019,0,0,0,0,0,0,0,0,0,0,0,0,0,0
11.308287382125854,2.0,0.017652273178100586,-0.08232574164867401,-0.01808542013168335,0.08233466744422913,-0.3971911072731018,0.1584058403968811,0.4566314220428467,-0.4133610427379608,0.03,1.2295176982879639,-0.11545180529356003,0.31848013401031494,0.031163280829787254,0.10832086950540543,-0.10894086211919785,0.9876372218132019,0,0,0,0,0,0,0,0,0,0,0,0,0,0
11.309449434280396,2.0,0.017652273178100586,-0.08232574164867401,-0.01808542013168335,0.08233466744422913,-0.3971911072731018,0.1584058403968811,0.4566314220428467,-0.4133610427379608,0.03,1.2295176982879639,-0.11545180529356003,0.31848013401031494,0.031163280829787254,0.10832086950540543,-0.10894086211919785,0.9876372218132019,0,0,0,0,0,0,0,0,0,0,0,0,0,0
11.310506343841553,2.0,0.017652273178100586,-0.08232574164867401,-0.01808542013168335,0.08233466744422913,-0.3971911072731018,0.1584058403968811,0.4566314220428467,-0.4133610427379608,0.03,1.2295176982879639,-0.11545180529356003,0.31848013401031494,0.031163280829787254,0.10832086950540543,-0.10894086211919785,0.9876372218132019,0,0,0,0,0,0,0,0,0,0,0,0,0,0
11.311664819717407,2.0,0.017652273178100586,-0.08232574164867401,-0.01808542013168335,0.08233466744422913,-0.3971911072731018,0.1584058403968811,0.4566314220428467,-0.4133610427379608,0.03,1.2295176982879639,-0.11545180529356003,0.31848013401031494,0.031163280829787254,0.10832086950540543,-0.10894086211919785,0.9876372218132019,0,0,0,0,0,0,0,0,0,0,0,0,0,0
11.313167810440063,2.0,0.017652273178100586,-0.08232574164867401,-0.01808542013168335,0.08233466744422913,-0.3971911072731018,0.1584058403968811,0.4566314220428467,-0.4133610427379608,0.03,1.2295176982879639,-0.11545180529356003,0.31848013401031494,0.031163280829787254,0.10832086950540543,-0.10894086211919785,0.9876372218132019,0,0,0,0,0,0,0,0,0,0,0,0,0,0
11.317264318466187,2.0,0.021144509315490723,-0.0822213739156723,-0.02130526304244995,0.08238208293914795,-0.7252486944198608,0.40798264741897583,-0.2423803061246872,-0.53934246301651,0.03,1.2295358180999756,-0.11555217206478119,0.3184138238430023,0.030036374926567078,0.10853108018636703,-0.11301868408918381,0.9871907234191895,0,0,0,0,0,0,0,0,0,0,0,0,0,0
11.320225954055786,2.0,0.02526259422302246,-0.08219671249389648,-0.02619349956512451,0.08233129978179932,-1.0422337055206299,0.42657166719436646,0.16949787735939026,-0.5966106653213501,0.03,1.2295503616333008,-0.11564064025878906,0.31835371255874634,0.028023893013596535,0.10874876379966736,-0.12085200101137161,0.9862977266311646,0,0,0,0,0,0,0,0,0,0,0,0,0,0
11.321444511413574,2.0,0.028696537017822266,-0.08222571015357971,-0.02985161542892456,0.08238525688648224,-0.9404615759849548,0.4236067533493042,0.5093827843666077,-0.5581883788108826,0.03,1.2295784950256348,-0.11551141738891602,0.3184638023376465,0.029194697737693787,0.10858432203531265,-0.11654119938611984,0.9868005514144897,0,0,0,0,0,0,0,0,0,0,0,0,0,0
11.322830438613892,2.0,0.028696537017822266,-0.08222571015357971,-0.02985161542892456,0.08238525688648224,-0.9404615759849548,0.4236067533493042,0.5093827843666077,-0.5581883788108826,0.03,1.2295784950256348,-0.11551141738891602,0.3184638023376465,0.029194697737693787,0.10858432203531265,-0.11654119938611984,0.9868005514144897,0,0,0,0,0,0,0,0,0,0,0,0,0,0
11.324161767959595,2.0,0.028696537017822266,-0.08222571015357971,-0.02985161542892456,0.08238525688648224,-0.9404615759849548,0.4236067533493042,0.5093827843666077,-0.5581883788108826,0.03,1.2295784950256348,-0.11551141738891602,0.3184638023376465,0.029194697737693787,0.10858432203531265,-0.11654119938611984,0.9868005514144897,0,0,0,0,0,0,0,0,0,0,0,0,0,0
11.325899839401245,2.0,0.028696537017822266,-0.08222571015357971,-0.02985161542892456,0.08238525688648224,-0.9404615759849548,0.4236067533493042,0.5093827843666077,-0.5581883788108826,0.03,1.2295784950256348,-0.11551141738891602,0.3184638023376465,0.029194697737693787,0.10858432203531265,-0.11654119938611984,0.9868005514144897,0,0,0,0,0,0,0,0,0,0,0,0,0,0
11.327349185943604,2.0,0.028696537017822266,-0.08222571015357971,-0.02985161542892456,0.08238525688648224,-0.9404615759849548,0.4236067533493042,0.5093827843666077,-0.5581883788108826,0.03,1.2295784950256348,-0.11551141738891602,0.3184638023376465,0.029194697737693787,0.10858432203531265,-0.11654119938611984,0.9868005514144897,0,0,0,0,0,0,0,0,0,0,0,0,0,0
11.32867956161499,2.0,0.028696537017822266,-0.08222571015357971,-0.02985161542892456,0.08238525688648224,-0.9404615759849548,0.4236067533493042,0.5093827843666077,-0.5581883788108826,0.03,1.2295784950256348,-0.11551141738891602,0.3184638023376465,0.029194697737693787,0.10858432203531265,-0.11654119938611984,0.9868005514144897,0,0,0,0,0,0,0,0,0,0,0,0,0,0
11.330415725708008,2.0,0.028696537017822266,-0.08222571015357971,-0.02985161542892456,0.08238525688648224,-0.9404615759849548,0.4236067533493042,0.5093827843666077,-0.5581883788108826,0.03,1.2295784950256348,-0.11551141738891602,0.3184638023376465,0.029194697737693787,0.10858432203531265,-0.11654119938611984,0.9868005514144897,0,0,0,0,0,0,0,0,0,0,0,0,0,0
11.331608533859253,2.0,0.028696537017822266,-0.08222571015357971,-0.02985161542892456,0.08238525688648224,-0.9404615759849548,0.4236067533493042,0.5093827843666077,-0.5581883788108826,0.03,1.2295784950256348,-0.11551141738891602,0.3184638023376465,0.029194697737693787,0.10858432203531265,-0.11654119938611984,0.9868005514144897,0,0,0,0,0,0,0,0,0,0,0,0,0,0
11.332674741744995,2.0,0.028696537017822266,-0.08222571015357971,-0.02985161542892456,0.08238525688648224,-0.9404615759849548,0.4236067533493042,0.5093827843666077,-0.5581883788108826,0.03,1.2295784950256348,-0.11551141738891602,0.3184638023376465,0.029194697737693787,0.10858432203531265,-0.11654119938611984,0.9868005514144897,0,0,0,0,0,0,0,0,0,0,0,0,0,0
11.333766460418701,2.0,0.028696537017822266,-0.08222571015357971,-0.02985161542892456,0.08238525688648224,-0.9404615759849548,0.4236067533493042,0.5093827843666077,-0.5581883788108826,0.03,1.2295784950256348,-0.11551141738891602,0.3184638023376465,0.029194697737693787,0.10858432203531265,-0.11654119938611984,0.9868005514144897,0,0,0,0,0,0,0,0,0,0,0,0,0,0
11.33509087562561,2.0,0.028696537017822266,-0.08222571015357971,-0.02985161542892456,0.08238525688648224,-0.9404615759849548,0.4236067533493042,0.5093827843666077,-0.5581883788108826,0.03,1.2295784950256348,-0.11551141738891602,0.3184638023376465,0.029194697737693787,0.10858432203531265,-0.11654119938611984,0.9868005514144897,0,0,0,0,0,0,0,0,0,0,0,0,0,0
11.33619499206543,2.0,0.028696537017822266,-0.08222571015357971,-0.02985161542892456,0.08238525688648224,-0.9404615759849548,0.4236067533493042,0.5093827843666077,-0.5581883788108826,0.03,1.2295784950256348,-0.11551141738891602,0.3184638023376465,0.029194697737693787,0.10858432203531265,-0.11654119938611984,0.9868005514144897,0,0,0,0,0,0,0,0,0,0,0,0,0,0
11.337476253509521,2.0,0.028696537017822266,-0.08222571015357971,-0.02985161542892456,0.08238525688648224,-0.9404615759849548,0.4236067533493042,0.5093827843666077,-0.5581883788108826,0.03,1.229507565498352,-0.11564141511917114,0.3182111382484436,0.029566962271928787,0.10871358960866928,-0.11364660412073135,0.987112820148468,0,0,0,0,0,0,0,0,0,0,0,0,0,0
11.339522361755371,2.0,0.028696537017822266,-0.08222571015357971,-0.02985161542892456,0.08238525688648224,-0.9404615759849548,0.4236067533493042,0.5093827843666077,-0.5581883788108826,0.03,1.229507565498352,-0.11564141511917114,0.3182111382484436,0.029566962271928787,0.10871358960866928,-0.11364660412073135,0.987112820148468,0,0,0,0,0,0,0,0,0,0,0,0,0,0
11.341506481170654,2.0,0.028696537017822266,-0.08222571015357971,-0.02985161542892456,0.08238525688648224,-0.9404615759849548,0.4236067533493042,0.5093827843666077,-0.5581883788108826,0.03,1.229507565498352,-0.11564141511917114,0.3182111382484436,0.029566962271928787,0.10871358960866928,-0.11364660412073135,0.987112820148468,0,0,0,0,0,0,0,0,0,0,0,0,0,0
11.344603538513184,2.0,0.028696537017822266,-0.08222571015357971,-0.02985161542892456,0.08238525688648224,-0.9404615759849548,0.4236067533493042,0.5093827843666077,-0.5581883788108826,0.03,1.229507565498352,-0.11564141511917114,0.3182111382484436,0.029566962271928787,0.10871358960866928,-0.11364660412073135,0.987112820148468,0,0,0,0,0,0,0,0,0,0,0,0,0,0
11.34600281715393,2.0,0.028696537017822266,-0.08222571015357971,-0.02985161542892456,0.08238525688648224,-0.9404615759849548,0.4236067533493042,0.5093827843666077,-0.5581883788108826,0.03,1.229507565498352,-0.11564141511917114,0.3182111382484436,0.029566962271928787,0.10871358960866928,-0.11364660412073135,0.987112820148468,0,0,0,0,0,0,0,0,0,0,0,0,0,0
11.347486019134521,2.0,0.028696537017822266,-0.08222571015357971,-0.02985161542892456,0.08238525688648224,-0.9404615759849548,0.4236067533493042,0.5093827843666077,-0.5581883788108826,0.03,1.229507565498352,-0.11564141511917114,0.3182111382484436,0.029566962271928787,0.10871358960866928,-0.11364660412073135,0.987112820148468,0,0,0,0,0,0,0,0,0,0,0,0,0,0
11.348660707473755,2.0,0.028696537017822266,-0.08222571015357971,-0.02985161542892456,0.08238525688648224,-0.9404615759849548,0.4236067533493042,0.5093827843666077,-0.5581883788108826,0.03,1.229507565498352,-0.11564141511917114,0.3182111382484436,0.029566962271928787,0.10871358960866928,-0.11364660412073135,0.987112820148468,0,0,0,0,0,0,0,0,0,0,0,0,0,0
11.349780797958374,2.0,0.028696537017822266,-0.08222571015357971,-0.02985161542892456,0.08238525688648224,-0.9404615759849548,0.4236067533493042,0.5093827843666077,-0.5581883788108826,0.03,1.229507565498352,-0.11564141511917114,0.3182111382484436,0.029566962271928787,0.10871358960866928,-0.11364660412073135,0.987112820148468,0,0,0,0,0,0,0,0,0,0,0,0,0,0
11.351038694381714,2.0,0.028696537017822266,-0.08222571015357971,-0.02985161542892456,0.08238525688648224,-0.9404615759849548,0.4236067533493042,0.5093827843666077,-0.5581883788108826,0.03,1.229507565498352,-0.11564141511917114,0.3182111382484436,0.029566962271928787,0.10871358960866928,-0.11364660412073135,0.987112820148468,0,0,0,0,0,0,0,0,0,0,0,0,0,0
11.3521409034729,2.0,0.028696537017822266,-0.08222571015357971,-0.02985161542892456,0.08238525688648224,-0.9404615759849548,0.4236067533493042,0.5093827843666077,-0.5581883788108826,0.03,1.229507565498352,-0.11564141511917114,0.3182111382484436,0.029566962271928787,0.10871358960866928,-0.11364660412073135,0.987112820148468,0,0,0,0,0,0,0,0,0,0,0,0,0,0
11.353318929672241,2.0,0.028696537017822266,-0.08222571015357971,-0.02985161542892456,0.08238525688648224,-0.9404615759849548,0.4236067533493042,0.5093827843666077,-0.5581883788108826,0.03,1.229507565498352,-0.11564141511917114,0.3182111382484436,0.029566962271928787,0.10871358960866928,-0.11364660412073135,0.987112820148468,0,0,0,0,0,0,0,0,0,0,0,0,0,0
11.354756832122803,2.0,0.028696537017822266,-0.08222571015357971,-0.02985161542892456,0.08238525688648224,-0.9404615759849548,0.4236067533493042,0.5093827843666077,-0.5581883788108826,0.03,1.229507565498352,-0.11564141511917114,0.3182111382484436,0.029566962271928787,0.10871358960866928,-0.11364660412073135,0.987112820148468,0,0,0,0,0,0,0,0,0,0,0,0,0,0
11.355857849121094,2.0,0.028696537017822266,-0.08222571015357971,-0.02985161542892456,0.08238525688648224,-0.9404615759849548,0.4236067533493042,0.5093827843666077,-0.5581883788108826,0.03,1.229507565498352,-0.11564141511917114,0.3182111382484436,0.029566962271928787,0.10871358960866928,-0.11364660412073135,0.987112820148468,0,0,0,0,0,0,0,0,0,0,0,0,0,0
11.357550859451294,2.0,0.028696537017822266,-0.08222571015357971,-0.02985161542892456,0.08238525688648224,-0.9404615759849548,0.4236067533493042,0.5093827843666077,-0.5581883788108826,0.03,1.229507565498352,-0.11564141511917114,0.3182111382484436,0.029566962271928787,0.10871358960866928,-0.11364660412073135,0.987112820148468,0,0,0,0,0,0,0,0,0,0,0,0,0,0
11.358638286590576,2.0,0.028696537017822266,-0.08222571015357971,-0.02985161542892456,0.08238525688648224,-0.9404615759849548,0.4236067533493042,0.5093827843666077,-0.5581883788108826,0.03,1.229507565498352,-0.11564141511917114,0.3182111382484436,0.029566962271928787,0.10871358960866928,-0.11364660412073135,0.987112820148468,0,0,0,0,0,0,0,0,0,0,0,0,0,0
11.360154628753662,2.0,0.030434489250183105,-0.08221621811389923,-0.03170984983444214,0.08238467574119568,-0.9566258192062378,0.4520427882671356,0.5834308862686157,-0.5716732740402222,0.03,1.229507565498352,-0.11564141511917114,0.3182111382484436,0.029566962271928787,0.10871358960866928,-0.11364660412073135,0.987112820148468,0,0,0,0,0,0,0,0,0,0,0,0,0,0
11.361304759979248,2.0,0.032602548599243164,-0.08221246302127838,-0.033949077129364014,0.08238524198532104,-1.133440375328064,0.47465869784355164,0.4215570390224457,-0.5767154693603516,0.03,1.2294942140579224,-0.1156575009226799,0.3182060420513153,0.030222199857234955,0.10860107094049454,-0.11056612432003021,0.9874550700187683,0,0,0,0,0,0,0,0,0,0,0,0,0,0
11.36239218711853,2.0,0.03312528133392334,-0.0822272002696991,-0.03467106819152832,0.08238524198532104,-1.3338496685028076,0.43538498878479004,0.3363138437271118,-0.5793327689170837,0.03,1.2294942140579224,-0.1156575009226799,0.3182060420513153,0.030222199857234955,0.10860107094049454,-0.11056612432003021,0.9874550700187683,0,0,0,0,0,0,0,0,0,0,0,0,0,0
11.363829374313354,2.0,0.03312528133392334,-0.0822272002696991,-0.03467106819152832,0.08238524198532104,-1.3338496685028076,0.43538498878479004,0.3363138437271118,-0.5793327689170837,0.03,1.2294942140579224,-0.1156575009226799,0.3182060420513153,0.030222199857234955,0.10860107094049454,-0.11056612432003021,0.9874550700187683,0,0,0,0,0,0,0,0,0,0,0,0,0,0
11.364917039871216,2.0,0.03312528133392334,-0.0822272002696991,-0.03467106819152832,0.08238524198532104,-1.3338496685028076,0.43538498878479004,0.3363138437271118,-0.5793327689170837,0.03,1.2294942140579224,-0.1156575009226799,0.3182060420513153,0.030222199857234955,0.10860107094049454,-0.11056612432003021,0.9874550700187683,0,0,0,0,0,0,0,0,0,0,0,0,0,0
11.366008520126343,2.0,0.03312528133392334,-0.0822272002696991,-0.03467106819152832,0.08238524198532104,-1.3338496685028076,0.43538498878479004,0.3363138437271118,-0.5793327689170837,0.03,1.2294942140579224,-0.1156575009226799,0.3182060420513153,0.030222199857234955,0.10860107094049454,-0.11056612432003021,0.9874550700187683,0,0,0,0,0,0,0,0,0,0,0,0,0,0
11.367096185684204,2.0,0.03312528133392334,-0.0822272002696991,-0.03467106819152832,0.08238524198532104,-1.3338496685028076,0.43538498878479004,0.3363138437271118,-0.5793327689170837,0.03,1.2294942140579224,-0.1156575009226799,0.3182060420513153,0.030222199857234955,0.10860107094049454,-0.11056612432003021,0.9874550700187683,0,0,0,0,0,0,0,0,0,0,0,0,0,0
11.368162631988525,2.0,0.033957839012145996,-0.08219809830188751,-0.0351983904838562,0.08238323032855988,-1.390245795249939,0.5019400715827942,0.28542184829711914,-0.5838012099266052,0.03,1.2294942140579224,-0.1156575009226799,0.3182060420513153,0.030222199857234955,0.10860107094049454,-0.11056612432003021,0.9874550700187683,0,0,0,0,0,0,0,0,0,0,0,0,0,0
11.369466781616211,2.0,0.03574264049530029,-0.0822136402130127,-0.03692978620529175,0.08238525688648224,-1.4110150337219238,0.4676625728607178,0.039012208580970764,-0.592438817024231,0.03,1.2295405864715576,-0.1156093180179596,0.31833794713020325,0.029139041900634766,0.10863000154495239,-0.11423145979642868,0.9870672821998596,0,0,0,0,0,0,0,0,0,0,0,0,0,0
11.370611667633057,2.0,0.03574264049530029,-0.0822136402130127,-0.03692978620529175,0.08238525688648224,-1.4110150337219238,0.4676625728607178,0.039012208580970764,-0.592438817024231,0.03,1.2295405864715576,-0.1156093180179596,0.31833794713020325,0.029139041900634766,0.10863000154495239,-0.11423145979642868,0.9870672821998596,0,0,0,0,0,0,0,0,0,0,0,0,0,0
11.371961832046509,2.0,0.03574264049530029,-0.0822136402130127,-0.03692978620529175,0.08238525688648224,-1.4110150337219238,0.4676625728607178,0.039012208580970764,-0.592438817024231,0.03,1.2295405864715576,-0.1156093180179596,0.31833794713020325,0.029139041900634766,0.10863000154495239,-0.11423145979642868,0.9870672821998596,0,0,0,0,0,0,0,0,0,0,0,0,0,0
11.373275995254517,2.0,0.03574264049530029,-0.0822136402130127,-0.03692978620529175,0.08238525688648224,-1.4110150337219238,0.4676625728607178,0.039012208580970764,-0.592438817024231,0.03,1.2295405864715576,-0.1156093180179596,0.31833794713020325,0.029139041900634766,0.10863000154495239,-0.11423145979642868,0.9870672821998596,0,0,0,0,0,0,0,0,0,0,0,0,0,0
11.376110076904297,2.0,0.03574264049530029,-0.0822136402130127,-0.03692978620529175,0.08238525688648224,-1.4110150337219238,0.4676625728607178,0.039012208580970764,-0.592438817024231,0.03,1.2295405864715576,-0.1156093180179596,0.31833794713020325,0.029139041900634766,0.10863000154495239,-0.11423145979642868,0.9870672821998596,0,0,0,0,0,0,0,0,0,0,0,0,0,0
11.378742218017578,2.0,0.03574264049530029,-0.0822136402130127,-0.03692978620529175,0.08238525688648224,-1.4110150337219238,0.4676625728607178,0.039012208580970764,-0.592438817024231,0.03,1.2295405864715576,-0.1156093180179596,0.31833794713020325,0.029139041900634766,0.10863000154495239,-0.11423145979642868,0.9870672821998596,0,0,0,0,0,0,0,0,0,0,0,0,0,0
11.379806518554688,2.0,0.03574264049530029,-0.0822136402130127,-0.03692978620529175,0.08238525688648224,-1.4110150337219238,0.4676625728607178,0.039012208580970764,-0.592438817024231,0.03,1.2295405864715576,-0.1156093180179596,0.31833794713020325,0.029139041900634766,0.10863000154495239,-0.11423145979642868,0.9870672821998596,0,0,0,0,0,0,0,0,0,0,0,0,0,0
11.381488561630249,2.0,0.03648710250854492,-0.08222416043281555,-0.03762030601501465,0.08237755298614502,-1.4873042106628418,0.4607944190502167,-0.14242124557495117,-0.6105387210845947,0.03,1.2295405864715576,-0.1156093180179596,0.31833794713020325,0.029139041900634766,0.10863000154495239,-0.11423145979642868,0.9870672821998596,0,0,0,0,0,0,0,0,0,0,0,0,0,0
11.382697820663452,2.0,0.03697699308395386,-0.08222043514251709,-0.03835099935531616,0.08238348364830017,-1.7196203470230103,0.46976596117019653,-0.11890653520822525,-0.5991960763931274,0.03,1.2295405864715576,-0.1156093180179596,0.31833794713020325,0.029139041900634766,0.10863000154495239,-0.11423145979642868,0.9870672821998596,0,0,0,0,0,0,0,0,0,0,0,0,0,0
11.385099411010742,2.0,0.03697699308395386,-0.08222043514251709,-0.03835099935531616,0.08238348364830017,-1.7196203470230103,0.46976596117019653,-0.11890653520822525,-0.5991960763931274,0.03,1.2295405864715576,-0.1156093180179596,0.31833794713020325,0.029139041900634766,0.10863000154495239,-0.11423145979642868,0.9870672821998596,0,0,0,0,0,0,0,0,0,0,0,0,0,0
11.386862754821777,2.0,0.03697699308395386,-0.08222043514251709,-0.03835099935531616,0.08238348364830017,-1.7196203470230103,0.46976596117019653,-0.11890653520822525,-0.5991960763931274,0.03,1.2295405864715576,-0.1156093180179596,0.31833794713020325,0.029139041900634766,0.10863000154495239,-0.11423145979642868,0.9870672821998596,0,0,0,0,0,0,0,0,0,0,0,0,0,0
11.387956857681274,2.0,0.03697699308395386,-0.08222043514251709,-0.03835099935531616,0.08238348364830017,-1.7196203470230103,0.46976596117019653,-0.11890653520822525,-0.5991960763931274,0.03,1.2295405864715576,-0.1156093180179596,0.31833794713020325,0.029139041900634766,0.10863000154495239,-0.11423145979642868,0.9870672821998596,0,0,0,0,0,0,0,0,0,0,0,0,0,0
11.389873504638672,2.0,0.03697699308395386,-0.08222043514251709,-0.03835099935531616,0.08238348364830017,-1.7196203470230103,0.46976596117019653,-0.11890653520822525,-0.5991960763931274,0.03,1.2295405864715576,-0.1156093180179596,0.31833794713020325,0.029139041900634766,0.10863000154495239,-0.11423145979642868,0.9870672821998596,0,0,0,0,0,0,0,0,0,0,0,0,0,0
11.39100193977356,2.0,0.04609709978103638,-0.08231858909130096,-0.04883909225463867,0.08238524198532104,-3.0340566635131836,0.447745144367218,-0.012618103995919228,-0.649199366569519,0.03,1.2295405864715576,-0.1156093180179596,0.31833794713020325,0.029139041900634766,0.10863000154495239,-0.11423145979642868,0.9870672821998596,0,0,0,0,0,0,0,0,0,0,0,0,0,0
11.392253398895264,2.0,0.04609709978103638,-0.08231858909130096,-0.04883909225463867,0.08238524198532104,-3.0340566635131836,0.447745144367218,-0.012618103995919228,-0.649199366569519,0.03,1.2295405864715576,-0.1156093180179596,0.31833794713020325,0.029139041900634766,0.10863000154495239,-0.11423145979642868,0.9870672821998596,0,0,0,0,0,0,0,0,0,0,0,0,0,0
11.393887758255005,2.0,0.04609709978103638,-0.08231858909130096,-0.04883909225463867,0.08238524198532104,-3.0340566635131836,0.447745144367218,-0.012618103995919228,-0.649199366569519,0.03,1.2295405864715576,-0.1156093180179596,0.31833794713020325,0.029139041900634766,0.10863000154495239,-0.11423145979642868,0.9870672821998596,0,0,0,0,0,0,0,0,0,0,0,0,0,0
11.394980192184448,2.0,0.04609709978103638,-0.08231858909130096,-0.04883909225463867,0.08238524198532104,-3.0340566635131836,0.447745144367218,-0.012618103995919228,-0.649199366569519,0.03,1.2295405864715576,-0.1156093180179596,0.31833794713020325,0.029139041900634766,0.10863000154495239,-0.11423145979642868,0.9870672821998596,0,0,0,0,0,0,0,0,0,0,0,0,0,0
11.396066665649414,2.0,0.04609709978103638,-0.08231858909130096,-0.04883909225463867,0.08238524198532104,-3.0340566635131836,0.447745144367218,-0.012618103995919228,-0.649199366569519,0.03,1.2295405864715576,-0.1156093180179596,0.31833794713020325,0.029139041900634766,0.10863000154495239,-0.11423145979642868,0.9870672821998596,0,0,0,0,0,0,0,0,0,0,0,0,0,0
11.397443532943726,2.0,0.04609709978103638,-0.08231858909130096,-0.04883909225463867,0.08238524198532104,-3.0340566635131836,0.447745144367218,-0.012618103995919228,-0.649199366569519,0.03,1.2295405864715576,-0.1156093180179596,0.31833794713020325,0.029139041900634766,0.10863000154495239,-0.11423145979642868,0.9870672821998596,0,0,0,0,0,0,0,0,0,0,0,0,0,0
11.398533582687378,2.0,0.04609709978103638,-0.08231858909130096,-0.04883909225463867,0.08238524198532104,-3.0340566635131836,0.447745144367218,-0.012618103995919228,-0.649199366569519,0.03,1.2295405864715576,-0.1156093180179596,0.31833794713020325,0.029139041900634766,0.10863000154495239,-0.11423145979642868,0.9870672821998596,0,0,0,0,0,0,0,0,0,0,0,0,0,0
11.400298833847046,2.0,0.04609709978103638,-0.08231858909130096,-0.04883909225463867,0.08238524198532104,-3.0340566635131836,0.447745144367218,-0.012618103995919228,-0.649199366569519,0.03,1.2295405864715576,-0.1156093180179596,0.31833794713020325,0.029139041900634766,0.10863000154495239,-0.11423145979642868,0.9870672821998596,0,0,0,0,0,0,0,0,0,0,0,0,0,0
11.40176796913147,2.0,0.04609709978103638,-0.08231858909130096,-0.04883909225463867,0.08238524198532104,-3.0340566635131836,0.447745144367218,-0.012618103995919228,-0.649199366569519,0.03,1.2295405864715576,-0.1156093180179596,0.31833794713020325,0.029139041900634766,0.10863000154495239,-0.11423145979642868,0.9870672821998596,0,0,0,0,0,0,0,0,0,0,0,0,0,0
11.403064966201782,2.0,0.04609709978103638,-0.08231858909130096,-0.04883909225463867,0.08238524198532104,-3.0340566635131836,0.447745144367218,-0.012618103995919228,-0.649199366569519,0.03,1.2295405864715576,-0.1156093180179596,0.31833794713020325,0.029139041900634766,0.10863000154495239,-0.11423145979642868,0.9870672821998596,0,0,0,0,0,0,0,0,0,0,0,0,0,0
11.405767679214478,2.0,0.04609709978103638,-0.08231858909130096,-0.04883909225463867,0.08238524198532104,-3.0340566635131836,0.447745144367218,-0.012618103995919228,-0.649199366569519,0.03,1.2295405864715576,-0.1156093180179596,0.31833794713020325,0.029139041900634766,0.10863000154495239,-0.11423145979642868,0.9870672821998596,0,0,0,0,0,0,0,0,0,0,0,0,0,0
11.407140254974365,2.0,0.04609709978103638,-0.08231858909130096,-0.04883909225463867,0.08238524198532104,-3.0340566635131836,0.447745144367218,-0.012618103995919228,-0.649199366569519,0.03,1.2295405864715576,-0.1156093180179596,0.31833794713020325,0.029139041900634766,0.10863000154495239,-0.11423145979642868,0.9870672821998596,0,0,0,0,0,0,0,0,0,0,0,0,0,0
11.408377885818481,2.0,0.04609709978103638,-0.08231858909130096,-0.04883909225463867,0.08238524198532104,-3.0340566635131836,0.447745144367218,-0.012618103995919228,-0.649199366569519,0.03,1.2295405864715576,-0.1156093180179596,0.31833794713020325,0.029139041900634766,0.10863000154495239,-0.11423145979642868,0.9870672821998596,0,0,0,0,0,0,0,0,0,0,0,0,0,0
11.410141229629517,2.0,0.04609709978103638,-0.08231858909130096,-0.04883909225463867,0.08238524198532104,-3.0340566635131836,0.447745144367218,-0.012618103995919228,-0.649199366569519,0.03,1.2295405864715576,-0.1156093180179596,0.31833794713020325,0.029139041900634766,0.10863000154495239,-0.11423145979642868,0.9870672821998596,0,0,0,0,0,0,0,0,0,0,0,0,0,0
11.411869287490845,2.0,0.04609709978103638,-0.08231858909130096,-0.04883909225463867,0.08238524198532104,-3.0340566635131836,0.447745144367218,-0.012618103995919228,-0.649199366569519,0.03,1.2295405864715576,-0.1156093180179596,0.31833794713020325,0.029139041900634766,0.10863000154495239,-0.11423145979642868,0.9870672821998596,0,0,0,0,0,0,0,0,0,0,0,0,0,0
11.413219213485718,2.0,0.04609709978103638,-0.08231858909130096,-0.04883909225463867,0.08238524198532104,-3.0340566635131836,0.447745144367218,-0.012618103995919228,-0.649199366569519,0.03,1.2295405864715576,-0.1156093180179596,0.31833794713020325,0.029139041900634766,0.10863000154495239,-0.11423145979642868,0.9870672821998596,0,0,0,0,0,0,0,0,0,0,0,0,0,0
11.414367914199829,2.0,0.04609709978103638,-0.08231858909130096,-0.04883909225463867,0.08238524198532104,-3.0340566635131836,0.447745144367218,-0.012618103995919228,-0.649199366569519,0.03,1.2295405864715576,-0.1156093180179596,0.31833794713020325,0.029139041900634766,0.10863000154495239,-0.11423145979642868,0.9870672821998596,0,0,0,0,0,0,0,0,0,0,0,0,0,0
11.415465831756592,2.0,0.04609709978103638,-0.08231858909130096,-0.04883909225463867,0.08238524198532104,-3.0340566635131836,0.447745144367218,-0.012618103995919228,-0.649199366569519,0.03,1.2295405864715576,-0.1156093180179596,0.31833794713020325,0.029139041900634766,0.10863000154495239,-0.11423145979642868,0.9870672821998596,0,0,0,0,0,0,0,0,0,0,0,0,0,0
11.416630744934082,2.0,0.04609709978103638,-0.08231858909130096,-0.04883909225463867,0.08238524198532104,-3.0340566635131836,0.447745144367218,-0.012618103995919228,-0.649199366569519,0.03,1.2295405864715576,-0.1156093180179596,0.31833794713020325,0.029139041900634766,0.10863000154495239,-0.11423145979642868,0.9870672821998596,0,0,0,0,0,0,0,0,0,0,0,0,0,0
11.417694568634033,2.0,0.04609709978103638,-0.08231858909130096,-0.04883909225463867,0.08238524198532104,-3.0340566635131836,0.447745144367218,-0.012618103995919228,-0.649199366569519,0.03,1.2295405864715576,-0.1156093180179596,0.31833794713020325,0.029139041900634766,0.10863000154495239,-0.11423145979642868,0.9870672821998596,0,0,0,0,0,0,0,0,0,0,0,0,0,0
11.42070484161377,2.0,0.04609709978103638,-0.08231858909130096,-0.04883909225463867,0.08238524198532104,-3.0340566635131836,0.447745144367218,-0.012618103995919228,-0.649199366569519,0.03,1.2295405864715576,-0.1156093180179596,0.31833794713020325,0.029139041900634766,0.10863000154495239,-0.11423145979642868,0.9870672821998596,0,0,0,0,0,0,0,0,0,0,0,0,0,0
11.422555685043335,2.0,0.04609709978103638,-0.08231858909130096,-0.04883909225463867,0.08238524198532104,-3.0340566635131836,0.447745144367218,-0.012618103995919228,-0.649199366569519,0.03,1.2295405864715576,-0.1156093180179596,0.31833794713020325,0.029139041900634766,0.10863000154495239,-0.11423145979642868,0.9870672821998596,0,0,0,0,0,0,0,0,0,0,0,0,0,0
11.423842668533325,2.0,0.04609709978103638,-0.08231858909130096,-0.04883909225463867,0.08238524198532104,-3.0340566635131836,0.447745144367218,-0.012618103995919228,-0.649199366569519,0.03,1.2295405864715576,-0.1156093180179596,0.31833794713020325,0.029139041900634766,0.10863000154495239,-0.11423145979642868,0.9870672821998596,0,0,0,0,0,0,0,0,0,0,0,0,0,0
11.42499566078186,2.0,0.04609709978103638,-0.08231858909130096,-0.04883909225463867,0.08238524198532104,-3.0340566635131836,0.447745144367218,-0.012618103995919228,-0.649199366569519,0.03,1.2295405864715576,-0.1156093180179596,0.31833794713020325,0.029139041900634766,0.10863000154495239,-0.11423145979642868,0.9870672821998596,0,0,0,0,0,0,0,0,0,0,0,0,0,0
11.426373481750488,2.0,0.04609709978103638,-0.08231858909130096,-0.04883909225463867,0.08238524198532104,-3.0340566635131836,0.447745144367218,-0.012618103995919228,-0.649199366569519,0.03,1.2295405864715576,-0.1156093180179596,0.31833794713020325,0.029139041900634766,0.10863000154495239,-0.11423145979642868,0.9870672821998596,0,0,0,0,0,0,0,0,0,0,0,0,0,0
11.427555084228516,2.0,0.04609709978103638,-0.08231858909130096,-0.04883909225463867,0.08238524198532104,-3.0340566635131836,0.447745144367218,-0.012618103995919228,-0.649199366569519,0.03,1.2295405864715576,-0.1156093180179596,0.31833794713020325,0.029139041900634766,0.10863000154495239,-0.11423145979642868,0.9870672821998596,0,0,0,0,0,0,0,0,0,0,0,0,0,0
11.428970098495483,2.0,0.04609709978103638,-0.08231858909130096,-0.04883909225463867,0.08238524198532104,-3.0340566635131836,0.447745144367218,-0.012618103995919228,-0.649199366569519,0.03,1.2295405864715576,-0.1156093180179596,0.31833794713020325,0.029139041900634766,0.10863000154495239,-0.11423145979642868,0.9870672821998596,0,0,0,0,0,0,0,0,0,0,0,0,0,0
11.43036437034607,2.0,0.04609709978103638,-0.08231858909130096,-0.04883909225463867,0.08238524198532104,-3.0340566635131836,0.447745144367218,-0.012618103995919228,-0.649199366569519,0.03,1.2295405864715576,-0.1156093180179596,0.31833794713020325,0.029139041900634766,0.10863000154495239,-0.11423145979642868,0.9870672821998596,0,0,0,0,0,0,0,0,0,0,0,0,0,0
11.43165135383606,2.0,0.04609709978103638,-0.08231858909130096,-0.04883909225463867,0.08238524198532104,-3.0340566635131836,0.447745144367218,-0.012618103995919228,-0.649199366569519,0.03,1.2295405864715576,-0.1156093180179596,0.31833794713020325,0.029139041900634766,0.10863000154495239,-0.11423145979642868,0.9870672821998596,0,0,0,0,0,0,0,0,0,0,0,0,0,0
11.432869911193848,2.0,0.04609709978103638,-0.08231858909130096,-0.04883909225463867,0.08238524198532104,-3.0340566635131836,0.447745144367218,-0.012618103995919228,-0.649199366569519,0.03,1.2295405864715576,-0.1156093180179596,0.31833794713020325,0.029139041900634766,0.10863000154495239,-0.11423145979642868,0.9870672821998596,0,0,0,0,0,0,0,0,0,0,0,0,0,0
11.436014175415039,2.0,0.05023406445980072,-0.08231765031814575,-0.05342990159988403,0.08239439129829407,-3.1200881004333496,0.4753190577030182,0.16843636333942413,-0.6549704074859619,0.03,1.2295405864715576,-0.1156093180179596,0.31833794713020325,0.029139041900634766,0.10863000154495239,-0.11423145979642868,0.9870672821998596,0,0,0,0,0,0,0,0,0,0,0,0,0,0
11.437164306640625,2.0,0.05189768597483635,-0.08231787383556366,-0.055044591426849365,0.08241701126098633,-3.181627035140991,0.48199400305747986,0.10981858521699905,-0.6319303512573242,0.03,1.2295405864715576,-0.1156093180179596,0.31833794713020325,0.029139041900634766,0.10863000154495239,-0.11423145979642868,0.9870672821998596,0,0,0,0,0,0,0,0,0,0,0,0,0,0
11.438589572906494,2.0,0.05189768597483635,-0.08231787383556366,-0.055044591426849365,0.08241701126098633,-3.181627035140991,0.48199400305747986,0.10981858521699905,-0.6319303512573242,0.03,1.2295405864715576,-0.1156093180179596,0.31833794713020325,0.029139041900634766,0.10863000154495239,-0.11423145979642868,0.9870672821998596,0,0,0,0,0,0,0,0,0,0,0,0,0,0
11.440191507339478,2.0,0.05189768597483635,-0.08231787383556366,-0.055044591426849365,0.08241701126098633,-3.181627035140991,0.48199400305747986,0.10981858521699905,-0.6319303512573242,0.03,1.2295405864715576,-0.1156093180179596,0.31833794713020325,0.029139041900634766,0.10863000154495239,-0.11423145979642868,0.9870672821998596,0,0,0,0,0,0,0,0,0,0,0,0,0,0
11.441433429718018,2.0,0.05189768597483635,-0.08231787383556366,-0.055044591426849365,0.08241701126098633,-3.181627035140991,0.48199400305747986,0.10981858521699905,-0.6319303512573242,0.03,1.2295405864715576,-0.1156093180179596,0.31833794713020325,0.029139041900634766,0.10863000154495239,-0.11423145979642868,0.9870672821998596,0,0,0,0,0,0,0,0,0,0,0,0,0,0
11.44252347946167,2.0,0.05189768597483635,-0.08231787383556366,-0.055044591426849365,0.08241701126098633,-3.181627035140991,0.48199400305747986,0.10981858521699905,-0.6319303512573242,0.03,1.2295405864715576,-0.1156093180179596,0.31833794713020325,0.029139041900634766,0.10863000154495239,-0.11423145979642868,0.9870672821998596,0,0,0,0,0,0,0,0,0,0,0,0,0,0
11.443634748458862,2.0,0.05189768597483635,-0.08231787383556366,-0.055044591426849365,0.08241701126098633,-3.181627035140991,0.48199400305747986,0.10981858521699905,-0.6319303512573242,0.03,1.2295405864715576,-0.1156093180179596,0.31833794713020325,0.029139041900634766,0.10863000154495239,-0.11423145979642868,0.9870672821998596,0,0,0,0,0,0,0,0,0,0,0,0,0,0
11.444924116134644,2.0,0.05189768597483635,-0.08231787383556366,-0.055044591426849365,0.08241701126098633,-3.181627035140991,0.48199400305747986,0.10981858521699905,-0.6319303512573242,0.03,1.2295405864715576,-0.1156093180179596,0.31833794713020325,0.029139041900634766,0.10863000154495239,-0.11423145979642868,0.9870672821998596,0,0,0,0,0,0,0,0,0,0,0,0,0,0
11.446011543273926,2.0,0.053982436656951904,-0.08231781423091888,-0.057179033756256104,0.08240401744842529,-3.4677393436431885,0.49355629086494446,-0.3452148735523224,-0.6746160387992859,0.03,1.2295405864715576,-0.1156093180179596,0.31833794713020325,0.029139041900634766,0.10863000154495239,-0.11423145979642868,0.9870672821998596,0,0,0,0,0,0,0,0,0,0,0,0,0,0
11.447108268737793,2.0,0.053982436656951904,-0.08231781423091888,-0.057179033756256104,0.08240401744842529,-3.4677393436431885,0.49355629086494446,-0.3452148735523224,-0.6746160387992859,0.03,1.2295405864715576,-0.1156093180179596,0.31833794713020325,0.029139041900634766,0.10863000154495239,-0.11423145979642868,0.9870672821998596,0,0,0,0,0,0,0,0,0,0,0,0,0,0
11.448240995407104,2.0,0.053982436656951904,-0.08231781423091888,-0.057179033756256104,0.08240401744842529,-3.4677393436431885,0.49355629086494446,-0.3452148735523224,-0.6746160387992859,0.03,1.2295405864715576,-0.1156093180179596,0.31833794713020325,0.029139041900634766,0.10863000154495239,-0.11423145979642868,0.9870672821998596,0,0,0,0,0,0,0,0,0,0,0,0,0,0
11.449649810791016,2.0,0.05499723553657532,-0.08231787383556366,-0.05801039934158325,0.08240757882595062,-3.547767162322998,0.498880535364151,-0.26190122961997986,-0.6634273529052734,0.03,1.2295405864715576,-0.1156093180179596,0.31833794713020325,0.029139041900634766,0.10863000154495239,-0.11423145979642868,0.9870672821998596,0,0,0,0,0,0,0,0,0,0,0,0,0,0
11.451778411865234,2.0,0.060679975897073746,-0.08231787383556366,-0.06422972679138184,0.08240866661071777,-4.0593743324279785,0.5298202037811279,-0.18724898993968964,-0.6920714974403381,0.03,1.2295137643814087,-0.1157001331448555,0.31817954778671265,0.029609935358166695,0.10870388895273209,-0.11166176199913025,0.9873390197753906,0,0,0,0,0,0,0,0,0,0,0,0,0,0
11.453023433685303,2.0,0.06251849979162216,-0.08231787383556366,-0.06655538082122803,0.08239690959453583,-4.491926193237305,0.5397103428840637,0.2133890986442566,-0.7415205240249634,0.03,1.2295167446136475,-0.11569160223007202,0.3181789517402649,0.03035949356853962,0.1087205559015274,-0.1085096076130867,0.9876658916473389,0,0,0,0,0,0,0,0,0,0,0,0,0,0
11.4540855884552,2.0,0.06251849979162216,-0.08231787383556366,-0.06655538082122803,0.08239690959453583,-4.491926193237305,0.5397103428840637,0.2133890986442566,-0.7415205240249634,0.03,1.2295167446136475,-0.11569160223007202,0.3181789517402649,0.03035949356853962,0.1087205559015274,-0.1085096076130867,0.9876658916473389,0,0,0,0,0,0,0,0,0,0,0,0,0,0
11.45514702796936,2.0,0.06251849979162216,-0.08231787383556366,-0.06655538082122803,0.08239690959453583,-4.491926193237305,0.5397103428840637,0.2133890986442566,-0.7415205240249634,0.03,1.2295167446136475,-0.11569160223007202,0.3181789517402649,0.03035949356853962,0.1087205559015274,-0.1085096076130867,0.9876658916473389,0,0,0,0,0,0,0,0,0,0,0,0,0,0
11.456298828125,2.0,0.06251849979162216,-0.08231787383556366,-0.06655538082122803,0.08239690959453583,-4.491926193237305,0.5397103428840637,0.2133890986442566,-0.7415205240249634,0.03,1.229511022567749,-0.11566785722970963,0.31819677352905273,0.029430938884615898,0.10894054174423218,-0.11161037534475327,0.9873241782188416,0,0,0,0,0,0,0,0,0,0,0,0,0,0
11.457480907440186,2.0,0.06251849979162216,-0.08231787383556366,-0.06655538082122803,0.08239690959453583,-4.491926193237305,0.5397103428840637,0.2133890986442566,-0.7415205240249634,0.03,1.2295467853546143,-0.11558659374713898,0.3182668685913086,0.029302816838026047,0.1090531274676323,-0.11153074353933334,0.9873245358467102,0,0,0,0,0,0,0,0,0,0,0,0,0,0
11.458819150924683,2.0,0.06251849979162216,-0.08231787383556366,-0.06655538082122803,0.08239690959453583,-4.491926193237305,0.5397103428840637,0.2133890986442566,-0.7415205240249634,0.03,1.2295467853546143,-0.11558659374713898,0.3182668685913086,0.029302816838026047,0.1090531274676323,-0.11153074353933334,0.9873245358467102,0,0,0,0,0,0,0,0,0,0,0,0,0,0
11.460170984268188,2.0,0.06251849979162216,-0.08231787383556366,-0.06655538082122803,0.08239690959453583,-4.491926193237305,0.5397103428840637,0.2133890986442566,-0.7415205240249634,0.03,1.2295467853546143,-0.11558659374713898,0.3182668685913086,0.029302816838026047,0.1090531274676323,-0.11153074353933334,0.9873245358467102,0,0,0,0,0,0,0,0,0,0,0,0,0,0
11.461440324783325,2.0,0.06251849979162216,-0.08231787383556366,-0.06655538082122803,0.08239690959453583,-4.491926193237305,0.5397103428840637,0.2133890986442566,-0.7415205240249634,0.03,1.2295467853546143,-0.11558659374713898,0.3182668685913086,0.029302816838026047,0.1090531274676323,-0.11153074353933334,0.9873245358467102,0,0,0,0,0,0,0,0,0,0,0,0,0,0
11.462985277175903,2.0,0.06251849979162216,-0.08231787383556366,-0.06655538082122803,0.08239690959453583,-4.491926193237305,0.5397103428840637,0.2133890986442566,-0.7415205240249634,0.03,1.2295467853546143,-0.11558659374713898,0.3182668685913086,0.029302816838026047,0.1090531274676323,-0.11153074353933334,0.9873245358467102,0,0,0,0,0,0,0,0,0,0,0,0,0,0
11.464837074279785,2.0,0.06251849979162216,-0.08231787383556366,-0.06655538082122803,0.08239690959453583,-4.491926193237305,0.5397103428840637,0.2133890986442566,-0.7415205240249634,0.03,1.2295467853546143,-0.11558659374713898,0.3182668685913086,0.029302816838026047,0.1090531274676323,-0.11153074353933334,0.9873245358467102,0,0,0,0,0,0,0,0,0,0,0,0,0,0
11.466970920562744,2.0,0.06251849979162216,-0.08231787383556366,-0.06655538082122803,0.08239690959453583,-4.491926193237305,0.5397103428840637,0.2133890986442566,-0.7415205240249634,0.03,1.2295467853546143,-0.11558659374713898,0.3182668685913086,0.029302816838026047,0.1090531274676323,-0.11153074353933334,0.9873245358467102,0,0,0,0,0,0,0,0,0,0,0,0,0,0
11.46872878074646,2.0,0.06304197013378143,-0.08231787383556366,-0.06720611453056335,0.0824231505393982,-4.31519889831543,0.5425490140914917,0.4517892003059387,-0.6890773177146912,0.03,1.2295467853546143,-0.11558659374713898,0.3182668685913086,0.029302816838026047,0.1090531274676323,-0.11153074353933334,0.9873245358467102,0,0,0,0,0,0,0,0,0,0,0,0,0,0
11.46990442276001,2.0,0.06359965354204178,-0.08231787383556366,-0.06781190633773804,0.08243899047374725,-4.327156066894531,0.5453760027885437,0.191674143075943,-0.6692113280296326,0.03,1.229514241218567,-0.1156810075044632,0.31811264157295227,0.029956407845020294,0.10917355120182037,-0.10818525403738022,0.987663745880127,0,0,0,0,0,0,0,0,0,0,0,0,0,0
11.471176862716675,2.0,0.06359965354204178,-0.08231787383556366,-0.06781190633773804,0.08243899047374725,-4.327156066894531,0.5453760027885437,0.191674143075943,-0.6692113280296326,0.03,1.229514241218567,-0.1156810075044632,0.31811264157295227,0.029956407845020294,0.10917355120182037,-0.10818525403738022,0.987663745880127,0,0,0,0,0,0,0,0,0,0,0,0,0,0
11.472464561462402,2.0,0.06359965354204178,-0.08231787383556366,-0.06781190633773804,0.08243899047374725,-4.327156066894531,0.5453760027885437,0.191674143075943,-0.6692113280296326,0.03,1.229514241218567,-0.1156810075044632,0.31811264157295227,0.029956407845020294,0.10917355120182037,-0.10818525403738022,0.987663745880127,0,0,0,0,0,0,0,0,0,0,0,0,0,0
11.473675012588501,2.0,0.06359965354204178,-0.08231787383556366,-0.06781190633773804,0.08243899047374725,-4.327156066894531,0.5453760027885437,0.191674143075943,-0.6692113280296326,0.03,1.229514241218567,-0.1156810075044632,0.31811264157295227,0.029956407845020294,0.10917355120182037,-0.10818525403738022,0.987663745880127,0,0,0,0,0,0,0,0,0,0,0,0,0,0
11.47600793838501,2.0,0.06359965354204178,-0.08231787383556366,-0.06781190633773804,0.08243899047374725,-4.327156066894531,0.5453760027885437,0.191674143075943,-0.6692113280296326,0.03,1.229514241218567,-0.1156810075044632,0.31811264157295227,0.029956407845020294,0.10917355120182037,-0.10818525403738022,0.987663745880127,0,0,0,0,0,0,0,0,0,0,0,0,0,0
11.477312088012695,2.0,0.06359965354204178,-0.08231787383556366,-0.06781190633773804,0.08243899047374725,-4.327156066894531,0.5453760027885437,0.191674143075943,-0.6692113280296326,0.03,1.229514241218567,-0.1156810075044632,0.31811264157295227,0.029956407845020294,0.10917355120182037,-0.10818525403738022,0.987663745880127,0,0,0,0,0,0,0,0,0,0,0,0,0,0
11.479493141174316,2.0,0.06359965354204178,-0.08231787383556366,-0.06781190633773804,0.08243899047374725,-4.327156066894531,0.5453760027885437,0.191674143075943,-0.6692113280296326,0.03,1.229514241218567,-0.1156810075044632,0.31811264157295227,0.029956407845020294,0.10917355120182037,-0.10818525403738022,0.987663745880127,0,0,0,0,0,0,0,0,0,0,0,0,0,0
11.480689525604248,2.0,0.06359965354204178,-0.08231787383556366,-0.06781190633773804,0.08243899047374725,-4.327156066894531,0.5453760027885437,0.191674143075943,-0.6692113280296326,0.03,1.229514241218567,-0.1156810075044632,0.31811264157295227,0.029956407845020294,0.10917355120182037,-0.10818525403738022,0.987663745880127,0,0,0,0,0,0,0,0,0,0,0,0,0,0
11.482284307479858,2.0,0.06359965354204178,-0.08231787383556366,-0.06781190633773804,0.08243899047374725,-4.327156066894531,0.5453760027885437,0.191674143075943,-0.6692113280296326,0.03,1.229514241218567,-0.1156810075044632,0.31811264157295227,0.029956407845020294,0.10917355120182037,-0.10818525403738022,0.987663745880127,0,0,0,0,0,0,0,0,0,0,0,0,0,0
11.483345031738281,2.0,0.06359965354204178,-0.08231787383556366,-0.06781190633773804,0.08243899047374725,-4.327156066894531,0.5453760027885437,0.191674143075943,-0.6692113280296326,0.03,1.229514241218567,-0.1156810075044632,0.31811264157295227,0.029956407845020294,0.10917355120182037,-0.10818525403738022,0.987663745880127,0,0,0,0,0,0,0,0,0,0,0,0,0,0
11.484452724456787,2.0,0.06359965354204178,-0.08231787383556366,-0.06781190633773804,0.08243899047374725,-4.327156066894531,0.5453760027885437,0.191674143075943,-0.6692113280296326,0.03,1.229514241218567,-0.1156810075044632,0.31811264157295227,0.029956407845020294,0.10917355120182037,-0.10818525403738022,0.987663745880127,0,0,0,0,0,0,0,0,0,0,0,0,0,0
11.48566722869873,2.0,0.06359965354204178,-0.08231787383556366,-0.06781190633773804,0.08243899047374725,-4.327156066894531,0.5453760027885437,0.191674143075943,-0.6692113280296326,0.03,1.229514241218567,-0.1156810075044632,0.31811264157295227,0.029956407845020294,0.10917355120182037,-0.10818525403738022,0.987663745880127,0,0,0,0,0,0,0,0,0,0,0,0,0,0
11.486896753311157,2.0,0.06359965354204178,-0.08231787383556366,-0.06781190633773804,0.08243899047374725,-4.327156066894531,0.5453760027885437,0.191674143075943,-0.6692113280296326,0.03,1.229514241218567,-0.1156810075044632,0.31811264157295227,0.029956407845020294,0.10917355120182037,-0.10818525403738022,0.987663745880127,0,0,0,0,0,0,0,0,0,0,0,0,0,0
11.488657236099243,2.0,0.06434328854084015,-0.08231787383556366,-0.06867769360542297,0.08244292438030243,-4.580927848815918,0.5495719313621521,0.22575503587722778,-0.6725524663925171,0.03,1.229514241218567,-0.1156810075044632,0.31811264157295227,0.029956407845020294,0.10917355120182037,-0.10818525403738022,0.987663745880127,0,0,0,0,0,0,0,0,0,0,0,0,0,0
11.49428105354309,2.0,0.06590256094932556,-0.08231787383556366,-0.07074901461601257,0.08244641125202179,-4.727231979370117,0.5579908490180969,0.15846367180347443,-0.6932911276817322,0.03,1.229487419128418,-0.11569292843341827,0.3180355131626129,0.030198972672224045,0.10929422080516815,-0.10689729452133179,0.9877832531929016,0,0,0,0,0,0,0,0,0,0,0,0,0,0
11.49551510810852,2.0,0.06590256094932556,-0.08231787383556366,-0.07074901461601257,0.08244641125202179,-4.727231979370117,0.5579908490180969,0.15846367180347443,-0.6932911276817322,0.03,1.229487419128418,-0.11569292843341827,0.3180355131626129,0.030198972672224045,0.10929422080516815,-0.10689729452133179,0.9877832531929016,0,0,0,0,0,0,0,0,0,0,0,0,0,0
11.496576309204102,2.0,0.06726714968681335,-0.08231428265571594,-0.0717671811580658,0.08243478834629059,-4.898130893707275,0.5691288709640503,0.1937326043844223,-0.7163661122322083,0.03,1.229487419128418,-0.11569292843341827,0.3180355131626129,0.030198972672224045,0.10929422080516815,-0.10689729452133179,0.9877832531929016,0,0,0,0,0,0,0,0,0,0,0,0,0,0
11.497946500778198,2.0,0.06726714968681335,-0.08231428265571594,-0.0717671811580658,0.08243478834629059,-4.898130893707275,0.5691288709640503,0.1937326043844223,-0.7163661122322083,0.03,1.229487419128418,-0.11569292843341827,0.3180355131626129,0.030198972672224045,0.10929422080516815,-0.10689729452133179,0.9877832531929016,0,0,0,0,0,0,0,0,0,0,0,0,0,0
11.499063730239868,2.0,0.06726714968681335,-0.08231428265571594,-0.0717671811580658,0.08243478834629059,-4.898130893707275,0.5691288709640503,0.1937326043844223,-0.7163661122322083,0.03,1.229487419128418,-0.11569292843341827,0.3180355131626129,0.030198972672224045,0.10929422080516815,-0.10689729452133179,0.9877832531929016,0,0,0,0,0,0,0,0,0,0,0,0,0,0
11.50018310546875,2.0,0.06726714968681335,-0.08231428265571594,-0.0717671811580658,0.08243478834629059,-4.898130893707275,0.5691288709640503,0.1937326043844223,-0.7163661122322083,0.03,1.229487419128418,-0.11569292843341827,0.3180355131626129,0.030198972672224045,0.10929422080516815,-0.10689729452133179,0.9877832531929016,0,0,0,0,0,0,0,0,0,0,0,0,0,0
11.50235366821289,2.0,0.06726714968681335,-0.08231428265571594,-0.0717671811580658,0.08243478834629059,-4.898130893707275,0.5691288709640503,0.1937326043844223,-0.7163661122322083,0.03,1.229487419128418,-0.11569292843341827,0.3180355131626129,0.030198972672224045,0.10929422080516815,-0.10689729452133179,0.9877832531929016,0,0,0,0,0,0,0,0,0,0,0,0,0,0
11.503653526306152,2.0,0.06726714968681335,-0.08231428265571594,-0.0717671811580658,0.08243478834629059,-4.898130893707275,0.5691288709640503,0.1937326043844223,-0.7163661122322083,0.03,1.229487419128418,-0.11569292843341827,0.3180355131626129,0.030198972672224045,0.10929422080516815,-0.10689729452133179,0.9877832531929016,0,0,0,0,0,0,0,0,0,0,0,0,0,0
11.50475525856018,2.0,0.06726714968681335,-0.08231428265571594,-0.0717671811580658,0.08243478834629059,-4.898130893707275,0.5691288709640503,0.1937326043844223,-0.7163661122322083,0.03,1.229487419128418,-0.11569292843341827,0.3180355131626129,0.030198972672224045,0.10929422080516815,-0.10689729452133179,0.9877832531929016,0,0,0,0,0,0,0,0,0,0,0,0,0,0
11.506001472473145,2.0,0.06726714968681335,-0.08231428265571594,-0.0717671811580658,0.08243478834629059,-4.898130893707275,0.5691288709640503,0.1937326043844223,-0.7163661122322083,0.03,1.229487419128418,-0.11569292843341827,0.3180355131626129,0.030198972672224045,0.10929422080516815,-0.10689729452133179,0.9877832531929016,0,0,0,0,0,0,0,0,0,0,0,0,0,0
11.507448196411133,2.0,0.06726714968681335,-0.08231428265571594,-0.0717671811580658,0.08243478834629059,-4.898130893707275,0.5691288709640503,0.1937326043844223,-0.7163661122322083,0.03,1.229487419128418,-0.11569292843341827,0.3180355131626129,0.030198972672224045,0.10929422080516815,-0.10689729452133179,0.9877832531929016,0,0,0,0,0,0,0,0,0,0,0,0,0,0
11.510403394699097,2.0,0.06726714968681335,-0.08231428265571594,-0.0717671811580658,0.08243478834629059,-4.898130893707275,0.5691288709640503,0.1937326043844223,-0.7163661122322083,0.03,1.229487419128418,-0.11569292843341827,0.3180355131626129,0.030198972672224045,0.10929422080516815,-0.10689729452133179,0.9877832531929016,0,0,0,0,0,0,0,0,0,0,0,0,0,0
11.511557579040527,2.0,0.06726714968681335,-0.08231428265571594,-0.0717671811580658,0.08243478834629059,-4.898130893707275,0.5691288709640503,0.1937326043844223,-0.7163661122322083,0.03,1.229487419128418,-0.11569292843341827,0.3180355131626129,0.030198972672224045,0.10929422080516815,-0.10689729452133179,0.9877832531929016,0,0,0,0,0,0,0,0,0,0,0,0,0,0
11.512962341308594,2.0,0.06726714968681335,-0.08231428265571594,-0.0717671811580658,0.08243478834629059,-4.898130893707275,0.5691288709640503,0.1937326043844223,-0.7163661122322083,0.03,1.229487419128418,-0.11569292843341827,0.3180355131626129,0.030198972672224045,0.10929422080516815,-0.10689729452133179,0.9877832531929016,0,0,0,0,0,0,0,0,0,0,0,0,0,0
11.514829397201538,2.0,0.06726714968681335,-0.08231428265571594,-0.0717671811580658,0.08243478834629059,-4.898130893707275,0.5691288709640503,0.1937326043844223,-0.7163661122322083,0.03,1.229487419128418,-0.11569292843341827,0.3180355131626129,0.030198972672224045,0.10929422080516815,-0.10689729452133179,0.9877832531929016,0,0,0,0,0,0,0,0,0,0,0,0,0,0
11.516742467880249,2.0,0.06726714968681335,-0.08231428265571594,-0.0717671811580658,0.08243478834629059,-4.898130893707275,0.5691288709640503,0.1937326043844223,-0.7163661122322083,0.03,1.229487419128418,-0.11569292843341827,0.3180355131626129,0.030198972672224045,0.10929422080516815,-0.10689729452133179,0.9877832531929016,0,0,0,0,0,0,0,0,0,0,0,0,0,0
11.51857328414917,2.0,0.06726714968681335,-0.08231428265571594,-0.0717671811580658,0.08243478834629059,-4.898130893707275,0.5691288709640503,0.1937326043844223,-0.7163661122322083,0.03,1.229487419128418,-0.11569292843341827,0.3180355131626129,0.030198972672224045,0.10929422080516815,-0.10689729452133179,0.9877832531929016,0,0,0,0,0,0,0,0,0,0,0,0,0,0
11.51990294456482,2.0,0.06777016073465347,-0.08231818675994873,-0.07243078947067261,0.0824471116065979,-4.818186283111572,0.565455436706543,-0.18128077685832977,-0.6967644691467285,0.03,1.2294607162475586,-0.11567980796098709,0.3181334435939789,0.028548894450068474,0.10979052633047104,-0.11171263456344604,0.9872443079948425,0,0,0,0,0,0,0,0,0,0,0,0,0,0
11.521476030349731,2.0,0.06777016073465347,-0.08231818675994873,-0.07243078947067261,0.0824471116065979,-4.818186283111572,0.565455436706543,-0.18128077685832977,-0.6967644691467285,0.03,1.2294607162475586,-0.11567980796098709,0.3181334435939789,0.028548894450068474,0.10979052633047104,-0.11171263456344604,0.9872443079948425,0,0,0,0,0,0,0,0,0,0,0,0,0,0
11.523345708847046,3.0,0.0709114521741867,-0.08229963481426239,-0.0756024420261383,0.08243407309055328,-4.353673458099365,-1.0976547002792358,0.5034348964691162,0.9737265706062317,0.03,1.2294607162475586,-0.11567980796098709,0.3181334435939789,0.028548894450068474,0.10979052633047104,-0.11171263456344604,0.9872443079948425,0,0,0,0,0,0,0,0,0,0,0,0,0,0
11.526134014129639,3.0,0.0710492730140686,-0.07898589223623276,-0.07554468512535095,0.0794702023267746,-2.536426067352295,-3.8658084869384766,2.1813628673553467,3.7791404724121094,0.03,1.2294400930404663,-0.11571381986141205,0.318133145570755,0.028273319825530052,0.10984938591718674,-0.1125706359744072,0.9871482253074646,0,0,0,0,0,0,0,0,0,0,0,0,0,0
11.527345895767212,3.0,0.07005070149898529,-0.06683450192213058,-0.07046690583229065,0.06281304359436035,-0.5709632039070129,-4.123143196105957,0.3371475338935852,-0.19781459867954254,0.03,1.229432463645935,-0.11581296473741531,0.31805160641670227,0.028278296813368797,0.10992191731929779,-0.11175550520420074,0.9872326850891113,0,0,0,0,0,0,0,0,0,0,0,0,0,0
11.529610395431519,3.0,0.06910161674022675,-0.05951009690761566,-0.06786561012268066,0.054412245750427246,-0.00976764876395464,-4.293684959411621,-0.2313615381717682,-0.5529106855392456,0.03,1.2295831441879272,-0.11599016934633255,0.3180685341358185,0.02481655403971672,0.1076652929186821,-0.12096698582172394,0.9864884614944458,0,0,0,0,0,0,0,0,0,0,0,0,0,0
11.530783891677856,3.0,0.06910161674022675,-0.05951009690761566,-0.06786561012268066,0.054412245750427246,-0.00976764876395464,-4.293684959411621,-0.2313615381717682,-0.5529106855392456,0.03,1.2295831441879272,-0.11599016934633255,0.3180685341358185,0.02481655403971672,0.1076652929186821,-0.12096698582172394,0.9864884614944458,0,0,0,0,0,0,0,0,0,0,0,0,0,0
11.5319242477417,3.0,0.06910161674022675,-0.05951009690761566,-0.06786561012268066,0.054412245750427246,-0.00976764876395464,-4.293684959411621,-0.2313615381717682,-0.5529106855392456,0.03,1.2295831441879272,-0.11599016934633255,0.3180685341358185,0.02481655403971672,0.1076652929186821,-0.12096698582172394,0.9864884614944458,0,0,0,0,0,0,0,0,0,0,0,0,0,0
11.53322696685791,3.0,0.06910161674022675,-0.05951009690761566,-0.06786561012268066,0.054412245750427246,-0.00976764876395464,-4.293684959411621,-0.2313615381717682,-0.5529106855392456,0.03,1.2295831441879272,-0.11599016934633255,0.3180685341358185,0.02481655403971672,0.1076652929186821,-0.12096698582172394,0.9864884614944458,0,0,0,0,0,0,0,0,0,0,0,0,0,0
11.534406423568726,3.0,0.06910161674022675,-0.05951009690761566,-0.06786561012268066,0.054412245750427246,-0.00976764876395464,-4.293684959411621,-0.2313615381717682,-0.5529106855392456,0.03,1.2295831441879272,-0.11599016934633255,0.3180685341358185,0.02481655403971672,0.1076652929186821,-0.12096698582172394,0.9864884614944458,0,0,0,0,0,0,0,0,0,0,0,0,0,0
11.535812139511108,3.0,0.06910161674022675,-0.05951009690761566,-0.06786561012268066,0.054412245750427246,-0.00976764876395464,-4.293684959411621,-0.2313615381717682,-0.5529106855392456,0.03,1.2295831441879272,-0.11599016934633255,0.3180685341358185,0.02481655403971672,0.1076652929186821,-0.12096698582172394,0.9864884614944458,0,0,0,0,0,0,0,0,0,0,0,0,0,0
11.536919116973877,3.0,0.06910161674022675,-0.05951009690761566,-0.06786561012268066,0.054412245750427246,-0.00976764876395464,-4.293684959411621,-0.2313615381717682,-0.5529106855392456,0.03,1.2295831441879272,-0.11599016934633255,0.3180685341358185,0.02481655403971672,0.1076652929186821,-0.12096698582172394,0.9864884614944458,0,0,0,0,0,0,0,0,0,0,0,0,0,0
11.538047552108765,3.0,0.06910161674022675,-0.05951009690761566,-0.06786561012268066,0.054412245750427246,-0.00976764876395464,-4.293684959411621,-0.2313615381717682,-0.5529106855392456,0.03,1.2295831441879272,-0.11599016934633255,0.3180685341358185,0.02481655403971672,0.1076652929186821,-0.12096698582172394,0.9864884614944458,0,0,0,0,0,0,0,0,0,0,0,0,0,0
11.539178371429443,3.0,0.06910161674022675,-0.05951009690761566,-0.06786561012268066,0.054412245750427246,-0.00976764876395464,-4.293684959411621,-0.2313615381717682,-0.5529106855392456,0.03,1.2295831441879272,-0.11599016934633255,0.3180685341358185,0.02481655403971672,0.1076652929186821,-0.12096698582172394,0.9864884614944458,0,0,0,0,0,0,0,0,0,0,0,0,0,0
11.540606498718262,3.0,0.06845614314079285,-0.05378856509923935,-0.06682127714157104,0.049330711364746094,0.18873614072799683,-4.1558122634887695,-0.0007889299304224551,-0.9110741019248962,0.03,1.2298932075500488,-0.11586610972881317,0.3187083303928375,0.02276281826198101,0.09935794770717621,-0.11628350615501404,0.9879716634750366,0,0,0,0,0,0,0,0,0,0,0,0,0,0
11.54169511795044,3.0,0.06821680814027786,-0.05257672816514969,-0.06673818826675415,0.04836302995681763,0.2435992807149887,-4.1735663414001465,0.25235840678215027,0.5223228335380554,0.03,1.2298932075500488,-0.11586610972881317,0.3187083303928375,0.02276281826198101,0.09935794770717621,-0.11628350615501404,0.9879716634750366,0,0,0,0,0,0,0,0,0,0,0,0,0,0
11.542928695678711,3.0,0.06821680814027786,-0.05257672816514969,-0.06673818826675415,0.04836302995681763,0.2435992807149887,-4.1735663414001465,0.25235840678215027,0.5223228335380554,0.03,1.2298932075500488,-0.11586610972881317,0.3187083303928375,0.02276281826198101,0.09935794770717621,-0.11628350615501404,0.9879716634750366,0,0,0,0,0,0,0,0,0,0,0,0,0,0
11.54410696029663,3.0,0.06821680814027786,-0.05257672816514969,-0.06673818826675415,0.04836302995681763,0.2435992807149887,-4.1735663414001465,0.25235840678215027,0.5223228335380554,0.03,1.2298932075500488,-0.11586610972881317,0.3187083303928375,0.02276281826198101,0.09935794770717621,-0.11628350615501404,0.9879716634750366,0,0,0,0,0,0,0,0,0,0,0,0,0,0
11.545193433761597,3.0,0.06821680814027786,-0.05257672816514969,-0.06673818826675415,0.04836302995681763,0.2435992807149887,-4.1735663414001465,0.25235840678215027,0.5223228335380554,0.03,1.2298932075500488,-0.11586610972881317,0.3187083303928375,0.02276281826198101,0.09935794770717621,-0.11628350615501404,0.9879716634750366,0,0,0,0,0,0,0,0,0,0,0,0,0,0
11.546335935592651,3.0,0.06821680814027786,-0.05257672816514969,-0.06673818826675415,0.04836302995681763,0.2435992807149887,-4.1735663414001465,0.25235840678215027,0.5223228335380554,0.03,1.2298932075500488,-0.11586610972881317,0.3187083303928375,0.02276281826198101,0.09935794770717621,-0.11628350615501404,0.9879716634750366,0,0,0,0,0,0,0,0,0,0,0,0,0,0
11.547459125518799,3.0,0.06821680814027786,-0.05257672816514969,-0.06673818826675415,0.04836302995681763,0.2435992807149887,-4.1735663414001465,0.25235840678215027,0.5223228335380554,0.03,1.2298932075500488,-0.11586610972881317,0.3187083303928375,0.02276281826198101,0.09935794770717621,-0.11628350615501404,0.9879716634750366,0,0,0,0,0,0,0,0,0,0,0,0,0,0
11.548627614974976,3.0,0.06821680814027786,-0.05257672816514969,-0.06673818826675415,0.04836302995681763,0.2435992807149887,-4.1735663414001465,0.25235840678215027,0.5223228335380554,0.03,1.2298932075500488,-0.11586610972881317,0.3187083303928375,0.02276281826198101,0.09935794770717621,-0.11628350615501404,0.9879716634750366,0,0,0,0,0,0,0,0,0,0,0,0,0,0
11.54989242553711,3.0,0.06821680814027786,-0.05257672816514969,-0.06673818826675415,0.04836302995681763,0.2435992807149887,-4.1735663414001465,0.25235840678215027,0.5223228335380554,0.03,1.2298932075500488,-0.11586610972881317,0.3187083303928375,0.02276281826198101,0.09935794770717621,-0.11628350615501404,0.9879716634750366,0,0,0,0,0,0,0,0,0,0,0,0,0,0
11.551831007003784,3.0,0.06821680814027786,-0.05257672816514969,-0.06673818826675415,0.04836302995681763,0.2435992807149887,-4.1735663414001465,0.25235840678215027,0.5223228335380554,0.03,1.2300753593444824,-0.11626948416233063,0.31880033016204834,0.015823358669877052,0.09637431800365448,-0.13585950434207916,0.9859026074409485,0,0,0,0,0,0,0,0,0,0,0,0,0,0
11.553524494171143,3.0,0.06821680814027786,-0.05257672816514969,-0.06673818826675415,0.04836302995681763,0.2435992807149887,-4.1735663414001465,0.25235840678215027,0.5223228335380554,0.03,1.2300753593444824,-0.11626948416233063,0.31880033016204834,0.015823358669877052,0.09637431800365448,-0.13585950434207916,0.9859026074409485,0,0,0,0,0,0,0,0,0,0,0,0,0,0
11.55717158317566,3.0,0.06810910999774933,-0.05189426988363266,-0.06668609380722046,0.04790908098220825,0.2283610999584198,-4.185378551483154,0.31761428713798523,0.8592605590820312,0.03,1.2300753593444824,-0.11626948416233063,0.31880033016204834,0.015823358669877052,0.09637431800365448,-0.13585950434207916,0.9859026074409485,0,0,0,0,0,0,0,0,0,0,0,0,0,0
11.558422327041626,3.0,0.06810910999774933,-0.05189426988363266,-0.06668609380722046,0.04790908098220825,0.2283610999584198,-4.185378551483154,0.31761428713798523,0.8592605590820312,0.03,1.2300753593444824,-0.11626948416233063,0.31880033016204834,0.015823358669877052,0.09637431800365448,-0.13585950434207916,0.9859026074409485,0,0,0,0,0,0,0,0,0,0,0,0,0,0
11.559564352035522,3.0,0.06810910999774933,-0.05189426988363266,-0.06668609380722046,0.04790908098220825,0.2283610999584198,-4.185378551483154,0.31761428713798523,0.8592605590820312,0.03,1.2300753593444824,-0.11626948416233063,0.31880033016204834,0.015823358669877052,0.09637431800365448,-0.13585950434207916,0.9859026074409485,0,0,0,0,0,0,0,0,0,0,0,0,0,0
11.561457872390747,3.0,0.06810910999774933,-0.05189426988363266,-0.06668609380722046,0.04790908098220825,0.2283610999584198,-4.185378551483154,0.31761428713798523,0.8592605590820312,0.03,1.2300753593444824,-0.11626948416233063,0.31880033016204834,0.015823358669877052,0.09637431800365448,-0.13585950434207916,0.9859026074409485,0,0,0,0,0,0,0,0,0,0,0,0,0,0
11.56275463104248,3.0,0.06810910999774933,-0.05189426988363266,-0.06668609380722046,0.04790908098220825,0.2283610999584198,-4.185378551483154,0.31761428713798523,0.8592605590820312,0.03,1.2300753593444824,-0.11626948416233063,0.31880033016204834,0.015823358669877052,0.09637431800365448,-0.13585950434207916,0.9859026074409485,0,0,0,0,0,0,0,0,0,0,0,0,0,0
11.563936948776245,3.0,0.06810910999774933,-0.05189426988363266,-0.06668609380722046,0.04790908098220825,0.2283610999584198,-4.185378551483154,0.31761428713798523,0.8592605590820312,0.03,1.2300753593444824,-0.11626948416233063,0.31880033016204834,0.015823358669877052,0.09637431800365448,-0.13585950434207916,0.9859026074409485,0,0,0,0,0,0,0,0,0,0,0,0,0,0
11.565231323242188,3.0,0.06810910999774933,-0.05189426988363266,-0.06668609380722046,0.04790908098220825,0.2283610999584198,-4.185378551483154,0.31761428713798523,0.8592605590820312,0.03,1.2300753593444824,-0.11626948416233063,0.31880033016204834,0.015823358669877052,0.09637431800365448,-0.13585950434207916,0.9859026074409485,0,0,0,0,0,0,0,0,0,0,0,0,0,0
11.567490339279175,3.0,0.06714017689228058,-0.044107794761657715,-0.06629115343093872,0.04096156358718872,0.5647924542427063,-5.244339466094971,1.113096833229065,2.2210941314697266,0.03,1.2300753593444824,-0.11626948416233063,0.31880033016204834,0.015823358669877052,0.09637431800365448,-0.13585950434207916,0.9859026074409485,0,0,0,0,0,0,0,0,0,0,0,0,0,0
11.569129228591919,3.0,0.06608400493860245,-0.03385799378156662,-0.06521397829055786,0.030209004878997803,0.6184568405151367,-5.747133255004883,1.051714301109314,2.005866289138794,0.03,1.230084776878357,-0.11625472456216812,0.31943511962890625,0.01995944418013096,0.0906432643532753,-0.11944571137428284,0.9884929060935974,0,0,0,0,0,0,0,0,0,0,0,0,0,0
11.571283102035522,3.0,0.06608400493860245,-0.03385799378156662,-0.06521397829055786,0.030209004878997803,0.6184568405151367,-5.747133255004883,1.051714301109314,2.005866289138794,0.03,1.230084776878357,-0.11625472456216812,0.31943511962890625,0.01995944418013096,0.0906432643532753,-0.11944571137428284,0.9884929060935974,0,0,0,0,0,0,0,0,0,0,0,0,0,0
11.57236933708191,3.0,0.06608400493860245,-0.03385799378156662,-0.06521397829055786,0.030209004878997803,0.6184568405151367,-5.747133255004883,1.051714301109314,2.005866289138794,0.03,1.230084776878357,-0.11625472456216812,0.31943511962890625,0.01995944418013096,0.0906432643532753,-0.11944571137428284,0.9884929060935974,0,0,0,0,0,0,0,0,0,0,0,0,0,0
11.573467016220093,3.0,0.06608400493860245,-0.03385799378156662,-0.06521397829055786,0.030209004878997803,0.6184568405151367,-5.747133255004883,1.051714301109314,2.005866289138794,0.03,1.230084776878357,-0.11625472456216812,0.31943511962890625,0.01995944418013096,0.0906432643532753,-0.11944571137428284,0.9884929060935974,0,0,0,0,0,0,0,0,0,0,0,0,0,0
11.574883460998535,3.0,0.06608400493860245,-0.03385799378156662,-0.06521397829055786,0.030209004878997803,0.6184568405151367,-5.747133255004883,1.051714301109314,2.005866289138794,0.03,1.230084776878357,-0.11625472456216812,0.31943511962890625,0.01995944418013096,0.0906432643532753,-0.11944571137428284,0.9884929060935974,0,0,0,0,0,0,0,0,0,0,0,0,0,0
11.575953006744385,3.0,0.06608400493860245,-0.03385799378156662,-0.06521397829055786,0.030209004878997803,0.6184568405151367,-5.747133255004883,1.051714301109314,2.005866289138794,0.03,1.230084776878357,-0.11625472456216812,0.31943511962890625,0.01995944418013096,0.0906432643532753,-0.11944571137428284,0.9884929060935974,0,0,0,0,0,0,0,0,0,0,0,0,0,0
11.57782769203186,3.0,0.06608400493860245,-0.03385799378156662,-0.06521397829055786,0.030209004878997803,0.6184568405151367,-5.747133255004883,1.051714301109314,2.005866289138794,0.03,1.230084776878357,-0.11625472456216812,0.31943511962890625,0.01995944418013096,0.0906432643532753,-0.11944571137428284,0.9884929060935974,0,0,0,0,0,0,0,0,0,0,0,0,0,0
11.579352617263794,3.0,0.06608400493860245,-0.03385799378156662,-0.06521397829055786,0.030209004878997803,0.6184568405151367,-5.747133255004883,1.051714301109314,2.005866289138794,0.03,1.230084776878357,-0.11625472456216812,0.31943511962890625,0.01995944418013096,0.0906432643532753,-0.11944571137428284,0.9884929060935974,0,0,0,0,0,0,0,0,0,0,0,0,0,0
11.581883192062378,3.0,0.06608400493860245,-0.03385799378156662,-0.06521397829055786,0.030209004878997803,0.6184568405151367,-5.747133255004883,1.051714301109314,2.005866289138794,0.03,1.230084776878357,-0.11625472456216812,0.31943511962890625,0.01995944418013096,0.0906432643532753,-0.11944571137428284,0.9884929060935974,0,0,0,0,0,0,0,0,0,0,0,0,0,0
11.583024263381958,3.0,0.06491195410490036,-0.023368872702121735,-0.06401199102401733,0.019825458526611328,0.20432406663894653,-5.3534955978393555,0.6612200736999512,1.7382967472076416,0.03,1.230084776878357,-0.11625472456216812,0.31943511962890625,0.01995944418013096,0.0906432643532753,-0.11944571137428284,0.9884929060935974,0,0,0,0,0,0,0,0,0,0,0,0,0,0
11.584993839263916,3.0,0.06491195410490036,-0.023368872702121735,-0.06401199102401733,0.019825458526611328,0.20432406663894653,-5.3534955978393555,0.6612200736999512,1.7382967472076416,0.03,1.230084776878357,-0.11625472456216812,0.31943511962890625,0.01995944418013096,0.0906432643532753,-0.11944571137428284,0.9884929060935974,0,0,0,0,0,0,0,0,0,0,0,0,0,0
11.586193323135376,3.0,0.06491195410490036,-0.023368872702121735,-0.06401199102401733,0.019825458526611328,0.20432406663894653,-5.3534955978393555,0.6612200736999512,1.7382967472076416,0.03,1.230084776878357,-0.11625472456216812,0.31943511962890625,0.01995944418013096,0.0906432643532753,-0.11944571137428284,0.9884929060935974,0,0,0,0,0,0,0,0,0,0,0,0,0,0
11.588214874267578,3.0,0.06491195410490036,-0.023368872702121735,-0.06401199102401733,0.019825458526611328,0.20432406663894653,-5.3534955978393555,0.6612200736999512,1.7382967472076416,0.03,1.230084776878357,-0.11625472456216812,0.31943511962890625,0.01995944418013096,0.0906432643532753,-0.11944571137428284,0.9884929060935974,0,0,0,0,0,0,0,0,0,0,0,0,0,0
11.5898118019104,3.0,0.06491195410490036,-0.023368872702121735,-0.06401199102401733,0.019825458526611328,0.20432406663894653,-5.3534955978393555,0.6612200736999512,1.7382967472076416,0.03,1.230084776878357,-0.11625472456216812,0.31943511962890625,0.01995944418013096,0.0906432643532753,-0.11944571137428284,0.9884929060935974,0,0,0,0,0,0,0,0,0,0,0,0,0,0
11.591925382614136,3.0,0.06491195410490036,-0.023368872702121735,-0.06401199102401733,0.019825458526611328,0.20432406663894653,-5.3534955978393555,0.6612200736999512,1.7382967472076416,0.03,1.230084776878357,-0.11625472456216812,0.31943511962890625,0.01995944418013096,0.0906432643532753,-0.11944571137428284,0.9884929060935974,0,0,0,0,0,0,0,0,0,0,0,0,0,0
11.593617916107178,3.0,0.06491195410490036,-0.023368872702121735,-0.06401199102401733,0.019825458526611328,0.20432406663894653,-5.3534955978393555,0.6612200736999512,1.7382967472076416,0.03,1.230084776878357,-0.11625472456216812,0.31943511962890625,0.01995944418013096,0.0906432643532753,-0.11944571137428284,0.9884929060935974,0,0,0,0,0,0,0,0,0,0,0,0,0,0
11.595141410827637,3.0,0.06491195410490036,-0.023368872702121735,-0.06401199102401733,0.019825458526611328,0.20432406663894653,-5.3534955978393555,0.6612200736999512,1.7382967472076416,0.03,1.230084776878357,-0.11625472456216812,0.31943511962890625,0.01995944418013096,0.0906432643532753,-0.11944571137428284,0.9884929060935974,0,0,0,0,0,0,0,0,0,0,0,0,0,0
11.596232652664185,3.0,0.06491195410490036,-0.023368872702121735,-0.06401199102401733,0.019825458526611328,0.20432406663894653,-5.3534955978393555,0.6612200736999512,1.7382967472076416,0.03,1.230084776878357,-0.11625472456216812,0.31943511962890625,0.01995944418013096,0.0906432643532753,-0.11944571137428284,0.9884929060935974,0,0,0,0,0,0,0,0,0,0,0,0,0,0
11.597326755523682,3.0,0.06491195410490036,-0.023368872702121735,-0.06401199102401733,0.019825458526611328,0.20432406663894653,-5.3534955978393555,0.6612200736999512,1.7382967472076416,0.03,1.230084776878357,-0.11625472456216812,0.31943511962890625,0.01995944418013096,0.0906432643532753,-0.11944571137428284,0.9884929060935974,0,0,0,0,0,0,0,0,0,0,0,0,0,0
11.599032163619995,3.0,0.06491195410490036,-0.023368872702121735,-0.06401199102401733,0.019825458526611328,0.20432406663894653,-5.3534955978393555,0.6612200736999512,1.7382967472076416,0.03,1.230084776878357,-0.11625472456216812,0.31943511962890625,0.01995944418013096,0.0906432643532753,-0.11944571137428284,0.9884929060935974,0,0,0,0,0,0,0,0,0,0,0,0,0,0
11.600886821746826,3.0,0.06491195410490036,-0.023368872702121735,-0.06401199102401733,0.019825458526611328,0.20432406663894653,-5.3534955978393555,0.6612200736999512,1.7382967472076416,0.03,1.230084776878357,-0.11625472456216812,0.31943511962890625,0.01995944418013096,0.0906432643532753,-0.11944571137428284,0.9884929060935974,0,0,0,0,0,0,0,0,0,0,0,0,0,0
11.60205364227295,3.0,0.06491195410490036,-0.023368872702121735,-0.06401199102401733,0.019825458526611328,0.20432406663894653,-5.3534955978393555,0.6612200736999512,1.7382967472076416,0.03,1.230084776878357,-0.11625472456216812,0.31943511962890625,0.01995944418013096,0.0906432643532753,-0.11944571137428284,0.9884929060935974,0,0,0,0,0,0,0,0,0,0,0,0,0,0
11.606359243392944,3.0,0.06491195410490036,-0.023368872702121735,-0.06401199102401733,0.019825458526611328,0.20432406663894653,-5.3534955978393555,0.6612200736999512,1.7382967472076416,0.03,1.230084776878357,-0.11625472456216812,0.31943511962890625,0.01995944418013096,0.0906432643532753,-0.11944571137428284,0.9884929060935974,0,0,0,0,0,0,0,0,0,0,0,0,0,0
11.60782241821289,3.0,0.06491195410490036,-0.023368872702121735,-0.06401199102401733,0.019825458526611328,0.20432406663894653,-5.3534955978393555,0.6612200736999512,1.7382967472076416,0.03,1.230084776878357,-0.11625472456216812,0.31943511962890625,0.01995944418013096,0.0906432643532753,-0.11944571137428284,0.9884929060935974,0,0,0,0,0,0,0,0,0,0,0,0,0,0
11.609124660491943,3.0,0.06491195410490036,-0.023368872702121735,-0.06401199102401733,0.019825458526611328,0.20432406663894653,-5.3534955978393555,0.6612200736999512,1.7382967472076416,0.03,1.230084776878357,-0.11625472456216812,0.31943511962890625,0.01995944418013096,0.0906432643532753,-0.11944571137428284,0.9884929060935974,0,0,0,0,0,0,0,0,0,0,0,0,0,0
11.610956192016602,3.0,0.06491195410490036,-0.023368872702121735,-0.06401199102401733,0.019825458526611328,0.20432406663894653,-5.3534955978393555,0.6612200736999512,1.7382967472076416,0.03,1.230084776878357,-0.11625472456216812,0.31943511962890625,0.01995944418013096,0.0906432643532753,-0.11944571137428284,0.9884929060935974,0,0,0,0,0,0,0,0,0,0,0,0,0,0
11.612883806228638,3.0,0.06491195410490036,-0.023368872702121735,-0.06401199102401733,0.019825458526611328,0.20432406663894653,-5.3534955978393555,0.6612200736999512,1.7382967472076416,0.03,1.230084776878357,-0.11625472456216812,0.31943511962890625,0.01995944418013096,0.0906432643532753,-0.11944571137428284,0.9884929060935974,0,0,0,0,0,0,0,0,0,0,0,0,0,0
11.613991498947144,3.0,0.06491195410490036,-0.023368872702121735,-0.06401199102401733,0.019825458526611328,0.20432406663894653,-5.3534955978393555,0.6612200736999512,1.7382967472076416,0.03,1.230084776878357,-0.11625472456216812,0.31943511962890625,0.01995944418013096,0.0906432643532753,-0.11944571137428284,0.9884929060935974,0,0,0,0,0,0,0,0,0,0,0,0,0,0
11.616176128387451,3.0,0.06491195410490036,-0.023368872702121735,-0.06401199102401733,0.019825458526611328,0.20432406663894653,-5.3534955978393555,0.6612200736999512,1.7382967472076416,0.03,1.230084776878357,-0.11625472456216812,0.31943511962890625,0.01995944418013096,0.0906432643532753,-0.11944571137428284,0.9884929060935974,0,0,0,0,0,0,0,0,0,0,0,0,0,0
11.617465019226074,3.0,0.06491195410490036,-0.023368872702121735,-0.06401199102401733,0.019825458526611328,0.20432406663894653,-5.3534955978393555,0.6612200736999512,1.7382967472076416,0.03,1.230084776878357,-0.11625472456216812,0.31943511962890625,0.01995944418013096,0.0906432643532753,-0.11944571137428284,0.9884929060935974,0,0,0,0,0,0,0,0,0,0,0,0,0,0
11.618713855743408,3.0,0.06491195410490036,-0.023368872702121735,-0.06401199102401733,0.019825458526611328,0.20432406663894653,-5.3534955978393555,0.6612200736999512,1.7382967472076416,0.03,1.230084776878357,-0.11625472456216812,0.31943511962890625,0.01995944418013096,0.0906432643532753,-0.11944571137428284,0.9884929060935974,0,0,0,0,0,0,0,0,0,0,0,0,0,0
11.619858264923096,3.0,0.06491195410490036,-0.023368872702121735,-0.06401199102401733,0.019825458526611328,0.20432406663894653,-5.3534955978393555,0.6612200736999512,1.7382967472076416,0.03,1.230084776878357,-0.11625472456216812,0.31943511962890625,0.01995944418013096,0.0906432643532753,-0.11944571137428284,0.9884929060935974,0,0,0,0,0,0,0,0,0,0,0,0,0,0
11.620945692062378,3.0,0.06491195410490036,-0.023368872702121735,-0.06401199102401733,0.019825458526611328,0.20432406663894653,-5.3534955978393555,0.6612200736999512,1.7382967472076416,0.03,1.230084776878357,-0.11625472456216812,0.31943511962890625,0.01995944418013096,0.0906432643532753,-0.11944571137428284,0.9884929060935974,0,0,0,0,0,0,0,0,0,0,0,0,0,0
11.622007608413696,3.0,0.06491195410490036,-0.023368872702121735,-0.06401199102401733,0.019825458526611328,0.20432406663894653,-5.3534955978393555,0.6612200736999512,1.7382967472076416,0.03,1.230084776878357,-0.11625472456216812,0.31943511962890625,0.01995944418013096,0.0906432643532753,-0.11944571137428284,0.9884929060935974,0,0,0,0,0,0,0,0,0,0,0,0,0,0
11.623110055923462,3.0,0.06491195410490036,-0.023368872702121735,-0.06401199102401733,0.019825458526611328,0.20432406663894653,-5.3534955978393555,0.6612200736999512,1.7382967472076416,0.03,1.230084776878357,-0.11625472456216812,0.31943511962890625,0.01995944418013096,0.0906432643532753,-0.11944571137428284,0.9884929060935974,0,0,0,0,0,0,0,0,0,0,0,0,0,0
11.62416934967041,3.0,0.06491195410490036,-0.023368872702121735,-0.06401199102401733,0.019825458526611328,0.20432406663894653,-5.3534955978393555,0.6612200736999512,1.7382967472076416,0.03,1.230084776878357,-0.11625472456216812,0.31943511962890625,0.01995944418013096,0.0906432643532753,-0.11944571137428284,0.9884929060935974,0,0,0,0,0,0,0,0,0,0,0,0,0,0
11.625262022018433,3.0,0.06491195410490036,-0.023368872702121735,-0.06401199102401733,0.019825458526611328,0.20432406663894653,-5.3534955978393555,0.6612200736999512,1.7382967472076416,0.03,1.230084776878357,-0.11625472456216812,0.31943511962890625,0.01995944418013096,0.0906432643532753,-0.11944571137428284,0.9884929060935974,0,0,0,0,0,0,0,0,0,0,0,0,0,0
11.627019882202148,3.0,0.06491195410490036,-0.023368872702121735,-0.06401199102401733,0.019825458526611328,0.20432406663894653,-5.3534955978393555,0.6612200736999512,1.7382967472076416,0.03,1.230084776878357,-0.11625472456216812,0.31943511962890625,0.01995944418013096,0.0906432643532753,-0.11944571137428284,0.9884929060935974,0,0,0,0,0,0,0,0,0,0,0,0,0,0
11.628197193145752,3.0,0.06491195410490036,-0.023368872702121735,-0.06401199102401733,0.019825458526611328,0.20432406663894653,-5.3534955978393555,0.6612200736999512,1.7382967472076416,0.03,1.230084776878357,-0.11625472456216812,0.31943511962890625,0.01995944418013096,0.0906432643532753,-0.11944571137428284,0.9884929060935974,0,0,0,0,0,0,0,0,0,0,0,0,0,0
11.629284620285034,3.0,0.06491195410490036,-0.023368872702121735,-0.06401199102401733,0.019825458526611328,0.20432406663894653,-5.3534955978393555,0.6612200736999512,1.7382967472076416,0.03,1.230084776878357,-0.11625472456216812,0.31943511962890625,0.01995944418013096,0.0906432643532753,-0.11944571137428284,0.9884929060935974,0,0,0,0,0,0,0,0,0,0,0,0,0,0
11.630373477935791,3.0,0.06491195410490036,-0.023368872702121735,-0.06401199102401733,0.019825458526611328,0.20432406663894653,-5.3534955978393555,0.6612200736999512,1.7382967472076416,0.03,1.230084776878357,-0.11625472456216812,0.31943511962890625,0.01995944418013096,0.0906432643532753,-0.11944571137428284,0.9884929060935974,0,0,0,0,0,0,0,0,0,0,0,0,0,0
11.6316556930542,3.0,0.06491195410490036,-0.023368872702121735,-0.06401199102401733,0.019825458526611328,0.20432406663894653,-5.3534955978393555,0.6612200736999512,1.7382967472076416,0.03,1.230084776878357,-0.11625472456216812,0.31943511962890625,0.01995944418013096,0.0906432643532753,-0.11944571137428284,0.9884929060935974,0,0,0,0,0,0,0,0,0,0,0,0,0,0
11.632855892181396,3.0,0.06491195410490036,-0.023368872702121735,-0.06401199102401733,0.019825458526611328,0.20432406663894653,-5.3534955978393555,0.6612200736999512,1.7382967472076416,0.03,1.230084776878357,-0.11625472456216812,0.31943511962890625,0.01995944418013096,0.0906432643532753,-0.11944571137428284,0.9884929060935974,0,0,0,0,0,0,0,0,0,0,0,0,0,0
11.634848833084106,3.0,0.06491195410490036,-0.023368872702121735,-0.06401199102401733,0.019825458526611328,0.20432406663894653,-5.3534955978393555,0.6612200736999512,1.7382967472076416,0.03,1.230084776878357,-0.11625472456216812,0.31943511962890625,0.01995944418013096,0.0906432643532753,-0.11944571137428284,0.9884929060935974,0,0,0,0,0,0,0,0,0,0,0,0,0,0
11.636276245117188,3.0,0.06491195410490036,-0.023368872702121735,-0.06401199102401733,0.019825458526611328,0.20432406663894653,-5.3534955978393555,0.6612200736999512,1.7382967472076416,0.03,1.230084776878357,-0.11625472456216812,0.31943511962890625,0.01995944418013096,0.0906432643532753,-0.11944571137428284,0.9884929060935974,0,0,0,0,0,0,0,0,0,0,0,0,0,0
11.637477397918701,3.0,0.06491195410490036,-0.023368872702121735,-0.06401199102401733,0.019825458526611328,0.20432406663894653,-5.3534955978393555,0.6612200736999512,1.7382967472076416,0.03,1.230084776878357,-0.11625472456216812,0.31943511962890625,0.01995944418013096,0.0906432643532753,-0.11944571137428284,0.9884929060935974,0,0,0,0,0,0,0,0,0,0,0,0,0,0
11.640127897262573,3.0,0.06441642343997955,-0.01821853220462799,-0.06364208459854126,0.015079081058502197,0.05347927659749985,-5.072813987731934,0.6434658169746399,1.811363935470581,0.03,1.2300841808319092,-0.1164105087518692,0.31958481669425964,0.02072521671652794,0.08830887079238892,-0.11027539521455765,0.9897531867027283,0,0,0,0,0,0,0,0,0,0,0,0,0,0
11.641393423080444,3.0,0.06429263949394226,-0.016714051365852356,-0.0635530948638916,0.013632714748382568,0.05632751062512398,-5.070143699645996,0.57475346326828,1.8864717483520508,0.03,1.2300961017608643,-0.11644868552684784,0.319578617811203,0.020023979246616364,0.08794242888689041,-0.11251440644264221,0.9895482063293457,0,0,0,0,0,0,0,0,0,0,0,0,0,0
11.643450021743774,3.0,0.0639568567276001,-0.011726059019565582,-0.06333297491073608,0.00878375768661499,-0.11653032898902893,-4.885366916656494,0.49601149559020996,1.637882947921753,0.03,1.2300961017608643,-0.11644868552684784,0.319578617811203,0.020023979246616364,0.08794242888689041,-0.11251440644264221,0.9895482063293457,0,0,0,0,0,0,0,0,0,0,0,0,0,0
11.644988298416138,3.0,0.0639568567276001,-0.011726059019565582,-0.06333297491073608,0.00878375768661499,-0.11653032898902893,-4.885366916656494,0.49601149559020996,1.637882947921753,0.03,1.2300961017608643,-0.11644868552684784,0.319578617811203,0.020023979246616364,0.08794242888689041,-0.11251440644264221,0.9895482063293457,0,0,0,0,0,0,0,0,0,0,0,0,0,0
11.646305322647095,3.0,0.0639568567276001,-0.011726059019565582,-0.06333297491073608,0.00878375768661499,-0.11653032898902893,-4.885366916656494,0.49601149559020996,1.637882947921753,0.03,1.2300961017608643,-0.11644868552684784,0.319578617811203,0.020023979246616364,0.08794242888689041,-0.11251440644264221,0.9895482063293457,0,0,0,0,0,0,0,0,0,0,0,0,0,0
11.647648572921753,3.0,0.0639568567276001,-0.011726059019565582,-0.06333297491073608,0.00878375768661499,-0.11653032898902893,-4.885366916656494,0.49601149559020996,1.637882947921753,0.03,1.2300961017608643,-0.11644868552684784,0.319578617811203,0.020023979246616364,0.08794242888689041,-0.11251440644264221,0.9895482063293457,0,0,0,0,0,0,0,0,0,0,0,0,0,0
11.648823499679565,3.0,0.0639568567276001,-0.011726059019565582,-0.06333297491073608,0.00878375768661499,-0.11653032898902893,-4.885366916656494,0.49601149559020996,1.637882947921753,0.03,1.2300961017608643,-0.11644868552684784,0.319578617811203,0.020023979246616364,0.08794242888689041,-0.11251440644264221,0.9895482063293457,0,0,0,0,0,0,0,0,0,0,0,0,0,0
11.65053939819336,3.0,0.0639568567276001,-0.011726059019565582,-0.06333297491073608,0.00878375768661499,-0.11653032898902893,-4.885366916656494,0.49601149559020996,1.637882947921753,0.03,1.2300961017608643,-0.11644868552684784,0.319578617811203,0.020023979246616364,0.08794242888689041,-0.11251440644264221,0.9895482063293457,0,0,0,0,0,0,0,0,0,0,0,0,0,0
11.6516273021698,3.0,0.0639568567276001,-0.011726059019565582,-0.06333297491073608,0.00878375768661499,-0.11653032898902893,-4.885366916656494,0.49601149559020996,1.637882947921753,0.03,1.2300961017608643,-0.11644868552684784,0.319578617811203,0.020023979246616364,0.08794242888689041,-0.11251440644264221,0.9895482063293457,0,0,0,0,0,0,0,0,0,0,0,0,0,0
11.652790307998657,3.0,0.063893623650074,-0.010223865509033203,-0.06325751543045044,0.006778061389923096,-0.13131973147392273,-4.909384727478027,0.4848039150238037,1.1847126483917236,0.03,1.2300961017608643,-0.11644868552684784,0.319578617811203,0.020023979246616364,0.08794242888689041,-0.11251440644264221,0.9895482063293457,0,0,0,0,0,0,0,0,0,0,0,0,0,0
11.654149770736694,3.0,0.0636594220995903,-0.0014401525259017944,-0.06315344572067261,-0.001477956771850586,-0.27335599064826965,-5.600712299346924,0.4090975224971771,2.2390427589416504,0.03,1.2300983667373657,-0.11638198792934418,0.31966760754585266,0.020397523418068886,0.08783987909555435,-0.11147713661193848,0.9896671772003174,0,0,0,0,0,0,0,0,0,0,0,0,0,0
11.655214548110962,3.0,0.0636492595076561,-0.00023624300956726074,-0.06315433979034424,-0.002790093421936035,-0.3012653887271881,-5.506063461303711,0.39741164445877075,2.02162766456604,0.03,1.2300983667373657,-0.11638198792934418,0.31966760754585266,0.020397523418068886,0.08783987909555435,-0.11147713661193848,0.9896671772003174,0,0,0,0,0,0,0,0,0,0,0,0,0,0
11.656622886657715,3.0,0.0636492595076561,-0.00023624300956726074,-0.06315433979034424,-0.002790093421936035,-0.3012653887271881,-5.506063461303711,0.39741164445877075,2.02162766456604,0.03,1.2300983667373657,-0.11638198792934418,0.31966760754585266,0.020397523418068886,0.08783987909555435,-0.11147713661193848,0.9896671772003174,0,0,0,0,0,0,0,0,0,0,0,0,0,0
11.657838344573975,3.0,0.06360114365816116,0.003078855574131012,-0.06318777799606323,-0.006377756595611572,-0.40467822551727295,-5.99845552444458,0.36273717880249023,2.2286338806152344,0.03,1.2301031351089478,-0.11635582894086838,0.3197392225265503,0.02037571743130684,0.08776065707206726,-0.11059486120939255,0.9897735714912415,0,0,0,0,0,0,0,0,0,0,0,0,0,0
11.658994913101196,3.0,0.06358946114778519,0.004293099045753479,-0.06321585178375244,-0.00764387845993042,-0.4725494682788849,-6.577712535858154,0.34641844034194946,2.885284900665283,0.03,1.2301031351089478,-0.11635582894086838,0.3197392225265503,0.02037571743130684,0.08776065707206726,-0.11059486120939255,0.9897735714912415,0,0,0,0,0,0,0,0,0,0,0,0,0,0
11.662631750106812,3.0,0.06358946114778519,0.004293099045753479,-0.06321585178375244,-0.00764387845993042,-0.4725494682788849,-6.577712535858154,0.34641844034194946,2.885284900665283,0.03,1.2301031351089478,-0.11635582894086838,0.3197392225265503,0.02037571743130684,0.08776065707206726,-0.11059486120939255,0.9897735714912415,0,0,0,0,0,0,0,0,0,0,0,0,0,0
11.663779973983765,3.0,0.0635974109172821,0.005476862192153931,-0.06323754787445068,-0.008845210075378418,-0.5288428068161011,-5.959439277648926,0.3357406556606293,2.2333455085754395,0.03,1.2301031351089478,-0.11635582894086838,0.3197392225265503,0.02037571743130684,0.08776065707206726,-0.11059486120939255,0.9897735714912415,0,0,0,0,0,0,0,0,0,0,0,0,0,0
11.665117502212524,3.0,0.06354668736457825,0.006498962640762329,-0.06327295303344727,-0.009943246841430664,-0.6655037999153137,-7.235906600952148,0.18352732062339783,3.390787363052368,0.03,1.2301321029663086,-0.11648031324148178,0.31973767280578613,0.018494445830583572,0.08737875521183014,-0.11503633111715317,0.9893380403518677,0,0,0,0,0,0,0,0,0,0,0,0,0,0
11.666239261627197,3.0,0.06356319785118103,0.009382978081703186,-0.063326895236969,-0.01323997974395752,-0.7351245284080505,-6.868451118469238,0.21869638562202454,2.5205438137054443,0.03,1.2301644086837769,-0.11677674204111099,0.3196397125720978,0.01340144220739603,0.08647692948579788,-0.13071227073669434,0.9875507950782776,0,0,0,0,0,0,0,0,0,0,0,0,0,0
11.667303562164307,3.0,0.06356988847255707,0.010729029774665833,-0.0633201003074646,-0.014813780784606934,-0.8731375336647034,-8.290116310119629,0.031453561037778854,3.728954553604126,0.03,1.2301644086837769,-0.11677674204111099,0.3196397125720978,0.01340144220739603,0.08647692948579788,-0.13071227073669434,0.9875507950782776,0,0,0,0,0,0,0,0,0,0,0,0,0,0
11.668733358383179,3.0,0.06356988847255707,0.010729029774665833,-0.0633201003074646,-0.014813780784606934,-0.8731375336647034,-8.290116310119629,0.031453561037778854,3.728954553604126,0.03,1.2301644086837769,-0.11677674204111099,0.3196397125720978,0.01340144220739603,0.08647692948579788,-0.13071227073669434,0.9875507950782776,0,0,0,0,0,0,0,0,0,0,0,0,0,0
11.670018434524536,3.0,0.06356988847255707,0.010729029774665833,-0.0633201003074646,-0.014813780784606934,-0.8731375336647034,-8.290116310119629,0.031453561037778854,3.728954553604126,0.03,1.2301644086837769,-0.11677674204111099,0.3196397125720978,0.01340144220739603,0.08647692948579788,-0.13071227073669434,0.9875507950782776,0,0,0,0,0,0,0,0,0,0,0,0,0,0
11.671525239944458,3.0,0.06356988847255707,0.010729029774665833,-0.0633201003074646,-0.014813780784606934,-0.8731375336647034,-8.290116310119629,0.031453561037778854,3.728954553604126,0.03,1.2301644086837769,-0.11677674204111099,0.3196397125720978,0.01340144220739603,0.08647692948579788,-0.13071227073669434,0.9875507950782776,0,0,0,0,0,0,0,0,0,0,0,0,0,0
11.67264437675476,3.0,0.06356988847255707,0.010729029774665833,-0.0633201003074646,-0.014813780784606934,-0.8731375336647034,-8.290116310119629,0.031453561037778854,3.728954553604126,0.03,1.2301644086837769,-0.11677674204111099,0.3196397125720978,0.01340144220739603,0.08647692948579788,-0.13071227073669434,0.9875507950782776,0,0,0,0,0,0,0,0,0,0,0,0,0,0
11.673969984054565,3.0,0.06356988847255707,0.010729029774665833,-0.0633201003074646,-0.014813780784606934,-0.8731375336647034,-8.290116310119629,0.031453561037778854,3.728954553604126,0.03,1.230140209197998,-0.11683748662471771,0.31964439153671265,0.012192105874419212,0.08583547919988632,-0.1350211799144745,0.9870424866676331,0,0,0,0,0,0,0,0,0,0,0,0,0,0
11.675833702087402,3.0,0.06356988847255707,0.010729029774665833,-0.0633201003074646,-0.014813780784606934,-0.8731375336647034,-8.290116310119629,0.031453561037778854,3.728954553604126,0.03,1.230140209197998,-0.11683748662471771,0.31964439153671265,0.012192105874419212,0.08583547919988632,-0.1350211799144745,0.9870424866676331,0,0,0,0,0,0,0,0,0,0,0,0,0,0
11.67766547203064,3.0,0.06356988847255707,0.010729029774665833,-0.0633201003074646,-0.014813780784606934,-0.8731375336647034,-8.290116310119629,0.031453561037778854,3.728954553604126,0.03,1.230140209197998,-0.11683748662471771,0.31964439153671265,0.012192105874419212,0.08583547919988632,-0.1350211799144745,0.9870424866676331,0,0,0,0,0,0,0,0,0,0,0,0,0,0
11.678901195526123,3.0,0.06362463533878326,0.014609351754188538,-0.06346625089645386,-0.0195004940032959,-1.1109412908554077,-8.741837501525879,-0.08377645164728165,3.386772632598877,0.03,1.2299989461898804,-0.1170940175652504,0.32041314244270325,0.009236113168299198,0.08101850003004074,-0.15428705513477325,0.9846553802490234,0,0,0,0,0,0,0,0,0,0,0,0,0,0
11.680107116699219,3.0,0.06366272270679474,0.017217323184013367,-0.06359046697616577,-0.02344566583633423,-1.3525031805038452,-9.799736022949219,-0.2655321955680847,2.99261736869812,0.03,1.2299989461898804,-0.1170940175652504,0.32041314244270325,0.009236113168299198,0.08101850003004074,-0.15428705513477325,0.9846553802490234,0,0,0,0,0,0,0,0,0,0,0,0,0,0
11.683202981948853,3.0,0.06366272270679474,0.017217323184013367,-0.06359046697616577,-0.02344566583633423,-1.3525031805038452,-9.799736022949219,-0.2655321955680847,2.99261736869812,0.03,1.2299989461898804,-0.1170940175652504,0.32041314244270325,0.009236113168299198,0.08101850003004074,-0.15428705513477325,0.9846553802490234,0,0,0,0,0,0,0,0,0,0,0,0,0,0
11.684561252593994,3.0,0.06366272270679474,0.017217323184013367,-0.06359046697616577,-0.02344566583633423,-1.3525031805038452,-9.799736022949219,-0.2655321955680847,2.99261736869812,0.03,1.2299989461898804,-0.1170940175652504,0.32041314244270325,0.009236113168299198,0.08101850003004074,-0.15428705513477325,0.9846553802490234,0,0,0,0,0,0,0,0,0,0,0,0,0,0
11.685959339141846,3.0,0.06366272270679474,0.017217323184013367,-0.06359046697616577,-0.02344566583633423,-1.3525031805038452,-9.799736022949219,-0.2655321955680847,2.99261736869812,0.03,1.2299989461898804,-0.1170940175652504,0.32041314244270325,0.009236113168299198,0.08101850003004074,-0.15428705513477325,0.9846553802490234,0,0,0,0,0,0,0,0,0,0,0,0,0,0
11.687162399291992,3.0,0.06366272270679474,0.017217323184013367,-0.06359046697616577,-0.02344566583633423,-1.3525031805038452,-9.799736022949219,-0.2655321955680847,2.99261736869812,0.03,1.2299989461898804,-0.1170940175652504,0.32041314244270325,0.009236113168299198,0.08101850003004074,-0.15428705513477325,0.9846553802490234,0,0,0,0,0,0,0,0,0,0,0,0,0,0
11.68894362449646,3.0,0.06366272270679474,0.017217323184013367,-0.06359046697616577,-0.02344566583633423,-1.3525031805038452,-9.799736022949219,-0.2655321955680847,2.99261736869812,0.03,1.2299989461898804,-0.1170940175652504,0.32041314244270325,0.009236113168299198,0.08101850003004074,-0.15428705513477325,0.9846553802490234,0,0,0,0,0,0,0,0,0,0,0,0,0,0
11.69167971611023,3.0,0.06366272270679474,0.017217323184013367,-0.06359046697616577,-0.02344566583633423,-1.3525031805038452,-9.799736022949219,-0.2655321955680847,2.99261736869812,0.03,1.2299989461898804,-0.1170940175652504,0.32041314244270325,0.009236113168299198,0.08101850003004074,-0.15428705513477325,0.9846553802490234,0,0,0,0,0,0,0,0,0,0,0,0,0,0
11.693093299865723,3.0,0.06366272270679474,0.017217323184013367,-0.06359046697616577,-0.02344566583633423,-1.3525031805038452,-9.799736022949219,-0.2655321955680847,2.99261736869812,0.03,1.2299989461898804,-0.1170940175652504,0.32041314244270325,0.009236113168299198,0.08101850003004074,-0.15428705513477325,0.9846553802490234,0,0,0,0,0,0,0,0,0,0,0,0,0,0
11.694370985031128,3.0,0.06366272270679474,0.017217323184013367,-0.06359046697616577,-0.02344566583633423,-1.3525031805038452,-9.799736022949219,-0.2655321955680847,2.99261736869812,0.03,1.2299989461898804,-0.1170940175652504,0.32041314244270325,0.009236113168299198,0.08101850003004074,-0.15428705513477325,0.9846553802490234,0,0,0,0,0,0,0,0,0,0,0,0,0,0
11.695986032485962,3.0,0.06366272270679474,0.017217323184013367,-0.06359046697616577,-0.02344566583633423,-1.3525031805038452,-9.799736022949219,-0.2655321955680847,2.99261736869812,0.03,1.2299989461898804,-0.1170940175652504,0.32041314244270325,0.009236113168299198,0.08101850003004074,-0.15428705513477325,0.9846553802490234,0,0,0,0,0,0,0,0,0,0,0,0,0,0
11.697729587554932,3.0,0.06366272270679474,0.017217323184013367,-0.06359046697616577,-0.02344566583633423,-1.3525031805038452,-9.799736022949219,-0.2655321955680847,2.99261736869812,0.03,1.2299989461898804,-0.1170940175652504,0.32041314244270325,0.009236113168299198,0.08101850003004074,-0.15428705513477325,0.9846553802490234,0,0,0,0,0,0,0,0,0,0,0,0,0,0
11.699058532714844,3.0,0.06366272270679474,0.017217323184013367,-0.06359046697616577,-0.02344566583633423,-1.3525031805038452,-9.799736022949219,-0.2655321955680847,2.99261736869812,0.03,1.2299989461898804,-0.1170940175652504,0.32041314244270325,0.009236113168299198,0.08101850003004074,-0.15428705513477325,0.9846553802490234,0,0,0,0,0,0,0,0,0,0,0,0,0,0
11.701494216918945,3.0,0.06366272270679474,0.017217323184013367,-0.06359046697616577,-0.02344566583633423,-1.3525031805038452,-9.799736022949219,-0.2655321955680847,2.99261736869812,0.03,1.2299989461898804,-0.1170940175652504,0.32041314244270325,0.009236113168299198,0.08101850003004074,-0.15428705513477325,0.9846553802490234,0,0,0,0,0,0,0,0,0,0,0,0,0,0
11.702597856521606,3.0,0.06366272270679474,0.017217323184013367,-0.06359046697616577,-0.02344566583633423,-1.3525031805038452,-9.799736022949219,-0.2655321955680847,2.99261736869812,0.03,1.2299989461898804,-0.1170940175652504,0.32041314244270325,0.009236113168299198,0.08101850003004074,-0.15428705513477325,0.9846553802490234,0,0,0,0,0,0,0,0,0,0,0,0,0,0
11.704966068267822,3.0,0.06373825669288635,0.021414563059806824,-0.06377434730529785,-0.027451932430267334,-1.636469841003418,-9.747275352478027,-0.46468544006347656,3.36360502243042,0.03,1.2299989461898804,-0.1170940175652504,0.32041314244270325,0.009236113168299198,0.08101850003004074,-0.15428705513477325,0.9846553802490234,0,0,0,0,0,0,0,0,0,0,0,0,0,0
11.706082582473755,3.0,0.06383612006902695,0.02642492949962616,-0.06421101093292236,-0.03348511457443237,-2.1340208053588867,-10.505796432495117,-0.6370909810066223,3.1273434162139893,0.03,1.2297773361206055,-0.11700950562953949,0.32070621848106384,0.008845524862408638,0.07738514244556427,-0.1423683613538742,0.9867444634437561,0,0,0,0,0,0,0,0,0,0,0,0,0,0
11.707408428192139,3.0,0.06397780776023865,0.03328251838684082,-0.06495994329452515,-0.040527403354644775,-2.9601407051086426,-10.744756698608398,-0.855090856552124,3.503438711166382,0.03,1.2297773361206055,-0.11700950562953949,0.32070621848106384,0.008845524862408638,0.07738514244556427,-0.1423683613538742,0.9867444634437561,0,0,0,0,0,0,0,0,0,0,0,0,0,0
11.70863652229309,3.0,0.06457502394914627,0.04440261423587799,-0.06654179096221924,-0.05084019899368286,-4.458028793334961,-12.264530181884766,-1.5932416915893555,5.766058444976807,0.03,1.229405403137207,-0.11701084673404694,0.321973979473114,0.008697723969817162,0.06532099097967148,-0.11998159438371658,0.9905866980552673,0,0,0,0,0,0,0,0,0,0,0,0,0,0
11.709782838821411,3.0,0.0653117299079895,0.05148814618587494,-0.06792014837265015,-0.057498037815093994,-5.7083916664123535,-13.941676139831543,-2.236248016357422,7.434141635894775,0.03,1.2292383909225464,-0.1169416755437851,0.32228198647499084,0.008501376956701279,0.06284435838460922,-0.1132286861538887,0.9915431141853333,0,0,0,0,0,0,0,0,0,0,0,0,0,0
11.711059331893921,3.0,0.06642574816942215,0.05811966955661774,-0.06934201717376709,-0.0638088583946228,-6.799792766571045,-15.545695304870605,-3.109166145324707,9.111417770385742,0.03,1.2292383909225464,-0.1169416755437851,0.32228198647499084,0.008501376956701279,0.06284435838460922,-0.1132286861538887,0.9915431141853333,0,0,0,0,0,0,0,0,0,0,0,0,0,0
11.712155818939209,3.0,0.06642574816942215,0.05811966955661774,-0.06934201717376709,-0.0638088583946228,-6.799792766571045,-15.545695304870605,-3.109166145324707,9.111417770385742,0.03,1.2292383909225464,-0.1169416755437851,0.32228198647499084,0.008501376956701279,0.06284435838460922,-0.1132286861538887,0.9915431141853333,0,0,0,0,0,0,0,0,0,0,0,0,0,0
11.71325397491455,3.0,0.06642574816942215,0.05811966955661774,-0.06934201717376709,-0.0638088583946228,-6.799792766571045,-15.545695304870605,-3.109166145324707,9.111417770385742,0.03,1.2292383909225464,-0.1169416755437851,0.32228198647499084,0.008501376956701279,0.06284435838460922,-0.1132286861538887,0.9915431141853333,0,0,0,0,0,0,0,0,0,0,0,0,0,0
11.714681148529053,3.0,0.06642574816942215,0.05811966955661774,-0.06934201717376709,-0.0638088583946228,-6.799792766571045,-15.545695304870605,-3.109166145324707,9.111417770385742,0.03,1.2292383909225464,-0.1169416755437851,0.32228198647499084,0.008501376956701279,0.06284435838460922,-0.1132286861538887,0.9915431141853333,0,0,0,0,0,0,0,0,0,0,0,0,0,0
11.715767621994019,3.0,0.06642574816942215,0.05811966955661774,-0.06934201717376709,-0.0638088583946228,-6.799792766571045,-15.545695304870605,-3.109166145324707,9.111417770385742,0.03,1.2292383909225464,-0.1169416755437851,0.32228198647499084,0.008501376956701279,0.06284435838460922,-0.1132286861538887,0.9915431141853333,0,0,0,0,0,0,0,0,0,0,0,0,0,0
11.717120885848999,3.0,0.06642574816942215,0.05811966955661774,-0.06934201717376709,-0.0638088583946228,-6.799792766571045,-15.545695304870605,-3.109166145324707,9.111417770385742,0.03,1.228693962097168,-0.11728528887033463,0.3229566812515259,0.0035315481945872307,0.05853203684091568,-0.14618943631649017,0.9875171780586243,0,0,0,0,0,0,0,0,0,0,0,0,0,0
11.718568325042725,3.0,0.06642574816942215,0.05811966955661774,-0.06934201717376709,-0.0638088583946228,-6.799792766571045,-15.545695304870605,-3.109166145324707,9.111417770385742,0.03,1.228693962097168,-0.11728528887033463,0.3229566812515259,0.0035315481945872307,0.05853203684091568,-0.14618943631649017,0.9875171780586243,0,0,0,0,0,0,0,0,0,0,0,0,0,0
11.719628095626831,3.0,0.06642574816942215,0.05811966955661774,-0.06934201717376709,-0.0638088583946228,-6.799792766571045,-15.545695304870605,-3.109166145324707,9.111417770385742,0.03,1.228693962097168,-0.11728528887033463,0.3229566812515259,0.0035315481945872307,0.05853203684091568,-0.14618943631649017,0.9875171780586243,0,0,0,0,0,0,0,0,0,0,0,0,0,0
11.72078537940979,3.0,0.06642574816942215,0.05811966955661774,-0.06934201717376709,-0.0638088583946228,-6.799792766571045,-15.545695304870605,-3.109166145324707,9.111417770385742,0.03,1.228693962097168,-0.11728528887033463,0.3229566812515259,0.0035315481945872307,0.05853203684091568,-0.14618943631649017,0.9875171780586243,0,0,0,0,0,0,0,0,0,0,0,0,0,0
11.722369909286499,3.0,0.06642574816942215,0.05811966955661774,-0.06934201717376709,-0.0638088583946228,-6.799792766571045,-15.545695304870605,-3.109166145324707,9.111417770385742,0.03,1.2279984951019287,-0.11699241399765015,0.3237941861152649,0.006872673984616995,0.05259878188371658,-0.09813034534454346,0.9937587976455688,0,0,0,0,0,0,0,0,0,0,0,0,0,0
11.72393012046814,3.0,0.06642574816942215,0.05811966955661774,-0.06934201717376709,-0.0638088583946228,-6.799792766571045,-15.545695304870605,-3.109166145324707,9.111417770385742,0.03,1.2279984951019287,-0.11699241399765015,0.3237941861152649,0.006872673984616995,0.05259878188371658,-0.09813034534454346,0.9937587976455688,0,0,0,0,0,0,0,0,0,0,0,0,0,0
11.725908756256104,3.0,0.06642574816942215,0.05811966955661774,-0.06934201717376709,-0.0638088583946228,-6.799792766571045,-15.545695304870605,-3.109166145324707,9.111417770385742,0.03,1.2279984951019287,-0.11699241399765015,0.3237941861152649,0.006872673984616995,0.05259878188371658,-0.09813034534454346,0.9937587976455688,0,0,0,0,0,0,0,0,0,0,0,0,0,0
11.727923393249512,3.0,0.06642574816942215,0.05811966955661774,-0.06934201717376709,-0.0638088583946228,-6.799792766571045,-15.545695304870605,-3.109166145324707,9.111417770385742,0.03,1.2279984951019287,-0.11699241399765015,0.3237941861152649,0.006872673984616995,0.05259878188371658,-0.09813034534454346,0.9937587976455688,0,0,0,0,0,0,0,0,0,0,0,0,0,0
11.729556322097778,3.0,0.06642574816942215,0.05811966955661774,-0.06934201717376709,-0.0638088583946228,-6.799792766571045,-15.545695304870605,-3.109166145324707,9.111417770385742,0.03,1.2279984951019287,-0.11699241399765015,0.3237941861152649,0.006872673984616995,0.05259878188371658,-0.09813034534454346,0.9937587976455688,0,0,0,0,0,0,0,0,0,0,0,0,0,0
11.730652093887329,3.0,0.06642574816942215,0.05811966955661774,-0.06934201717376709,-0.0638088583946228,-6.799792766571045,-15.545695304870605,-3.109166145324707,9.111417770385742,0.03,1.2276978492736816,-0.11714903265237808,0.3242366909980774,0.005596913397312164,0.051080022007226944,-0.1113874539732933,0.9924477338790894,0,0,0,0,0,0,0,0,0,0,0,0,0,0
11.732040166854858,3.0,0.06642574816942215,0.05811966955661774,-0.06934201717376709,-0.0638088583946228,-6.799792766571045,-15.545695304870605,-3.109166145324707,9.111417770385742,0.03,1.2276978492736816,-0.11714903265237808,0.3242366909980774,0.005596913397312164,0.051080022007226944,-0.1113874539732933,0.9924477338790894,0,0,0,0,0,0,0,0,0,0,0,0,0,0
11.7334303855896,3.0,0.06642574816942215,0.05811966955661774,-0.06934201717376709,-0.0638088583946228,-6.799792766571045,-15.545695304870605,-3.109166145324707,9.111417770385742,0.03,1.2276978492736816,-0.11714903265237808,0.3242366909980774,0.005596913397312164,0.051080022007226944,-0.1113874539732933,0.9924477338790894,0,0,0,0,0,0,0,0,0,0,0,0,0,0
11.734615564346313,3.0,0.06642574816942215,0.05811966955661774,-0.06934201717376709,-0.0638088583946228,-6.799792766571045,-15.545695304870605,-3.109166145324707,9.111417770385742,0.03,1.2276978492736816,-0.11714903265237808,0.3242366909980774,0.005596913397312164,0.051080022007226944,-0.1113874539732933,0.9924477338790894,0,0,0,0,0,0,0,0,0,0,0,0,0,0
11.735713720321655,3.0,0.06642574816942215,0.05811966955661774,-0.06934201717376709,-0.0638088583946228,-6.799792766571045,-15.545695304870605,-3.109166145324707,9.111417770385742,0.03,1.2276978492736816,-0.11714903265237808,0.3242366909980774,0.005596913397312164,0.051080022007226944,-0.1113874539732933,0.9924477338790894,0,0,0,0,0,0,0,0,0,0,0,0,0,0
11.73698091506958,3.0,0.06642574816942215,0.05811966955661774,-0.06934201717376709,-0.0638088583946228,-6.799792766571045,-15.545695304870605,-3.109166145324707,9.111417770385742,0.03,1.2276978492736816,-0.11714903265237808,0.3242366909980774,0.005596913397312164,0.051080022007226944,-0.1113874539732933,0.9924477338790894,0,0,0,0,0,0,0,0,0,0,0,0,0,0
11.738322019577026,3.0,0.06642574816942215,0.05811966955661774,-0.06934201717376709,-0.0638088583946228,-6.799792766571045,-15.545695304870605,-3.109166145324707,9.111417770385742,0.03,1.2276978492736816,-0.11714903265237808,0.3242366909980774,0.005596913397312164,0.051080022007226944,-0.1113874539732933,0.9924477338790894,0,0,0,0,0,0,0,0,0,0,0,0,0,0
11.739477634429932,3.0,0.06642574816942215,0.05811966955661774,-0.06934201717376709,-0.0638088583946228,-6.799792766571045,-15.545695304870605,-3.109166145324707,9.111417770385742,0.03,1.2276978492736816,-0.11714903265237808,0.3242366909980774,0.005596913397312164,0.051080022007226944,-0.1113874539732933,0.9924477338790894,0,0,0,0,0,0,0,0,0,0,0,0,0,0
11.740925073623657,3.0,0.06642574816942215,0.05811966955661774,-0.06934201717376709,-0.0638088583946228,-6.799792766571045,-15.545695304870605,-3.109166145324707,9.111417770385742,0.03,1.2276978492736816,-0.11714903265237808,0.3242366909980774,0.005596913397312164,0.051080022007226944,-0.1113874539732933,0.9924477338790894,0,0,0,0,0,0,0,0,0,0,0,0,0,0
11.742733240127563,4.0,0.052102383226156235,0.0744650661945343,-0.050177812576293945,-0.07814449071884155,7.747707366943359,-9.894233703613281,6.863578796386719,4.9596781730651855,0.03,1.2276978492736816,-0.11714903265237808,0.3242366909980774,0.005596913397312164,0.051080022007226944,-0.1113874539732933,0.9924477338790894,0,0,0,0,0,0,0,0,0,0,0,0,0,0
11.74379587173462,4.0,0.052102383226156235,0.0744650661945343,-0.050177812576293945,-0.07814449071884155,7.747707366943359,-9.894233703613281,6.863578796386719,4.9596781730651855,0.03,1.2276978492736816,-0.11714903265237808,0.3242366909980774,0.005596913397312164,0.051080022007226944,-0.1113874539732933,0.9924477338790894,0,0,0,0,0,0,0,0,0,0,0,0,0,0
11.74498462677002,4.0,0.043364644050598145,0.07703849673271179,-0.0398862361907959,-0.08043026924133301,8.082490921020508,-7.7314887046813965,5.900192737579346,3.0115315914154053,0.03,1.2272586822509766,-0.11693647503852844,0.32463762164115906,0.0015349407913163304,0.0506928488612175,-0.13969331979751587,0.9888952374458313,0,0,0,0,0,0,0,0,0,0,0,0,0,0
11.746506452560425,4.0,0.043364644050598145,0.07703849673271179,-0.0398862361907959,-0.08043026924133301,8.082490921020508,-7.7314887046813965,5.900192737579346,3.0115315914154053,0.03,1.2270541191101074,-0.11677440255880356,0.3260177969932556,0.006601178087294102,0.04292255640029907,-0.12836283445358276,0.990776002407074,0,0,0,0,0,0,0,0,0,0,0,0,0,0
11.747606039047241,4.0,0.043364644050598145,0.07703849673271179,-0.0398862361907959,-0.08043026924133301,8.082490921020508,-7.7314887046813965,5.900192737579346,3.0115315914154053,0.03,1.2270541191101074,-0.11677440255880356,0.3260177969932556,0.006601178087294102,0.04292255640029907,-0.12836283445358276,0.990776002407074,0,0,0,0,0,0,0,0,0,0,0,0,0,0
11.748691320419312,4.0,0.043364644050598145,0.07703849673271179,-0.0398862361907959,-0.08043026924133301,8.082490921020508,-7.7314887046813965,5.900192737579346,3.0115315914154053,0.03,1.2270541191101074,-0.11677440255880356,0.3260177969932556,0.006601178087294102,0.04292255640029907,-0.12836283445358276,0.990776002407074,0,0,0,0,0,0,0,0,0,0,0,0,0,0
11.749778985977173,4.0,0.043364644050598145,0.07703849673271179,-0.0398862361907959,-0.08043026924133301,8.082490921020508,-7.7314887046813965,5.900192737579346,3.0115315914154053,0.03,1.2270541191101074,-0.11677440255880356,0.3260177969932556,0.006601178087294102,0.04292255640029907,-0.12836283445358276,0.990776002407074,0,0,0,0,0,0,0,0,0,0,0,0,0,0
11.751333713531494,4.0,0.043364644050598145,0.07703849673271179,-0.0398862361907959,-0.08043026924133301,8.082490921020508,-7.7314887046813965,5.900192737579346,3.0115315914154053,0.03,1.2270541191101074,-0.11677440255880356,0.3260177969932556,0.006601178087294102,0.04292255640029907,-0.12836283445358276,0.990776002407074,0,0,0,0,0,0,0,0,0,0,0,0,0,0
11.753027439117432,4.0,0.043364644050598145,0.07703849673271179,-0.0398862361907959,-0.08043026924133301,8.082490921020508,-7.7314887046813965,5.900192737579346,3.0115315914154053,0.03,1.2270541191101074,-0.11677440255880356,0.3260177969932556,0.006601178087294102,0.04292255640029907,-0.12836283445358276,0.990776002407074,0,0,0,0,0,0,0,0,0,0,0,0,0,0
11.75555419921875,4.0,0.043364644050598145,0.07703849673271179,-0.0398862361907959,-0.08043026924133301,8.082490921020508,-7.7314887046813965,5.900192737579346,3.0115315914154053,0.03,1.2270541191101074,-0.11677440255880356,0.3260177969932556,0.006601178087294102,0.04292255640029907,-0.12836283445358276,0.990776002407074,0,0,0,0,0,0,0,0,0,0,0,0,0,0
11.756970167160034,4.0,0.043364644050598145,0.07703849673271179,-0.0398862361907959,-0.08043026924133301,8.082490921020508,-7.7314887046813965,5.900192737579346,3.0115315914154053,0.03,1.2281684875488281,-0.11706595122814178,0.32632601261138916,0.012794623151421547,0.042015597224235535,-0.13047876954078674,0.9904778599739075,0,0,0,0,0,0,0,0,0,0,0,0,0,0
11.758160829544067,4.0,0.043364644050598145,0.07703849673271179,-0.0398862361907959,-0.08043026924133301,8.082490921020508,-7.7314887046813965,5.900192737579346,3.0115315914154053,0.03,1.2281684875488281,-0.11706595122814178,0.32632601261138916,0.012794623151421547,0.042015597224235535,-0.13047876954078674,0.9904778599739075,0,0,0,0,0,0,0,0,0,0,0,0,0,0
11.759275197982788,4.0,0.043364644050598145,0.07703849673271179,-0.0398862361907959,-0.08043026924133301,8.082490921020508,-7.7314887046813965,5.900192737579346,3.0115315914154053,0.03,1.2281684875488281,-0.11706595122814178,0.32632601261138916,0.012794623151421547,0.042015597224235535,-0.13047876954078674,0.9904778599739075,0,0,0,0,0,0,0,0,0,0,0,0,0,0
11.760370254516602,4.0,0.043364644050598145,0.07703849673271179,-0.0398862361907959,-0.08043026924133301,8.082490921020508,-7.7314887046813965,5.900192737579346,3.0115315914154053,0.03,1.2281684875488281,-0.11706595122814178,0.32632601261138916,0.012794623151421547,0.042015597224235535,-0.13047876954078674,0.9904778599739075,0,0,0,0,0,0,0,0,0,0,0,0,0,0
11.761934280395508,4.0,0.043364644050598145,0.07703849673271179,-0.0398862361907959,-0.08043026924133301,8.082490921020508,-7.7314887046813965,5.900192737579346,3.0115315914154053,0.03,1.2281684875488281,-0.11706595122814178,0.32632601261138916,0.012794623151421547,0.042015597224235535,-0.13047876954078674,0.9904778599739075,0,0,0,0,0,0,0,0,0,0,0,0,0,0
11.763370275497437,4.0,0.043364644050598145,0.07703849673271179,-0.0398862361907959,-0.08043026924133301,8.082490921020508,-7.7314887046813965,5.900192737579346,3.0115315914154053,0.03,1.2281684875488281,-0.11706595122814178,0.32632601261138916,0.012794623151421547,0.042015597224235535,-0.13047876954078674,0.9904778599739075,0,0,0,0,0,0,0,0,0,0,0,0,0,0
11.764702320098877,4.0,0.043364644050598145,0.07703849673271179,-0.0398862361907959,-0.08043026924133301,8.082490921020508,-7.7314887046813965,5.900192737579346,3.0115315914154053,0.03,1.2281684875488281,-0.11706595122814178,0.32632601261138916,0.012794623151421547,0.042015597224235535,-0.13047876954078674,0.9904778599739075,0,0,0,0,0,0,0,0,0,0,0,0,0,0
11.766595602035522,4.0,0.043364644050598145,0.07703849673271179,-0.0398862361907959,-0.08043026924133301,8.082490921020508,-7.7314887046813965,5.900192737579346,3.0115315914154053,0.03,1.2281684875488281,-0.11706595122814178,0.32632601261138916,0.012794623151421547,0.042015597224235535,-0.13047876954078674,0.9904778599739075,0,0,0,0,0,0,0,0,0,0,0,0,0,0
11.767723083496094,4.0,0.043364644050598145,0.07703849673271179,-0.0398862361907959,-0.08043026924133301,8.082490921020508,-7.7314887046813965,5.900192737579346,3.0115315914154053,0.03,1.2281684875488281,-0.11706595122814178,0.32632601261138916,0.012794623151421547,0.042015597224235535,-0.13047876954078674,0.9904778599739075,0,0,0,0,0,0,0,0,0,0,0,0,0,0
11.768812894821167,4.0,0.043364644050598145,0.07703849673271179,-0.0398862361907959,-0.08043026924133301,8.082490921020508,-7.7314887046813965,5.900192737579346,3.0115315914154053,0.03,1.2281684875488281,-0.11706595122814178,0.32632601261138916,0.012794623151421547,0.042015597224235535,-0.13047876954078674,0.9904778599739075,0,0,0,0,0,0,0,0,0,0,0,0,0,0
11.771263837814331,4.0,0.043364644050598145,0.07703849673271179,-0.0398862361907959,-0.08043026924133301,8.082490921020508,-7.7314887046813965,5.900192737579346,3.0115315914154053,0.03,1.2281684875488281,-0.11706595122814178,0.32632601261138916,0.012794623151421547,0.042015597224235535,-0.13047876954078674,0.9904778599739075,0,0,0,0,0,0,0,0,0,0,0,0,0,0
11.772327423095703,4.0,0.043364644050598145,0.07703849673271179,-0.0398862361907959,-0.08043026924133301,8.082490921020508,-7.7314887046813965,5.900192737579346,3.0115315914154053,0.03,1.2286450862884521,-0.11724202334880829,0.3261512219905853,0.0113148158416152,0.04225390404462814,-0.12640400230884552,0.9910139441490173,0,0,0,0,0,0,0,0,0,0,0,0,0,0
11.773520708084106,4.0,0.043364644050598145,0.07703849673271179,-0.0398862361907959,-0.08043026924133301,8.082490921020508,-7.7314887046813965,5.900192737579346,3.0115315914154053,0.03,1.2286450862884521,-0.11724202334880829,0.3261512219905853,0.0113148158416152,0.04225390404462814,-0.12640400230884552,0.9910139441490173,0,0,0,0,0,0,0,0,0,0,0,0,0,0
11.775295972824097,4.0,0.043364644050598145,0.07703849673271179,-0.0398862361907959,-0.08043026924133301,8.082490921020508,-7.7314887046813965,5.900192737579346,3.0115315914154053,0.03,1.2286450862884521,-0.11724202334880829,0.3261512219905853,0.0113148158416152,0.04225390404462814,-0.12640400230884552,0.9910139441490173,0,0,0,0,0,0,0,0,0,0,0,0,0,0
11.779281854629517,4.0,0.043364644050598145,0.07703849673271179,-0.0398862361907959,-0.08043026924133301,8.082490921020508,-7.7314887046813965,5.900192737579346,3.0115315914154053,0.03,1.2286450862884521,-0.11724202334880829,0.3261512219905853,0.0113148158416152,0.04225390404462814,-0.12640400230884552,0.9910139441490173,0,0,0,0,0,0,0,0,0,0,0,0,0,0
11.78084945678711,4.0,0.043364644050598145,0.07703849673271179,-0.0398862361907959,-0.08043026924133301,8.082490921020508,-7.7314887046813965,5.900192737579346,3.0115315914154053,0.03,1.2286450862884521,-0.11724202334880829,0.3261512219905853,0.0113148158416152,0.04225390404462814,-0.12640400230884552,0.9910139441490173,0,0,0,0,0,0,0,0,0,0,0,0,0,0
11.78233289718628,4.0,0.043364644050598145,0.07703849673271179,-0.0398862361907959,-0.08043026924133301,8.082490921020508,-7.7314887046813965,5.900192737579346,3.0115315914154053,0.03,1.2286450862884521,-0.11724202334880829,0.3261512219905853,0.0113148158416152,0.04225390404462814,-0.12640400230884552,0.9910139441490173,0,0,0,0,0,0,0,0,0,0,0,0,0,0
11.785303354263306,4.0,0.043364644050598145,0.07703849673271179,-0.0398862361907959,-0.08043026924133301,8.082490921020508,-7.7314887046813965,5.900192737579346,3.0115315914154053,0.03,1.2286450862884521,-0.11724202334880829,0.3261512219905853,0.0113148158416152,0.04225390404462814,-0.12640400230884552,0.9910139441490173,0,0,0,0,0,0,0,0,0,0,0,0,0,0
11.78658938407898,4.0,0.043364644050598145,0.07703849673271179,-0.0398862361907959,-0.08043026924133301,8.082490921020508,-7.7314887046813965,5.900192737579346,3.0115315914154053,0.03,1.2286450862884521,-0.11724202334880829,0.3261512219905853,0.0113148158416152,0.04225390404462814,-0.12640400230884552,0.9910139441490173,0,0,0,0,0,0,0,0,0,0,0,0,0,0
11.78818655014038,4.0,0.043364644050598145,0.07703849673271179,-0.0398862361907959,-0.08043026924133301,8.082490921020508,-7.7314887046813965,5.900192737579346,3.0115315914154053,0.03,1.2295029163360596,-0.1175294741988182,0.3253244161605835,0.018252911046147346,0.0489397756755352,-0.10482604801654816,0.9931179881095886,0,0,0,0,0,0,0,0,0,0,0,0,0,0
11.78940725326538,4.0,0.043364644050598145,0.07703849673271179,-0.0398862361907959,-0.08043026924133301,8.082490921020508,-7.7314887046813965,5.900192737579346,3.0115315914154053,0.03,1.2295029163360596,-0.1175294741988182,0.3253244161605835,0.018252911046147346,0.0489397756755352,-0.10482604801654816,0.9931179881095886,0,0,0,0,0,0,0,0,0,0,0,0,0,0
11.791630029678345,4.0,0.043364644050598145,0.07703849673271179,-0.0398862361907959,-0.08043026924133301,8.082490921020508,-7.7314887046813965,5.900192737579346,3.0115315914154053,0.03,1.2295029163360596,-0.1175294741988182,0.3253244161605835,0.018252911046147346,0.0489397756755352,-0.10482604801654816,0.9931179881095886,0,0,0,0,0,0,0,0,0,0,0,0,0,0
11.792694568634033,4.0,0.043364644050598145,0.07703849673271179,-0.0398862361907959,-0.08043026924133301,8.082490921020508,-7.7314887046813965,5.900192737579346,3.0115315914154053,0.03,1.2295029163360596,-0.1175294741988182,0.3253244161605835,0.018252911046147346,0.0489397756755352,-0.10482604801654816,0.9931179881095886,0,0,0,0,0,0,0,0,0,0,0,0,0,0
11.793895483016968,4.0,0.043364644050598145,0.07703849673271179,-0.0398862361907959,-0.08043026924133301,8.082490921020508,-7.7314887046813965,5.900192737579346,3.0115315914154053,0.03,1.2295029163360596,-0.1175294741988182,0.3253244161605835,0.018252911046147346,0.0489397756755352,-0.10482604801654816,0.9931179881095886,0,0,0,0,0,0,0,0,0,0,0,0,0,0
11.794982433319092,4.0,0.043364644050598145,0.07703849673271179,-0.0398862361907959,-0.08043026924133301,8.082490921020508,-7.7314887046813965,5.900192737579346,3.0115315914154053,0.03,1.2295029163360596,-0.1175294741988182,0.3253244161605835,0.018252911046147346,0.0489397756755352,-0.10482604801654816,0.9931179881095886,0,0,0,0,0,0,0,0,0,0,0,0,0,0
11.796077489852905,4.0,0.043364644050598145,0.07703849673271179,-0.0398862361907959,-0.08043026924133301,8.082490921020508,-7.7314887046813965,5.900192737579346,3.0115315914154053,0.03,1.2295029163360596,-0.1175294741988182,0.3253244161605835,0.018252911046147346,0.0489397756755352,-0.10482604801654816,0.9931179881095886,0,0,0,0,0,0,0,0,0,0,0,0,0,0
11.797147035598755,4.0,0.043364644050598145,0.07703849673271179,-0.0398862361907959,-0.08043026924133301,8.082490921020508,-7.7314887046813965,5.900192737579346,3.0115315914154053,0.03,1.2295029163360596,-0.1175294741988182,0.3253244161605835,0.018252911046147346,0.0489397756755352,-0.10482604801654816,0.9931179881095886,0,0,0,0,0,0,0,0,0,0,0,0,0,0
11.798540592193604,4.0,0.043364644050598145,0.07703849673271179,-0.0398862361907959,-0.08043026924133301,8.082490921020508,-7.7314887046813965,5.900192737579346,3.0115315914154053,0.03,1.2295029163360596,-0.1175294741988182,0.3253244161605835,0.018252911046147346,0.0489397756755352,-0.10482604801654816,0.9931179881095886,0,0,0,0,0,0,0,0,0,0,0,0,0,0
11.799600601196289,4.0,0.043364644050598145,0.07703849673271179,-0.0398862361907959,-0.08043026924133301,8.082490921020508,-7.7314887046813965,5.900192737579346,3.0115315914154053,0.03,1.2295029163360596,-0.1175294741988182,0.3253244161605835,0.018252911046147346,0.0489397756755352,-0.10482604801654816,0.9931179881095886,0,0,0,0,0,0,0,0,0,0,0,0,0,0
11.800659418106079,4.0,0.043364644050598145,0.07703849673271179,-0.0398862361907959,-0.08043026924133301,8.082490921020508,-7.7314887046813965,5.900192737579346,3.0115315914154053,0.03,1.2295029163360596,-0.1175294741988182,0.3253244161605835,0.018252911046147346,0.0489397756755352,-0.10482604801654816,0.9931179881095886,0,0,0,0,0,0,0,0,0,0,0,0,0,0
11.801740407943726,4.0,0.043364644050598145,0.07703849673271179,-0.0398862361907959,-0.08043026924133301,8.082490921020508,-7.7314887046813965,5.900192737579346,3.0115315914154053,0.03,1.2295029163360596,-0.1175294741988182,0.3253244161605835,0.018252911046147346,0.0489397756755352,-0.10482604801654816,0.9931179881095886,0,0,0,0,0,0,0,0,0,0,0,0,0,0
11.803165912628174,4.0,0.043364644050598145,0.07703849673271179,-0.0398862361907959,-0.08043026924133301,8.082490921020508,-7.7314887046813965,5.900192737579346,3.0115315914154053,0.03,1.2295029163360596,-0.1175294741988182,0.3253244161605835,0.018252911046147346,0.0489397756755352,-0.10482604801654816,0.9931179881095886,0,0,0,0,0,0,0,0,0,0,0,0,0,0
11.804577827453613,4.0,0.043364644050598145,0.07703849673271179,-0.0398862361907959,-0.08043026924133301,8.082490921020508,-7.7314887046813965,5.900192737579346,3.0115315914154053,0.03,1.2295029163360596,-0.1175294741988182,0.3253244161605835,0.018252911046147346,0.0489397756755352,-0.10482604801654816,0.9931179881095886,0,0,0,0,0,0,0,0,0,0,0,0,0,0
11.805670976638794,4.0,0.043364644050598145,0.07703849673271179,-0.0398862361907959,-0.08043026924133301,8.082490921020508,-7.7314887046813965,5.900192737579346,3.0115315914154053,0.03,1.2295029163360596,-0.1175294741988182,0.3253244161605835,0.018252911046147346,0.0489397756755352,-0.10482604801654816,0.9931179881095886,0,0,0,0,0,0,0,0,0,0,0,0,0,0
11.80690622329712,4.0,0.043364644050598145,0.07703849673271179,-0.0398862361907959,-0.08043026924133301,8.082490921020508,-7.7314887046813965,5.900192737579346,3.0115315914154053,0.03,1.2295029163360596,-0.1175294741988182,0.3253244161605835,0.018252911046147346,0.0489397756755352,-0.10482604801654816,0.9931179881095886,0,0,0,0,0,0,0,0,0,0,0,0,0,0
11.808844089508057,4.0,0.043364644050598145,0.07703849673271179,-0.0398862361907959,-0.08043026924133301,8.082490921020508,-7.7314887046813965,5.900192737579346,3.0115315914154053,0.03,1.2295029163360596,-0.1175294741988182,0.3253244161605835,0.018252911046147346,0.0489397756755352,-0.10482604801654816,0.9931179881095886,0,0,0,0,0,0,0,0,0,0,0,0,0,0
11.813011169433594,4.0,0.043364644050598145,0.07703849673271179,-0.0398862361907959,-0.08043026924133301,8.082490921020508,-7.7314887046813965,5.900192737579346,3.0115315914154053,0.03,1.2295029163360596,-0.1175294741988182,0.3253244161605835,0.018252911046147346,0.0489397756755352,-0.10482604801654816,0.9931179881095886,0,0,0,0,0,0,0,0,0,0,0,0,0,0
11.814268112182617,4.0,0.043364644050598145,0.07703849673271179,-0.0398862361907959,-0.08043026924133301,8.082490921020508,-7.7314887046813965,5.900192737579346,3.0115315914154053,0.03,1.2295029163360596,-0.1175294741988182,0.3253244161605835,0.018252911046147346,0.0489397756755352,-0.10482604801654816,0.9931179881095886,0,0,0,0,0,0,0,0,0,0,0,0,0,0
11.815446615219116,4.0,0.043364644050598145,0.07703849673271179,-0.0398862361907959,-0.08043026924133301,8.082490921020508,-7.7314887046813965,5.900192737579346,3.0115315914154053,0.03,1.2295029163360596,-0.1175294741988182,0.3253244161605835,0.018252911046147346,0.0489397756755352,-0.10482604801654816,0.9931179881095886,0,0,0,0,0,0,0,0,0,0,0,0,0,0
11.816561698913574,4.0,0.043364644050598145,0.07703849673271179,-0.0398862361907959,-0.08043026924133301,8.082490921020508,-7.7314887046813965,5.900192737579346,3.0115315914154053,0.03,1.2295029163360596,-0.1175294741988182,0.3253244161605835,0.018252911046147346,0.0489397756755352,-0.10482604801654816,0.9931179881095886,0,0,0,0,0,0,0,0,0,0,0,0,0,0
11.817758321762085,4.0,0.043364644050598145,0.07703849673271179,-0.0398862361907959,-0.08043026924133301,8.082490921020508,-7.7314887046813965,5.900192737579346,3.0115315914154053,0.03,1.2295029163360596,-0.1175294741988182,0.3253244161605835,0.018252911046147346,0.0489397756755352,-0.10482604801654816,0.9931179881095886,0,0,0,0,0,0,0,0,0,0,0,0,0,0
11.819256782531738,4.0,0.043364644050598145,0.07703849673271179,-0.0398862361907959,-0.08043026924133301,8.082490921020508,-7.7314887046813965,5.900192737579346,3.0115315914154053,0.03,1.2295029163360596,-0.1175294741988182,0.3253244161605835,0.018252911046147346,0.0489397756755352,-0.10482604801654816,0.9931179881095886,0,0,0,0,0,0,0,0,0,0,0,0,0,0
11.820405960083008,4.0,0.043364644050598145,0.07703849673271179,-0.0398862361907959,-0.08043026924133301,8.082490921020508,-7.7314887046813965,5.900192737579346,3.0115315914154053,0.03,1.2295029163360596,-0.1175294741988182,0.3253244161605835,0.018252911046147346,0.0489397756755352,-0.10482604801654816,0.9931179881095886,0,0,0,0,0,0,0,0,0,0,0,0,0,0
11.821972608566284,4.0,0.043364644050598145,0.07703849673271179,-0.0398862361907959,-0.08043026924133301,8.082490921020508,-7.7314887046813965,5.900192737579346,3.0115315914154053,0.03,1.2295029163360596,-0.1175294741988182,0.3253244161605835,0.018252911046147346,0.0489397756755352,-0.10482604801654816,0.9931179881095886,0,0,0,0,0,0,0,0,0,0,0,0,0,0
11.824059963226318,4.0,0.043364644050598145,0.07703849673271179,-0.0398862361907959,-0.08043026924133301,8.082490921020508,-7.7314887046813965,5.900192737579346,3.0115315914154053,0.03,1.2295029163360596,-0.1175294741988182,0.3253244161605835,0.018252911046147346,0.0489397756755352,-0.10482604801654816,0.9931179881095886,0,0,0,0,0,0,0,0,0,0,0,0,0,0
11.825295209884644,4.0,0.043364644050598145,0.07703849673271179,-0.0398862361907959,-0.08043026924133301,8.082490921020508,-7.7314887046813965,5.900192737579346,3.0115315914154053,0.03,1.2295029163360596,-0.1175294741988182,0.3253244161605835,0.018252911046147346,0.0489397756755352,-0.10482604801654816,0.9931179881095886,0,0,0,0,0,0,0,0,0,0,0,0,0,0
11.826577425003052,4.0,0.043364644050598145,0.07703849673271179,-0.0398862361907959,-0.08043026924133301,8.082490921020508,-7.7314887046813965,5.900192737579346,3.0115315914154053,0.03,1.2295029163360596,-0.1175294741988182,0.3253244161605835,0.018252911046147346,0.0489397756755352,-0.10482604801654816,0.9931179881095886,0,0,0,0,0,0,0,0,0,0,0,0,0,0
11.827637910842896,4.0,0.043364644050598145,0.07703849673271179,-0.0398862361907959,-0.08043026924133301,8.082490921020508,-7.7314887046813965,5.900192737579346,3.0115315914154053,0.03,1.2295029163360596,-0.1175294741988182,0.3253244161605835,0.018252911046147346,0.0489397756755352,-0.10482604801654816,0.9931179881095886,0,0,0,0,0,0,0,0,0,0,0,0,0,0
11.828696727752686,4.0,0.043364644050598145,0.07703849673271179,-0.0398862361907959,-0.08043026924133301,8.082490921020508,-7.7314887046813965,5.900192737579346,3.0115315914154053,0.03,1.2295029163360596,-0.1175294741988182,0.3253244161605835,0.018252911046147346,0.0489397756755352,-0.10482604801654816,0.9931179881095886,0,0,0,0,0,0,0,0,0,0,0,0,0,0
11.82978081703186,4.0,0.043364644050598145,0.07703849673271179,-0.0398862361907959,-0.08043026924133301,8.082490921020508,-7.7314887046813965,5.900192737579346,3.0115315914154053,0.03,1.2295029163360596,-0.1175294741988182,0.3253244161605835,0.018252911046147346,0.0489397756755352,-0.10482604801654816,0.9931179881095886,0,0,0,0,0,0,0,0,0,0,0,0,0,0
11.83150577545166,4.0,0.043364644050598145,0.07703849673271179,-0.0398862361907959,-0.08043026924133301,8.082490921020508,-7.7314887046813965,5.900192737579346,3.0115315914154053,0.03,1.2295029163360596,-0.1175294741988182,0.3253244161605835,0.018252911046147346,0.0489397756755352,-0.10482604801654816,0.9931179881095886,0,0,0,0,0,0,0,0,0,0,0,0,0,0
11.833232641220093,4.0,0.043364644050598145,0.07703849673271179,-0.0398862361907959,-0.08043026924133301,8.082490921020508,-7.7314887046813965,5.900192737579346,3.0115315914154053,0.03,1.2295029163360596,-0.1175294741988182,0.3253244161605835,0.018252911046147346,0.0489397756755352,-0.10482604801654816,0.9931179881095886,0,0,0,0,0,0,0,0,0,0,0,0,0,0
11.83680248260498,4.0,0.043364644050598145,0.07703849673271179,-0.0398862361907959,-0.08043026924133301,8.082490921020508,-7.7314887046813965,5.900192737579346,3.0115315914154053,0.03,1.2295029163360596,-0.1175294741988182,0.3253244161605835,0.018252911046147346,0.0489397756755352,-0.10482604801654816,0.9931179881095886,0,0,0,0,0,0,0,0,0,0,0,0,0,0
11.838109970092773,4.0,0.043364644050598145,0.07703849673271179,-0.0398862361907959,-0.08043026924133301,8.082490921020508,-7.7314887046813965,5.900192737579346,3.0115315914154053,0.03,1.2295029163360596,-0.1175294741988182,0.3253244161605835,0.018252911046147346,0.0489397756755352,-0.10482604801654816,0.9931179881095886,0,0,0,0,0,0,0,0,0,0,0,0,0,0
11.83921504020691,4.0,0.043364644050598145,0.07703849673271179,-0.0398862361907959,-0.08043026924133301,8.082490921020508,-7.7314887046813965,5.900192737579346,3.0115315914154053,0.03,1.2295029163360596,-0.1175294741988182,0.3253244161605835,0.018252911046147346,0.0489397756755352,-0.10482604801654816,0.9931179881095886,0,0,0,0,0,0,0,0,0,0,0,0,0,0
11.840636014938354,4.0,0.043364644050598145,0.07703849673271179,-0.0398862361907959,-0.08043026924133301,8.082490921020508,-7.7314887046813965,5.900192737579346,3.0115315914154053,0.03,1.2295029163360596,-0.1175294741988182,0.3253244161605835,0.018252911046147346,0.0489397756755352,-0.10482604801654816,0.9931179881095886,0,0,0,0,0,0,0,0,0,0,0,0,0,0
11.842458248138428,4.0,0.043364644050598145,0.07703849673271179,-0.0398862361907959,-0.08043026924133301,8.082490921020508,-7.7314887046813965,5.900192737579346,3.0115315914154053,0.03,1.2295029163360596,-0.1175294741988182,0.3253244161605835,0.018252911046147346,0.0489397756755352,-0.10482604801654816,0.9931179881095886,0,0,0,0,0,0,0,0,0,0,0,0,0,0
11.843807935714722,4.0,0.043364644050598145,0.07703849673271179,-0.0398862361907959,-0.08043026924133301,8.082490921020508,-7.7314887046813965,5.900192737579346,3.0115315914154053,0.03,1.2295029163360596,-0.1175294741988182,0.3253244161605835,0.018252911046147346,0.0489397756755352,-0.10482604801654816,0.9931179881095886,0,0,0,0,0,0,0,0,0,0,0,0,0,0
11.845019817352295,4.0,0.043364644050598145,0.07703849673271179,-0.0398862361907959,-0.08043026924133301,8.082490921020508,-7.7314887046813965,5.900192737579346,3.0115315914154053,0.03,1.2295029163360596,-0.1175294741988182,0.3253244161605835,0.018252911046147346,0.0489397756755352,-0.10482604801654816,0.9931179881095886,0,0,0,0,0,0,0,0,0,0,0,0,0,0
11.846395015716553,4.0,0.043364644050598145,0.07703849673271179,-0.0398862361907959,-0.08043026924133301,8.082490921020508,-7.7314887046813965,5.900192737579346,3.0115315914154053,0.03,1.2295029163360596,-0.1175294741988182,0.3253244161605835,0.018252911046147346,0.0489397756755352,-0.10482604801654816,0.9931179881095886,0,0,0,0,0,0,0,0,0,0,0,0,0,0
11.847681760787964,4.0,0.043364644050598145,0.07703849673271179,-0.0398862361907959,-0.08043026924133301,8.082490921020508,-7.7314887046813965,5.900192737579346,3.0115315914154053,0.03,1.2295029163360596,-0.1175294741988182,0.3253244161605835,0.018252911046147346,0.0489397756755352,-0.10482604801654816,0.9931179881095886,0,0,0,0,0,0,0,0,0,0,0,0,0,0
11.850546836853027,4.0,0.043364644050598145,0.07703849673271179,-0.0398862361907959,-0.08043026924133301,8.082490921020508,-7.7314887046813965,5.900192737579346,3.0115315914154053,0.03,1.2295029163360596,-0.1175294741988182,0.3253244161605835,0.018252911046147346,0.0489397756755352,-0.10482604801654816,0.9931179881095886,0,0,0,0,0,0,0,0,0,0,0,0,0,0
11.851715087890625,4.0,0.043364644050598145,0.07703849673271179,-0.0398862361907959,-0.08043026924133301,8.082490921020508,-7.7314887046813965,5.900192737579346,3.0115315914154053,0.03,1.2295029163360596,-0.1175294741988182,0.3253244161605835,0.018252911046147346,0.0489397756755352,-0.10482604801654816,0.9931179881095886,0,0,0,0,0,0,0,0,0,0,0,0,0,0
11.853168249130249,4.0,0.043364644050598145,0.07703849673271179,-0.0398862361907959,-0.08043026924133301,8.082490921020508,-7.7314887046813965,5.900192737579346,3.0115315914154053,0.03,1.2295029163360596,-0.1175294741988182,0.3253244161605835,0.018252911046147346,0.0489397756755352,-0.10482604801654816,0.9931179881095886,0,0,0,0,0,0,0,0,0,0,0,0,0,0
11.854738712310791,4.0,0.043364644050598145,0.07703849673271179,-0.0398862361907959,-0.08043026924133301,8.082490921020508,-7.7314887046813965,5.900192737579346,3.0115315914154053,0.03,1.2295029163360596,-0.1175294741988182,0.3253244161605835,0.018252911046147346,0.0489397756755352,-0.10482604801654816,0.9931179881095886,0,0,0,0,0,0,0,0,0,0,0,0,0,0
11.856023073196411,4.0,0.043364644050598145,0.07703849673271179,-0.0398862361907959,-0.08043026924133301,8.082490921020508,-7.7314887046813965,5.900192737579346,3.0115315914154053,0.03,1.2295029163360596,-0.1175294741988182,0.3253244161605835,0.018252911046147346,0.0489397756755352,-0.10482604801654816,0.9931179881095886,0,0,0,0,0,0,0,0,0,0,0,0,0,0
11.859008073806763,4.0,0.043364644050598145,0.07703849673271179,-0.0398862361907959,-0.08043026924133301,8.082490921020508,-7.7314887046813965,5.900192737579346,3.0115315914154053,0.03,1.2295029163360596,-0.1175294741988182,0.3253244161605835,0.018252911046147346,0.0489397756755352,-0.10482604801654816,0.9931179881095886,0,0,0,0,0,0,0,0,0,0,0,0,0,0
11.860474109649658,4.0,0.043364644050598145,0.07703849673271179,-0.0398862361907959,-0.08043026924133301,8.082490921020508,-7.7314887046813965,5.900192737579346,3.0115315914154053,0.03,1.2295029163360596,-0.1175294741988182,0.3253244161605835,0.018252911046147346,0.0489397756755352,-0.10482604801654816,0.9931179881095886,0,0,0,0,0,0,0,0,0,0,0,0,0,0
11.86231517791748,4.0,0.036242544651031494,0.07847772538661957,-0.033476293087005615,-0.0816429853439331,6.85007905960083,-6.490262985229492,5.4586896896362305,2.0059680938720703,0.03,1.2298461198806763,-0.11750002205371857,0.3244442641735077,0.016578225418925285,0.05195818468928337,-0.1007920503616333,0.9934116005897522,0,0,0,0,0,0,0,0,0,0,0,0,0,0
11.863977670669556,4.0,0.03316110372543335,0.07959872484207153,-0.02868664264678955,-0.0824505090713501,7.28056526184082,-5.533085823059082,4.562010765075684,1.4283634424209595,0.03,1.230226755142212,-0.1179146021604538,0.32384803891181946,0.018629945814609528,0.0564722903072834,-0.11016074568033218,0.9921332597732544,0,0,0,0,0,0,0,0,0,0,0,0,0,0
11.867302656173706,4.0,0.03316110372543335,0.07959872484207153,-0.02868664264678955,-0.0824505090713501,7.28056526184082,-5.533085823059082,4.562010765075684,1.4283634424209595,0.03,1.230226755142212,-0.1179146021604538,0.32384803891181946,0.018629945814609528,0.0564722903072834,-0.11016074568033218,0.9921332597732544,0,0,0,0,0,0,0,0,0,0,0,0,0,0
11.868616819381714,1.0,0.0035350918769836426,0.08516591787338257,0.0009706616401672363,-0.08537495136260986,0.967549204826355,0.9322147965431213,-1.9100818634033203,-2.7493982315063477,0.03,1.230226755142212,-0.1179146021604538,0.32384803891181946,0.018629945814609528,0.0564722903072834,-0.11016074568033218,0.9921332597732544,0,0,0,0,0,0,0,0,0,0,0,0,0,0
11.869843006134033,1.0,0.0019238591194152832,0.08269865810871124,0.0016333460807800293,-0.08140051364898682,1.2556726932525635,5.193911075592041,-0.6631996035575867,-5.721805095672607,0.03,1.230226755142212,-0.1179146021604538,0.32384803891181946,0.018629945814609528,0.0564722903072834,-0.11016074568033218,0.9921332597732544,0,0,0,0,0,0,0,0,0,0,0,0,0,0
11.87097978591919,1.0,0.0019238591194152832,0.08269865810871124,0.0016333460807800293,-0.08140051364898682,1.2556726932525635,5.193911075592041,-0.6631996035575867,-5.721805095672607,0.03,1.230226755142212,-0.1179146021604538,0.32384803891181946,0.018629945814609528,0.0564722903072834,-0.11016074568033218,0.9921332597732544,0,0,0,0,0,0,0,0,0,0,0,0,0,0
11.873915672302246,1.0,0.0019238591194152832,0.08269865810871124,0.0016333460807800293,-0.08140051364898682,1.2556726932525635,5.193911075592041,-0.6631996035575867,-5.721805095672607,0.03,1.230226755142212,-0.1179146021604538,0.32384803891181946,0.018629945814609528,0.0564722903072834,-0.11016074568033218,0.9921332597732544,0,0,0,0,0,0,0,0,0,0,0,0,0,0
11.875056505203247,1.0,0.0040416717529296875,0.05808255076408386,-0.0013083219528198242,-0.05394512414932251,2.9370458126068115,5.958743095397949,1.4359793663024902,-4.264566421508789,0.03,1.230226755142212,-0.1179146021604538,0.32384803891181946,0.018629945814609528,0.0564722903072834,-0.11016074568033218,0.9921332597732544,0,0,0,0,0,0,0,0,0,0,0,0,0,0
11.876484394073486,1.0,0.003900468349456787,0.054034098982810974,-0.001028597354888916,-0.049542129039764404,2.8310556411743164,5.862741947174072,1.3047927618026733,-3.7271294593811035,0.03,1.230226755142212,-0.1179146021604538,0.32384803891181946,0.018629945814609528,0.0564722903072834,-0.11016074568033218,0.9921332597732544,0,0,0,0,0,0,0,0,0,0,0,0,0,0
11.878653049468994,1.0,0.0038262009620666504,0.050639912486076355,-0.0008264780044555664,-0.04543745517730713,2.8137505054473877,5.754077911376953,1.164950966835022,-2.677288770675659,0.03,1.2305794954299927,-0.11795761436223984,0.3229444921016693,0.017701318487524986,0.06361985206604004,-0.10977984964847565,0.9917598366737366,0,0,0,0,0,0,0,0,0,0,0,0,0,0
11.879812240600586,1.0,0.0038262009620666504,0.050639912486076355,-0.0008264780044555664,-0.04543745517730713,2.8137505054473877,5.754077911376953,1.164950966835022,-2.677288770675659,0.03,1.2305794954299927,-0.11795761436223984,0.3229444921016693,0.017701318487524986,0.06361985206604004,-0.10977984964847565,0.9917598366737366,0,0,0,0,0,0,0,0,0,0,0,0,0,0
11.880901336669922,1.0,0.0038262009620666504,0.050639912486076355,-0.0008264780044555664,-0.04543745517730713,2.8137505054473877,5.754077911376953,1.164950966835022,-2.677288770675659,0.03,1.2305794954299927,-0.11795761436223984,0.3229444921016693,0.017701318487524986,0.06361985206604004,-0.10977984964847565,0.9917598366737366,0,0,0,0,0,0,0,0,0,0,0,0,0,0
11.881991386413574,1.0,0.003604412078857422,0.0449611097574234,-0.0007116794586181641,-0.03865683078765869,2.7571823596954346,6.410253047943115,1.1536023616790771,-1.8187779188156128,0.03,1.2305794954299927,-0.11795761436223984,0.3229444921016693,0.017701318487524986,0.06361985206604004,-0.10977984964847565,0.9917598366737366,0,0,0,0,0,0,0,0,0,0,0,0,0,0
11.88307809829712,1.0,0.0035393238067626953,0.04070073366165161,-0.0006271600723266602,-0.03342795372009277,2.6887879371643066,6.348618030548096,1.062212347984314,-1.4774224758148193,0.03,1.2305794954299927,-0.11795761436223984,0.3229444921016693,0.017701318487524986,0.06361985206604004,-0.10977984964847565,0.9917598366737366,0,0,0,0,0,0,0,0,0,0,0,0,0,0
11.884438753128052,1.0,0.0035393238067626953,0.04070073366165161,-0.0006271600723266602,-0.03342795372009277,2.6887879371643066,6.348618030548096,1.062212347984314,-1.4774224758148193,0.03,1.2305794954299927,-0.11795761436223984,0.3229444921016693,0.017701318487524986,0.06361985206604004,-0.10977984964847565,0.9917598366737366,0,0,0,0,0,0,0,0,0,0,0,0,0,0
11.885657787322998,1.0,0.0034990906715393066,0.03817342221736908,-0.0005979537963867188,-0.03077077865600586,2.6458404064178467,6.4980878829956055,1.0315637588500977,-1.8386555910110474,0.03,1.2307522296905518,-0.11787056922912598,0.32182741165161133,0.0190590787678957,0.07443572580814362,-0.12616807222366333,0.9890286922454834,0,0,0,0,0,0,0,0,0,0,0,0,0,0
11.886865377426147,1.0,0.003421008586883545,0.03498454391956329,-0.000475466251373291,-0.027144908905029297,2.6245667934417725,7.247871398925781,0.9182001948356628,-2.07305645942688,0.03,1.230536699295044,-0.11763577163219452,0.3211301863193512,0.02386639639735222,0.07852471619844437,-0.11393754929304123,0.9900921583175659,0,0,0,0,0,0,0,0,0,0,0,0,0,0
11.887966394424438,1.0,0.0033327341079711914,0.031048640608787537,-0.00034171342849731445,-0.022922635078430176,2.532287120819092,7.271200656890869,0.7834641337394714,-1.6061632633209229,0.03,1.230536699295044,-0.11763577163219452,0.3211301863193512,0.02386639639735222,0.07852471619844437,-0.11393754929304123,0.9900921583175659,0,0,0,0,0,0,0,0,0,0,0,0,0,0
11.889070510864258,1.0,0.0033327341079711914,0.031048640608787537,-0.00034171342849731445,-0.022922635078430176,2.532287120819092,7.271200656890869,0.7834641337394714,-1.6061632633209229,0.03,1.230536699295044,-0.11763577163219452,0.3211301863193512,0.02386639639735222,0.07852471619844437,-0.11393754929304123,0.9900921583175659,0,0,0,0,0,0,0,0,0,0,0,0,0,0
11.89031982421875,1.0,0.0033327341079711914,0.031048640608787537,-0.00034171342849731445,-0.022922635078430176,2.532287120819092,7.271200656890869,0.7834641337394714,-1.6061632633209229,0.03,1.230536699295044,-0.11763577163219452,0.3211301863193512,0.02386639639735222,0.07852471619844437,-0.11393754929304123,0.9900921583175659,0,0,0,0,0,0,0,0,0,0,0,0,0,0
11.8914315700531,1.0,0.0033327341079711914,0.031048640608787537,-0.00034171342849731445,-0.022922635078430176,2.532287120819092,7.271200656890869,0.7834641337394714,-1.6061632633209229,0.03,1.230536699295044,-0.11763577163219452,0.3211301863193512,0.02386639639735222,0.07852471619844437,-0.11393754929304123,0.9900921583175659,0,0,0,0,0,0,0,0,0,0,0,0,0,0
11.892513036727905,1.0,0.0033327341079711914,0.031048640608787537,-0.00034171342849731445,-0.022922635078430176,2.532287120819092,7.271200656890869,0.7834641337394714,-1.6061632633209229,0.03,1.230536699295044,-0.11763577163219452,0.3211301863193512,0.02386639639735222,0.07852471619844437,-0.11393754929304123,0.9900921583175659,0,0,0,0,0,0,0,0,0,0,0,0,0,0
11.894243717193604,1.0,0.0033327341079711914,0.031048640608787537,-0.00034171342849731445,-0.022922635078430176,2.532287120819092,7.271200656890869,0.7834641337394714,-1.6061632633209229,0.03,1.230536699295044,-0.11763577163219452,0.3211301863193512,0.02386639639735222,0.07852471619844437,-0.11393754929304123,0.9900921583175659,0,0,0,0,0,0,0,0,0,0,0,0,0,0
11.895600318908691,1.0,0.0033327341079711914,0.031048640608787537,-0.00034171342849731445,-0.022922635078430176,2.532287120819092,7.271200656890869,0.7834641337394714,-1.6061632633209229,0.03,1.230536699295044,-0.11763577163219452,0.3211301863193512,0.02386639639735222,0.07852471619844437,-0.11393754929304123,0.9900921583175659,0,0,0,0,0,0,0,0,0,0,0,0,0,0
11.897976398468018,1.0,0.0033327341079711914,0.031048640608787537,-0.00034171342849731445,-0.022922635078430176,2.532287120819092,7.271200656890869,0.7834641337394714,-1.6061632633209229,0.03,1.230536699295044,-0.11763577163219452,0.3211301863193512,0.02386639639735222,0.07852471619844437,-0.11393754929304123,0.9900921583175659,0,0,0,0,0,0,0,0,0,0,0,0,0,0
11.899452686309814,1.0,0.0033327341079711914,0.031048640608787537,-0.00034171342849731445,-0.022922635078430176,2.532287120819092,7.271200656890869,0.7834641337394714,-1.6061632633209229,0.03,1.230536699295044,-0.11763577163219452,0.3211301863193512,0.02386639639735222,0.07852471619844437,-0.11393754929304123,0.9900921583175659,0,0,0,0,0,0,0,0,0,0,0,0,0,0
11.901111364364624,1.0,0.0033327341079711914,0.031048640608787537,-0.00034171342849731445,-0.022922635078430176,2.532287120819092,7.271200656890869,0.7834641337394714,-1.6061632633209229,0.03,1.230536699295044,-0.11763577163219452,0.3211301863193512,0.02386639639735222,0.07852471619844437,-0.11393754929304123,0.9900921583175659,0,0,0,0,0,0,0,0,0,0,0,0,0,0
11.903280019760132,1.0,0.002934396266937256,0.0182512104511261,-4.887580871582031e-05,-0.00964421033859253,2.2912099361419678,6.630646705627441,0.6166488528251648,-0.4726099967956543,0.03,1.23024320602417,-0.1172114908695221,0.3200036585330963,0.024194002151489258,0.08872651308774948,-0.11190319061279297,0.9894543290138245,0,0,0,0,0,0,0,0,0,0,0,0,0,0
11.904452323913574,1.0,0.002934396266937256,0.0182512104511261,-4.887580871582031e-05,-0.00964421033859253,2.2912099361419678,6.630646705627441,0.6166488528251648,-0.4726099967956543,0.03,1.23024320602417,-0.1172114908695221,0.3200036585330963,0.024194002151489258,0.08872651308774948,-0.11190319061279297,0.9894543290138245,0,0,0,0,0,0,0,0,0,0,0,0,0,0
11.90725302696228,1.0,0.002812802791595459,0.01621626317501068,-9.894371032714844e-05,-0.007769644260406494,2.1616017818450928,7.078581809997559,0.7201274037361145,-1.304613471031189,0.03,1.2301266193389893,-0.11723153293132782,0.3196498453617096,0.02720557153224945,0.09403231739997864,-0.12094442546367645,0.9878209829330444,0,0,0,0,0,0,0,0,0,0,0,0,0,0
11.908421754837036,1.0,0.0026845932006835938,0.012491956353187561,-5.4776668548583984e-05,-0.0040534138679504395,2.1064651012420654,6.130278587341309,0.6338768601417542,-0.09254935383796692,0.03,1.2296372652053833,-0.11685952544212341,0.318581223487854,0.029847627505660057,0.10455054044723511,-0.10704469680786133,0.9882913827896118,0,0,0,0,0,0,0,0,0,0,0,0,0,0
11.910807847976685,1.0,0.0025603771209716797,0.0073155611753463745,-0.00010824203491210938,0.0005936026573181152,2.073425531387329,5.612452030181885,0.6917772889137268,-0.14846867322921753,0.03,1.2296372652053833,-0.11685952544212341,0.318581223487854,0.029847627505660057,0.10455054044723511,-0.10704469680786133,0.9882913827896118,0,0,0,0,0,0,0,0,0,0,0,0,0,0
11.912108421325684,1.0,0.0025603771209716797,0.0073155611753463745,-0.00010824203491210938,0.0005936026573181152,2.073425531387329,5.612452030181885,0.6917772889137268,-0.14846867322921753,0.03,1.2296372652053833,-0.11685952544212341,0.318581223487854,0.029847627505660057,0.10455054044723511,-0.10704469680786133,0.9882913827896118,0,0,0,0,0,0,0,0,0,0,0,0,0,0
11.914006471633911,1.0,0.0025603771209716797,0.0073155611753463745,-0.00010824203491210938,0.0005936026573181152,2.073425531387329,5.612452030181885,0.6917772889137268,-0.14846867322921753,0.03,1.2296372652053833,-0.11685952544212341,0.318581223487854,0.029847627505660057,0.10455054044723511,-0.10704469680786133,0.9882913827896118,0,0,0,0,0,0,0,0,0,0,0,0,0,0
11.915337800979614,1.0,0.0025603771209716797,0.0073155611753463745,-0.00010824203491210938,0.0005936026573181152,2.073425531387329,5.612452030181885,0.6917772889137268,-0.14846867322921753,0.03,1.2296372652053833,-0.11685952544212341,0.318581223487854,0.029847627505660057,0.10455054044723511,-0.10704469680786133,0.9882913827896118,0,0,0,0,0,0,0,0,0,0,0,0,0,0
11.916701793670654,1.0,0.0025603771209716797,0.0073155611753463745,-0.00010824203491210938,0.0005936026573181152,2.073425531387329,5.612452030181885,0.6917772889137268,-0.14846867322921753,0.03,1.2296112775802612,-0.116883285343647,0.31847327947616577,0.029350506141781807,0.10687136650085449,-0.11422237753868103,0.9872539639472961,0,0,0,0,0,0,0,0,0,0,0,0,0,0
11.91779637336731,1.0,0.0025603771209716797,0.0073155611753463745,-0.00010824203491210938,0.0005936026573181152,2.073425531387329,5.612452030181885,0.6917772889137268,-0.14846867322921753,0.03,1.2295372486114502,-0.11689524352550507,0.3184279799461365,0.02547609806060791,0.10859289765357971,-0.13230998814105988,0.9849125146865845,0,0,0,0,0,0,0,0,0,0,0,0,0,0
11.918878555297852,1.0,0.0025603771209716797,0.0073155611753463745,-0.00010824203491210938,0.0005936026573181152,2.073425531387329,5.612452030181885,0.6917772889137268,-0.14846867322921753,0.03,1.2295372486114502,-0.11689524352550507,0.3184279799461365,0.02547609806060791,0.10859289765357971,-0.13230998814105988,0.9849125146865845,0,0,0,0,0,0,0,0,0,0,0,0,0,0
11.920062065124512,1.0,0.0025603771209716797,0.0073155611753463745,-0.00010824203491210938,0.0005936026573181152,2.073425531387329,5.612452030181885,0.6917772889137268,-0.14846867322921753,0.03,1.2295372486114502,-0.11689524352550507,0.3184279799461365,0.02547609806060791,0.10859289765357971,-0.13230998814105988,0.9849125146865845,0,0,0,0,0,0,0,0,0,0,0,0,0,0
11.921167612075806,1.0,0.0025603771209716797,0.0073155611753463745,-0.00010824203491210938,0.0005936026573181152,2.073425531387329,5.612452030181885,0.6917772889137268,-0.14846867322921753,0.03,1.2295372486114502,-0.11689524352550507,0.3184279799461365,0.02547609806060791,0.10859289765357971,-0.13230998814105988,0.9849125146865845,0,0,0,0,0,0,0,0,0,0,0,0,0,0
11.923832654953003,1.0,0.0025603771209716797,0.0073155611753463745,-0.00010824203491210938,0.0005936026573181152,2.073425531387329,5.612452030181885,0.6917772889137268,-0.14846867322921753,0.03,1.2295372486114502,-0.11689524352550507,0.3184279799461365,0.02547609806060791,0.10859289765357971,-0.13230998814105988,0.9849125146865845,0,0,0,0,0,0,0,0,0,0,0,0,0,0
11.925096035003662,1.0,0.0025603771209716797,0.0073155611753463745,-0.00010824203491210938,0.0005936026573181152,2.073425531387329,5.612452030181885,0.6917772889137268,-0.14846867322921753,0.03,1.2295372486114502,-0.11689524352550507,0.3184279799461365,0.02547609806060791,0.10859289765357971,-0.13230998814105988,0.9849125146865845,0,0,0,0,0,0,0,0,0,0,0,0,0,0
11.92654037475586,1.0,0.0025603771209716797,0.0073155611753463745,-0.00010824203491210938,0.0005936026573181152,2.073425531387329,5.612452030181885,0.6917772889137268,-0.14846867322921753,0.03,1.2295372486114502,-0.11689524352550507,0.3184279799461365,0.02547609806060791,0.10859289765357971,-0.13230998814105988,0.9849125146865845,0,0,0,0,0,0,0,0,0,0,0,0,0,0
11.927706003189087,1.0,0.0025603771209716797,0.0073155611753463745,-0.00010824203491210938,0.0005936026573181152,2.073425531387329,5.612452030181885,0.6917772889137268,-0.14846867322921753,0.03,1.2295372486114502,-0.11689524352550507,0.3184279799461365,0.02547609806060791,0.10859289765357971,-0.13230998814105988,0.9849125146865845,0,0,0,0,0,0,0,0,0,0,0,0,0,0
11.928861141204834,1.0,0.0025603771209716797,0.0073155611753463745,-0.00010824203491210938,0.0005936026573181152,2.073425531387329,5.612452030181885,0.6917772889137268,-0.14846867322921753,0.03,1.2295372486114502,-0.11689524352550507,0.3184279799461365,0.02547609806060791,0.10859289765357971,-0.13230998814105988,0.9849125146865845,0,0,0,0,0,0,0,0,0,0,0,0,0,0
11.930233001708984,1.0,0.0025603771209716797,0.0073155611753463745,-0.00010824203491210938,0.0005936026573181152,2.073425531387329,5.612452030181885,0.6917772889137268,-0.14846867322921753,0.03,1.2295372486114502,-0.11689524352550507,0.3184279799461365,0.02547609806060791,0.10859289765357971,-0.13230998814105988,0.9849125146865845,0,0,0,0,0,0,0,0,0,0,0,0,0,0
11.931654214859009,1.0,0.0025603771209716797,0.0073155611753463745,-0.00010824203491210938,0.0005936026573181152,2.073425531387329,5.612452030181885,0.6917772889137268,-0.14846867322921753,0.03,1.2295372486114502,-0.11689524352550507,0.3184279799461365,0.02547609806060791,0.10859289765357971,-0.13230998814105988,0.9849125146865845,0,0,0,0,0,0,0,0,0,0,0,0,0,0
11.933737754821777,1.0,0.0025603771209716797,0.0073155611753463745,-0.00010824203491210938,0.0005936026573181152,2.073425531387329,5.612452030181885,0.6917772889137268,-0.14846867322921753,0.03,1.2295372486114502,-0.11689524352550507,0.3184279799461365,0.02547609806060791,0.10859289765357971,-0.13230998814105988,0.9849125146865845,0,0,0,0,0,0,0,0,0,0,0,0,0,0
11.934983015060425,1.0,0.0025603771209716797,0.0073155611753463745,-0.00010824203491210938,0.0005936026573181152,2.073425531387329,5.612452030181885,0.6917772889137268,-0.14846867322921753,0.03,1.2295372486114502,-0.11689524352550507,0.3184279799461365,0.02547609806060791,0.10859289765357971,-0.13230998814105988,0.9849125146865845,0,0,0,0,0,0,0,0,0,0,0,0,0,0
11.936713933944702,1.0,0.0025603771209716797,0.0073155611753463745,-0.00010824203491210938,0.0005936026573181152,2.073425531387329,5.612452030181885,0.6917772889137268,-0.14846867322921753,0.03,1.2295372486114502,-0.11689524352550507,0.3184279799461365,0.02547609806060791,0.10859289765357971,-0.13230998814105988,0.9849125146865845,0,0,0,0,0,0,0,0,0,0,0,0,0,0
11.9381685256958,1.0,0.0025603771209716797,0.0073155611753463745,-0.00010824203491210938,0.0005936026573181152,2.073425531387329,5.612452030181885,0.6917772889137268,-0.14846867322921753,0.03,1.2295372486114502,-0.11689524352550507,0.3184279799461365,0.02547609806060791,0.10859289765357971,-0.13230998814105988,0.9849125146865845,0,0,0,0,0,0,0,0,0,0,0,0,0,0
11.939262866973877,1.0,0.0025603771209716797,0.0073155611753463745,-0.00010824203491210938,0.0005936026573181152,2.073425531387329,5.612452030181885,0.6917772889137268,-0.14846867322921753,0.03,1.2295372486114502,-0.11689524352550507,0.3184279799461365,0.02547609806060791,0.10859289765357971,-0.13230998814105988,0.9849125146865845,0,0,0,0,0,0,0,0,0,0,0,0,0,0
11.945334434509277,1.0,0.0017737746238708496,-0.016719840466976166,-0.00017070770263671875,0.02322542667388916,1.4751973152160645,5.893350601196289,0.7429825067520142,-1.1886309385299683,0.03,1.229522705078125,-0.11687435209751129,0.3183501958847046,0.02547723799943924,0.10937029123306274,-0.13236767053604126,0.984818696975708,0,0,0,0,0,0,0,0,0,0,0,0,0,0
11.946951389312744,1.0,0.0017737746238708496,-0.016719840466976166,-0.00017070770263671875,0.02322542667388916,1.4751973152160645,5.893350601196289,0.7429825067520142,-1.1886309385299683,0.03,1.229522705078125,-0.11687435209751129,0.3183501958847046,0.02547723799943924,0.10937029123306274,-0.13236767053604126,0.984818696975708,0,0,0,0,0,0,0,0,0,0,0,0,0,0
11.948800086975098,1.0,0.0017737746238708496,-0.016719840466976166,-0.00017070770263671875,0.02322542667388916,1.4751973152160645,5.893350601196289,0.7429825067520142,-1.1886309385299683,0.03,1.229522705078125,-0.11687435209751129,0.3183501958847046,0.02547723799943924,0.10937029123306274,-0.13236767053604126,0.984818696975708,0,0,0,0,0,0,0,0,0,0,0,0,0,0
11.950003862380981,1.0,0.0017737746238708496,-0.016719840466976166,-0.00017070770263671875,0.02322542667388916,1.4751973152160645,5.893350601196289,0.7429825067520142,-1.1886309385299683,0.03,1.229522705078125,-0.11687435209751129,0.3183501958847046,0.02547723799943924,0.10937029123306274,-0.13236767053604126,0.984818696975708,0,0,0,0,0,0,0,0,0,0,0,0,0,0
11.953224420547485,1.0,0.0016345977783203125,-0.022376403212547302,-0.0001659989356994629,0.028671622276306152,1.4209365844726562,4.9398603439331055,0.7374475598335266,-0.47532185912132263,0.03,1.229522705078125,-0.11687435209751129,0.3183501958847046,0.02547723799943924,0.10937029123306274,-0.13236767053604126,0.984818696975708,0,0,0,0,0,0,0,0,0,0,0,0,0,0
11.954394578933716,1.0,0.0015419721603393555,-0.024380311369895935,-0.00016611814498901367,0.030569255352020264,1.3456178903579712,4.831558704376221,0.7540757060050964,-0.2822793424129486,0.03,1.229522705078125,-0.11687435209751129,0.3183501958847046,0.02547723799943924,0.10937029123306274,-0.13236767053604126,0.984818696975708,0,0,0,0,0,0,0,0,0,0,0,0,0,0
11.955910921096802,1.0,0.0015419721603393555,-0.024380311369895935,-0.00016611814498901367,0.030569255352020264,1.3456178903579712,4.831558704376221,0.7540757060050964,-0.2822793424129486,0.03,1.229522705078125,-0.11687435209751129,0.3183501958847046,0.02547723799943924,0.10937029123306274,-0.13236767053604126,0.984818696975708,0,0,0,0,0,0,0,0,0,0,0,0,0,0
11.957252979278564,1.0,0.0015419721603393555,-0.024380311369895935,-0.00016611814498901367,0.030569255352020264,1.3456178903579712,4.831558704376221,0.7540757060050964,-0.2822793424129486,0.03,1.229522705078125,-0.11687435209751129,0.3183501958847046,0.02547723799943924,0.10937029123306274,-0.13236767053604126,0.984818696975708,0,0,0,0,0,0,0,0,0,0,0,0,0,0
11.958566188812256,1.0,0.0015419721603393555,-0.024380311369895935,-0.00016611814498901367,0.030569255352020264,1.3456178903579712,4.831558704376221,0.7540757060050964,-0.2822793424129486,0.03,1.229522705078125,-0.11687435209751129,0.3183501958847046,0.02547723799943924,0.10937029123306274,-0.13236767053604126,0.984818696975708,0,0,0,0,0,0,0,0,0,0,0,0,0,0
11.960878372192383,1.0,0.0015419721603393555,-0.024380311369895935,-0.00016611814498901367,0.030569255352020264,1.3456178903579712,4.831558704376221,0.7540757060050964,-0.2822793424129486,0.03,1.229522705078125,-0.11687435209751129,0.3183501958847046,0.02547723799943924,0.10937029123306274,-0.13236767053604126,0.984818696975708,0,0,0,0,0,0,0,0,0,0,0,0,0,0
11.962252378463745,1.0,0.0015419721603393555,-0.024380311369895935,-0.00016611814498901367,0.030569255352020264,1.3456178903579712,4.831558704376221,0.7540757060050964,-0.2822793424129486,0.03,1.229522705078125,-0.11687435209751129,0.3183501958847046,0.02547723799943924,0.10937029123306274,-0.13236767053604126,0.984818696975708,0,0,0,0,0,0,0,0,0,0,0,0,0,0
11.963973045349121,1.0,0.0015419721603393555,-0.024380311369895935,-0.00016611814498901367,0.030569255352020264,1.3456178903579712,4.831558704376221,0.7540757060050964,-0.2822793424129486,0.03,1.229522705078125,-0.11687435209751129,0.3183501958847046,0.02547723799943924,0.10937029123306274,-0.13236767053604126,0.984818696975708,0,0,0,0,0,0,0,0,0,0,0,0,0,0
11.965252161026001,1.0,0.0015419721603393555,-0.024380311369895935,-0.00016611814498901367,0.030569255352020264,1.3456178903579712,4.831558704376221,0.7540757060050964,-0.2822793424129486,0.03,1.229522705078125,-0.11687435209751129,0.3183501958847046,0.02547723799943924,0.10937029123306274,-0.13236767053604126,0.984818696975708,0,0,0,0,0,0,0,0,0,0,0,0,0,0
11.966447114944458,1.0,0.001432657241821289,-0.0295281782746315,-0.0001176595687866211,0.034728169441223145,1.301570177078247,4.833937644958496,0.715850293636322,-1.5146280527114868,0.03,1.2295012474060059,-0.11691629886627197,0.31822386384010315,0.025760257616639137,0.1096850261092186,-0.1309461146593094,0.9849663376808167,0,0,0,0,0,0,0,0,0,0,0,0,0,0
11.968879699707031,1.0,0.0013950467109680176,-0.036152929067611694,-0.00010347366333007812,0.04026991128921509,1.2877331972122192,3.8160769939422607,0.6752524375915527,-1.255517601966858,0.03,1.2295193672180176,-0.11690628528594971,0.3182470500469208,0.025565998628735542,0.10965430736541748,-0.13192395865917206,0.9848443865776062,0,0,0,0,0,0,0,0,0,0,0,0,0,0
11.97001314163208,1.0,0.0013950467109680176,-0.036152929067611694,-0.00010347366333007812,0.04026991128921509,1.2877331972122192,3.8160769939422607,0.6752524375915527,-1.255517601966858,0.03,1.229529619216919,-0.1168426051735878,0.31833258271217346,0.02512340620160103,0.10947958379983902,-0.1325281262397766,0.9847940802574158,0,0,0,0,0,0,0,0,0,0,0,0,0,0
11.971399784088135,1.0,0.0013143420219421387,-0.04658050835132599,-6.854534149169922e-05,0.04937303066253662,1.244381070137024,3.3330795764923096,0.6486339569091797,-1.7655200958251953,0.03,1.2295165061950684,-0.1168246865272522,0.3183538615703583,0.02545531839132309,0.10944927483797073,-0.13164980709552765,0.9849067330360413,0,0,0,0,0,0,0,0,0,0,0,0,0,0
11.972626447677612,1.0,0.001342475414276123,-0.0518592968583107,-0.00012290477752685547,0.05425608158111572,1.311323642730713,2.5319480895996094,0.7031124830245972,-1.1000449657440186,0.03,1.2295165061950684,-0.1168246865272522,0.3183538615703583,0.02545531839132309,0.10944927483797073,-0.13164980709552765,0.9849067330360413,0,0,0,0,0,0,0,0,0,0,0,0,0,0
11.973774194717407,1.0,0.001342475414276123,-0.0518592968583107,-0.00012290477752685547,0.05425608158111572,1.311323642730713,2.5319480895996094,0.7031124830245972,-1.1000449657440186,0.03,1.2295165061950684,-0.1168246865272522,0.3183538615703583,0.02545531839132309,0.10944927483797073,-0.13164980709552765,0.9849067330360413,0,0,0,0,0,0,0,0,0,0,0,0,0,0
11.974863529205322,1.0,0.001342475414276123,-0.0518592968583107,-0.00012290477752685547,0.05425608158111572,1.311323642730713,2.5319480895996094,0.7031124830245972,-1.1000449657440186,0.03,1.2295165061950684,-0.1168246865272522,0.3183538615703583,0.02545531839132309,0.10944927483797073,-0.13164980709552765,0.9849067330360413,0,0,0,0,0,0,0,0,0,0,0,0,0,0
11.975960731506348,1.0,0.001342475414276123,-0.0518592968583107,-0.00012290477752685547,0.05425608158111572,1.311323642730713,2.5319480895996094,0.7031124830245972,-1.1000449657440186,0.03,1.2295165061950684,-0.1168246865272522,0.3183538615703583,0.02545531839132309,0.10944927483797073,-0.13164980709552765,0.9849067330360413,0,0,0,0,0,0,0,0,0,0,0,0,0,0
11.977138996124268,1.0,0.001342475414276123,-0.0518592968583107,-0.00012290477752685547,0.05425608158111572,1.311323642730713,2.5319480895996094,0.7031124830245972,-1.1000449657440186,0.03,1.2295165061950684,-0.1168246865272522,0.3183538615703583,0.02545531839132309,0.10944927483797073,-0.13164980709552765,0.9849067330360413,0,0,0,0,0,0,0,0,0,0,0,0,0,0
11.978235721588135,1.0,0.001342475414276123,-0.0518592968583107,-0.00012290477752685547,0.05425608158111572,1.311323642730713,2.5319480895996094,0.7031124830245972,-1.1000449657440186,0.03,1.2295165061950684,-0.1168246865272522,0.3183538615703583,0.02545531839132309,0.10944927483797073,-0.13164980709552765,0.9849067330360413,0,0,0,0,0,0,0,0,0,0,0,0,0,0
11.979492425918579,1.0,0.001342475414276123,-0.0518592968583107,-0.00012290477752685547,0.05425608158111572,1.311323642730713,2.5319480895996094,0.7031124830245972,-1.1000449657440186,0.03,1.2295165061950684,-0.1168246865272522,0.3183538615703583,0.02545531839132309,0.10944927483797073,-0.13164980709552765,0.9849067330360413,0,0,0,0,0,0,0,0,0,0,0,0,0,0
11.980676889419556,1.0,0.001342475414276123,-0.0518592968583107,-0.00012290477752685547,0.05425608158111572,1.311323642730713,2.5319480895996094,0.7031124830245972,-1.1000449657440186,0.03,1.2295165061950684,-0.1168246865272522,0.3183538615703583,0.02545531839132309,0.10944927483797073,-0.13164980709552765,0.9849067330360413,0,0,0,0,0,0,0,0,0,0,0,0,0,0
11.981943130493164,1.0,0.001342475414276123,-0.0518592968583107,-0.00012290477752685547,0.05425608158111572,1.311323642730713,2.5319480895996094,0.7031124830245972,-1.1000449657440186,0.03,1.2295165061950684,-0.1168246865272522,0.3183538615703583,0.02545531839132309,0.10944927483797073,-0.13164980709552765,0.9849067330360413,0,0,0,0,0,0,0,0,0,0,0,0,0,0
11.983175039291382,1.0,0.001342475414276123,-0.0518592968583107,-0.00012290477752685547,0.05425608158111572,1.311323642730713,2.5319480895996094,0.7031124830245972,-1.1000449657440186,0.03,1.2295165061950684,-0.1168246865272522,0.3183538615703583,0.02545531839132309,0.10944927483797073,-0.13164980709552765,0.9849067330360413,0,0,0,0,0,0,0,0,0,0,0,0,0,0
11.984604358673096,1.0,0.001342475414276123,-0.0518592968583107,-0.00012290477752685547,0.05425608158111572,1.311323642730713,2.5319480895996094,0.7031124830245972,-1.1000449657440186,0.03,1.2295165061950684,-0.1168246865272522,0.3183538615703583,0.02545531839132309,0.10944927483797073,-0.13164980709552765,0.9849067330360413,0,0,0,0,0,0,0,0,0,0,0,0,0,0
11.986214876174927,1.0,0.001342475414276123,-0.0518592968583107,-0.00012290477752685547,0.05425608158111572,1.311323642730713,2.5319480895996094,0.7031124830245972,-1.1000449657440186,0.03,1.2295165061950684,-0.1168246865272522,0.3183538615703583,0.02545531839132309,0.10944927483797073,-0.13164980709552765,0.9849067330360413,0,0,0,0,0,0,0,0,0,0,0,0,0,0
11.987359046936035,1.0,0.001342475414276123,-0.0518592968583107,-0.00012290477752685547,0.05425608158111572,1.311323642730713,2.5319480895996094,0.7031124830245972,-1.1000449657440186,0.03,1.2295165061950684,-0.1168246865272522,0.3183538615703583,0.02545531839132309,0.10944927483797073,-0.13164980709552765,0.9849067330360413,0,0,0,0,0,0,0,0,0,0,0,0,0,0
11.989484310150146,1.0,0.001342475414276123,-0.0518592968583107,-0.00012290477752685547,0.05425608158111572,1.311323642730713,2.5319480895996094,0.7031124830245972,-1.1000449657440186,0.03,1.2295165061950684,-0.1168246865272522,0.3183538615703583,0.02545531839132309,0.10944927483797073,-0.13164980709552765,0.9849067330360413,0,0,0,0,0,0,0,0,0,0,0,0,0,0
11.990665674209595,1.0,0.001342475414276123,-0.0518592968583107,-0.00012290477752685547,0.05425608158111572,1.311323642730713,2.5319480895996094,0.7031124830245972,-1.1000449657440186,0.03,1.2295165061950684,-0.1168246865272522,0.3183538615703583,0.02545531839132309,0.10944927483797073,-0.13164980709552765,0.9849067330360413,0,0,0,0,0,0,0,0,0,0,0,0,0,0
11.991770505905151,1.0,0.001342475414276123,-0.0518592968583107,-0.00012290477752685547,0.05425608158111572,1.311323642730713,2.5319480895996094,0.7031124830245972,-1.1000449657440186,0.03,1.2295165061950684,-0.1168246865272522,0.3183538615703583,0.02545531839132309,0.10944927483797073,-0.13164980709552765,0.9849067330360413,0,0,0,0,0,0,0,0,0,0,0,0,0,0
11.993698358535767,1.0,0.0012537240982055664,-0.06801478564739227,-0.0001283884048461914,0.06936508417129517,1.22769296169281,1.3178539276123047,0.7318918704986572,-0.5888151526451111,0.03,1.2294807434082031,-0.11687038838863373,0.3182450234889984,0.02517148293554783,0.10929080098867416,-0.1330801397562027,0.984739363193512,0,0,0,0,0,0,0,0,0,0,0,0,0,0
11.995494842529297,1.0,0.0012537240982055664,-0.06801478564739227,-0.0001283884048461914,0.06936508417129517,1.22769296169281,1.3178539276123047,0.7318918704986572,-0.5888151526451111,0.03,1.2294807434082031,-0.11687038838863373,0.3182450234889984,0.02517148293554783,0.10929080098867416,-0.1330801397562027,0.984739363193512,0,0,0,0,0,0,0,0,0,0,0,0,0,0
11.99703598022461,1.0,0.0012537240982055664,-0.06801478564739227,-0.0001283884048461914,0.06936508417129517,1.22769296169281,1.3178539276123047,0.7318918704986572,-0.5888151526451111,0.03,1.2294807434082031,-0.11687038838863373,0.3182450234889984,0.02517148293554783,0.10929080098867416,-0.1330801397562027,0.984739363193512,0,0,0,0,0,0,0,0,0,0,0,0,0,0
11.99839997291565,1.0,0.0012537240982055664,-0.06801478564739227,-0.0001283884048461914,0.06936508417129517,1.22769296169281,1.3178539276123047,0.7318918704986572,-0.5888151526451111,0.03,1.2294807434082031,-0.11687038838863373,0.3182450234889984,0.02517148293554783,0.10929080098867416,-0.1330801397562027,0.984739363193512,0,0,0,0,0,0,0,0,0,0,0,0,0,0
11.999559879302979,1.0,0.0012537240982055664,-0.06801478564739227,-0.0001283884048461914,0.06936508417129517,1.22769296169281,1.3178539276123047,0.7318918704986572,-0.5888151526451111,0.03,1.2294807434082031,-0.11687038838863373,0.3182450234889984,0.02517148293554783,0.10929080098867416,-0.1330801397562027,0.984739363193512,0,0,0,0,0,0,0,0,0,0,0,0,0,0
12.00084924697876,1.0,0.0012537240982055664,-0.06801478564739227,-0.0001283884048461914,0.06936508417129517,1.22769296169281,1.3178539276123047,0.7318918704986572,-0.5888151526451111,0.03,1.2294807434082031,-0.11687038838863373,0.3182450234889984,0.02517148293554783,0.10929080098867416,-0.1330801397562027,0.984739363193512,0,0,0,0,0,0,0,0,0,0,0,0,0,0
12.002130031585693,1.0,0.0012537240982055664,-0.06801478564739227,-0.0001283884048461914,0.06936508417129517,1.22769296169281,1.3178539276123047,0.7318918704986572,-0.5888151526451111,0.03,1.2294807434082031,-0.11687038838863373,0.3182450234889984,0.02517148293554783,0.10929080098867416,-0.1330801397562027,0.984739363193512,0,0,0,0,0,0,0,0,0,0,0,0,0,0
12.003329992294312,1.0,0.0012537240982055664,-0.06801478564739227,-0.0001283884048461914,0.06936508417129517,1.22769296169281,1.3178539276123047,0.7318918704986572,-0.5888151526451111,0.03,1.2294807434082031,-0.11687038838863373,0.3182450234889984,0.02517148293554783,0.10929080098867416,-0.1330801397562027,0.984739363193512,0,0,0,0,0,0,0,0,0,0,0,0,0,0
12.004614114761353,1.0,0.0012537240982055664,-0.06801478564739227,-0.0001283884048461914,0.06936508417129517,1.22769296169281,1.3178539276123047,0.7318918704986572,-0.5888151526451111,0.03,1.2294807434082031,-0.11687038838863373,0.3182450234889984,0.02517148293554783,0.10929080098867416,-0.1330801397562027,0.984739363193512,0,0,0,0,0,0,0,0,0,0,0,0,0,0
12.005768060684204,1.0,0.0012537240982055664,-0.06801478564739227,-0.0001283884048461914,0.06936508417129517,1.22769296169281,1.3178539276123047,0.7318918704986572,-0.5888151526451111,0.03,1.2294807434082031,-0.11687038838863373,0.3182450234889984,0.02517148293554783,0.10929080098867416,-0.1330801397562027,0.984739363193512,0,0,0,0,0,0,0,0,0,0,0,0,0,0
12.006880521774292,1.0,0.0012537240982055664,-0.06801478564739227,-0.0001283884048461914,0.06936508417129517,1.22769296169281,1.3178539276123047,0.7318918704986572,-0.5888151526451111,0.03,1.2294807434082031,-0.11687038838863373,0.3182450234889984,0.02517148293554783,0.10929080098867416,-0.1330801397562027,0.984739363193512,0,0,0,0,0,0,0,0,0,0,0,0,0,0
12.007981777191162,1.0,0.0012537240982055664,-0.06801478564739227,-0.0001283884048461914,0.06936508417129517,1.22769296169281,1.3178539276123047,0.7318918704986572,-0.5888151526451111,0.03,1.2294807434082031,-0.11687038838863373,0.3182450234889984,0.02517148293554783,0.10929080098867416,-0.1330801397562027,0.984739363193512,0,0,0,0,0,0,0,0,0,0,0,0,0,0
12.009347677230835,1.0,0.0012537240982055664,-0.06801478564739227,-0.0001283884048461914,0.06936508417129517,1.22769296169281,1.3178539276123047,0.7318918704986572,-0.5888151526451111,0.03,1.2294807434082031,-0.11687038838863373,0.3182450234889984,0.02517148293554783,0.10929080098867416,-0.1330801397562027,0.984739363193512,0,0,0,0,0,0,0,0,0,0,0,0,0,0
12.010810852050781,1.0,0.0012537240982055664,-0.06801478564739227,-0.0001283884048461914,0.06936508417129517,1.22769296169281,1.3178539276123047,0.7318918704986572,-0.5888151526451111,0.03,1.2294807434082031,-0.11687038838863373,0.3182450234889984,0.02517148293554783,0.10929080098867416,-0.1330801397562027,0.984739363193512,0,0,0,0,0,0,0,0,0,0,0,0,0,0
12.013606548309326,1.0,0.0012334585189819336,-0.06946177035570145,-0.00010573863983154297,0.07058209180831909,1.212547779083252,0.9598579406738281,0.6874670386314392,-0.5457167625427246,0.03,1.2294807434082031,-0.11687038838863373,0.3182450234889984,0.02517148293554783,0.10929080098867416,-0.1330801397562027,0.984739363193512,0,0,0,0,0,0,0,0,0,0,0,0,0,0
12.015132427215576,1.0,0.0012531876564025879,-0.07021621614694595,-0.00011080503463745117,0.07122534513473511,1.2626960277557373,1.3902112245559692,0.7058895826339722,-1.0928213596343994,0.03,1.2294894456863403,-0.11682000756263733,0.31836333870887756,0.025193048641085625,0.10913870483636856,-0.13205984234809875,0.9848930835723877,0,0,0,0,0,0,0,0,0,0,0,0,0,0
12.016355514526367,1.0,0.0012091994285583496,-0.07296454161405563,-0.00010508298873901367,0.07381606101989746,1.192682147026062,0.8902822136878967,0.7082381248474121,-0.6198610067367554,0.03,1.2294894456863403,-0.11682000756263733,0.31836333870887756,0.025193048641085625,0.10913870483636856,-0.13205984234809875,0.9848930835723877,0,0,0,0,0,0,0,0,0,0,0,0,0,0
12.01801347732544,1.0,0.001223444938659668,-0.07506575435400009,-9.459257125854492e-05,0.07561057806015015,1.2418599128723145,1.1384793519973755,0.6991664171218872,-1.2152912616729736,0.03,1.2294894456863403,-0.11682000756263733,0.31836333870887756,0.025193048641085625,0.10913870483636856,-0.13205984234809875,0.9848930835723877,0,0,0,0,0,0,0,0,0,0,0,0,0,0
12.020574808120728,2.0,0.0011580586433410645,-0.07775209844112396,-7.12275505065918e-05,0.07815253734588623,1.146780014038086,1.3400088548660278,0.6647292375564575,-0.35636138916015625,0.03,1.2294670343399048,-0.11676958203315735,0.3184068500995636,0.02604827657341957,0.10887494683265686,-0.12579916417598724,0.9857192039489746,0,0,0,0,0,0,0,0,0,0,0,0,0,0
12.022078514099121,2.0,0.0014998316764831543,-0.08297936618328094,-0.00036966800689697266,0.08297637104988098,-0.10973446071147919,-1.4658631086349487,-0.7132328748703003,1.2269225120544434,0.03,1.2294670343399048,-0.11676958203315735,0.3184068500995636,0.02604827657341957,0.10887494683265686,-0.12579916417598724,0.9857192039489746,0,0,0,0,0,0,0,0,0,0,0,0,0,0
12.023338079452515,2.0,0.0014998316764831543,-0.08297936618328094,-0.00036966800689697266,0.08297637104988098,-0.10973446071147919,-1.4658631086349487,-0.7132328748703003,1.2269225120544434,0.03,1.2294670343399048,-0.11676958203315735,0.3184068500995636,0.02604827657341957,0.10887494683265686,-0.12579916417598724,0.9857192039489746,0,0,0,0,0,0,0,0,0,0,0,0,0,0
12.024682760238647,2.0,0.0014998316764831543,-0.08297936618328094,-0.00036966800689697266,0.08297637104988098,-0.10973446071147919,-1.4658631086349487,-0.7132328748703003,1.2269225120544434,0.03,1.2294670343399048,-0.11676958203315735,0.3184068500995636,0.02604827657341957,0.10887494683265686,-0.12579916417598724,0.9857192039489746,0,0,0,0,0,0,0,0,0,0,0,0,0,0
12.027343988418579,2.0,0.0014998316764831543,-0.08297936618328094,-0.00036966800689697266,0.08297637104988098,-0.10973446071147919,-1.4658631086349487,-0.7132328748703003,1.2269225120544434,0.03,1.2294670343399048,-0.11676958203315735,0.3184068500995636,0.02604827657341957,0.10887494683265686,-0.12579916417598724,0.9857192039489746,0,0,0,0,0,0,0,0,0,0,0,0,0,0
12.028400182723999,2.0,0.0014998316764831543,-0.08297936618328094,-0.00036966800689697266,0.08297637104988098,-0.10973446071147919,-1.4658631086349487,-0.7132328748703003,1.2269225120544434,0.03,1.2294670343399048,-0.11676958203315735,0.3184068500995636,0.02604827657341957,0.10887494683265686,-0.12579916417598724,0.9857192039489746,0,0,0,0,0,0,0,0,0,0,0,0,0,0
12.02948546409607,2.0,0.0014998316764831543,-0.08297936618328094,-0.00036966800689697266,0.08297637104988098,-0.10973446071147919,-1.4658631086349487,-0.7132328748703003,1.2269225120544434,0.03,1.2294670343399048,-0.11676958203315735,0.3184068500995636,0.02604827657341957,0.10887494683265686,-0.12579916417598724,0.9857192039489746,0,0,0,0,0,0,0,0,0,0,0,0,0,0
12.032097816467285,2.0,0.0014998316764831543,-0.08297936618328094,-0.00036966800689697266,0.08297637104988098,-0.10973446071147919,-1.4658631086349487,-0.7132328748703003,1.2269225120544434,0.03,1.2294670343399048,-0.11676958203315735,0.3184068500995636,0.02604827657341957,0.10887494683265686,-0.12579916417598724,0.9857192039489746,0,0,0,0,0,0,0,0,0,0,0,0,0,0
12.033385753631592,2.0,0.0014998316764831543,-0.08297936618328094,-0.00036966800689697266,0.08297637104988098,-0.10973446071147919,-1.4658631086349487,-0.7132328748703003,1.2269225120544434,0.03,1.2294670343399048,-0.11676958203315735,0.3184068500995636,0.02604827657341957,0.10887494683265686,-0.12579916417598724,0.9857192039489746,0,0,0,0,0,0,0,0,0,0,0,0,0,0
12.034897565841675,2.0,0.0014998316764831543,-0.08297936618328094,-0.00036966800689697266,0.08297637104988098,-0.10973446071147919,-1.4658631086349487,-0.7132328748703003,1.2269225120544434,0.03,1.2294670343399048,-0.11676958203315735,0.3184068500995636,0.02604827657341957,0.10887494683265686,-0.12579916417598724,0.9857192039489746,0,0,0,0,0,0,0,0,0,0,0,0,0,0
12.036768913269043,2.0,0.0014998316764831543,-0.08297936618328094,-0.00036966800689697266,0.08297637104988098,-0.10973446071147919,-1.4658631086349487,-0.7132328748703003,1.2269225120544434,0.03,1.2294670343399048,-0.11676958203315735,0.3184068500995636,0.02604827657341957,0.10887494683265686,-0.12579916417598724,0.9857192039489746,0,0,0,0,0,0,0,0,0,0,0,0,0,0
12.038226842880249,2.0,0.0014998316764831543,-0.08297936618328094,-0.00036966800689697266,0.08297637104988098,-0.10973446071147919,-1.4658631086349487,-0.7132328748703003,1.2269225120544434,0.03,1.2294670343399048,-0.11676958203315735,0.3184068500995636,0.02604827657341957,0.10887494683265686,-0.12579916417598724,0.9857192039489746,0,0,0,0,0,0,0,0,0,0,0,0,0,0
12.040748834609985,2.0,0.0014998316764831543,-0.08297936618328094,-0.00036966800689697266,0.08297637104988098,-0.10973446071147919,-1.4658631086349487,-0.7132328748703003,1.2269225120544434,0.03,1.2294670343399048,-0.11676958203315735,0.3184068500995636,0.02604827657341957,0.10887494683265686,-0.12579916417598724,0.9857192039489746,0,0,0,0,0,0,0,0,0,0,0,0,0,0
12.042220115661621,2.0,0.0014998316764831543,-0.08297936618328094,-0.00036966800689697266,0.08297637104988098,-0.10973446071147919,-1.4658631086349487,-0.7132328748703003,1.2269225120544434,0.03,1.2294670343399048,-0.11676958203315735,0.3184068500995636,0.02604827657341957,0.10887494683265686,-0.12579916417598724,0.9857192039489746,0,0,0,0,0,0,0,0,0,0,0,0,0,0
12.043487787246704,2.0,0.0014998316764831543,-0.08297936618328094,-0.00036966800689697266,0.08297637104988098,-0.10973446071147919,-1.4658631086349487,-0.7132328748703003,1.2269225120544434,0.03,1.2294670343399048,-0.11676958203315735,0.3184068500995636,0.02604827657341957,0.10887494683265686,-0.12579916417598724,0.9857192039489746,0,0,0,0,0,0,0,0,0,0,0,0,0,0
12.045317649841309,2.0,0.0014998316764831543,-0.08297936618328094,-0.00036966800689697266,0.08297637104988098,-0.10973446071147919,-1.4658631086349487,-0.7132328748703003,1.2269225120544434,0.03,1.2294670343399048,-0.11676958203315735,0.3184068500995636,0.02604827657341957,0.10887494683265686,-0.12579916417598724,0.9857192039489746,0,0,0,0,0,0,0,0,0,0,0,0,0,0
12.046550273895264,2.0,0.0014998316764831543,-0.08297936618328094,-0.00036966800689697266,0.08297637104988098,-0.10973446071147919,-1.4658631086349487,-0.7132328748703003,1.2269225120544434,0.03,1.2294670343399048,-0.11676958203315735,0.3184068500995636,0.02604827657341957,0.10887494683265686,-0.12579916417598724,0.9857192039489746,0,0,0,0,0,0,0,0,0,0,0,0,0,0
12.047931909561157,2.0,0.0014998316764831543,-0.08297936618328094,-0.00036966800689697266,0.08297637104988098,-0.10973446071147919,-1.4658631086349487,-0.7132328748703003,1.2269225120544434,0.03,1.2294670343399048,-0.11676958203315735,0.3184068500995636,0.02604827657341957,0.10887494683265686,-0.12579916417598724,0.9857192039489746,0,0,0,0,0,0,0,0,0,0,0,0,0,0
12.049091339111328,2.0,0.0014998316764831543,-0.08297936618328094,-0.00036966800689697266,0.08297637104988098,-0.10973446071147919,-1.4658631086349487,-0.7132328748703003,1.2269225120544434,0.03,1.2294670343399048,-0.11676958203315735,0.3184068500995636,0.02604827657341957,0.10887494683265686,-0.12579916417598724,0.9857192039489746,0,0,0,0,0,0,0,0,0,0,0,0,0,0
12.050246953964233,2.0,0.0014998316764831543,-0.08297936618328094,-0.00036966800689697266,0.08297637104988098,-0.10973446071147919,-1.4658631086349487,-0.7132328748703003,1.2269225120544434,0.03,1.2294670343399048,-0.11676958203315735,0.3184068500995636,0.02604827657341957,0.10887494683265686,-0.12579916417598724,0.9857192039489746,0,0,0,0,0,0,0,0,0,0,0,0,0,0
12.05164361000061,2.0,0.0014998316764831543,-0.08297936618328094,-0.00036966800689697266,0.08297637104988098,-0.10973446071147919,-1.4658631086349487,-0.7132328748703003,1.2269225120544434,0.03,1.2294670343399048,-0.11676958203315735,0.3184068500995636,0.02604827657341957,0.10887494683265686,-0.12579916417598724,0.9857192039489746,0,0,0,0,0,0,0,0,0,0,0,0,0,0
12.052770853042603,2.0,0.0014998316764831543,-0.08297936618328094,-0.00036966800689697266,0.08297637104988098,-0.10973446071147919,-1.4658631086349487,-0.7132328748703003,1.2269225120544434,0.03,1.2294670343399048,-0.11676958203315735,0.3184068500995636,0.02604827657341957,0.10887494683265686,-0.12579916417598724,0.9857192039489746,0,0,0,0,0,0,0,0,0,0,0,0,0,0
12.05387282371521,2.0,0.0014998316764831543,-0.08297936618328094,-0.00036966800689697266,0.08297637104988098,-0.10973446071147919,-1.4658631086349487,-0.7132328748703003,1.2269225120544434,0.03,1.2294670343399048,-0.11676958203315735,0.3184068500995636,0.02604827657341957,0.10887494683265686,-0.12579916417598724,0.9857192039489746,0,0,0,0,0,0,0,0,0,0,0,0,0,0
12.05495810508728,2.0,0.0014998316764831543,-0.08297936618328094,-0.00036966800689697266,0.08297637104988098,-0.10973446071147919,-1.4658631086349487,-0.7132328748703003,1.2269225120544434,0.03,1.2294670343399048,-0.11676958203315735,0.3184068500995636,0.02604827657341957,0.10887494683265686,-0.12579916417598724,0.9857192039489746,0,0,0,0,0,0,0,0,0,0,0,0,0,0
12.05601954460144,2.0,0.0014998316764831543,-0.08297936618328094,-0.00036966800689697266,0.08297637104988098,-0.10973446071147919,-1.4658631086349487,-0.7132328748703003,1.2269225120544434,0.03,1.2294670343399048,-0.11676958203315735,0.3184068500995636,0.02604827657341957,0.10887494683265686,-0.12579916417598724,0.9857192039489746,0,0,0,0,0,0,0,0,0,0,0,0,0,0
12.057961702346802,2.0,0.0022461414337158203,-0.08438384532928467,-0.0013511180877685547,0.08417171239852905,-0.8772334456443787,-2.097628355026245,-0.9643381237983704,1.438575029373169,0.03,1.229447364807129,-0.11688434332609177,0.31831222772598267,0.025754714384675026,0.10875371098518372,-0.12920214235782623,0.9853000640869141,0,0,0,0,0,0,0,0,0,0,0,0,0,0
12.059059143066406,2.0,0.0034690499305725098,-0.08488504588603973,-0.0027933120727539062,0.08475425839424133,-0.6577666401863098,-2.110468626022339,-0.756275475025177,1.719813346862793,0.03,1.229447364807129,-0.11688434332609177,0.31831222772598267,0.025754714384675026,0.10875371098518372,-0.12920214235782623,0.9853000640869141,0,0,0,0,0,0,0,0,0,0,0,0,0,0
12.06014347076416,2.0,0.0034690499305725098,-0.08488504588603973,-0.0027933120727539062,0.08475425839424133,-0.6577666401863098,-2.110468626022339,-0.756275475025177,1.719813346862793,0.03,1.229447364807129,-0.11688434332609177,0.31831222772598267,0.025754714384675026,0.10875371098518372,-0.12920214235782623,0.9853000640869141,0,0,0,0,0,0,0,0,0,0,0,0,0,0
12.0612313747406,2.0,0.0034690499305725098,-0.08488504588603973,-0.0027933120727539062,0.08475425839424133,-0.6577666401863098,-2.110468626022339,-0.756275475025177,1.719813346862793,0.03,1.229447364807129,-0.11688434332609177,0.31831222772598267,0.025754714384675026,0.10875371098518372,-0.12920214235782623,0.9853000640869141,0,0,0,0,0,0,0,0,0,0,0,0,0,0
12.062337875366211,2.0,0.0034690499305725098,-0.08488504588603973,-0.0027933120727539062,0.08475425839424133,-0.6577666401863098,-2.110468626022339,-0.756275475025177,1.719813346862793,0.03,1.229447364807129,-0.11688434332609177,0.31831222772598267,0.025754714384675026,0.10875371098518372,-0.12920214235782623,0.9853000640869141,0,0,0,0,0,0,0,0,0,0,0,0,0,0
12.063541650772095,2.0,0.0034690499305725098,-0.08488504588603973,-0.0027933120727539062,0.08475425839424133,-0.6577666401863098,-2.110468626022339,-0.756275475025177,1.719813346862793,0.03,1.229447364807129,-0.11688434332609177,0.31831222772598267,0.025754714384675026,0.10875371098518372,-0.12920214235782623,0.9853000640869141,0,0,0,0,0,0,0,0,0,0,0,0,0,0
12.064874410629272,2.0,0.0034690499305725098,-0.08488504588603973,-0.0027933120727539062,0.08475425839424133,-0.6577666401863098,-2.110468626022339,-0.756275475025177,1.719813346862793,0.03,1.229447364807129,-0.11688434332609177,0.31831222772598267,0.025754714384675026,0.10875371098518372,-0.12920214235782623,0.9853000640869141,0,0,0,0,0,0,0,0,0,0,0,0,0,0
12.066141843795776,2.0,0.0034690499305725098,-0.08488504588603973,-0.0027933120727539062,0.08475425839424133,-0.6577666401863098,-2.110468626022339,-0.756275475025177,1.719813346862793,0.03,1.229447364807129,-0.11688434332609177,0.31831222772598267,0.025754714384675026,0.10875371098518372,-0.12920214235782623,0.9853000640869141,0,0,0,0,0,0,0,0,0,0,0,0,0,0
12.067630529403687,2.0,0.0034690499305725098,-0.08488504588603973,-0.0027933120727539062,0.08475425839424133,-0.6577666401863098,-2.110468626022339,-0.756275475025177,1.719813346862793,0.03,1.229447364807129,-0.11688434332609177,0.31831222772598267,0.025754714384675026,0.10875371098518372,-0.12920214235782623,0.9853000640869141,0,0,0,0,0,0,0,0,0,0,0,0,0,0
12.068831443786621,2.0,0.0034690499305725098,-0.08488504588603973,-0.0027933120727539062,0.08475425839424133,-0.6577666401863098,-2.110468626022339,-0.756275475025177,1.719813346862793,0.03,1.229447364807129,-0.11688434332609177,0.31831222772598267,0.025754714384675026,0.10875371098518372,-0.12920214235782623,0.9853000640869141,0,0,0,0,0,0,0,0,0,0,0,0,0,0
12.071540117263794,2.0,0.0034690499305725098,-0.08488504588603973,-0.0027933120727539062,0.08475425839424133,-0.6577666401863098,-2.110468626022339,-0.756275475025177,1.719813346862793,0.03,1.229447364807129,-0.11688434332609177,0.31831222772598267,0.025754714384675026,0.10875371098518372,-0.12920214235782623,0.9853000640869141,0,0,0,0,0,0,0,0,0,0,0,0,0,0
12.073190450668335,2.0,0.0034690499305725098,-0.08488504588603973,-0.0027933120727539062,0.08475425839424133,-0.6577666401863098,-2.110468626022339,-0.756275475025177,1.719813346862793,0.03,1.229447364807129,-0.11688434332609177,0.31831222772598267,0.025754714384675026,0.10875371098518372,-0.12920214235782623,0.9853000640869141,0,0,0,0,0,0,0,0,0,0,0,0,0,0
12.074444770812988,2.0,0.0034690499305725098,-0.08488504588603973,-0.0027933120727539062,0.08475425839424133,-0.6577666401863098,-2.110468626022339,-0.756275475025177,1.719813346862793,0.03,1.229447364807129,-0.11688434332609177,0.31831222772598267,0.025754714384675026,0.10875371098518372,-0.12920214235782623,0.9853000640869141,0,0,0,0,0,0,0,0,0,0,0,0,0,0
12.075834512710571,2.0,0.0034690499305725098,-0.08488504588603973,-0.0027933120727539062,0.08475425839424133,-0.6577666401863098,-2.110468626022339,-0.756275475025177,1.719813346862793,0.03,1.229447364807129,-0.11688434332609177,0.31831222772598267,0.025754714384675026,0.10875371098518372,-0.12920214235782623,0.9853000640869141,0,0,0,0,0,0,0,0,0,0,0,0,0,0
12.07798171043396,2.0,0.0034690499305725098,-0.08488504588603973,-0.0027933120727539062,0.08475425839424133,-0.6577666401863098,-2.110468626022339,-0.756275475025177,1.719813346862793,0.03,1.229447364807129,-0.11688434332609177,0.31831222772598267,0.025754714384675026,0.10875371098518372,-0.12920214235782623,0.9853000640869141,0,0,0,0,0,0,0,0,0,0,0,0,0,0
12.079203844070435,2.0,0.0034690499305725098,-0.08488504588603973,-0.0027933120727539062,0.08475425839424133,-0.6577666401863098,-2.110468626022339,-0.756275475025177,1.719813346862793,0.03,1.229447364807129,-0.11688434332609177,0.31831222772598267,0.025754714384675026,0.10875371098518372,-0.12920214235782623,0.9853000640869141,0,0,0,0,0,0,0,0,0,0,0,0,0,0
12.080495357513428,2.0,0.0034690499305725098,-0.08488504588603973,-0.0027933120727539062,0.08475425839424133,-0.6577666401863098,-2.110468626022339,-0.756275475025177,1.719813346862793,0.03,1.229447364807129,-0.11688434332609177,0.31831222772598267,0.025754714384675026,0.10875371098518372,-0.12920214235782623,0.9853000640869141,0,0,0,0,0,0,0,0,0,0,0,0,0,0
12.082462310791016,2.0,0.0034690499305725098,-0.08488504588603973,-0.0027933120727539062,0.08475425839424133,-0.6577666401863098,-2.110468626022339,-0.756275475025177,1.719813346862793,0.03,1.229447364807129,-0.11688434332609177,0.31831222772598267,0.025754714384675026,0.10875371098518372,-0.12920214235782623,0.9853000640869141,0,0,0,0,0,0,0,0,0,0,0,0,0,0
12.084174871444702,2.0,0.0034690499305725098,-0.08488504588603973,-0.0027933120727539062,0.08475425839424133,-0.6577666401863098,-2.110468626022339,-0.756275475025177,1.719813346862793,0.03,1.229447364807129,-0.11688434332609177,0.31831222772598267,0.025754714384675026,0.10875371098518372,-0.12920214235782623,0.9853000640869141,0,0,0,0,0,0,0,0,0,0,0,0,0,0
12.0852952003479,2.0,0.0034690499305725098,-0.08488504588603973,-0.0027933120727539062,0.08475425839424133,-0.6577666401863098,-2.110468626022339,-0.756275475025177,1.719813346862793,0.03,1.229447364807129,-0.11688434332609177,0.31831222772598267,0.025754714384675026,0.10875371098518372,-0.12920214235782623,0.9853000640869141,0,0,0,0,0,0,0,0,0,0,0,0,0,0
12.086382627487183,2.0,0.0034690499305725098,-0.08488504588603973,-0.0027933120727539062,0.08475425839424133,-0.6577666401863098,-2.110468626022339,-0.756275475025177,1.719813346862793,0.03,1.229447364807129,-0.11688434332609177,0.31831222772598267,0.025754714384675026,0.10875371098518372,-0.12920214235782623,0.9853000640869141,0,0,0,0,0,0,0,0,0,0,0,0,0,0
12.087449312210083,2.0,0.0034690499305725098,-0.08488504588603973,-0.0027933120727539062,0.08475425839424133,-0.6577666401863098,-2.110468626022339,-0.756275475025177,1.719813346862793,0.03,1.229447364807129,-0.11688434332609177,0.31831222772598267,0.025754714384675026,0.10875371098518372,-0.12920214235782623,0.9853000640869141,0,0,0,0,0,0,0,0,0,0,0,0,0,0
12.088545799255371,2.0,0.0034690499305725098,-0.08488504588603973,-0.0027933120727539062,0.08475425839424133,-0.6577666401863098,-2.110468626022339,-0.756275475025177,1.719813346862793,0.03,1.229447364807129,-0.11688434332609177,0.31831222772598267,0.025754714384675026,0.10875371098518372,-0.12920214235782623,0.9853000640869141,0,0,0,0,0,0,0,0,0,0,0,0,0,0
12.089630603790283,2.0,0.0034690499305725098,-0.08488504588603973,-0.0027933120727539062,0.08475425839424133,-0.6577666401863098,-2.110468626022339,-0.756275475025177,1.719813346862793,0.03,1.229447364807129,-0.11688434332609177,0.31831222772598267,0.025754714384675026,0.10875371098518372,-0.12920214235782623,0.9853000640869141,0,0,0,0,0,0,0,0,0,0,0,0,0,0
12.091643333435059,2.0,0.0034690499305725098,-0.08488504588603973,-0.0027933120727539062,0.08475425839424133,-0.6577666401863098,-2.110468626022339,-0.756275475025177,1.719813346862793,0.03,1.229447364807129,-0.11688434332609177,0.31831222772598267,0.025754714384675026,0.10875371098518372,-0.12920214235782623,0.9853000640869141,0,0,0,0,0,0,0,0,0,0,0,0,0,0
12.093352794647217,2.0,0.0034690499305725098,-0.08488504588603973,-0.0027933120727539062,0.08475425839424133,-0.6577666401863098,-2.110468626022339,-0.756275475025177,1.719813346862793,0.03,1.229447364807129,-0.11688434332609177,0.31831222772598267,0.025754714384675026,0.10875371098518372,-0.12920214235782623,0.9853000640869141,0,0,0,0,0,0,0,0,0,0,0,0,0,0
12.09671688079834,2.0,0.0034690499305725098,-0.08488504588603973,-0.0027933120727539062,0.08475425839424133,-0.6577666401863098,-2.110468626022339,-0.756275475025177,1.719813346862793,0.03,1.229447364807129,-0.11688434332609177,0.31831222772598267,0.025754714384675026,0.10875371098518372,-0.12920214235782623,0.9853000640869141,0,0,0,0,0,0,0,0,0,0,0,0,0,0
12.09822154045105,2.0,0.0034690499305725098,-0.08488504588603973,-0.0027933120727539062,0.08475425839424133,-0.6577666401863098,-2.110468626022339,-0.756275475025177,1.719813346862793,0.03,1.229447364807129,-0.11688434332609177,0.31831222772598267,0.025754714384675026,0.10875371098518372,-0.12920214235782623,0.9853000640869141,0,0,0,0,0,0,0,0,0,0,0,0,0,0
12.100736379623413,2.0,0.0034690499305725098,-0.08488504588603973,-0.0027933120727539062,0.08475425839424133,-0.6577666401863098,-2.110468626022339,-0.756275475025177,1.719813346862793,0.03,1.229447364807129,-0.11688434332609177,0.31831222772598267,0.025754714384675026,0.10875371098518372,-0.12920214235782623,0.9853000640869141,0,0,0,0,0,0,0,0,0,0,0,0,0,0
12.102027654647827,2.0,0.0034690499305725098,-0.08488504588603973,-0.0027933120727539062,0.08475425839424133,-0.6577666401863098,-2.110468626022339,-0.756275475025177,1.719813346862793,0.03,1.229447364807129,-0.11688434332609177,0.31831222772598267,0.025754714384675026,0.10875371098518372,-0.12920214235782623,0.9853000640869141,0,0,0,0,0,0,0,0,0,0,0,0,0,0
12.103288412094116,2.0,0.0034690499305725098,-0.08488504588603973,-0.0027933120727539062,0.08475425839424133,-0.6577666401863098,-2.110468626022339,-0.756275475025177,1.719813346862793,0.03,1.229447364807129,-0.11688434332609177,0.31831222772598267,0.025754714384675026,0.10875371098518372,-0.12920214235782623,0.9853000640869141,0,0,0,0,0,0,0,0,0,0,0,0,0,0
12.104522943496704,2.0,0.0034690499305725098,-0.08488504588603973,-0.0027933120727539062,0.08475425839424133,-0.6577666401863098,-2.110468626022339,-0.756275475025177,1.719813346862793,0.03,1.229447364807129,-0.11688434332609177,0.31831222772598267,0.025754714384675026,0.10875371098518372,-0.12920214235782623,0.9853000640869141,0,0,0,0,0,0,0,0,0,0,0,0,0,0
12.105689764022827,2.0,0.0034690499305725098,-0.08488504588603973,-0.0027933120727539062,0.08475425839424133,-0.6577666401863098,-2.110468626022339,-0.756275475025177,1.719813346862793,0.03,1.229447364807129,-0.11688434332609177,0.31831222772598267,0.025754714384675026,0.10875371098518372,-0.12920214235782623,0.9853000640869141,0,0,0,0,0,0,0,0,0,0,0,0,0,0
12.106925964355469,2.0,0.0034690499305725098,-0.08488504588603973,-0.0027933120727539062,0.08475425839424133,-0.6577666401863098,-2.110468626022339,-0.756275475025177,1.719813346862793,0.03,1.229447364807129,-0.11688434332609177,0.31831222772598267,0.025754714384675026,0.10875371098518372,-0.12920214235782623,0.9853000640869141,0,0,0,0,0,0,0,0,0,0,0,0,0,0
12.109991312026978,2.0,0.0034690499305725098,-0.08488504588603973,-0.0027933120727539062,0.08475425839424133,-0.6577666401863098,-2.110468626022339,-0.756275475025177,1.719813346862793,0.03,1.229447364807129,-0.11688434332609177,0.31831222772598267,0.025754714384675026,0.10875371098518372,-0.12920214235782623,0.9853000640869141,0,0,0,0,0,0,0,0,0,0,0,0,0,0
12.111292839050293,2.0,0.0034690499305725098,-0.08488504588603973,-0.0027933120727539062,0.08475425839424133,-0.6577666401863098,-2.110468626022339,-0.756275475025177,1.719813346862793,0.03,1.229447364807129,-0.11688434332609177,0.31831222772598267,0.025754714384675026,0.10875371098518372,-0.12920214235782623,0.9853000640869141,0,0,0,0,0,0,0,0,0,0,0,0,0,0
12.112636804580688,2.0,0.0034690499305725098,-0.08488504588603973,-0.0027933120727539062,0.08475425839424133,-0.6577666401863098,-2.110468626022339,-0.756275475025177,1.719813346862793,0.03,1.229447364807129,-0.11688434332609177,0.31831222772598267,0.025754714384675026,0.10875371098518372,-0.12920214235782623,0.9853000640869141,0,0,0,0,0,0,0,0,0,0,0,0,0,0
12.114638805389404,2.0,0.0034690499305725098,-0.08488504588603973,-0.0027933120727539062,0.08475425839424133,-0.6577666401863098,-2.110468626022339,-0.756275475025177,1.719813346862793,0.03,1.229447364807129,-0.11688434332609177,0.31831222772598267,0.025754714384675026,0.10875371098518372,-0.12920214235782623,0.9853000640869141,0,0,0,0,0,0,0,0,0,0,0,0,0,0
12.116348505020142,2.0,0.0034690499305725098,-0.08488504588603973,-0.0027933120727539062,0.08475425839424133,-0.6577666401863098,-2.110468626022339,-0.756275475025177,1.719813346862793,0.03,1.229447364807129,-0.11688434332609177,0.31831222772598267,0.025754714384675026,0.10875371098518372,-0.12920214235782623,0.9853000640869141,0,0,0,0,0,0,0,0,0,0,0,0,0,0
12.118352174758911,2.0,0.0034690499305725098,-0.08488504588603973,-0.0027933120727539062,0.08475425839424133,-0.6577666401863098,-2.110468626022339,-0.756275475025177,1.719813346862793,0.03,1.229447364807129,-0.11688434332609177,0.31831222772598267,0.025754714384675026,0.10875371098518372,-0.12920214235782623,0.9853000640869141,0,0,0,0,0,0,0,0,0,0,0,0,0,0
12.119753122329712,2.0,0.0034690499305725098,-0.08488504588603973,-0.0027933120727539062,0.08475425839424133,-0.6577666401863098,-2.110468626022339,-0.756275475025177,1.719813346862793,0.03,1.229447364807129,-0.11688434332609177,0.31831222772598267,0.025754714384675026,0.10875371098518372,-0.12920214235782623,0.9853000640869141,0,0,0,0,0,0,0,0,0,0,0,0,0,0
12.121173858642578,2.0,0.0034690499305725098,-0.08488504588603973,-0.0027933120727539062,0.08475425839424133,-0.6577666401863098,-2.110468626022339,-0.756275475025177,1.719813346862793,0.03,1.229447364807129,-0.11688434332609177,0.31831222772598267,0.025754714384675026,0.10875371098518372,-0.12920214235782623,0.9853000640869141,0,0,0,0,0,0,0,0,0,0,0,0,0,0
12.122814655303955,2.0,0.0034690499305725098,-0.08488504588603973,-0.0027933120727539062,0.08475425839424133,-0.6577666401863098,-2.110468626022339,-0.756275475025177,1.719813346862793,0.03,1.229447364807129,-0.11688434332609177,0.31831222772598267,0.025754714384675026,0.10875371098518372,-0.12920214235782623,0.9853000640869141,0,0,0,0,0,0,0,0,0,0,0,0,0,0
12.124279260635376,2.0,0.0034690499305725098,-0.08488504588603973,-0.0027933120727539062,0.08475425839424133,-0.6577666401863098,-2.110468626022339,-0.756275475025177,1.719813346862793,0.03,1.229447364807129,-0.11688434332609177,0.31831222772598267,0.025754714384675026,0.10875371098518372,-0.12920214235782623,0.9853000640869141,0,0,0,0,0,0,0,0,0,0,0,0,0,0
12.125667810440063,2.0,0.0034690499305725098,-0.08488504588603973,-0.0027933120727539062,0.08475425839424133,-0.6577666401863098,-2.110468626022339,-0.756275475025177,1.719813346862793,0.03,1.229447364807129,-0.11688434332609177,0.31831222772598267,0.025754714384675026,0.10875371098518372,-0.12920214235782623,0.9853000640869141,0,0,0,0,0,0,0,0,0,0,0,0,0,0
12.127236366271973,2.0,0.0040891170501708984,-0.08482687175273895,-0.003455638885498047,0.08464771509170532,-0.5176569819450378,-1.897868037223816,-0.6099801659584045,1.422858476638794,0.03,1.229447364807129,-0.11688434332609177,0.31831222772598267,0.025754714384675026,0.10875371098518372,-0.12920214235782623,0.9853000640869141,0,0,0,0,0,0,0,0,0,0,0,0,0,0
12.129398822784424,2.0,0.0052454471588134766,-0.08473511040210724,-0.004834651947021484,0.08456248044967651,-0.5020236372947693,-1.7442741394042969,-0.3417067527770996,1.3057583570480347,0.03,1.2295219898223877,-0.11694823205471039,0.3182792365550995,0.02457870915532112,0.1085323616862297,-0.1335279792547226,0.984777569770813,0,0,0,0,0,0,0,0,0,0,0,0,0,0
12.130489349365234,2.0,0.0052454471588134766,-0.08473511040210724,-0.004834651947021484,0.08456248044967651,-0.5020236372947693,-1.7442741394042969,-0.3417067527770996,1.3057583570480347,0.03,1.2294834852218628,-0.11685575544834137,0.31835585832595825,0.02442074380815029,0.10844860970973969,-0.13319358229637146,0.9848360419273376,0,0,0,0,0,0,0,0,0,0,0,0,0,0
12.132282257080078,2.0,0.0052454471588134766,-0.08473511040210724,-0.004834651947021484,0.08456248044967651,-0.5020236372947693,-1.7442741394042969,-0.3417067527770996,1.3057583570480347,0.03,1.2294834852218628,-0.11685575544834137,0.31835585832595825,0.02442074380815029,0.10844860970973969,-0.13319358229637146,0.9848360419273376,0,0,0,0,0,0,0,0,0,0,0,0,0,0
12.133463859558105,2.0,0.0052454471588134766,-0.08473511040210724,-0.004834651947021484,0.08456248044967651,-0.5020236372947693,-1.7442741394042969,-0.3417067527770996,1.3057583570480347,0.03,1.2294834852218628,-0.11685575544834137,0.31835585832595825,0.02442074380815029,0.10844860970973969,-0.13319358229637146,0.9848360419273376,0,0,0,0,0,0,0,0,0,0,0,0,0,0
12.134552240371704,2.0,0.0052454471588134766,-0.08473511040210724,-0.004834651947021484,0.08456248044967651,-0.5020236372947693,-1.7442741394042969,-0.3417067527770996,1.3057583570480347,0.03,1.2294834852218628,-0.11685575544834137,0.31835585832595825,0.02442074380815029,0.10844860970973969,-0.13319358229637146,0.9848360419273376,0,0,0,0,0,0,0,0,0,0,0,0,0,0
12.135646104812622,2.0,0.0052454471588134766,-0.08473511040210724,-0.004834651947021484,0.08456248044967651,-0.5020236372947693,-1.7442741394042969,-0.3417067527770996,1.3057583570480347,0.03,1.229434847831726,-0.11683426052331924,0.31834477186203003,0.025302473455667496,0.10830279439687729,-0.1292094886302948,0.9853604435920715,0,0,0,0,0,0,0,0,0,0,0,0,0,0
12.136707544326782,2.0,0.0052454471588134766,-0.08473511040210724,-0.004834651947021484,0.08456248044967651,-0.5020236372947693,-1.7442741394042969,-0.3417067527770996,1.3057583570480347,0.03,1.229434847831726,-0.11683426052331924,0.31834477186203003,0.025302473455667496,0.10830279439687729,-0.1292094886302948,0.9853604435920715,0,0,0,0,0,0,0,0,0,0,0,0,0,0
12.137804985046387,2.0,0.0052454471588134766,-0.08473511040210724,-0.004834651947021484,0.08456248044967651,-0.5020236372947693,-1.7442741394042969,-0.3417067527770996,1.3057583570480347,0.03,1.229434847831726,-0.11683426052331924,0.31834477186203003,0.025302473455667496,0.10830279439687729,-0.1292094886302948,0.9853604435920715,0,0,0,0,0,0,0,0,0,0,0,0,0,0
12.138865232467651,2.0,0.0052454471588134766,-0.08473511040210724,-0.004834651947021484,0.08456248044967651,-0.5020236372947693,-1.7442741394042969,-0.3417067527770996,1.3057583570480347,0.03,1.229434847831726,-0.11683426052331924,0.31834477186203003,0.025302473455667496,0.10830279439687729,-0.1292094886302948,0.9853604435920715,0,0,0,0,0,0,0,0,0,0,0,0,0,0
12.140166997909546,2.0,0.0052454471588134766,-0.08473511040210724,-0.004834651947021484,0.08456248044967651,-0.5020236372947693,-1.7442741394042969,-0.3417067527770996,1.3057583570480347,0.03,1.229434847831726,-0.11683426052331924,0.31834477186203003,0.025302473455667496,0.10830279439687729,-0.1292094886302948,0.9853604435920715,0,0,0,0,0,0,0,0,0,0,0,0,0,0
12.141354322433472,2.0,0.0052454471588134766,-0.08473511040210724,-0.004834651947021484,0.08456248044967651,-0.5020236372947693,-1.7442741394042969,-0.3417067527770996,1.3057583570480347,0.03,1.229434847831726,-0.11683426052331924,0.31834477186203003,0.025302473455667496,0.10830279439687729,-0.1292094886302948,0.9853604435920715,0,0,0,0,0,0,0,0,0,0,0,0,0,0
12.14274001121521,2.0,0.0052454471588134766,-0.08473511040210724,-0.004834651947021484,0.08456248044967651,-0.5020236372947693,-1.7442741394042969,-0.3417067527770996,1.3057583570480347,0.03,1.229434847831726,-0.11683426052331924,0.31834477186203003,0.025302473455667496,0.10830279439687729,-0.1292094886302948,0.9853604435920715,0,0,0,0,0,0,0,0,0,0,0,0,0,0
12.143834829330444,2.0,0.0052454471588134766,-0.08473511040210724,-0.004834651947021484,0.08456248044967651,-0.5020236372947693,-1.7442741394042969,-0.3417067527770996,1.3057583570480347,0.03,1.229434847831726,-0.11683426052331924,0.31834477186203003,0.025302473455667496,0.10830279439687729,-0.1292094886302948,0.9853604435920715,0,0,0,0,0,0,0,0,0,0,0,0,0,0
12.144924640655518,2.0,0.0052454471588134766,-0.08473511040210724,-0.004834651947021484,0.08456248044967651,-0.5020236372947693,-1.7442741394042969,-0.3417067527770996,1.3057583570480347,0.03,1.229434847831726,-0.11683426052331924,0.31834477186203003,0.025302473455667496,0.10830279439687729,-0.1292094886302948,0.9853604435920715,0,0,0,0,0,0,0,0,0,0,0,0,0,0
12.146362543106079,2.0,0.0052454471588134766,-0.08473511040210724,-0.004834651947021484,0.08456248044967651,-0.5020236372947693,-1.7442741394042969,-0.3417067527770996,1.3057583570480347,0.03,1.229434847831726,-0.11683426052331924,0.31834477186203003,0.025302473455667496,0.10830279439687729,-0.1292094886302948,0.9853604435920715,0,0,0,0,0,0,0,0,0,0,0,0,0,0
12.14917516708374,2.0,0.01545792818069458,-0.0814683735370636,-0.015339851379394531,0.08189614117145538,0.23357230424880981,0.9393462538719177,0.9565867185592651,-0.8048921823501587,0.03,1.229434847831726,-0.11683426052331924,0.31834477186203003,0.025302473455667496,0.10830279439687729,-0.1292094886302948,0.9853604435920715,0,0,0,0,0,0,0,0,0,0,0,0,0,0
12.150364875793457,2.0,0.01545792818069458,-0.0814683735370636,-0.015339851379394531,0.08189614117145538,0.23357230424880981,0.9393462538719177,0.9565867185592651,-0.8048921823501587,0.03,1.229434847831726,-0.11683426052331924,0.31834477186203003,0.025302473455667496,0.10830279439687729,-0.1292094886302948,0.9853604435920715,0,0,0,0,0,0,0,0,0,0,0,0,0,0
12.15421462059021,2.0,0.01762157678604126,-0.08180971443653107,-0.01726078987121582,0.08229614794254303,0.3762364089488983,0.5084924697875977,0.8169107437133789,-0.3732775151729584,0.03,1.229434847831726,-0.11683426052331924,0.31834477186203003,0.025302473455667496,0.10830279439687729,-0.1292094886302948,0.9853604435920715,0,0,0,0,0,0,0,0,0,0,0,0,0,0
12.155526161193848,2.0,0.01762157678604126,-0.08180971443653107,-0.01726078987121582,0.08229614794254303,0.3762364089488983,0.5084924697875977,0.8169107437133789,-0.3732775151729584,0.03,1.229434847831726,-0.11683426052331924,0.31834477186203003,0.025302473455667496,0.10830279439687729,-0.1292094886302948,0.9853604435920715,0,0,0,0,0,0,0,0,0,0,0,0,0,0
12.156742095947266,2.0,0.01762157678604126,-0.08180971443653107,-0.01726078987121582,0.08229614794254303,0.3762364089488983,0.5084924697875977,0.8169107437133789,-0.3732775151729584,0.03,1.229434847831726,-0.11683426052331924,0.31834477186203003,0.025302473455667496,0.10830279439687729,-0.1292094886302948,0.9853604435920715,0,0,0,0,0,0,0,0,0,0,0,0,0,0
12.15864086151123,2.0,0.01762157678604126,-0.08180971443653107,-0.01726078987121582,0.08229614794254303,0.3762364089488983,0.5084924697875977,0.8169107437133789,-0.3732775151729584,0.03,1.229434847831726,-0.11683426052331924,0.31834477186203003,0.025302473455667496,0.10830279439687729,-0.1292094886302948,0.9853604435920715,0,0,0,0,0,0,0,0,0,0,0,0,0,0
12.161137819290161,2.0,0.01762157678604126,-0.08180971443653107,-0.01726078987121582,0.08229614794254303,0.3762364089488983,0.5084924697875977,0.8169107437133789,-0.3732775151729584,0.03,1.229434847831726,-0.11683426052331924,0.31834477186203003,0.025302473455667496,0.10830279439687729,-0.1292094886302948,0.9853604435920715,0,0,0,0,0,0,0,0,0,0,0,0,0,0
12.162503004074097,2.0,0.01762157678604126,-0.08180971443653107,-0.01726078987121582,0.08229614794254303,0.3762364089488983,0.5084924697875977,0.8169107437133789,-0.3732775151729584,0.03,1.229434847831726,-0.11683426052331924,0.31834477186203003,0.025302473455667496,0.10830279439687729,-0.1292094886302948,0.9853604435920715,0,0,0,0,0,0,0,0,0,0,0,0,0,0
12.164596796035767,2.0,0.01762157678604126,-0.08180971443653107,-0.01726078987121582,0.08229614794254303,0.3762364089488983,0.5084924697875977,0.8169107437133789,-0.3732775151729584,0.03,1.229434847831726,-0.11683426052331924,0.31834477186203003,0.025302473455667496,0.10830279439687729,-0.1292094886302948,0.9853604435920715,0,0,0,0,0,0,0,0,0,0,0,0,0,0
12.166393518447876,2.0,0.01762157678604126,-0.08180971443653107,-0.01726078987121582,0.08229614794254303,0.3762364089488983,0.5084924697875977,0.8169107437133789,-0.3732775151729584,0.03,1.229434847831726,-0.11683426052331924,0.31834477186203003,0.025302473455667496,0.10830279439687729,-0.1292094886302948,0.9853604435920715,0,0,0,0,0,0,0,0,0,0,0,0,0,0
12.168040990829468,2.0,0.01762157678604126,-0.08180971443653107,-0.01726078987121582,0.08229614794254303,0.3762364089488983,0.5084924697875977,0.8169107437133789,-0.3732775151729584,0.03,1.2294421195983887,-0.11685238033533096,0.31832900643348694,0.024994194507598877,0.10836824774742126,-0.13093408942222595,0.9851334095001221,0,0,0,0,0,0,0,0,0,0,0,0,0,0
12.169129133224487,2.0,0.01762157678604126,-0.08180971443653107,-0.01726078987121582,0.08229614794254303,0.3762364089488983,0.5084924697875977,0.8169107437133789,-0.3732775151729584,0.03,1.2294421195983887,-0.11685238033533096,0.31832900643348694,0.024994194507598877,0.10836824774742126,-0.13093408942222595,0.9851334095001221,0,0,0,0,0,0,0,0,0,0,0,0,0,0
12.170441150665283,2.0,0.01762157678604126,-0.08180971443653107,-0.01726078987121582,0.08229614794254303,0.3762364089488983,0.5084924697875977,0.8169107437133789,-0.3732775151729584,0.03,1.2294421195983887,-0.11685238033533096,0.31832900643348694,0.024994194507598877,0.10836824774742126,-0.13093408942222595,0.9851334095001221,0,0,0,0,0,0,0,0,0,0,0,0,0,0
12.17150592803955,2.0,0.01762157678604126,-0.08180971443653107,-0.01726078987121582,0.08229614794254303,0.3762364089488983,0.5084924697875977,0.8169107437133789,-0.3732775151729584,0.03,1.2294421195983887,-0.11685238033533096,0.31832900643348694,0.024994194507598877,0.10836824774742126,-0.13093408942222595,0.9851334095001221,0,0,0,0,0,0,0,0,0,0,0,0,0,0
12.17257046699524,2.0,0.01762157678604126,-0.08180971443653107,-0.01726078987121582,0.08229614794254303,0.3762364089488983,0.5084924697875977,0.8169107437133789,-0.3732775151729584,0.03,1.2294421195983887,-0.11685238033533096,0.31832900643348694,0.024994194507598877,0.10836824774742126,-0.13093408942222595,0.9851334095001221,0,0,0,0,0,0,0,0,0,0,0,0,0,0
12.173763275146484,2.0,0.01762157678604126,-0.08180971443653107,-0.01726078987121582,0.08229614794254303,0.3762364089488983,0.5084924697875977,0.8169107437133789,-0.3732775151729584,0.03,1.2294421195983887,-0.11685238033533096,0.31832900643348694,0.024994194507598877,0.10836824774742126,-0.13093408942222595,0.9851334095001221,0,0,0,0,0,0,0,0,0,0,0,0,0,0
12.177844047546387,2.0,0.018992841243743896,-0.0821499228477478,-0.018477320671081543,0.08251672983169556,0.4838124215602875,0.27336639165878296,0.3279861807823181,-0.26899397373199463,0.03,1.2294421195983887,-0.11685238033533096,0.31832900643348694,0.024994194507598877,0.10836824774742126,-0.13093408942222595,0.9851334095001221,0,0,0,0,0,0,0,0,0,0,0,0,0,0
12.179977416992188,2.0,0.019960224628448486,-0.0822259932756424,-0.01939624547958374,0.08257058262825012,0.27764496207237244,0.30084720253944397,0.1409604698419571,-0.31550300121307373,0.03,1.229494333267212,-0.1167668029665947,0.3183899521827698,0.02561279386281967,0.10817145556211472,-0.12580543756484985,0.9858072400093079,0,0,0,0,0,0,0,0,0,0,0,0,0,0
12.182126998901367,2.0,0.02124422788619995,-0.0821947306394577,-0.020715773105621338,0.08250422775745392,-0.40470990538597107,0.4214435815811157,-0.009716765955090523,-0.4227512776851654,0.03,1.2295653820037842,-0.11688142269849777,0.31821712851524353,0.027152307331562042,0.10786822438240051,-0.12224661558866501,0.9862470030784607,0,0,0,0,0,0,0,0,0,0,0,0,0,0
12.183605909347534,2.0,0.029292047023773193,-0.08213680982589722,-0.03032982349395752,0.08250871300697327,-0.7215703725814819,0.49220845103263855,0.6487789154052734,-0.4035837650299072,0.03,1.2295409440994263,-0.1168835461139679,0.3182278871536255,0.02679339423775673,0.10798290371894836,-0.12394268065690994,0.9860324859619141,0,0,0,0,0,0,0,0,0,0,0,0,0,0
12.184738874435425,2.0,0.02958810329437256,-0.08213545382022858,-0.030974388122558594,0.08249592781066895,-0.8225493431091309,0.5056888461112976,0.8216455578804016,-0.4484478235244751,0.03,1.2294881343841553,-0.11685159057378769,0.3182954490184784,0.02457515150308609,0.10842165350914001,-0.1307956725358963,0.9851564764976501,0,0,0,0,0,0,0,0,0,0,0,0,0,0
12.185806512832642,2.0,0.02958810329437256,-0.08213545382022858,-0.030974388122558594,0.08249592781066895,-0.8225493431091309,0.5056888461112976,0.8216455578804016,-0.4484478235244751,0.03,1.2294881343841553,-0.11685159057378769,0.3182954490184784,0.02457515150308609,0.10842165350914001,-0.1307956725358963,0.9851564764976501,0,0,0,0,0,0,0,0,0,0,0,0,0,0
12.187286615371704,2.0,0.03637385368347168,-0.08209925889968872,-0.03770613670349121,0.08244650065898895,-1.878719687461853,0.5350959300994873,-0.24080349504947662,-0.5222346186637878,0.03,1.2294801473617554,-0.11676285415887833,0.31835630536079407,0.024735109880566597,0.10830798745155334,-0.12774284183979034,0.9855655431747437,0,0,0,0,0,0,0,0,0,0,0,0,0,0
12.188738584518433,2.0,0.03691422939300537,-0.08207650482654572,-0.037928998470306396,0.08244594931602478,-1.70563542842865,0.6571595668792725,-0.5009556412696838,-0.5338498950004578,0.03,1.2294801473617554,-0.11676285415887833,0.31835630536079407,0.024735109880566597,0.10830798745155334,-0.12774284183979034,0.9855655431747437,0,0,0,0,0,0,0,0,0,0,0,0,0,0
12.190630197525024,2.0,0.037659287452697754,-0.08212248980998993,-0.03861302137374878,0.08244621753692627,-1.7671101093292236,0.5754279494285583,-0.6087373495101929,-0.5353004336357117,0.03,1.2295726537704468,-0.11694101989269257,0.31813302636146545,0.025479312986135483,0.10811693221330643,-0.12891517579555511,0.9854149222373962,0,0,0,0,0,0,0,0,0,0,0,0,0,0
12.192138433456421,2.0,0.03892093896865845,-0.08208087086677551,-0.039912402629852295,0.08244627714157104,-1.946699619293213,0.6678241491317749,-0.6686493158340454,-0.5410972237586975,0.03,1.229495644569397,-0.11689126491546631,0.3182191550731659,0.023591838777065277,0.10853777080774307,-0.132636159658432,0.9849216341972351,0,0,0,0,0,0,0,0,0,0,0,0,0,0
12.194940090179443,2.0,0.03979527950286865,-0.08212658762931824,-0.04084545373916626,0.08244627714157104,-2.0793163776397705,0.5867424607276917,-0.7286769151687622,-0.5460153818130493,0.03,1.229495644569397,-0.11689126491546631,0.3182191550731659,0.023591838777065277,0.10853777080774307,-0.132636159658432,0.9849216341972351,0,0,0,0,0,0,0,0,0,0,0,0,0,0
12.196511507034302,2.0,0.03979527950286865,-0.08212658762931824,-0.04084545373916626,0.08244627714157104,-2.0793163776397705,0.5867424607276917,-0.7286769151687622,-0.5460153818130493,0.03,1.229495644569397,-0.11689126491546631,0.3182191550731659,0.023591838777065277,0.10853777080774307,-0.132636159658432,0.9849216341972351,0,0,0,0,0,0,0,0,0,0,0,0,0,0
12.198347091674805,2.0,0.03979527950286865,-0.08212658762931824,-0.04084545373916626,0.08244627714157104,-2.0793163776397705,0.5867424607276917,-0.7286769151687622,-0.5460153818130493,0.03,1.229495644569397,-0.11689126491546631,0.3182191550731659,0.023591838777065277,0.10853777080774307,-0.132636159658432,0.9849216341972351,0,0,0,0,0,0,0,0,0,0,0,0,0,0
12.199956178665161,2.0,0.03979527950286865,-0.08212658762931824,-0.04084545373916626,0.08244627714157104,-2.0793163776397705,0.5867424607276917,-0.7286769151687622,-0.5460153818130493,0.03,1.229495644569397,-0.11689126491546631,0.3182191550731659,0.023591838777065277,0.10853777080774307,-0.132636159658432,0.9849216341972351,0,0,0,0,0,0,0,0,0,0,0,0,0,0
12.201900005340576,2.0,0.03979527950286865,-0.08212658762931824,-0.04084545373916626,0.08244627714157104,-2.0793163776397705,0.5867424607276917,-0.7286769151687622,-0.5460153818130493,0.03,1.229495644569397,-0.11689126491546631,0.3182191550731659,0.023591838777065277,0.10853777080774307,-0.132636159658432,0.9849216341972351,0,0,0,0,0,0,0,0,0,0,0,0,0,0
12.203141212463379,2.0,0.03979527950286865,-0.08212658762931824,-0.04084545373916626,0.08244627714157104,-2.0793163776397705,0.5867424607276917,-0.7286769151687622,-0.5460153818130493,0.03,1.229495644569397,-0.11689126491546631,0.3182191550731659,0.023591838777065277,0.10853777080774307,-0.132636159658432,0.9849216341972351,0,0,0,0,0,0,0,0,0,0,0,0,0,0
12.204278469085693,2.0,0.03979527950286865,-0.08212658762931824,-0.04084545373916626,0.08244627714157104,-2.0793163776397705,0.5867424607276917,-0.7286769151687622,-0.5460153818130493,0.03,1.229495644569397,-0.11689126491546631,0.3182191550731659,0.023591838777065277,0.10853777080774307,-0.132636159658432,0.9849216341972351,0,0,0,0,0,0,0,0,0,0,0,0,0,0
12.206775665283203,2.0,0.03979527950286865,-0.08212658762931824,-0.04084545373916626,0.08244627714157104,-2.0793163776397705,0.5867424607276917,-0.7286769151687622,-0.5460153818130493,0.03,1.229495644569397,-0.11689126491546631,0.3182191550731659,0.023591838777065277,0.10853777080774307,-0.132636159658432,0.9849216341972351,0,0,0,0,0,0,0,0,0,0,0,0,0,0
12.208181142807007,2.0,0.03979527950286865,-0.08212658762931824,-0.04084545373916626,0.08244627714157104,-2.0793163776397705,0.5867424607276917,-0.7286769151687622,-0.5460153818130493,0.03,1.229495644569397,-0.11689126491546631,0.3182191550731659,0.023591838777065277,0.10853777080774307,-0.132636159658432,0.9849216341972351,0,0,0,0,0,0,0,0,0,0,0,0,0,0
12.209460735321045,2.0,0.03979527950286865,-0.08212658762931824,-0.04084545373916626,0.08244627714157104,-2.0793163776397705,0.5867424607276917,-0.7286769151687622,-0.5460153818130493,0.03,1.229495644569397,-0.11689126491546631,0.3182191550731659,0.023591838777065277,0.10853777080774307,-0.132636159658432,0.9849216341972351,0,0,0,0,0,0,0,0,0,0,0,0,0,0
12.210922718048096,2.0,0.03979527950286865,-0.08212658762931824,-0.04084545373916626,0.08244627714157104,-2.0793163776397705,0.5867424607276917,-0.7286769151687622,-0.5460153818130493,0.03,1.229495644569397,-0.11689126491546631,0.3182191550731659,0.023591838777065277,0.10853777080774307,-0.132636159658432,0.9849216341972351,0,0,0,0,0,0,0,0,0,0,0,0,0,0
12.212309122085571,2.0,0.03979527950286865,-0.08212658762931824,-0.04084545373916626,0.08244627714157104,-2.0793163776397705,0.5867424607276917,-0.7286769151687622,-0.5460153818130493,0.03,1.229495644569397,-0.11689126491546631,0.3182191550731659,0.023591838777065277,0.10853777080774307,-0.132636159658432,0.9849216341972351,0,0,0,0,0,0,0,0,0,0,0,0,0,0
12.21495246887207,2.0,0.04250919818878174,-0.08214867115020752,-0.044718801975250244,0.08244691789150238,-2.9695992469787598,0.5913562178611755,-0.5994330644607544,-0.5535427927970886,0.03,1.229491114616394,-0.11695332825183868,0.31809210777282715,0.023521974682807922,0.10859224945306778,-0.1328515112400055,0.9848883152008057,0,0,0,0,0,0,0,0,0,0,0,0,0,0
12.216373205184937,2.0,0.04494708776473999,-0.0821961760520935,-0.04808366298675537,0.08244617283344269,-3.159667491912842,0.5608845949172974,0.18121615052223206,-0.5686779618263245,0.03,1.229491114616394,-0.11695332825183868,0.31809210777282715,0.023521974682807922,0.10859224945306778,-0.1328515112400055,0.9848883152008057,0,0,0,0,0,0,0,0,0,0,0,0,0,0
12.217597246170044,2.0,0.04494708776473999,-0.0821961760520935,-0.04808366298675537,0.08244617283344269,-3.159667491912842,0.5608845949172974,0.18121615052223206,-0.5686779618263245,0.03,1.229491114616394,-0.11695332825183868,0.31809210777282715,0.023521974682807922,0.10859224945306778,-0.1328515112400055,0.9848883152008057,0,0,0,0,0,0,0,0,0,0,0,0,0,0
12.218754768371582,2.0,0.04494708776473999,-0.0821961760520935,-0.04808366298675537,0.08244617283344269,-3.159667491912842,0.5608845949172974,0.18121615052223206,-0.5686779618263245,0.03,1.229491114616394,-0.11695332825183868,0.31809210777282715,0.023521974682807922,0.10859224945306778,-0.1328515112400055,0.9848883152008057,0,0,0,0,0,0,0,0,0,0,0,0,0,0
12.220041513442993,2.0,0.04494708776473999,-0.0821961760520935,-0.04808366298675537,0.08244617283344269,-3.159667491912842,0.5608845949172974,0.18121615052223206,-0.5686779618263245,0.03,1.229491114616394,-0.11695332825183868,0.31809210777282715,0.023521974682807922,0.10859224945306778,-0.1328515112400055,0.9848883152008057,0,0,0,0,0,0,0,0,0,0,0,0,0,0
12.221245765686035,2.0,0.04494708776473999,-0.0821961760520935,-0.04808366298675537,0.08244617283344269,-3.159667491912842,0.5608845949172974,0.18121615052223206,-0.5686779618263245,0.03,1.229491114616394,-0.11695332825183868,0.31809210777282715,0.023521974682807922,0.10859224945306778,-0.1328515112400055,0.9848883152008057,0,0,0,0,0,0,0,0,0,0,0,0,0,0
12.223044395446777,2.0,0.04494708776473999,-0.0821961760520935,-0.04808366298675537,0.08244617283344269,-3.159667491912842,0.5608845949172974,0.18121615052223206,-0.5686779618263245,0.03,1.229491114616394,-0.11695332825183868,0.31809210777282715,0.023521974682807922,0.10859224945306778,-0.1328515112400055,0.9848883152008057,0,0,0,0,0,0,0,0,0,0,0,0,0,0
12.224534273147583,2.0,0.04494708776473999,-0.0821961760520935,-0.04808366298675537,0.08244617283344269,-3.159667491912842,0.5608845949172974,0.18121615052223206,-0.5686779618263245,0.03,1.229491114616394,-0.11695332825183868,0.31809210777282715,0.023521974682807922,0.10859224945306778,-0.1328515112400055,0.9848883152008057,0,0,0,0,0,0,0,0,0,0,0,0,0,0
12.22568655014038,2.0,0.04494708776473999,-0.0821961760520935,-0.04808366298675537,0.08244617283344269,-3.159667491912842,0.5608845949172974,0.18121615052223206,-0.5686779618263245,0.03,1.229491114616394,-0.11695332825183868,0.31809210777282715,0.023521974682807922,0.10859224945306778,-0.1328515112400055,0.9848883152008057,0,0,0,0,0,0,0,0,0,0,0,0,0,0
12.22676968574524,2.0,0.04494708776473999,-0.0821961760520935,-0.04808366298675537,0.08244617283344269,-3.159667491912842,0.5608845949172974,0.18121615052223206,-0.5686779618263245,0.03,1.229491114616394,-0.11695332825183868,0.31809210777282715,0.023521974682807922,0.10859224945306778,-0.1328515112400055,0.9848883152008057,0,0,0,0,0,0,0,0,0,0,0,0,0,0
12.227964878082275,2.0,0.04494708776473999,-0.0821961760520935,-0.04808366298675537,0.08244617283344269,-3.159667491912842,0.5608845949172974,0.18121615052223206,-0.5686779618263245,0.03,1.229491114616394,-0.11695332825183868,0.31809210777282715,0.023521974682807922,0.10859224945306778,-0.1328515112400055,0.9848883152008057,0,0,0,0,0,0,0,0,0,0,0,0,0,0
12.22904920578003,2.0,0.04494708776473999,-0.0821961760520935,-0.04808366298675537,0.08244617283344269,-3.159667491912842,0.5608845949172974,0.18121615052223206,-0.5686779618263245,0.03,1.229491114616394,-0.11695332825183868,0.31809210777282715,0.023521974682807922,0.10859224945306778,-0.1328515112400055,0.9848883152008057,0,0,0,0,0,0,0,0,0,0,0,0,0,0
12.23013687133789,2.0,0.04494708776473999,-0.0821961760520935,-0.04808366298675537,0.08244617283344269,-3.159667491912842,0.5608845949172974,0.18121615052223206,-0.5686779618263245,0.03,1.229491114616394,-0.11695332825183868,0.31809210777282715,0.023521974682807922,0.10859224945306778,-0.1328515112400055,0.9848883152008057,0,0,0,0,0,0,0,0,0,0,0,0,0,0
12.231466293334961,2.0,0.0454900860786438,-0.08219598233699799,-0.04841858148574829,0.08244915306568146,-3.130122184753418,0.5635427236557007,0.027078818529844284,-0.5765368938446045,0.03,1.229491114616394,-0.11695332825183868,0.31809210777282715,0.023521974682807922,0.10859224945306778,-0.1328515112400055,0.9848883152008057,0,0,0,0,0,0,0,0,0,0,0,0,0,0
12.232916355133057,2.0,0.0495794340968132,-0.08221372961997986,-0.05309230089187622,0.08247824013233185,-3.3171093463897705,0.5732327699661255,0.1966576725244522,-0.5380158424377441,0.03,1.229491114616394,-0.11695332825183868,0.31809210777282715,0.023521974682807922,0.10859224945306778,-0.1328515112400055,0.9848883152008057,0,0,0,0,0,0,0,0,0,0,0,0,0,0
12.2340989112854,2.0,0.0495794340968132,-0.08221372961997986,-0.05309230089187622,0.08247824013233185,-3.3171093463897705,0.5732327699661255,0.1966576725244522,-0.5380158424377441,0.03,1.229491114616394,-0.11695332825183868,0.31809210777282715,0.023521974682807922,0.10859224945306778,-0.1328515112400055,0.9848883152008057,0,0,0,0,0,0,0,0,0,0,0,0,0,0
12.236200332641602,2.0,0.052348244935274124,-0.08221258223056793,-0.055677831172943115,0.08247070014476776,-3.420639753341675,0.5960258841514587,-0.07908107340335846,-0.6055141091346741,0.03,1.2295160293579102,-0.11693523824214935,0.31809619069099426,0.02329392358660698,0.10865916311740875,-0.13296298682689667,0.9848713278770447,0,0,0,0,0,0,0,0,0,0,0,0,0,0
12.237271547317505,2.0,0.052348244935274124,-0.08221258223056793,-0.055677831172943115,0.08247070014476776,-3.420639753341675,0.5960258841514587,-0.07908107340335846,-0.6055141091346741,0.03,1.2295160293579102,-0.11693523824214935,0.31809619069099426,0.02329392358660698,0.10865916311740875,-0.13296298682689667,0.9848713278770447,0,0,0,0,0,0,0,0,0,0,0,0,0,0
12.239100694656372,2.0,0.052348244935274124,-0.08221258223056793,-0.055677831172943115,0.08247070014476776,-3.420639753341675,0.5960258841514587,-0.07908107340335846,-0.6055141091346741,0.03,1.2295160293579102,-0.11693523824214935,0.31809619069099426,0.02329392358660698,0.10865916311740875,-0.13296298682689667,0.9848713278770447,0,0,0,0,0,0,0,0,0,0,0,0,0,0
12.241820335388184,2.0,0.052348244935274124,-0.08221258223056793,-0.055677831172943115,0.08247070014476776,-3.420639753341675,0.5960258841514587,-0.07908107340335846,-0.6055141091346741,0.03,1.2295160293579102,-0.11693523824214935,0.31809619069099426,0.02329392358660698,0.10865916311740875,-0.13296298682689667,0.9848713278770447,0,0,0,0,0,0,0,0,0,0,0,0,0,0
12.245782852172852,2.0,0.052348244935274124,-0.08221258223056793,-0.055677831172943115,0.08247070014476776,-3.420639753341675,0.5960258841514587,-0.07908107340335846,-0.6055141091346741,0.03,1.2295160293579102,-0.11693523824214935,0.31809619069099426,0.02329392358660698,0.10865916311740875,-0.13296298682689667,0.9848713278770447,0,0,0,0,0,0,0,0,0,0,0,0,0,0
12.24685001373291,2.0,0.052348244935274124,-0.08221258223056793,-0.055677831172943115,0.08247070014476776,-3.420639753341675,0.5960258841514587,-0.07908107340335846,-0.6055141091346741,0.03,1.2295386791229248,-0.11691321432590485,0.3181653916835785,0.02339332364499569,0.10860612243413925,-0.13137954473495483,0.9850872755050659,0,0,0,0,0,0,0,0,0,0,0,0,0,0
12.24930214881897,2.0,0.06103142350912094,-0.08225707709789276,-0.06497275829315186,0.08248943090438843,-4.266989707946777,0.5937350988388062,0.025841154158115387,-0.5967732071876526,0.03,1.2295386791229248,-0.11691321432590485,0.3181653916835785,0.02339332364499569,0.10860612243413925,-0.13137954473495483,0.9850872755050659,0,0,0,0,0,0,0,0,0,0,0,0,0,0
12.250383615493774,2.0,0.06182698905467987,-0.08223994076251984,-0.06603097915649414,0.08248680830001831,-4.459283351898193,0.6340798139572144,0.11629800498485565,-0.6073541641235352,0.03,1.2295513153076172,-0.11701112985610962,0.3180392384529114,0.023057179525494576,0.10869898647069931,-0.13353116810321808,0.9847955703735352,0,0,0,0,0,0,0,0,0,0,0,0,0,0
12.251582384109497,2.0,0.06317019462585449,-0.08225804567337036,-0.06762784719467163,0.08250756561756134,-4.555490970611572,0.607135534286499,0.17012766003608704,-0.5874990820884705,0.03,1.2295328378677368,-0.11702322959899902,0.31798669695854187,0.02252969890832901,0.1088576689362526,-0.1352173388004303,0.9845601916313171,0,0,0,0,0,0,0,0,0,0,0,0,0,0
12.252660751342773,2.0,0.0642237514257431,-0.08225588500499725,-0.06882017850875854,0.08250832557678223,-4.4687628746032715,0.6151725053787231,0.3570675849914551,-0.6032580733299255,0.03,1.2295066118240356,-0.11693523824214935,0.3180385231971741,0.0220367219299078,0.10908165574073792,-0.13566391170024872,0.9844851493835449,0,0,0,0,0,0,0,0,0,0,0,0,0,0
12.254027128219604,2.0,0.0642237514257431,-0.08225588500499725,-0.06882017850875854,0.08250832557678223,-4.4687628746032715,0.6151725053787231,0.3570675849914551,-0.6032580733299255,0.03,1.2295066118240356,-0.11693523824214935,0.3180385231971741,0.0220367219299078,0.10908165574073792,-0.13566391170024872,0.9844851493835449,0,0,0,0,0,0,0,0,0,0,0,0,0,0
12.255865097045898,2.0,0.0642237514257431,-0.08225588500499725,-0.06882017850875854,0.08250832557678223,-4.4687628746032715,0.6151725053787231,0.3570675849914551,-0.6032580733299255,0.03,1.2295066118240356,-0.11693523824214935,0.3180385231971741,0.0220367219299078,0.10908165574073792,-0.13566391170024872,0.9844851493835449,0,0,0,0,0,0,0,0,0,0,0,0,0,0
12.257016897201538,2.0,0.0642237514257431,-0.08225588500499725,-0.06882017850875854,0.08250832557678223,-4.4687628746032715,0.6151725053787231,0.3570675849914551,-0.6032580733299255,0.03,1.2295066118240356,-0.11693523824214935,0.3180385231971741,0.0220367219299078,0.10908165574073792,-0.13566391170024872,0.9844851493835449,0,0,0,0,0,0,0,0,0,0,0,0,0,0
12.258354187011719,2.0,0.0642237514257431,-0.08225588500499725,-0.06882017850875854,0.08250832557678223,-4.4687628746032715,0.6151725053787231,0.3570675849914551,-0.6032580733299255,0.03,1.2295066118240356,-0.11693523824214935,0.3180385231971741,0.0220367219299078,0.10908165574073792,-0.13566391170024872,0.9844851493835449,0,0,0,0,0,0,0,0,0,0,0,0,0,0
12.259843111038208,2.0,0.0642237514257431,-0.08225588500499725,-0.06882017850875854,0.08250832557678223,-4.4687628746032715,0.6151725053787231,0.3570675849914551,-0.6032580733299255,0.03,1.2295066118240356,-0.11693523824214935,0.3180385231971741,0.0220367219299078,0.10908165574073792,-0.13566391170024872,0.9844851493835449,0,0,0,0,0,0,0,0,0,0,0,0,0,0
12.260972261428833,2.0,0.0642237514257431,-0.08225588500499725,-0.06882017850875854,0.08250832557678223,-4.4687628746032715,0.6151725053787231,0.3570675849914551,-0.6032580733299255,0.03,1.2295066118240356,-0.11693523824214935,0.3180385231971741,0.0220367219299078,0.10908165574073792,-0.13566391170024872,0.9844851493835449,0,0,0,0,0,0,0,0,0,0,0,0,0,0
12.262678861618042,2.0,0.0642237514257431,-0.08225588500499725,-0.06882017850875854,0.08250832557678223,-4.4687628746032715,0.6151725053787231,0.3570675849914551,-0.6032580733299255,0.03,1.2295066118240356,-0.11693523824214935,0.3180385231971741,0.0220367219299078,0.10908165574073792,-0.13566391170024872,0.9844851493835449,0,0,0,0,0,0,0,0,0,0,0,0,0,0
12.263765811920166,2.0,0.0642237514257431,-0.08225588500499725,-0.06882017850875854,0.08250832557678223,-4.4687628746032715,0.6151725053787231,0.3570675849914551,-0.6032580733299255,0.03,1.2295066118240356,-0.11693523824214935,0.3180385231971741,0.0220367219299078,0.10908165574073792,-0.13566391170024872,0.9844851493835449,0,0,0,0,0,0,0,0,0,0,0,0,0,0
12.265483379364014,2.0,0.06553947925567627,-0.08224602043628693,-0.07035863399505615,0.08250734210014343,-4.554120063781738,0.644976019859314,0.49205484986305237,-0.6151058077812195,0.03,1.2295066118240356,-0.11693523824214935,0.3180385231971741,0.0220367219299078,0.10908165574073792,-0.13566391170024872,0.9844851493835449,0,0,0,0,0,0,0,0,0,0,0,0,0,0
12.266618013381958,2.0,0.06763684004545212,-0.0822417140007019,-0.07253637909889221,0.08250731229782104,-5.080850601196289,0.6640236973762512,-0.08548103272914886,-0.6244543790817261,0.03,1.2295066118240356,-0.11693523824214935,0.3180385231971741,0.0220367219299078,0.10908165574073792,-0.13566391170024872,0.9844851493835449,0,0,0,0,0,0,0,0,0,0,0,0,0,0
12.26783013343811,2.0,0.0690111517906189,-0.08225582540035248,-0.07371973991394043,0.0825093537569046,-5.284229755401611,0.6397218704223633,-0.3048536777496338,-0.6307776570320129,0.03,1.2294983863830566,-0.11700448393821716,0.3179406225681305,0.021683450788259506,0.10922769457101822,-0.13650113344192505,0.9843609929084778,0,0,0,0,0,0,0,0,0,0,0,0,0,0
12.26894211769104,2.0,0.0690111517906189,-0.08225582540035248,-0.07371973991394043,0.0825093537569046,-5.284229755401611,0.6397218704223633,-0.3048536777496338,-0.6307776570320129,0.03,1.2294983863830566,-0.11700448393821716,0.3179406225681305,0.021683450788259506,0.10922769457101822,-0.13650113344192505,0.9843609929084778,0,0,0,0,0,0,0,0,0,0,0,0,0,0
12.270006895065308,2.0,0.0690111517906189,-0.08225582540035248,-0.07371973991394043,0.0825093537569046,-5.284229755401611,0.6397218704223633,-0.3048536777496338,-0.6307776570320129,0.03,1.2294983863830566,-0.11700448393821716,0.3179406225681305,0.021683450788259506,0.10922769457101822,-0.13650113344192505,0.9843609929084778,0,0,0,0,0,0,0,0,0,0,0,0,0,0
12.271294116973877,2.0,0.0690111517906189,-0.08225582540035248,-0.07371973991394043,0.0825093537569046,-5.284229755401611,0.6397218704223633,-0.3048536777496338,-0.6307776570320129,0.03,1.2294983863830566,-0.11700448393821716,0.3179406225681305,0.021683450788259506,0.10922769457101822,-0.13650113344192505,0.9843609929084778,0,0,0,0,0,0,0,0,0,0,0,0,0,0
12.272955656051636,2.0,0.0690111517906189,-0.08225582540035248,-0.07371973991394043,0.0825093537569046,-5.284229755401611,0.6397218704223633,-0.3048536777496338,-0.6307776570320129,0.03,1.2294983863830566,-0.11700448393821716,0.3179406225681305,0.021683450788259506,0.10922769457101822,-0.13650113344192505,0.9843609929084778,0,0,0,0,0,0,0,0,0,0,0,0,0,0
12.274915933609009,2.0,0.0690111517906189,-0.08225582540035248,-0.07371973991394043,0.0825093537569046,-5.284229755401611,0.6397218704223633,-0.3048536777496338,-0.6307776570320129,0.03,1.2294983863830566,-0.11700448393821716,0.3179406225681305,0.021683450788259506,0.10922769457101822,-0.13650113344192505,0.9843609929084778,0,0,0,0,0,0,0,0,0,0,0,0,0,0
12.276321172714233,2.0,0.0690111517906189,-0.08225582540035248,-0.07371973991394043,0.0825093537569046,-5.284229755401611,0.6397218704223633,-0.3048536777496338,-0.6307776570320129,0.03,1.2294983863830566,-0.11700448393821716,0.3179406225681305,0.021683450788259506,0.10922769457101822,-0.13650113344192505,0.9843609929084778,0,0,0,0,0,0,0,0,0,0,0,0,0,0
12.27750825881958,2.0,0.0690111517906189,-0.08225582540035248,-0.07371973991394043,0.0825093537569046,-5.284229755401611,0.6397218704223633,-0.3048536777496338,-0.6307776570320129,0.03,1.2294983863830566,-0.11700448393821716,0.3179406225681305,0.021683450788259506,0.10922769457101822,-0.13650113344192505,0.9843609929084778,0,0,0,0,0,0,0,0,0,0,0,0,0,0
12.278730630874634,2.0,0.0690111517906189,-0.08225582540035248,-0.07371973991394043,0.0825093537569046,-5.284229755401611,0.6397218704223633,-0.3048536777496338,-0.6307776570320129,0.03,1.2294983863830566,-0.11700448393821716,0.3179406225681305,0.021683450788259506,0.10922769457101822,-0.13650113344192505,0.9843609929084778,0,0,0,0,0,0,0,0,0,0,0,0,0,0
12.280283689498901,2.0,0.0690111517906189,-0.08225582540035248,-0.07371973991394043,0.0825093537569046,-5.284229755401611,0.6397218704223633,-0.3048536777496338,-0.6307776570320129,0.03,1.2294734716415405,-0.11705697327852249,0.317889541387558,0.021284066140651703,0.10924690961837769,-0.13786964118480682,0.9841768741607666,0,0,0,0,0,0,0,0,0,0,0,0,0,0
12.281388282775879,2.0,0.0690111517906189,-0.08225582540035248,-0.07371973991394043,0.0825093537569046,-5.284229755401611,0.6397218704223633,-0.3048536777496338,-0.6307776570320129,0.03,1.2294678688049316,-0.11706508696079254,0.3179529011249542,0.02083887718617916,0.10930552333593369,-0.1374632716178894,0.9842367172241211,0,0,0,0,0,0,0,0,0,0,0,0,0,0
12.283058643341064,2.0,0.0690111517906189,-0.08225582540035248,-0.07371973991394043,0.0825093537569046,-5.284229755401611,0.6397218704223633,-0.3048536777496338,-0.6307776570320129,0.03,1.2294678688049316,-0.11706508696079254,0.3179529011249542,0.02083887718617916,0.10930552333593369,-0.1374632716178894,0.9842367172241211,0,0,0,0,0,0,0,0,0,0,0,0,0,0
12.28434419631958,2.0,0.0690111517906189,-0.08225582540035248,-0.07371973991394043,0.0825093537569046,-5.284229755401611,0.6397218704223633,-0.3048536777496338,-0.6307776570320129,0.03,1.2294678688049316,-0.11706508696079254,0.3179529011249542,0.02083887718617916,0.10930552333593369,-0.1374632716178894,0.9842367172241211,0,0,0,0,0,0,0,0,0,0,0,0,0,0
12.286052465438843,2.0,0.0690111517906189,-0.08225582540035248,-0.07371973991394043,0.0825093537569046,-5.284229755401611,0.6397218704223633,-0.3048536777496338,-0.6307776570320129,0.03,1.2294678688049316,-0.11706508696079254,0.3179529011249542,0.02083887718617916,0.10930552333593369,-0.1374632716178894,0.9842367172241211,0,0,0,0,0,0,0,0,0,0,0,0,0,0
12.288202285766602,2.0,0.0690111517906189,-0.08225582540035248,-0.07371973991394043,0.0825093537569046,-5.284229755401611,0.6397218704223633,-0.3048536777496338,-0.6307776570320129,0.03,1.2296959161758423,-0.11723286658525467,0.3179784417152405,0.018894731998443604,0.10549049824476242,-0.14266382157802582,0.9839521050453186,0,0,0,0,0,0,0,0,0,0,0,0,0,0
12.289302110671997,2.0,0.0690111517906189,-0.08225582540035248,-0.07371973991394043,0.0825093537569046,-5.284229755401611,0.6397218704223633,-0.3048536777496338,-0.6307776570320129,0.03,1.2296959161758423,-0.11723286658525467,0.3179784417152405,0.018894731998443604,0.10549049824476242,-0.14266382157802582,0.9839521050453186,0,0,0,0,0,0,0,0,0,0,0,0,0,0
12.291820764541626,2.0,0.0690111517906189,-0.08225582540035248,-0.07371973991394043,0.0825093537569046,-5.284229755401611,0.6397218704223633,-0.3048536777496338,-0.6307776570320129,0.03,1.2296959161758423,-0.11723286658525467,0.3179784417152405,0.018894731998443604,0.10549049824476242,-0.14266382157802582,0.9839521050453186,0,0,0,0,0,0,0,0,0,0,0,0,0,0
12.293173789978027,2.0,0.0690111517906189,-0.08225582540035248,-0.07371973991394043,0.0825093537569046,-5.284229755401611,0.6397218704223633,-0.3048536777496338,-0.6307776570320129,0.03,1.2296959161758423,-0.11723286658525467,0.3179784417152405,0.018894731998443604,0.10549049824476242,-0.14266382157802582,0.9839521050453186,0,0,0,0,0,0,0,0,0,0,0,0,0,0
12.294705867767334,2.0,0.0690111517906189,-0.08225582540035248,-0.07371973991394043,0.0825093537569046,-5.284229755401611,0.6397218704223633,-0.3048536777496338,-0.6307776570320129,0.03,1.2296959161758423,-0.11723286658525467,0.3179784417152405,0.018894731998443604,0.10549049824476242,-0.14266382157802582,0.9839521050453186,0,0,0,0,0,0,0,0,0,0,0,0,0,0
12.296002626419067,2.0,0.0690111517906189,-0.08225582540035248,-0.07371973991394043,0.0825093537569046,-5.284229755401611,0.6397218704223633,-0.3048536777496338,-0.6307776570320129,0.03,1.2296959161758423,-0.11723286658525467,0.3179784417152405,0.018894731998443604,0.10549049824476242,-0.14266382157802582,0.9839521050453186,0,0,0,0,0,0,0,0,0,0,0,0,0,0
12.297589540481567,2.0,0.0690111517906189,-0.08225582540035248,-0.07371973991394043,0.0825093537569046,-5.284229755401611,0.6397218704223633,-0.3048536777496338,-0.6307776570320129,0.03,1.2296959161758423,-0.11723286658525467,0.3179784417152405,0.018894731998443604,0.10549049824476242,-0.14266382157802582,0.9839521050453186,0,0,0,0,0,0,0,0,0,0,0,0,0,0
12.29931354522705,2.0,0.0690111517906189,-0.08225582540035248,-0.07371973991394043,0.0825093537569046,-5.284229755401611,0.6397218704223633,-0.3048536777496338,-0.6307776570320129,0.03,1.2296959161758423,-0.11723286658525467,0.3179784417152405,0.018894731998443604,0.10549049824476242,-0.14266382157802582,0.9839521050453186,0,0,0,0,0,0,0,0,0,0,0,0,0,0
12.300432205200195,2.0,0.0690111517906189,-0.08225582540035248,-0.07371973991394043,0.0825093537569046,-5.284229755401611,0.6397218704223633,-0.3048536777496338,-0.6307776570320129,0.03,1.2296959161758423,-0.11723286658525467,0.3179784417152405,0.018894731998443604,0.10549049824476242,-0.14266382157802582,0.9839521050453186,0,0,0,0,0,0,0,0,0,0,0,0,0,0
12.301961421966553,2.0,0.0690111517906189,-0.08225582540035248,-0.07371973991394043,0.0825093537569046,-5.284229755401611,0.6397218704223633,-0.3048536777496338,-0.6307776570320129,0.03,1.2296959161758423,-0.11723286658525467,0.3179784417152405,0.018894731998443604,0.10549049824476242,-0.14266382157802582,0.9839521050453186,0,0,0,0,0,0,0,0,0,0,0,0,0,0
12.30341100692749,2.0,0.0690111517906189,-0.08225582540035248,-0.07371973991394043,0.0825093537569046,-5.284229755401611,0.6397218704223633,-0.3048536777496338,-0.6307776570320129,0.03,1.2296959161758423,-0.11723286658525467,0.3179784417152405,0.018894731998443604,0.10549049824476242,-0.14266382157802582,0.9839521050453186,0,0,0,0,0,0,0,0,0,0,0,0,0,0
12.305333137512207,2.0,0.0690111517906189,-0.08225582540035248,-0.07371973991394043,0.0825093537569046,-5.284229755401611,0.6397218704223633,-0.3048536777496338,-0.6307776570320129,0.03,1.2296959161758423,-0.11723286658525467,0.3179784417152405,0.018894731998443604,0.10549049824476242,-0.14266382157802582,0.9839521050453186,0,0,0,0,0,0,0,0,0,0,0,0,0,0
12.306804895401001,2.0,0.0690111517906189,-0.08225582540035248,-0.07371973991394043,0.0825093537569046,-5.284229755401611,0.6397218704223633,-0.3048536777496338,-0.6307776570320129,0.03,1.2296959161758423,-0.11723286658525467,0.3179784417152405,0.018894731998443604,0.10549049824476242,-0.14266382157802582,0.9839521050453186,0,0,0,0,0,0,0,0,0,0,0,0,0,0
12.308011293411255,2.0,0.0690111517906189,-0.08225582540035248,-0.07371973991394043,0.0825093537569046,-5.284229755401611,0.6397218704223633,-0.3048536777496338,-0.6307776570320129,0.03,1.2296959161758423,-0.11723286658525467,0.3179784417152405,0.018894731998443604,0.10549049824476242,-0.14266382157802582,0.9839521050453186,0,0,0,0,0,0,0,0,0,0,0,0,0,0
12.309690952301025,3.0,0.07084474712610245,-0.08212526142597198,-0.07579797506332397,0.08237782120704651,-4.17529821395874,-2.0790975093841553,1.277467131614685,2.080069065093994,0.03,1.2297565937042236,-0.11712364852428436,0.31811192631721497,0.020888961851596832,0.10235749930143356,-0.12432382255792618,0.9867269992828369,0,0,0,0,0,0,0,0,0,0,0,0,0,0
12.310965299606323,3.0,0.0707409530878067,-0.0801667794585228,-0.07565751671791077,0.08058175444602966,-3.1938939094543457,-3.8414039611816406,1.8690955638885498,4.047418594360352,0.03,1.2299433946609497,-0.11735708266496658,0.3183758854866028,0.01675332710146904,0.0991969034075737,-0.13273923099040985,0.9860323071479797,0,0,0,0,0,0,0,0,0,0,0,0,0,0
12.312532424926758,3.0,0.07051897794008255,-0.07609385251998901,-0.07418712973594666,0.07482343912124634,-1.8060510158538818,-5.684726715087891,1.9446887969970703,3.790529489517212,0.03,1.2299433946609497,-0.11735708266496658,0.3183758854866028,0.01675332710146904,0.0991969034075737,-0.13273923099040985,0.9860323071479797,0,0,0,0,0,0,0,0,0,0,0,0,0,0
12.313810586929321,3.0,0.07051897794008255,-0.07609385251998901,-0.07418712973594666,0.07482343912124634,-1.8060510158538818,-5.684726715087891,1.9446887969970703,3.790529489517212,0.03,1.2299433946609497,-0.11735708266496658,0.3183758854866028,0.01675332710146904,0.0991969034075737,-0.13273923099040985,0.9860323071479797,0,0,0,0,0,0,0,0,0,0,0,0,0,0
12.314919471740723,3.0,0.07051897794008255,-0.07609385251998901,-0.07418712973594666,0.07482343912124634,-1.8060510158538818,-5.684726715087891,1.9446887969970703,3.790529489517212,0.03,1.2299433946609497,-0.11735708266496658,0.3183758854866028,0.01675332710146904,0.0991969034075737,-0.13273923099040985,0.9860323071479797,0,0,0,0,0,0,0,0,0,0,0,0,0,0
12.316295623779297,3.0,0.07051897794008255,-0.07609385251998901,-0.07418712973594666,0.07482343912124634,-1.8060510158538818,-5.684726715087891,1.9446887969970703,3.790529489517212,0.03,1.2299433946609497,-0.11735708266496658,0.3183758854866028,0.01675332710146904,0.0991969034075737,-0.13273923099040985,0.9860323071479797,0,0,0,0,0,0,0,0,0,0,0,0,0,0
12.317627429962158,3.0,0.0689048320055008,-0.059431977570056915,-0.06792423129081726,0.05430960655212402,-0.14062435925006866,-4.1276068687438965,-0.16062456369400024,-0.666012167930603,0.03,1.2299433946609497,-0.11735708266496658,0.3183758854866028,0.01675332710146904,0.0991969034075737,-0.13273923099040985,0.9860323071479797,0,0,0,0,0,0,0,0,0,0,0,0,0,0
12.318880081176758,3.0,0.06805375218391418,-0.05274170637130737,-0.06637603044509888,0.04819142818450928,-0.08160378038883209,-3.390902280807495,-0.32459595799446106,-0.6385898590087891,0.03,1.2299433946609497,-0.11735708266496658,0.3183758854866028,0.01675332710146904,0.0991969034075737,-0.13273923099040985,0.9860323071479797,0,0,0,0,0,0,0,0,0,0,0,0,0,0
12.319955348968506,3.0,0.06747990846633911,-0.04947684705257416,-0.06617861986160278,0.04546630382537842,-0.06656225770711899,-3.6141927242279053,0.18446491658687592,0.18488548696041107,0.03,1.2299433946609497,-0.11735708266496658,0.3183758854866028,0.01675332710146904,0.0991969034075737,-0.13273923099040985,0.9860323071479797,0,0,0,0,0,0,0,0,0,0,0,0,0,0
12.321041822433472,3.0,0.06747990846633911,-0.04947684705257416,-0.06617861986160278,0.04546630382537842,-0.06656225770711899,-3.6141927242279053,0.18446491658687592,0.18488548696041107,0.03,1.2299433946609497,-0.11735708266496658,0.3183758854866028,0.01675332710146904,0.0991969034075737,-0.13273923099040985,0.9860323071479797,0,0,0,0,0,0,0,0,0,0,0,0,0,0
12.322465658187866,3.0,0.06747990846633911,-0.04947684705257416,-0.06617861986160278,0.04546630382537842,-0.06656225770711899,-3.6141927242279053,0.18446491658687592,0.18488548696041107,0.03,1.2299433946609497,-0.11735708266496658,0.3183758854866028,0.01675332710146904,0.0991969034075737,-0.13273923099040985,0.9860323071479797,0,0,0,0,0,0,0,0,0,0,0,0,0,0
12.323642253875732,3.0,0.06747990846633911,-0.04947684705257416,-0.06617861986160278,0.04546630382537842,-0.06656225770711899,-3.6141927242279053,0.18446491658687592,0.18488548696041107,0.03,1.2300366163253784,-0.11753638088703156,0.31880372762680054,0.012253208085894585,0.09683694690465927,-0.16533441841602325,0.9813954830169678,0,0,0,0,0,0,0,0,0,0,0,0,0,0
12.32469916343689,3.0,0.06747990846633911,-0.04947684705257416,-0.06617861986160278,0.04546630382537842,-0.06656225770711899,-3.6141927242279053,0.18446491658687592,0.18488548696041107,0.03,1.2300366163253784,-0.11753638088703156,0.31880372762680054,0.012253208085894585,0.09683694690465927,-0.16533441841602325,0.9813954830169678,0,0,0,0,0,0,0,0,0,0,0,0,0,0
12.325771570205688,3.0,0.06747990846633911,-0.04947684705257416,-0.06617861986160278,0.04546630382537842,-0.06656225770711899,-3.6141927242279053,0.18446491658687592,0.18488548696041107,0.03,1.2300366163253784,-0.11753638088703156,0.31880372762680054,0.012253208085894585,0.09683694690465927,-0.16533441841602325,0.9813954830169678,0,0,0,0,0,0,0,0,0,0,0,0,0,0
12.32699465751648,3.0,0.06747990846633911,-0.04947684705257416,-0.06617861986160278,0.04546630382537842,-0.06656225770711899,-3.6141927242279053,0.18446491658687592,0.18488548696041107,0.03,1.2300366163253784,-0.11753638088703156,0.31880372762680054,0.012253208085894585,0.09683694690465927,-0.16533441841602325,0.9813954830169678,0,0,0,0,0,0,0,0,0,0,0,0,0,0
12.328112840652466,3.0,0.06747990846633911,-0.04947684705257416,-0.06617861986160278,0.04546630382537842,-0.06656225770711899,-3.6141927242279053,0.18446491658687592,0.18488548696041107,0.03,1.2300366163253784,-0.11753638088703156,0.31880372762680054,0.012253208085894585,0.09683694690465927,-0.16533441841602325,0.9813954830169678,0,0,0,0,0,0,0,0,0,0,0,0,0,0
12.329426765441895,3.0,0.06747990846633911,-0.04947684705257416,-0.06617861986160278,0.04546630382537842,-0.06656225770711899,-3.6141927242279053,0.18446491658687592,0.18488548696041107,0.03,1.2300366163253784,-0.11753638088703156,0.31880372762680054,0.012253208085894585,0.09683694690465927,-0.16533441841602325,0.9813954830169678,0,0,0,0,0,0,0,0,0,0,0,0,0,0
12.33078122138977,3.0,0.06747990846633911,-0.04947684705257416,-0.06617861986160278,0.04546630382537842,-0.06656225770711899,-3.6141927242279053,0.18446491658687592,0.18488548696041107,0.03,1.2300366163253784,-0.11753638088703156,0.31880372762680054,0.012253208085894585,0.09683694690465927,-0.16533441841602325,0.9813954830169678,0,0,0,0,0,0,0,0,0,0,0,0,0,0
12.332287311553955,3.0,0.06747990846633911,-0.04947684705257416,-0.06617861986160278,0.04546630382537842,-0.06656225770711899,-3.6141927242279053,0.18446491658687592,0.18488548696041107,0.03,1.2300366163253784,-0.11753638088703156,0.31880372762680054,0.012253208085894585,0.09683694690465927,-0.16533441841602325,0.9813954830169678,0,0,0,0,0,0,0,0,0,0,0,0,0,0
12.334133863449097,3.0,0.06747990846633911,-0.04947684705257416,-0.06617861986160278,0.04546630382537842,-0.06656225770711899,-3.6141927242279053,0.18446491658687592,0.18488548696041107,0.03,1.2300366163253784,-0.11753638088703156,0.31880372762680054,0.012253208085894585,0.09683694690465927,-0.16533441841602325,0.9813954830169678,0,0,0,0,0,0,0,0,0,0,0,0,0,0
12.335564136505127,3.0,0.06747990846633911,-0.04947684705257416,-0.06617861986160278,0.04546630382537842,-0.06656225770711899,-3.6141927242279053,0.18446491658687592,0.18488548696041107,0.03,1.2300366163253784,-0.11753638088703156,0.31880372762680054,0.012253208085894585,0.09683694690465927,-0.16533441841602325,0.9813954830169678,0,0,0,0,0,0,0,0,0,0,0,0,0,0
12.337135314941406,3.0,0.06747990846633911,-0.04947684705257416,-0.06617861986160278,0.04546630382537842,-0.06656225770711899,-3.6141927242279053,0.18446491658687592,0.18488548696041107,0.03,1.2300366163253784,-0.11753638088703156,0.31880372762680054,0.012253208085894585,0.09683694690465927,-0.16533441841602325,0.9813954830169678,0,0,0,0,0,0,0,0,0,0,0,0,0,0
12.33902907371521,3.0,0.06707009673118591,-0.044788673520088196,-0.066120445728302,0.04126286506652832,0.43739861249923706,-4.709261894226074,0.8994576930999756,1.5278569459915161,0.03,1.230065107345581,-0.11740363389253616,0.31900835037231445,0.01035467442125082,0.09420271217823029,-0.16612638533115387,0.9815399646759033,0,0,0,0,0,0,0,0,0,0,0,0,0,0
12.340380191802979,3.0,0.06682942807674408,-0.04179497808218002,-0.06601494550704956,0.0383182168006897,0.5832734107971191,-5.203551292419434,1.146993637084961,1.8033561706542969,0.03,1.230065107345581,-0.11740363389253616,0.31900835037231445,0.01035467442125082,0.09420271217823029,-0.16612638533115387,0.9815399646759033,0,0,0,0,0,0,0,0,0,0,0,0,0,0
12.34178113937378,3.0,0.06646167486906052,-0.038844816386699677,-0.06583213806152344,0.03545272350311279,0.5394394397735596,-5.556424140930176,1.2583411931991577,2.1993255615234375,0.03,1.230065107345581,-0.11740363389253616,0.31900835037231445,0.01035467442125082,0.09420271217823029,-0.16612638533115387,0.9815399646759033,0,0,0,0,0,0,0,0,0,0,0,0,0,0
12.343686580657959,3.0,0.06636123359203339,-0.03766929358243942,-0.06571584939956665,0.03413933515548706,0.5067822933197021,-5.4451398849487305,1.204525351524353,1.831243872642517,0.03,1.230065107345581,-0.11740363389253616,0.31900835037231445,0.01035467442125082,0.09420271217823029,-0.16612638533115387,0.9815399646759033,0,0,0,0,0,0,0,0,0,0,0,0,0,0
12.34493374824524,3.0,0.06636123359203339,-0.03766929358243942,-0.06571584939956665,0.03413933515548706,0.5067822933197021,-5.4451398849487305,1.204525351524353,1.831243872642517,0.03,1.230065107345581,-0.11740363389253616,0.31900835037231445,0.01035467442125082,0.09420271217823029,-0.16612638533115387,0.9815399646759033,0,0,0,0,0,0,0,0,0,0,0,0,0,0
12.346084117889404,3.0,0.06636123359203339,-0.03766929358243942,-0.06571584939956665,0.03413933515548706,0.5067822933197021,-5.4451398849487305,1.204525351524353,1.831243872642517,0.03,1.230065107345581,-0.11740363389253616,0.31900835037231445,0.01035467442125082,0.09420271217823029,-0.16612638533115387,0.9815399646759033,0,0,0,0,0,0,0,0,0,0,0,0,0,0
12.347339868545532,3.0,0.06636123359203339,-0.03766929358243942,-0.06571584939956665,0.03413933515548706,0.5067822933197021,-5.4451398849487305,1.204525351524353,1.831243872642517,0.03,1.230065107345581,-0.11740363389253616,0.31900835037231445,0.01035467442125082,0.09420271217823029,-0.16612638533115387,0.9815399646759033,0,0,0,0,0,0,0,0,0,0,0,0,0,0
12.349333763122559,3.0,0.06636123359203339,-0.03766929358243942,-0.06571584939956665,0.03413933515548706,0.5067822933197021,-5.4451398849487305,1.204525351524353,1.831243872642517,0.03,1.230065107345581,-0.11740363389253616,0.31900835037231445,0.01035467442125082,0.09420271217823029,-0.16612638533115387,0.9815399646759033,0,0,0,0,0,0,0,0,0,0,0,0,0,0
12.350537300109863,3.0,0.06636123359203339,-0.03766929358243942,-0.06571584939956665,0.03413933515548706,0.5067822933197021,-5.4451398849487305,1.204525351524353,1.831243872642517,0.03,1.230065107345581,-0.11740363389253616,0.31900835037231445,0.01035467442125082,0.09420271217823029,-0.16612638533115387,0.9815399646759033,0,0,0,0,0,0,0,0,0,0,0,0,0,0
12.352389335632324,3.0,0.06636123359203339,-0.03766929358243942,-0.06571584939956665,0.03413933515548706,0.5067822933197021,-5.4451398849487305,1.204525351524353,1.831243872642517,0.03,1.230065107345581,-0.11740363389253616,0.31900835037231445,0.01035467442125082,0.09420271217823029,-0.16612638533115387,0.9815399646759033,0,0,0,0,0,0,0,0,0,0,0,0,0,0
12.3534836769104,3.0,0.06636123359203339,-0.03766929358243942,-0.06571584939956665,0.03413933515548706,0.5067822933197021,-5.4451398849487305,1.204525351524353,1.831243872642517,0.03,1.230065107345581,-0.11740363389253616,0.31900835037231445,0.01035467442125082,0.09420271217823029,-0.16612638533115387,0.9815399646759033,0,0,0,0,0,0,0,0,0,0,0,0,0,0
12.35467791557312,3.0,0.06636123359203339,-0.03766929358243942,-0.06571584939956665,0.03413933515548706,0.5067822933197021,-5.4451398849487305,1.204525351524353,1.831243872642517,0.03,1.230065107345581,-0.11740363389253616,0.31900835037231445,0.01035467442125082,0.09420271217823029,-0.16612638533115387,0.9815399646759033,0,0,0,0,0,0,0,0,0,0,0,0,0,0
12.3562331199646,3.0,0.06636123359203339,-0.03766929358243942,-0.06571584939956665,0.03413933515548706,0.5067822933197021,-5.4451398849487305,1.204525351524353,1.831243872642517,0.03,1.230065107345581,-0.11740363389253616,0.31900835037231445,0.01035467442125082,0.09420271217823029,-0.16612638533115387,0.9815399646759033,0,0,0,0,0,0,0,0,0,0,0,0,0,0
12.35802435874939,3.0,0.06636123359203339,-0.03766929358243942,-0.06571584939956665,0.03413933515548706,0.5067822933197021,-5.4451398849487305,1.204525351524353,1.831243872642517,0.03,1.230065107345581,-0.11740363389253616,0.31900835037231445,0.01035467442125082,0.09420271217823029,-0.16612638533115387,0.9815399646759033,0,0,0,0,0,0,0,0,0,0,0,0,0,0
12.360759973526001,3.0,0.06636123359203339,-0.03766929358243942,-0.06571584939956665,0.03413933515548706,0.5067822933197021,-5.4451398849487305,1.204525351524353,1.831243872642517,0.03,1.230065107345581,-0.11740363389253616,0.31900835037231445,0.01035467442125082,0.09420271217823029,-0.16612638533115387,0.9815399646759033,0,0,0,0,0,0,0,0,0,0,0,0,0,0
12.362732410430908,3.0,0.06636123359203339,-0.03766929358243942,-0.06571584939956665,0.03413933515548706,0.5067822933197021,-5.4451398849487305,1.204525351524353,1.831243872642517,0.03,1.230065107345581,-0.11740363389253616,0.31900835037231445,0.01035467442125082,0.09420271217823029,-0.16612638533115387,0.9815399646759033,0,0,0,0,0,0,0,0,0,0,0,0,0,0
12.36520004272461,3.0,0.06636123359203339,-0.03766929358243942,-0.06571584939956665,0.03413933515548706,0.5067822933197021,-5.4451398849487305,1.204525351524353,1.831243872642517,0.03,1.230065107345581,-0.11740363389253616,0.31900835037231445,0.01035467442125082,0.09420271217823029,-0.16612638533115387,0.9815399646759033,0,0,0,0,0,0,0,0,0,0,0,0,0,0
12.366302013397217,3.0,0.06636123359203339,-0.03766929358243942,-0.06571584939956665,0.03413933515548706,0.5067822933197021,-5.4451398849487305,1.204525351524353,1.831243872642517,0.03,1.230065107345581,-0.11740363389253616,0.31900835037231445,0.01035467442125082,0.09420271217823029,-0.16612638533115387,0.9815399646759033,0,0,0,0,0,0,0,0,0,0,0,0,0,0
12.36909818649292,3.0,0.06636123359203339,-0.03766929358243942,-0.06571584939956665,0.03413933515548706,0.5067822933197021,-5.4451398849487305,1.204525351524353,1.831243872642517,0.03,1.230112075805664,-0.11750355362892151,0.3190622925758362,0.015405097045004368,0.09196992963552475,-0.14283831417560577,0.9853433966636658,0,0,0,0,0,0,0,0,0,0,0,0,0,0
12.370162725448608,3.0,0.06636123359203339,-0.03766929358243942,-0.06571584939956665,0.03413933515548706,0.5067822933197021,-5.4451398849487305,1.204525351524353,1.831243872642517,0.03,1.230112075805664,-0.11750355362892151,0.3190622925758362,0.015405097045004368,0.09196992963552475,-0.14283831417560577,0.9853433966636658,0,0,0,0,0,0,0,0,0,0,0,0,0,0
12.371924877166748,3.0,0.06636123359203339,-0.03766929358243942,-0.06571584939956665,0.03413933515548706,0.5067822933197021,-5.4451398849487305,1.204525351524353,1.831243872642517,0.03,1.2301770448684692,-0.11782846599817276,0.31914159655570984,0.01268711406737566,0.08968590945005417,-0.14564763009548187,0.9851813912391663,0,0,0,0,0,0,0,0,0,0,0,0,0,0
12.373045921325684,3.0,0.06636123359203339,-0.03766929358243942,-0.06571584939956665,0.03413933515548706,0.5067822933197021,-5.4451398849487305,1.204525351524353,1.831243872642517,0.03,1.2301770448684692,-0.11782846599817276,0.31914159655570984,0.01268711406737566,0.08968590945005417,-0.14564763009548187,0.9851813912391663,0,0,0,0,0,0,0,0,0,0,0,0,0,0
12.374193668365479,3.0,0.06636123359203339,-0.03766929358243942,-0.06571584939956665,0.03413933515548706,0.5067822933197021,-5.4451398849487305,1.204525351524353,1.831243872642517,0.03,1.2301770448684692,-0.11782846599817276,0.31914159655570984,0.01268711406737566,0.08968590945005417,-0.14564763009548187,0.9851813912391663,0,0,0,0,0,0,0,0,0,0,0,0,0,0
12.375890731811523,3.0,0.06636123359203339,-0.03766929358243942,-0.06571584939956665,0.03413933515548706,0.5067822933197021,-5.4451398849487305,1.204525351524353,1.831243872642517,0.03,1.2301770448684692,-0.11782846599817276,0.31914159655570984,0.01268711406737566,0.08968590945005417,-0.14564763009548187,0.9851813912391663,0,0,0,0,0,0,0,0,0,0,0,0,0,0
12.376956701278687,3.0,0.06636123359203339,-0.03766929358243942,-0.06571584939956665,0.03413933515548706,0.5067822933197021,-5.4451398849487305,1.204525351524353,1.831243872642517,0.03,1.2301770448684692,-0.11782846599817276,0.31914159655570984,0.01268711406737566,0.08968590945005417,-0.14564763009548187,0.9851813912391663,0,0,0,0,0,0,0,0,0,0,0,0,0,0
12.38045072555542,3.0,0.06576472520828247,-0.030878350138664246,-0.06487178802490234,0.026761651039123535,0.6077736616134644,-5.889003276824951,0.9483902454376221,1.763592004776001,0.03,1.2301770448684692,-0.11782846599817276,0.31914159655570984,0.01268711406737566,0.08968590945005417,-0.14564763009548187,0.9851813912391663,0,0,0,0,0,0,0,0,0,0,0,0,0,0
12.38165831565857,3.0,0.06561969965696335,-0.030241042375564575,-0.06478768587112427,0.02617025375366211,0.5337438583374023,-6.138775825500488,0.942621111869812,2.1391823291778564,0.03,1.2301870584487915,-0.11766798794269562,0.3195751905441284,0.0125008849427104,0.08632728457450867,-0.13774004578590393,0.9866200089454651,0,0,0,0,0,0,0,0,0,0,0,0,0,0
12.382953643798828,3.0,0.06517833471298218,-0.0260000079870224,-0.0641622543334961,0.021894752979278564,0.39213892817497253,-6.083043575286865,0.6719340682029724,1.1944310665130615,0.03,1.2301870584487915,-0.11766798794269562,0.3195751905441284,0.0125008849427104,0.08632728457450867,-0.13774004578590393,0.9866200089454651,0,0,0,0,0,0,0,0,0,0,0,0,0,0
12.38407564163208,3.0,0.06474261730909348,-0.021912842988967896,-0.0638434886932373,0.017982959747314453,0.14528308808803558,-5.392091751098633,0.5854544639587402,1.0979686975479126,0.03,1.2301870584487915,-0.11766798794269562,0.3195751905441284,0.0125008849427104,0.08632728457450867,-0.13774004578590393,0.9866200089454651,0,0,0,0,0,0,0,0,0,0,0,0,0,0
12.385964632034302,3.0,0.06444590538740158,-0.019822895526885986,-0.06365513801574707,0.01604783535003662,0.03365132585167885,-5.754725933074951,0.6097660064697266,2.0434353351593018,0.03,1.2301870584487915,-0.11766798794269562,0.3195751905441284,0.0125008849427104,0.08632728457450867,-0.13774004578590393,0.9866200089454651,0,0,0,0,0,0,0,0,0,0,0,0,0,0
12.387451171875,3.0,0.06444590538740158,-0.019822895526885986,-0.06365513801574707,0.01604783535003662,0.03365132585167885,-5.754725933074951,0.6097660064697266,2.0434353351593018,0.03,1.230193853378296,-0.11764143407344818,0.3197113573551178,0.014072400517761707,0.0855705514550209,-0.12937219440937042,0.9877967834472656,0,0,0,0,0,0,0,0,0,0,0,0,0,0
12.390317440032959,3.0,0.06427445262670517,-0.018342070281505585,-0.06357312202453613,0.014689147472381592,-0.09928098320960999,-5.561493396759033,0.5098365545272827,1.9662022590637207,0.03,1.230193853378296,-0.11764143407344818,0.3197113573551178,0.014072400517761707,0.0855705514550209,-0.12937219440937042,0.9877967834472656,0,0,0,0,0,0,0,0,0,0,0,0,0,0
12.391433954238892,3.0,0.06427445262670517,-0.018342070281505585,-0.06357312202453613,0.014689147472381592,-0.09928098320960999,-5.561493396759033,0.5098365545272827,1.9662022590637207,0.03,1.230193853378296,-0.11764143407344818,0.3197113573551178,0.014072400517761707,0.0855705514550209,-0.12937219440937042,0.9877967834472656,0,0,0,0,0,0,0,0,0,0,0,0,0,0
12.393455505371094,3.0,0.06427445262670517,-0.018342070281505585,-0.06357312202453613,0.014689147472381592,-0.09928098320960999,-5.561493396759033,0.5098365545272827,1.9662022590637207,0.03,1.230193853378296,-0.11764143407344818,0.3197113573551178,0.014072400517761707,0.0855705514550209,-0.12937219440937042,0.9877967834472656,0,0,0,0,0,0,0,0,0,0,0,0,0,0
12.394736051559448,3.0,0.06427445262670517,-0.018342070281505585,-0.06357312202453613,0.014689147472381592,-0.09928098320960999,-5.561493396759033,0.5098365545272827,1.9662022590637207,0.03,1.230193853378296,-0.11764143407344818,0.3197113573551178,0.014072400517761707,0.0855705514550209,-0.12937219440937042,0.9877967834472656,0,0,0,0,0,0,0,0,0,0,0,0,0,0
12.396803140640259,3.0,0.06427445262670517,-0.018342070281505585,-0.06357312202453613,0.014689147472381592,-0.09928098320960999,-5.561493396759033,0.5098365545272827,1.9662022590637207,0.03,1.230193853378296,-0.11764143407344818,0.3197113573551178,0.014072400517761707,0.0855705514550209,-0.12937219440937042,0.9877967834472656,0,0,0,0,0,0,0,0,0,0,0,0,0,0
12.398525714874268,3.0,0.06427445262670517,-0.018342070281505585,-0.06357312202453613,0.014689147472381592,-0.09928098320960999,-5.561493396759033,0.5098365545272827,1.9662022590637207,0.03,1.230193853378296,-0.11764143407344818,0.3197113573551178,0.014072400517761707,0.0855705514550209,-0.12937219440937042,0.9877967834472656,0,0,0,0,0,0,0,0,0,0,0,0,0,0
12.400331974029541,3.0,0.06427445262670517,-0.018342070281505585,-0.06357312202453613,0.014689147472381592,-0.09928098320960999,-5.561493396759033,0.5098365545272827,1.9662022590637207,0.03,1.230193853378296,-0.11764143407344818,0.3197113573551178,0.014072400517761707,0.0855705514550209,-0.12937219440937042,0.9877967834472656,0,0,0,0,0,0,0,0,0,0,0,0,0,0
12.401437997817993,3.0,0.06427445262670517,-0.018342070281505585,-0.06357312202453613,0.014689147472381592,-0.09928098320960999,-5.561493396759033,0.5098365545272827,1.9662022590637207,0.03,1.230193853378296,-0.11764143407344818,0.3197113573551178,0.014072400517761707,0.0855705514550209,-0.12937219440937042,0.9877967834472656,0,0,0,0,0,0,0,0,0,0,0,0,0,0
12.402650833129883,3.0,0.06427445262670517,-0.018342070281505585,-0.06357312202453613,0.014689147472381592,-0.09928098320960999,-5.561493396759033,0.5098365545272827,1.9662022590637207,0.03,1.230193853378296,-0.11764143407344818,0.3197113573551178,0.014072400517761707,0.0855705514550209,-0.12937219440937042,0.9877967834472656,0,0,0,0,0,0,0,0,0,0,0,0,0,0
12.40464186668396,3.0,0.06427445262670517,-0.018342070281505585,-0.06357312202453613,0.014689147472381592,-0.09928098320960999,-5.561493396759033,0.5098365545272827,1.9662022590637207,0.03,1.230193853378296,-0.11764143407344818,0.3197113573551178,0.014072400517761707,0.0855705514550209,-0.12937219440937042,0.9877967834472656,0,0,0,0,0,0,0,0,0,0,0,0,0,0
12.405730247497559,3.0,0.06427445262670517,-0.018342070281505585,-0.06357312202453613,0.014689147472381592,-0.09928098320960999,-5.561493396759033,0.5098365545272827,1.9662022590637207,0.03,1.230193853378296,-0.11764143407344818,0.3197113573551178,0.014072400517761707,0.0855705514550209,-0.12937219440937042,0.9877967834472656,0,0,0,0,0,0,0,0,0,0,0,0,0,0
12.407036781311035,3.0,0.06427445262670517,-0.018342070281505585,-0.06357312202453613,0.014689147472381592,-0.09928098320960999,-5.561493396759033,0.5098365545272827,1.9662022590637207,0.03,1.230193853378296,-0.11764143407344818,0.3197113573551178,0.014072400517761707,0.0855705514550209,-0.12937219440937042,0.9877967834472656,0,0,0,0,0,0,0,0,0,0,0,0,0,0
12.408118724822998,3.0,0.06427445262670517,-0.018342070281505585,-0.06357312202453613,0.014689147472381592,-0.09928098320960999,-5.561493396759033,0.5098365545272827,1.9662022590637207,0.03,1.230193853378296,-0.11764143407344818,0.3197113573551178,0.014072400517761707,0.0855705514550209,-0.12937219440937042,0.9877967834472656,0,0,0,0,0,0,0,0,0,0,0,0,0,0
12.40933084487915,3.0,0.06427445262670517,-0.018342070281505585,-0.06357312202453613,0.014689147472381592,-0.09928098320960999,-5.561493396759033,0.5098365545272827,1.9662022590637207,0.03,1.230193853378296,-0.11764143407344818,0.3197113573551178,0.014072400517761707,0.0855705514550209,-0.12937219440937042,0.9877967834472656,0,0,0,0,0,0,0,0,0,0,0,0,0,0
12.410537958145142,3.0,0.06427445262670517,-0.018342070281505585,-0.06357312202453613,0.014689147472381592,-0.09928098320960999,-5.561493396759033,0.5098365545272827,1.9662022590637207,0.03,1.230193853378296,-0.11764143407344818,0.3197113573551178,0.014072400517761707,0.0855705514550209,-0.12937219440937042,0.9877967834472656,0,0,0,0,0,0,0,0,0,0,0,0,0,0
12.411619663238525,3.0,0.06427445262670517,-0.018342070281505585,-0.06357312202453613,0.014689147472381592,-0.09928098320960999,-5.561493396759033,0.5098365545272827,1.9662022590637207,0.03,1.230193853378296,-0.11764143407344818,0.3197113573551178,0.014072400517761707,0.0855705514550209,-0.12937219440937042,0.9877967834472656,0,0,0,0,0,0,0,0,0,0,0,0,0,0
12.41284704208374,3.0,0.06427445262670517,-0.018342070281505585,-0.06357312202453613,0.014689147472381592,-0.09928098320960999,-5.561493396759033,0.5098365545272827,1.9662022590637207,0.03,1.230193853378296,-0.11764143407344818,0.3197113573551178,0.014072400517761707,0.0855705514550209,-0.12937219440937042,0.9877967834472656,0,0,0,0,0,0,0,0,0,0,0,0,0,0
12.414079666137695,3.0,0.06427445262670517,-0.018342070281505585,-0.06357312202453613,0.014689147472381592,-0.09928098320960999,-5.561493396759033,0.5098365545272827,1.9662022590637207,0.03,1.230193853378296,-0.11764143407344818,0.3197113573551178,0.014072400517761707,0.0855705514550209,-0.12937219440937042,0.9877967834472656,0,0,0,0,0,0,0,0,0,0,0,0,0,0
12.415403604507446,3.0,0.06427445262670517,-0.018342070281505585,-0.06357312202453613,0.014689147472381592,-0.09928098320960999,-5.561493396759033,0.5098365545272827,1.9662022590637207,0.03,1.230193853378296,-0.11764143407344818,0.3197113573551178,0.014072400517761707,0.0855705514550209,-0.12937219440937042,0.9877967834472656,0,0,0,0,0,0,0,0,0,0,0,0,0,0
12.417189121246338,3.0,0.06427445262670517,-0.018342070281505585,-0.06357312202453613,0.014689147472381592,-0.09928098320960999,-5.561493396759033,0.5098365545272827,1.9662022590637207,0.03,1.230193853378296,-0.11764143407344818,0.3197113573551178,0.014072400517761707,0.0855705514550209,-0.12937219440937042,0.9877967834472656,0,0,0,0,0,0,0,0,0,0,0,0,0,0
12.418733835220337,3.0,0.06427445262670517,-0.018342070281505585,-0.06357312202453613,0.014689147472381592,-0.09928098320960999,-5.561493396759033,0.5098365545272827,1.9662022590637207,0.03,1.230193853378296,-0.11764143407344818,0.3197113573551178,0.014072400517761707,0.0855705514550209,-0.12937219440937042,0.9877967834472656,0,0,0,0,0,0,0,0,0,0,0,0,0,0
12.420420169830322,3.0,0.06427445262670517,-0.018342070281505585,-0.06357312202453613,0.014689147472381592,-0.09928098320960999,-5.561493396759033,0.5098365545272827,1.9662022590637207,0.03,1.2301762104034424,-0.11770179867744446,0.3196926712989807,0.013870757073163986,0.08521439135074615,-0.1303030550479889,0.9877080917358398,0,0,0,0,0,0,0,0,0,0,0,0,0,0
12.423167705535889,3.0,0.06427445262670517,-0.018342070281505585,-0.06357312202453613,0.014689147472381592,-0.09928098320960999,-5.561493396759033,0.5098365545272827,1.9662022590637207,0.03,1.2301609516143799,-0.11776962876319885,0.31963783502578735,0.013903274200856686,0.08501068502664566,-0.12990111112594604,0.9877781271934509,0,0,0,0,0,0,0,0,0,0,0,0,0,0
12.424761772155762,3.0,0.06427445262670517,-0.018342070281505585,-0.06357312202453613,0.014689147472381592,-0.09928098320960999,-5.561493396759033,0.5098365545272827,1.9662022590637207,0.03,1.2301609516143799,-0.11776962876319885,0.31963783502578735,0.013903274200856686,0.08501068502664566,-0.12990111112594604,0.9877781271934509,0,0,0,0,0,0,0,0,0,0,0,0,0,0
12.425962448120117,3.0,0.06427445262670517,-0.018342070281505585,-0.06357312202453613,0.014689147472381592,-0.09928098320960999,-5.561493396759033,0.5098365545272827,1.9662022590637207,0.03,1.2301609516143799,-0.11776962876319885,0.31963783502578735,0.013903274200856686,0.08501068502664566,-0.12990111112594604,0.9877781271934509,0,0,0,0,0,0,0,0,0,0,0,0,0,0
12.427196741104126,3.0,0.06416000425815582,-0.015509158372879028,-0.06342744827270508,0.011983156204223633,-0.047472454607486725,-5.549432754516602,0.4795338809490204,1.9282376766204834,0.03,1.2301609516143799,-0.11776962876319885,0.31963783502578735,0.013903274200856686,0.08501068502664566,-0.12990111112594604,0.9877781271934509,0,0,0,0,0,0,0,0,0,0,0,0,0,0
12.43031620979309,3.0,0.06385675072669983,-0.011946022510528564,-0.06326502561569214,0.00855177640914917,-0.1843021959066391,-4.777344703674316,0.44734808802604675,1.2206664085388184,0.03,1.2301450967788696,-0.11775070428848267,0.3196980953216553,0.014481381513178349,0.08477825671434402,-0.1252884417772293,0.9883854389190674,0,0,0,0,0,0,0,0,0,0,0,0,0,0
12.432584762573242,3.0,0.06371647864580154,-0.007752418518066406,-0.06318122148513794,0.004706203937530518,-0.2549656927585602,-5.008518218994141,0.4578768014907837,1.8585857152938843,0.03,1.2301450967788696,-0.11775070428848267,0.3196980953216553,0.014481381513178349,0.08477825671434402,-0.1252884417772293,0.9883854389190674,0,0,0,0,0,0,0,0,0,0,0,0,0,0
12.433688640594482,3.0,0.06371647864580154,-0.007752418518066406,-0.06318122148513794,0.004706203937530518,-0.2549656927585602,-5.008518218994141,0.4578768014907837,1.8585857152938843,0.03,1.2301450967788696,-0.11775070428848267,0.3196980953216553,0.014481381513178349,0.08477825671434402,-0.1252884417772293,0.9883854389190674,0,0,0,0,0,0,0,0,0,0,0,0,0,0
12.4360032081604,3.0,0.06371647864580154,-0.007752418518066406,-0.06318122148513794,0.004706203937530518,-0.2549656927585602,-5.008518218994141,0.4578768014907837,1.8585857152938843,0.03,1.2301450967788696,-0.11775070428848267,0.3196980953216553,0.014481381513178349,0.08477825671434402,-0.1252884417772293,0.9883854389190674,0,0,0,0,0,0,0,0,0,0,0,0,0,0
12.437137126922607,3.0,0.06371647864580154,-0.007752418518066406,-0.06318122148513794,0.004706203937530518,-0.2549656927585602,-5.008518218994141,0.4578768014907837,1.8585857152938843,0.03,1.2301450967788696,-0.11775070428848267,0.3196980953216553,0.014481381513178349,0.08477825671434402,-0.1252884417772293,0.9883854389190674,0,0,0,0,0,0,0,0,0,0,0,0,0,0
12.438869714736938,3.0,0.06371647864580154,-0.007752418518066406,-0.06318122148513794,0.004706203937530518,-0.2549656927585602,-5.008518218994141,0.4578768014907837,1.8585857152938843,0.03,1.2301450967788696,-0.11775070428848267,0.3196980953216553,0.014481381513178349,0.08477825671434402,-0.1252884417772293,0.9883854389190674,0,0,0,0,0,0,0,0,0,0,0,0,0,0
12.439931392669678,3.0,0.06371647864580154,-0.007752418518066406,-0.06318122148513794,0.004706203937530518,-0.2549656927585602,-5.008518218994141,0.4578768014907837,1.8585857152938843,0.03,1.2301450967788696,-0.11775070428848267,0.3196980953216553,0.014481381513178349,0.08477825671434402,-0.1252884417772293,0.9883854389190674,0,0,0,0,0,0,0,0,0,0,0,0,0,0
12.442907333374023,3.0,0.0635412260890007,0.010508522391319275,-0.0633428692817688,-0.014400124549865723,-0.7687180042266846,-6.8320631980896,0.17317362129688263,2.380692481994629,0.03,1.2300877571105957,-0.11784108728170395,0.3197936713695526,0.017429467290639877,0.08427945524454117,-0.10928163677453995,0.9902781248092651,0,0,0,0,0,0,0,0,0,0,0,0,0,0
12.444089651107788,3.0,0.0635412260890007,0.010508522391319275,-0.0633428692817688,-0.014400124549865723,-0.7687180042266846,-6.8320631980896,0.17317362129688263,2.380692481994629,0.03,1.2300877571105957,-0.11784108728170395,0.3197936713695526,0.017429467290639877,0.08427945524454117,-0.10928163677453995,0.9902781248092651,0,0,0,0,0,0,0,0,0,0,0,0,0,0
12.445172309875488,3.0,0.0635412260890007,0.010508522391319275,-0.0633428692817688,-0.014400124549865723,-0.7687180042266846,-6.8320631980896,0.17317362129688263,2.380692481994629,0.03,1.2300877571105957,-0.11784108728170395,0.3197936713695526,0.017429467290639877,0.08427945524454117,-0.10928163677453995,0.9902781248092651,0,0,0,0,0,0,0,0,0,0,0,0,0,0
12.446260690689087,3.0,0.0635412260890007,0.010508522391319275,-0.0633428692817688,-0.014400124549865723,-0.7687180042266846,-6.8320631980896,0.17317362129688263,2.380692481994629,0.03,1.2300877571105957,-0.11784108728170395,0.3197936713695526,0.017429467290639877,0.08427945524454117,-0.10928163677453995,0.9902781248092651,0,0,0,0,0,0,0,0,0,0,0,0,0,0
12.448519229888916,3.0,0.0635412260890007,0.010508522391319275,-0.0633428692817688,-0.014400124549865723,-0.7687180042266846,-6.8320631980896,0.17317362129688263,2.380692481994629,0.03,1.2300877571105957,-0.11784108728170395,0.3197936713695526,0.017429467290639877,0.08427945524454117,-0.10928163677453995,0.9902781248092651,0,0,0,0,0,0,0,0,0,0,0,0,0,0
12.450432062149048,3.0,0.0635412260890007,0.010508522391319275,-0.0633428692817688,-0.014400124549865723,-0.7687180042266846,-6.8320631980896,0.17317362129688263,2.380692481994629,0.03,1.2300877571105957,-0.11784108728170395,0.3197936713695526,0.017429467290639877,0.08427945524454117,-0.10928163677453995,0.9902781248092651,0,0,0,0,0,0,0,0,0,0,0,0,0,0
12.454696416854858,3.0,0.0635412260890007,0.010508522391319275,-0.0633428692817688,-0.014400124549865723,-0.7687180042266846,-6.8320631980896,0.17317362129688263,2.380692481994629,0.03,1.2300406694412231,-0.11839726567268372,0.3199673891067505,0.020960912108421326,0.08214441686868668,-0.10231538116931915,0.991132915019989,0,0,0,0,0,0,0,0,0,0,0,0,0,0
12.455910205841064,3.0,0.0635412260890007,0.010508522391319275,-0.0633428692817688,-0.014400124549865723,-0.7687180042266846,-6.8320631980896,0.17317362129688263,2.380692481994629,0.03,1.2299245595932007,-0.11838140338659286,0.3204355239868164,0.015427441336214542,0.07815781235694885,-0.11894936114549637,0.989699125289917,0,0,0,0,0,0,0,0,0,0,0,0,0,0
12.457139492034912,3.0,0.0635412260890007,0.010508522391319275,-0.0633428692817688,-0.014400124549865723,-0.7687180042266846,-6.8320631980896,0.17317362129688263,2.380692481994629,0.03,1.2299245595932007,-0.11838140338659286,0.3204355239868164,0.015427441336214542,0.07815781235694885,-0.11894936114549637,0.989699125289917,0,0,0,0,0,0,0,0,0,0,0,0,0,0
12.458470582962036,3.0,0.0635412260890007,0.010508522391319275,-0.0633428692817688,-0.014400124549865723,-0.7687180042266846,-6.8320631980896,0.17317362129688263,2.380692481994629,0.03,1.2299245595932007,-0.11838140338659286,0.3204355239868164,0.015427441336214542,0.07815781235694885,-0.11894936114549637,0.989699125289917,0,0,0,0,0,0,0,0,0,0,0,0,0,0
12.459628343582153,3.0,0.0635412260890007,0.010508522391319275,-0.0633428692817688,-0.014400124549865723,-0.7687180042266846,-6.8320631980896,0.17317362129688263,2.380692481994629,0.03,1.2299245595932007,-0.11838140338659286,0.3204355239868164,0.015427441336214542,0.07815781235694885,-0.11894936114549637,0.989699125289917,0,0,0,0,0,0,0,0,0,0,0,0,0,0
12.46082854270935,3.0,0.0635412260890007,0.010508522391319275,-0.0633428692817688,-0.014400124549865723,-0.7687180042266846,-6.8320631980896,0.17317362129688263,2.380692481994629,0.03,1.2299245595932007,-0.11838140338659286,0.3204355239868164,0.015427441336214542,0.07815781235694885,-0.11894936114549637,0.989699125289917,0,0,0,0,0,0,0,0,0,0,0,0,0,0
12.462212562561035,3.0,0.0635412260890007,0.010508522391319275,-0.0633428692817688,-0.014400124549865723,-0.7687180042266846,-6.8320631980896,0.17317362129688263,2.380692481994629,0.03,1.2299245595932007,-0.11838140338659286,0.3204355239868164,0.015427441336214542,0.07815781235694885,-0.11894936114549637,0.989699125289917,0,0,0,0,0,0,0,0,0,0,0,0,0,0
12.46379804611206,3.0,0.0635412260890007,0.010508522391319275,-0.0633428692817688,-0.014400124549865723,-0.7687180042266846,-6.8320631980896,0.17317362129688263,2.380692481994629,0.03,1.2299245595932007,-0.11838140338659286,0.3204355239868164,0.015427441336214542,0.07815781235694885,-0.11894936114549637,0.989699125289917,0,0,0,0,0,0,0,0,0,0,0,0,0,0
12.464903116226196,3.0,0.0635412260890007,0.010508522391319275,-0.0633428692817688,-0.014400124549865723,-0.7687180042266846,-6.8320631980896,0.17317362129688263,2.380692481994629,0.03,1.2299245595932007,-0.11838140338659286,0.3204355239868164,0.015427441336214542,0.07815781235694885,-0.11894936114549637,0.989699125289917,0,0,0,0,0,0,0,0,0,0,0,0,0,0
12.466175317764282,3.0,0.0635412260890007,0.010508522391319275,-0.0633428692817688,-0.014400124549865723,-0.7687180042266846,-6.8320631980896,0.17317362129688263,2.380692481994629,0.03,1.2299245595932007,-0.11838140338659286,0.3204355239868164,0.015427441336214542,0.07815781235694885,-0.11894936114549637,0.989699125289917,0,0,0,0,0,0,0,0,0,0,0,0,0,0
12.467381477355957,3.0,0.0635412260890007,0.010508522391319275,-0.0633428692817688,-0.014400124549865723,-0.7687180042266846,-6.8320631980896,0.17317362129688263,2.380692481994629,0.03,1.2299245595932007,-0.11838140338659286,0.3204355239868164,0.015427441336214542,0.07815781235694885,-0.11894936114549637,0.989699125289917,0,0,0,0,0,0,0,0,0,0,0,0,0,0
12.46912670135498,3.0,0.0635412260890007,0.010508522391319275,-0.0633428692817688,-0.014400124549865723,-0.7687180042266846,-6.8320631980896,0.17317362129688263,2.380692481994629,0.03,1.2299245595932007,-0.11838140338659286,0.3204355239868164,0.015427441336214542,0.07815781235694885,-0.11894936114549637,0.989699125289917,0,0,0,0,0,0,0,0,0,0,0,0,0,0
12.470767259597778,3.0,0.0635412260890007,0.010508522391319275,-0.0633428692817688,-0.014400124549865723,-0.7687180042266846,-6.8320631980896,0.17317362129688263,2.380692481994629,0.03,1.2299050092697144,-0.11829069256782532,0.3209628760814667,0.013279641047120094,0.07367264479398727,-0.105438731610775,0.9916040897369385,0,0,0,0,0,0,0,0,0,0,0,0,0,0
12.472043991088867,3.0,0.0635412260890007,0.010508522391319275,-0.0633428692817688,-0.014400124549865723,-0.7687180042266846,-6.8320631980896,0.17317362129688263,2.380692481994629,0.03,1.2297215461730957,-0.11841674894094467,0.32143718004226685,0.015994034707546234,0.0702679306268692,-0.10270556062459946,0.9920979142189026,0,0,0,0,0,0,0,0,0,0,0,0,0,0
12.473920345306396,3.0,0.0635412260890007,0.010508522391319275,-0.0633428692817688,-0.014400124549865723,-0.7687180042266846,-6.8320631980896,0.17317362129688263,2.380692481994629,0.03,1.2297215461730957,-0.11841674894094467,0.32143718004226685,0.015994034707546234,0.0702679306268692,-0.10270556062459946,0.9920979142189026,0,0,0,0,0,0,0,0,0,0,0,0,0,0
12.475324630737305,3.0,0.0635412260890007,0.010508522391319275,-0.0633428692817688,-0.014400124549865723,-0.7687180042266846,-6.8320631980896,0.17317362129688263,2.380692481994629,0.03,1.2297215461730957,-0.11841674894094467,0.32143718004226685,0.015994034707546234,0.0702679306268692,-0.10270556062459946,0.9920979142189026,0,0,0,0,0,0,0,0,0,0,0,0,0,0
12.476907730102539,3.0,0.0635412260890007,0.010508522391319275,-0.0633428692817688,-0.014400124549865723,-0.7687180042266846,-6.8320631980896,0.17317362129688263,2.380692481994629,0.03,1.2297215461730957,-0.11841674894094467,0.32143718004226685,0.015994034707546234,0.0702679306268692,-0.10270556062459946,0.9920979142189026,0,0,0,0,0,0,0,0,0,0,0,0,0,0
12.478159427642822,3.0,0.0635412260890007,0.010508522391319275,-0.0633428692817688,-0.014400124549865723,-0.7687180042266846,-6.8320631980896,0.17317362129688263,2.380692481994629,0.03,1.2297215461730957,-0.11841674894094467,0.32143718004226685,0.015994034707546234,0.0702679306268692,-0.10270556062459946,0.9920979142189026,0,0,0,0,0,0,0,0,0,0,0,0,0,0
12.479302167892456,3.0,0.0635412260890007,0.010508522391319275,-0.0633428692817688,-0.014400124549865723,-0.7687180042266846,-6.8320631980896,0.17317362129688263,2.380692481994629,0.03,1.2297215461730957,-0.11841674894094467,0.32143718004226685,0.015994034707546234,0.0702679306268692,-0.10270556062459946,0.9920979142189026,0,0,0,0,0,0,0,0,0,0,0,0,0,0
12.480587005615234,3.0,0.0635412260890007,0.010508522391319275,-0.0633428692817688,-0.014400124549865723,-0.7687180042266846,-6.8320631980896,0.17317362129688263,2.380692481994629,0.03,1.2297215461730957,-0.11841674894094467,0.32143718004226685,0.015994034707546234,0.0702679306268692,-0.10270556062459946,0.9920979142189026,0,0,0,0,0,0,0,0,0,0,0,0,0,0
12.482428550720215,3.0,0.0635412260890007,0.010508522391319275,-0.0633428692817688,-0.014400124549865723,-0.7687180042266846,-6.8320631980896,0.17317362129688263,2.380692481994629,0.03,1.2297215461730957,-0.11841674894094467,0.32143718004226685,0.015994034707546234,0.0702679306268692,-0.10270556062459946,0.9920979142189026,0,0,0,0,0,0,0,0,0,0,0,0,0,0
12.483583688735962,3.0,0.0635412260890007,0.010508522391319275,-0.0633428692817688,-0.014400124549865723,-0.7687180042266846,-6.8320631980896,0.17317362129688263,2.380692481994629,0.03,1.2297215461730957,-0.11841674894094467,0.32143718004226685,0.015994034707546234,0.0702679306268692,-0.10270556062459946,0.9920979142189026,0,0,0,0,0,0,0,0,0,0,0,0,0,0
12.484742403030396,3.0,0.0635412260890007,0.010508522391319275,-0.0633428692817688,-0.014400124549865723,-0.7687180042266846,-6.8320631980896,0.17317362129688263,2.380692481994629,0.03,1.2297215461730957,-0.11841674894094467,0.32143718004226685,0.015994034707546234,0.0702679306268692,-0.10270556062459946,0.9920979142189026,0,0,0,0,0,0,0,0,0,0,0,0,0,0
12.48589301109314,3.0,0.0635412260890007,0.010508522391319275,-0.0633428692817688,-0.014400124549865723,-0.7687180042266846,-6.8320631980896,0.17317362129688263,2.380692481994629,0.03,1.2297215461730957,-0.11841674894094467,0.32143718004226685,0.015994034707546234,0.0702679306268692,-0.10270556062459946,0.9920979142189026,0,0,0,0,0,0,0,0,0,0,0,0,0,0
12.48706316947937,3.0,0.0635412260890007,0.010508522391319275,-0.0633428692817688,-0.014400124549865723,-0.7687180042266846,-6.8320631980896,0.17317362129688263,2.380692481994629,0.03,1.2297215461730957,-0.11841674894094467,0.32143718004226685,0.015994034707546234,0.0702679306268692,-0.10270556062459946,0.9920979142189026,0,0,0,0,0,0,0,0,0,0,0,0,0,0
12.489122152328491,3.0,0.0635412260890007,0.010508522391319275,-0.0633428692817688,-0.014400124549865723,-0.7687180042266846,-6.8320631980896,0.17317362129688263,2.380692481994629,0.03,1.2297215461730957,-0.11841674894094467,0.32143718004226685,0.015994034707546234,0.0702679306268692,-0.10270556062459946,0.9920979142189026,0,0,0,0,0,0,0,0,0,0,0,0,0,0
12.490301370620728,3.0,0.0635412260890007,0.010508522391319275,-0.0633428692817688,-0.014400124549865723,-0.7687180042266846,-6.8320631980896,0.17317362129688263,2.380692481994629,0.03,1.2297215461730957,-0.11841674894094467,0.32143718004226685,0.015994034707546234,0.0702679306268692,-0.10270556062459946,0.9920979142189026,0,0,0,0,0,0,0,0,0,0,0,0,0,0
12.491727828979492,3.0,0.0635412260890007,0.010508522391319275,-0.0633428692817688,-0.014400124549865723,-0.7687180042266846,-6.8320631980896,0.17317362129688263,2.380692481994629,0.03,1.2297215461730957,-0.11841674894094467,0.32143718004226685,0.015994034707546234,0.0702679306268692,-0.10270556062459946,0.9920979142189026,0,0,0,0,0,0,0,0,0,0,0,0,0,0
12.492822408676147,3.0,0.0635412260890007,0.010508522391319275,-0.0633428692817688,-0.014400124549865723,-0.7687180042266846,-6.8320631980896,0.17317362129688263,2.380692481994629,0.03,1.2297215461730957,-0.11841674894094467,0.32143718004226685,0.015994034707546234,0.0702679306268692,-0.10270556062459946,0.9920979142189026,0,0,0,0,0,0,0,0,0,0,0,0,0,0
12.494004487991333,3.0,0.0635412260890007,0.010508522391319275,-0.0633428692817688,-0.014400124549865723,-0.7687180042266846,-6.8320631980896,0.17317362129688263,2.380692481994629,0.03,1.2297215461730957,-0.11841674894094467,0.32143718004226685,0.015994034707546234,0.0702679306268692,-0.10270556062459946,0.9920979142189026,0,0,0,0,0,0,0,0,0,0,0,0,0,0
12.495082378387451,3.0,0.0635412260890007,0.010508522391319275,-0.0633428692817688,-0.014400124549865723,-0.7687180042266846,-6.8320631980896,0.17317362129688263,2.380692481994629,0.03,1.2297215461730957,-0.11841674894094467,0.32143718004226685,0.015994034707546234,0.0702679306268692,-0.10270556062459946,0.9920979142189026,0,0,0,0,0,0,0,0,0,0,0,0,0,0
12.496501207351685,3.0,0.0635412260890007,0.010508522391319275,-0.0633428692817688,-0.014400124549865723,-0.7687180042266846,-6.8320631980896,0.17317362129688263,2.380692481994629,0.03,1.2297215461730957,-0.11841674894094467,0.32143718004226685,0.015994034707546234,0.0702679306268692,-0.10270556062459946,0.9920979142189026,0,0,0,0,0,0,0,0,0,0,0,0,0,0
12.497590065002441,3.0,0.0635412260890007,0.010508522391319275,-0.0633428692817688,-0.014400124549865723,-0.7687180042266846,-6.8320631980896,0.17317362129688263,2.380692481994629,0.03,1.2297215461730957,-0.11841674894094467,0.32143718004226685,0.015994034707546234,0.0702679306268692,-0.10270556062459946,0.9920979142189026,0,0,0,0,0,0,0,0,0,0,0,0,0,0
12.4986572265625,3.0,0.0635412260890007,0.010508522391319275,-0.0633428692817688,-0.014400124549865723,-0.7687180042266846,-6.8320631980896,0.17317362129688263,2.380692481994629,0.03,1.2297215461730957,-0.11841674894094467,0.32143718004226685,0.015994034707546234,0.0702679306268692,-0.10270556062459946,0.9920979142189026,0,0,0,0,0,0,0,0,0,0,0,0,0,0
12.499871969223022,3.0,0.0635412260890007,0.010508522391319275,-0.0633428692817688,-0.014400124549865723,-0.7687180042266846,-6.8320631980896,0.17317362129688263,2.380692481994629,0.03,1.2297215461730957,-0.11841674894094467,0.32143718004226685,0.015994034707546234,0.0702679306268692,-0.10270556062459946,0.9920979142189026,0,0,0,0,0,0,0,0,0,0,0,0,0,0
12.501226663589478,3.0,0.0636882334947586,0.021643802523612976,-0.06375569105148315,-0.027456462383270264,-1.7897371053695679,-10.146214485168457,-0.5505766868591309,4.0890045166015625,0.03,1.2293781042099,-0.11827541142702103,0.321988046169281,0.009804426692426205,0.06349735707044601,-0.11720980703830719,0.9910266399383545,0,0,0,0,0,0,0,0,0,0,0,0,0,0
12.502981901168823,3.0,0.06379920244216919,0.025587573647499084,-0.06412005424499512,-0.032252371311187744,-2.0948832035064697,-10.514669418334961,-0.6177660822868347,3.28804349899292,0.03,1.2293781042099,-0.11827541142702103,0.321988046169281,0.009804426692426205,0.06349735707044601,-0.11720980703830719,0.9910266399383545,0,0,0,0,0,0,0,0,0,0,0,0,0,0
12.504298448562622,3.0,0.06409759074449539,0.036600083112716675,-0.06533265113830566,-0.044108808040618896,-3.494906187057495,-11.668970108032227,-1.1710587739944458,4.129409313201904,0.03,1.2293781042099,-0.11827541142702103,0.321988046169281,0.009804426692426205,0.06349735707044601,-0.11720980703830719,0.9910266399383545,0,0,0,0,0,0,0,0,0,0,0,0,0,0
12.505738258361816,3.0,0.06440521776676178,0.04293912649154663,-0.06629294157028198,-0.04996299743652344,-4.378408908843994,-11.975934982299805,-1.4763777256011963,4.900372505187988,0.03,1.2293781042099,-0.11827541142702103,0.321988046169281,0.009804426692426205,0.06349735707044601,-0.11720980703830719,0.9910266399383545,0,0,0,0,0,0,0,0,0,0,0,0,0,0
12.506871223449707,3.0,0.06440521776676178,0.04293912649154663,-0.06629294157028198,-0.04996299743652344,-4.378408908843994,-11.975934982299805,-1.4763777256011963,4.900372505187988,0.03,1.2293781042099,-0.11827541142702103,0.321988046169281,0.009804426692426205,0.06349735707044601,-0.11720980703830719,0.9910266399383545,0,0,0,0,0,0,0,0,0,0,0,0,0,0
12.507965326309204,3.0,0.06440521776676178,0.04293912649154663,-0.06629294157028198,-0.04996299743652344,-4.378408908843994,-11.975934982299805,-1.4763777256011963,4.900372505187988,0.03,1.2293781042099,-0.11827541142702103,0.321988046169281,0.009804426692426205,0.06349735707044601,-0.11720980703830719,0.9910266399383545,0,0,0,0,0,0,0,0,0,0,0,0,0,0
12.509269714355469,3.0,0.06440521776676178,0.04293912649154663,-0.06629294157028198,-0.04996299743652344,-4.378408908843994,-11.975934982299805,-1.4763777256011963,4.900372505187988,0.03,1.2293781042099,-0.11827541142702103,0.321988046169281,0.009804426692426205,0.06349735707044601,-0.11720980703830719,0.9910266399383545,0,0,0,0,0,0,0,0,0,0,0,0,0,0
12.510833740234375,3.0,0.06440521776676178,0.04293912649154663,-0.06629294157028198,-0.04996299743652344,-4.378408908843994,-11.975934982299805,-1.4763777256011963,4.900372505187988,0.03,1.2293781042099,-0.11827541142702103,0.321988046169281,0.009804426692426205,0.06349735707044601,-0.11720980703830719,0.9910266399383545,0,0,0,0,0,0,0,0,0,0,0,0,0,0
12.513094186782837,3.0,0.06440521776676178,0.04293912649154663,-0.06629294157028198,-0.04996299743652344,-4.378408908843994,-11.975934982299805,-1.4763777256011963,4.900372505187988,0.03,1.2291083335876465,-0.11830894649028778,0.3224025070667267,0.005936449859291315,0.059829238802194595,-0.12585139274597168,0.9902255535125732,0,0,0,0,0,0,0,0,0,0,0,0,0,0
12.5148766040802,3.0,0.06440521776676178,0.04293912649154663,-0.06629294157028198,-0.04996299743652344,-4.378408908843994,-11.975934982299805,-1.4763777256011963,4.900372505187988,0.03,1.2291083335876465,-0.11830894649028778,0.3224025070667267,0.005936449859291315,0.059829238802194595,-0.12585139274597168,0.9902255535125732,0,0,0,0,0,0,0,0,0,0,0,0,0,0
12.516246557235718,3.0,0.06440521776676178,0.04293912649154663,-0.06629294157028198,-0.04996299743652344,-4.378408908843994,-11.975934982299805,-1.4763777256011963,4.900372505187988,0.03,1.2291083335876465,-0.11830894649028778,0.3224025070667267,0.005936449859291315,0.059829238802194595,-0.12585139274597168,0.9902255535125732,0,0,0,0,0,0,0,0,0,0,0,0,0,0
12.5175621509552,3.0,0.06539182364940643,0.0523955374956131,-0.06815522909164429,-0.05850416421890259,-5.945384979248047,-14.254578590393066,-2.296220541000366,7.632506847381592,0.03,1.2288678884506226,-0.11833930015563965,0.32295963168144226,0.0025937017053365707,0.058438271284103394,-0.14595524966716766,0.9875603318214417,0,0,0,0,0,0,0,0,0,0,0,0,0,0
12.519529342651367,3.0,0.06587579101324081,0.05585840344429016,-0.06879881024360657,-0.061627089977264404,-6.391902923583984,-14.267443656921387,-2.639983654022217,7.876659870147705,0.03,1.2288678884506226,-0.11833930015563965,0.32295963168144226,0.0025937017053365707,0.058438271284103394,-0.14595524966716766,0.9875603318214417,0,0,0,0,0,0,0,0,0,0,0,0,0,0
12.521320104598999,3.0,0.06709010899066925,0.06143443286418915,-0.07015761733055115,-0.06724107265472412,-7.4266676902771,-15.71445369720459,-3.507453203201294,9.180285453796387,0.03,1.2288678884506226,-0.11833930015563965,0.32295963168144226,0.0025937017053365707,0.058438271284103394,-0.14595524966716766,0.9875603318214417,0,0,0,0,0,0,0,0,0,0,0,0,0,0
12.52411150932312,3.0,0.06734977662563324,0.062482044100761414,-0.07052972912788391,-0.0681610107421875,-7.795498847961426,-16.638994216918945,-3.7100679874420166,10.269013404846191,0.03,1.2285728454589844,-0.11836400628089905,0.3232804834842682,0.0038372862618416548,0.056975964456796646,-0.1370493769645691,0.9889168739318848,0,0,0,0,0,0,0,0,0,0,0,0,0,0
12.525218725204468,3.0,0.06734977662563324,0.062482044100761414,-0.07052972912788391,-0.0681610107421875,-7.795498847961426,-16.638994216918945,-3.7100679874420166,10.269013404846191,0.03,1.227785348892212,-0.11834357678890228,0.3238731622695923,-0.0006281987298280001,0.052064280956983566,-0.15129074454307556,0.9871170520782471,0,0,0,0,0,0,0,0,0,0,0,0,0,0
12.526614665985107,3.0,0.06734977662563324,0.062482044100761414,-0.07052972912788391,-0.0681610107421875,-7.795498847961426,-16.638994216918945,-3.7100679874420166,10.269013404846191,0.03,1.227785348892212,-0.11834357678890228,0.3238731622695923,-0.0006281987298280001,0.052064280956983566,-0.15129074454307556,0.9871170520782471,0,0,0,0,0,0,0,0,0,0,0,0,0,0
12.528034687042236,3.0,0.06734977662563324,0.062482044100761414,-0.07052972912788391,-0.0681610107421875,-7.795498847961426,-16.638994216918945,-3.7100679874420166,10.269013404846191,0.03,1.227785348892212,-0.11834357678890228,0.3238731622695923,-0.0006281987298280001,0.052064280956983566,-0.15129074454307556,0.9871170520782471,0,0,0,0,0,0,0,0,0,0,0,0,0,0
12.530394315719604,3.0,0.06734977662563324,0.062482044100761414,-0.07052972912788391,-0.0681610107421875,-7.795498847961426,-16.638994216918945,-3.7100679874420166,10.269013404846191,0.03,1.227785348892212,-0.11834357678890228,0.3238731622695923,-0.0006281987298280001,0.052064280956983566,-0.15129074454307556,0.9871170520782471,0,0,0,0,0,0,0,0,0,0,0,0,0,0
12.532545328140259,3.0,0.06734977662563324,0.062482044100761414,-0.07052972912788391,-0.0681610107421875,-7.795498847961426,-16.638994216918945,-3.7100679874420166,10.269013404846191,0.03,1.227785348892212,-0.11834357678890228,0.3238731622695923,-0.0006281987298280001,0.052064280956983566,-0.15129074454307556,0.9871170520782471,0,0,0,0,0,0,0,0,0,0,0,0,0,0
12.533654689788818,3.0,0.06734977662563324,0.062482044100761414,-0.07052972912788391,-0.0681610107421875,-7.795498847961426,-16.638994216918945,-3.7100679874420166,10.269013404846191,0.03,1.227785348892212,-0.11834357678890228,0.3238731622695923,-0.0006281987298280001,0.052064280956983566,-0.15129074454307556,0.9871170520782471,0,0,0,0,0,0,0,0,0,0,0,0,0,0
12.534755945205688,3.0,0.06734977662563324,0.062482044100761414,-0.07052972912788391,-0.0681610107421875,-7.795498847961426,-16.638994216918945,-3.7100679874420166,10.269013404846191,0.03,1.2274633646011353,-0.11834123730659485,0.3244131803512573,-0.001222240156494081,0.05036337301135063,-0.15552368760108948,0.9865467548370361,0,0,0,0,0,0,0,0,0,0,0,0,0,0
12.536068439483643,3.0,0.06734977662563324,0.062482044100761414,-0.07052972912788391,-0.0681610107421875,-7.795498847961426,-16.638994216918945,-3.7100679874420166,10.269013404846191,0.03,1.2274633646011353,-0.11834123730659485,0.3244131803512573,-0.001222240156494081,0.05036337301135063,-0.15552368760108948,0.9865467548370361,0,0,0,0,0,0,0,0,0,0,0,0,0,0
12.537141799926758,3.0,0.06734977662563324,0.062482044100761414,-0.07052972912788391,-0.0681610107421875,-7.795498847961426,-16.638994216918945,-3.7100679874420166,10.269013404846191,0.03,1.2274633646011353,-0.11834123730659485,0.3244131803512573,-0.001222240156494081,0.05036337301135063,-0.15552368760108948,0.9865467548370361,0,0,0,0,0,0,0,0,0,0,0,0,0,0
12.538962125778198,3.0,0.06734977662563324,0.062482044100761414,-0.07052972912788391,-0.0681610107421875,-7.795498847961426,-16.638994216918945,-3.7100679874420166,10.269013404846191,0.03,1.2269688844680786,-0.11805077642202377,0.3255157768726349,0.004409685730934143,0.04570865258574486,-0.13515102863311768,0.9897603392601013,0,0,0,0,0,0,0,0,0,0,0,0,0,0
12.542021989822388,3.0,0.06734977662563324,0.062482044100761414,-0.07052972912788391,-0.0681610107421875,-7.795498847961426,-16.638994216918945,-3.7100679874420166,10.269013404846191,0.03,1.2269688844680786,-0.11805077642202377,0.3255157768726349,0.004409685730934143,0.04570865258574486,-0.13515102863311768,0.9897603392601013,0,0,0,0,0,0,0,0,0,0,0,0,0,0
12.543126583099365,3.0,0.06734977662563324,0.062482044100761414,-0.07052972912788391,-0.0681610107421875,-7.795498847961426,-16.638994216918945,-3.7100679874420166,10.269013404846191,0.03,1.2269688844680786,-0.11805077642202377,0.3255157768726349,0.004409685730934143,0.04570865258574486,-0.13515102863311768,0.9897603392601013,0,0,0,0,0,0,0,0,0,0,0,0,0,0
12.54444694519043,3.0,0.06734977662563324,0.062482044100761414,-0.07052972912788391,-0.0681610107421875,-7.795498847961426,-16.638994216918945,-3.7100679874420166,10.269013404846191,0.03,1.2269688844680786,-0.11805077642202377,0.3255157768726349,0.004409685730934143,0.04570865258574486,-0.13515102863311768,0.9897603392601013,0,0,0,0,0,0,0,0,0,0,0,0,0,0
12.545524835586548,3.0,0.06734977662563324,0.062482044100761414,-0.07052972912788391,-0.0681610107421875,-7.795498847961426,-16.638994216918945,-3.7100679874420166,10.269013404846191,0.03,1.2269688844680786,-0.11805077642202377,0.3255157768726349,0.004409685730934143,0.04570865258574486,-0.13515102863311768,0.9897603392601013,0,0,0,0,0,0,0,0,0,0,0,0,0,0
12.546754598617554,3.0,0.06734977662563324,0.062482044100761414,-0.07052972912788391,-0.0681610107421875,-7.795498847961426,-16.638994216918945,-3.7100679874420166,10.269013404846191,0.03,1.2269688844680786,-0.11805077642202377,0.3255157768726349,0.004409685730934143,0.04570865258574486,-0.13515102863311768,0.9897603392601013,0,0,0,0,0,0,0,0,0,0,0,0,0,0
12.54796290397644,3.0,0.06734977662563324,0.062482044100761414,-0.07052972912788391,-0.0681610107421875,-7.795498847961426,-16.638994216918945,-3.7100679874420166,10.269013404846191,0.03,1.2269688844680786,-0.11805077642202377,0.3255157768726349,0.004409685730934143,0.04570865258574486,-0.13515102863311768,0.9897603392601013,0,0,0,0,0,0,0,0,0,0,0,0,0,0
12.550275325775146,3.0,0.06734977662563324,0.062482044100761414,-0.07052972912788391,-0.0681610107421875,-7.795498847961426,-16.638994216918945,-3.7100679874420166,10.269013404846191,0.03,1.2269688844680786,-0.11805077642202377,0.3255157768726349,0.004409685730934143,0.04570865258574486,-0.13515102863311768,0.9897603392601013,0,0,0,0,0,0,0,0,0,0,0,0,0,0
12.55218768119812,3.0,0.06734977662563324,0.062482044100761414,-0.07052972912788391,-0.0681610107421875,-7.795498847961426,-16.638994216918945,-3.7100679874420166,10.269013404846191,0.03,1.2272405624389648,-0.1180550828576088,0.32596731185913086,0.012438124977052212,0.04306512698531151,-0.1132771298289299,0.9925518035888672,0,0,0,0,0,0,0,0,0,0,0,0,0,0
12.553570747375488,3.0,0.06734977662563324,0.062482044100761414,-0.07052972912788391,-0.0681610107421875,-7.795498847961426,-16.638994216918945,-3.7100679874420166,10.269013404846191,0.03,1.2272405624389648,-0.1180550828576088,0.32596731185913086,0.012438124977052212,0.04306512698531151,-0.1132771298289299,0.9925518035888672,0,0,0,0,0,0,0,0,0,0,0,0,0,0
12.555081367492676,3.0,0.06734977662563324,0.062482044100761414,-0.07052972912788391,-0.0681610107421875,-7.795498847961426,-16.638994216918945,-3.7100679874420166,10.269013404846191,0.03,1.2272405624389648,-0.1180550828576088,0.32596731185913086,0.012438124977052212,0.04306512698531151,-0.1132771298289299,0.9925518035888672,0,0,0,0,0,0,0,0,0,0,0,0,0,0
12.556231260299683,3.0,0.06734977662563324,0.062482044100761414,-0.07052972912788391,-0.0681610107421875,-7.795498847961426,-16.638994216918945,-3.7100679874420166,10.269013404846191,0.03,1.2272405624389648,-0.1180550828576088,0.32596731185913086,0.012438124977052212,0.04306512698531151,-0.1132771298289299,0.9925518035888672,0,0,0,0,0,0,0,0,0,0,0,0,0,0
12.557541370391846,3.0,0.06734977662563324,0.062482044100761414,-0.07052972912788391,-0.0681610107421875,-7.795498847961426,-16.638994216918945,-3.7100679874420166,10.269013404846191,0.03,1.2272405624389648,-0.1180550828576088,0.32596731185913086,0.012438124977052212,0.04306512698531151,-0.1132771298289299,0.9925518035888672,0,0,0,0,0,0,0,0,0,0,0,0,0,0
12.558748245239258,3.0,0.06734977662563324,0.062482044100761414,-0.07052972912788391,-0.0681610107421875,-7.795498847961426,-16.638994216918945,-3.7100679874420166,10.269013404846191,0.03,1.2272405624389648,-0.1180550828576088,0.32596731185913086,0.012438124977052212,0.04306512698531151,-0.1132771298289299,0.9925518035888672,0,0,0,0,0,0,0,0,0,0,0,0,0,0
12.56033730506897,3.0,0.06734977662563324,0.062482044100761414,-0.07052972912788391,-0.0681610107421875,-7.795498847961426,-16.638994216918945,-3.7100679874420166,10.269013404846191,0.03,1.2272405624389648,-0.1180550828576088,0.32596731185913086,0.012438124977052212,0.04306512698531151,-0.1132771298289299,0.9925518035888672,0,0,0,0,0,0,0,0,0,0,0,0,0,0
12.561755657196045,3.0,0.06734977662563324,0.062482044100761414,-0.07052972912788391,-0.0681610107421875,-7.795498847961426,-16.638994216918945,-3.7100679874420166,10.269013404846191,0.03,1.2272405624389648,-0.1180550828576088,0.32596731185913086,0.012438124977052212,0.04306512698531151,-0.1132771298289299,0.9925518035888672,0,0,0,0,0,0,0,0,0,0,0,0,0,0
12.563146829605103,3.0,0.06734977662563324,0.062482044100761414,-0.07052972912788391,-0.0681610107421875,-7.795498847961426,-16.638994216918945,-3.7100679874420166,10.269013404846191,0.03,1.2272405624389648,-0.1180550828576088,0.32596731185913086,0.012438124977052212,0.04306512698531151,-0.1132771298289299,0.9925518035888672,0,0,0,0,0,0,0,0,0,0,0,0,0,0
12.564608573913574,3.0,0.06734977662563324,0.062482044100761414,-0.07052972912788391,-0.0681610107421875,-7.795498847961426,-16.638994216918945,-3.7100679874420166,10.269013404846191,0.03,1.2272405624389648,-0.1180550828576088,0.32596731185913086,0.012438124977052212,0.04306512698531151,-0.1132771298289299,0.9925518035888672,0,0,0,0,0,0,0,0,0,0,0,0,0,0
12.565689086914062,3.0,0.06734977662563324,0.062482044100761414,-0.07052972912788391,-0.0681610107421875,-7.795498847961426,-16.638994216918945,-3.7100679874420166,10.269013404846191,0.03,1.2272405624389648,-0.1180550828576088,0.32596731185913086,0.012438124977052212,0.04306512698531151,-0.1132771298289299,0.9925518035888672,0,0,0,0,0,0,0,0,0,0,0,0,0,0
12.56696891784668,3.0,0.06734977662563324,0.062482044100761414,-0.07052972912788391,-0.0681610107421875,-7.795498847961426,-16.638994216918945,-3.7100679874420166,10.269013404846191,0.03,1.2272405624389648,-0.1180550828576088,0.32596731185913086,0.012438124977052212,0.04306512698531151,-0.1132771298289299,0.9925518035888672,0,0,0,0,0,0,0,0,0,0,0,0,0,0
12.568092823028564,3.0,0.06734977662563324,0.062482044100761414,-0.07052972912788391,-0.0681610107421875,-7.795498847961426,-16.638994216918945,-3.7100679874420166,10.269013404846191,0.03,1.2272405624389648,-0.1180550828576088,0.32596731185913086,0.012438124977052212,0.04306512698531151,-0.1132771298289299,0.9925518035888672,0,0,0,0,0,0,0,0,0,0,0,0,0,0
12.569375276565552,3.0,0.06734977662563324,0.062482044100761414,-0.07052972912788391,-0.0681610107421875,-7.795498847961426,-16.638994216918945,-3.7100679874420166,10.269013404846191,0.03,1.2272405624389648,-0.1180550828576088,0.32596731185913086,0.012438124977052212,0.04306512698531151,-0.1132771298289299,0.9925518035888672,0,0,0,0,0,0,0,0,0,0,0,0,0,0
12.571836233139038,4.0,0.06749355792999268,0.06294085085391998,-0.07069730758666992,-0.06901681423187256,-7.970468521118164,-17.171772003173828,-4.030706405639648,10.89136028289795,0.03,1.2276055812835693,-0.1181395873427391,0.3262377679347992,0.007975731045007706,0.04257490113377571,-0.14866195619106293,0.9879390001296997,0,0,0,0,0,0,0,0,0,0,0,0,0,0
12.573297023773193,4.0,0.06749355792999268,0.06294085085391998,-0.07069730758666992,-0.06901681423187256,-7.970468521118164,-17.171772003173828,-4.030706405639648,10.89136028289795,0.03,1.2276055812835693,-0.1181395873427391,0.3262377679347992,0.007975731045007706,0.04257490113377571,-0.14866195619106293,0.9879390001296997,0,0,0,0,0,0,0,0,0,0,0,0,0,0
12.574598789215088,4.0,0.06749355792999268,0.06294085085391998,-0.07069730758666992,-0.06901681423187256,-7.970468521118164,-17.171772003173828,-4.030706405639648,10.89136028289795,0.03,1.2276055812835693,-0.1181395873427391,0.3262377679347992,0.007975731045007706,0.04257490113377571,-0.14866195619106293,0.9879390001296997,0,0,0,0,0,0,0,0,0,0,0,0,0,0
12.57637906074524,4.0,0.06749355792999268,0.06294085085391998,-0.07069730758666992,-0.06901681423187256,-7.970468521118164,-17.171772003173828,-4.030706405639648,10.89136028289795,0.03,1.2276055812835693,-0.1181395873427391,0.3262377679347992,0.007975731045007706,0.04257490113377571,-0.14866195619106293,0.9879390001296997,0,0,0,0,0,0,0,0,0,0,0,0,0,0
12.579084396362305,1.0,0.004968464374542236,0.08495640754699707,-0.00017523765563964844,-0.08570808172225952,1.2779114246368408,0.6919313073158264,-1.8690403699874878,-3.072740077972412,0.03,1.2276055812835693,-0.1181395873427391,0.3262377679347992,0.007975731045007706,0.04257490113377571,-0.14866195619106293,0.9879390001296997,0,0,0,0,0,0,0,0,0,0,0,0,0,0
12.580582857131958,1.0,0.0015943646430969238,0.08315669000148773,0.0024439096450805664,-0.08212679624557495,0.6113134622573853,4.410894870758057,-1.4955716133117676,-5.2278666496276855,0.03,1.2276055812835693,-0.1181395873427391,0.3262377679347992,0.007975731045007706,0.04257490113377571,-0.14866195619106293,0.9879390001296997,0,0,0,0,0,0,0,0,0,0,0,0,0,0
12.581661462783813,1.0,0.0017727017402648926,0.08252972364425659,0.0020422935485839844,-0.08128446340560913,1.0070849657058716,5.137246608734131,-0.8421247005462646,-5.930491924285889,0.03,1.228055477142334,-0.11824928224086761,0.32643038034439087,0.006142584607005119,0.041662078350782394,-0.15574954450130463,0.9868984818458557,0,0,0,0,0,0,0,0,0,0,0,0,0,0
12.582892894744873,1.0,0.0017727017402648926,0.08252972364425659,0.0020422935485839844,-0.08128446340560913,1.0070849657058716,5.137246608734131,-0.8421247005462646,-5.930491924285889,0.03,1.228055477142334,-0.11824928224086761,0.32643038034439087,0.006142584607005119,0.041662078350782394,-0.15574954450130463,0.9868984818458557,0,0,0,0,0,0,0,0,0,0,0,0,0,0
12.584120988845825,1.0,0.0017727017402648926,0.08252972364425659,0.0020422935485839844,-0.08128446340560913,1.0070849657058716,5.137246608734131,-0.8421247005462646,-5.930491924285889,0.03,1.228055477142334,-0.11824928224086761,0.32643038034439087,0.006142584607005119,0.041662078350782394,-0.15574954450130463,0.9868984818458557,0,0,0,0,0,0,0,0,0,0,0,0,0,0
12.585675477981567,1.0,0.0017727017402648926,0.08252972364425659,0.0020422935485839844,-0.08128446340560913,1.0070849657058716,5.137246608734131,-0.8421247005462646,-5.930491924285889,0.03,1.228055477142334,-0.11824928224086761,0.32643038034439087,0.006142584607005119,0.041662078350782394,-0.15574954450130463,0.9868984818458557,0,0,0,0,0,0,0,0,0,0,0,0,0,0
12.587360143661499,1.0,0.0017727017402648926,0.08252972364425659,0.0020422935485839844,-0.08128446340560913,1.0070849657058716,5.137246608734131,-0.8421247005462646,-5.930491924285889,0.03,1.228055477142334,-0.11824928224086761,0.32643038034439087,0.006142584607005119,0.041662078350782394,-0.15574954450130463,0.9868984818458557,0,0,0,0,0,0,0,0,0,0,0,0,0,0
12.58870244026184,1.0,0.0017727017402648926,0.08252972364425659,0.0020422935485839844,-0.08128446340560913,1.0070849657058716,5.137246608734131,-0.8421247005462646,-5.930491924285889,0.03,1.228055477142334,-0.11824928224086761,0.32643038034439087,0.006142584607005119,0.041662078350782394,-0.15574954450130463,0.9868984818458557,0,0,0,0,0,0,0,0,0,0,0,0,0,0
12.590656280517578,1.0,0.0017727017402648926,0.08252972364425659,0.0020422935485839844,-0.08128446340560913,1.0070849657058716,5.137246608734131,-0.8421247005462646,-5.930491924285889,0.03,1.228055477142334,-0.11824928224086761,0.32643038034439087,0.006142584607005119,0.041662078350782394,-0.15574954450130463,0.9868984818458557,0,0,0,0,0,0,0,0,0,0,0,0,0,0
12.59200668334961,1.0,0.0017727017402648926,0.08252972364425659,0.0020422935485839844,-0.08128446340560913,1.0070849657058716,5.137246608734131,-0.8421247005462646,-5.930491924285889,0.03,1.228055477142334,-0.11824928224086761,0.32643038034439087,0.006142584607005119,0.041662078350782394,-0.15574954450130463,0.9868984818458557,0,0,0,0,0,0,0,0,0,0,0,0,0,0
12.59334659576416,1.0,0.00306779146194458,0.07571294903755188,-0.0015776753425598145,-0.0722278356552124,2.347986936569214,6.691296577453613,2.404799461364746,-5.33758020401001,0.03,1.22905433177948,-0.11848226189613342,0.3258923292160034,0.012642624787986279,0.043882887810468674,-0.12016414105892181,0.9917030930519104,0,0,0,0,0,0,0,0,0,0,0,0,0,0
12.59480619430542,1.0,0.00306779146194458,0.07571294903755188,-0.0015776753425598145,-0.0722278356552124,2.347986936569214,6.691296577453613,2.404799461364746,-5.33758020401001,0.03,1.22905433177948,-0.11848226189613342,0.3258923292160034,0.012642624787986279,0.043882887810468674,-0.12016414105892181,0.9917030930519104,0,0,0,0,0,0,0,0,0,0,0,0,0,0
12.595872163772583,1.0,0.00306779146194458,0.07571294903755188,-0.0015776753425598145,-0.0722278356552124,2.347986936569214,6.691296577453613,2.404799461364746,-5.33758020401001,0.03,1.22905433177948,-0.11848226189613342,0.3258923292160034,0.012642624787986279,0.043882887810468674,-0.12016414105892181,0.9917030930519104,0,0,0,0,0,0,0,0,0,0,0,0,0,0
12.596933126449585,1.0,0.00306779146194458,0.07571294903755188,-0.0015776753425598145,-0.0722278356552124,2.347986936569214,6.691296577453613,2.404799461364746,-5.33758020401001,0.03,1.22905433177948,-0.11848226189613342,0.3258923292160034,0.012642624787986279,0.043882887810468674,-0.12016414105892181,0.9917030930519104,0,0,0,0,0,0,0,0,0,0,0,0,0,0
12.597991704940796,1.0,0.00306779146194458,0.07571294903755188,-0.0015776753425598145,-0.0722278356552124,2.347986936569214,6.691296577453613,2.404799461364746,-5.33758020401001,0.03,1.22905433177948,-0.11848226189613342,0.3258923292160034,0.012642624787986279,0.043882887810468674,-0.12016414105892181,0.9917030930519104,0,0,0,0,0,0,0,0,0,0,0,0,0,0
12.599049806594849,1.0,0.00306779146194458,0.07571294903755188,-0.0015776753425598145,-0.0722278356552124,2.347986936569214,6.691296577453613,2.404799461364746,-5.33758020401001,0.03,1.22905433177948,-0.11848226189613342,0.3258923292160034,0.012642624787986279,0.043882887810468674,-0.12016414105892181,0.9917030930519104,0,0,0,0,0,0,0,0,0,0,0,0,0,0
12.600250720977783,1.0,0.00306779146194458,0.07571294903755188,-0.0015776753425598145,-0.0722278356552124,2.347986936569214,6.691296577453613,2.404799461364746,-5.33758020401001,0.03,1.22905433177948,-0.11848226189613342,0.3258923292160034,0.012642624787986279,0.043882887810468674,-0.12016414105892181,0.9917030930519104,0,0,0,0,0,0,0,0,0,0,0,0,0,0
12.601499557495117,1.0,0.00306779146194458,0.07571294903755188,-0.0015776753425598145,-0.0722278356552124,2.347986936569214,6.691296577453613,2.404799461364746,-5.33758020401001,0.03,1.22905433177948,-0.11848226189613342,0.3258923292160034,0.012642624787986279,0.043882887810468674,-0.12016414105892181,0.9917030930519104,0,0,0,0,0,0,0,0,0,0,0,0,0,0
12.602559089660645,1.0,0.00306779146194458,0.07571294903755188,-0.0015776753425598145,-0.0722278356552124,2.347986936569214,6.691296577453613,2.404799461364746,-5.33758020401001,0.03,1.22905433177948,-0.11848226189613342,0.3258923292160034,0.012642624787986279,0.043882887810468674,-0.12016414105892181,0.9917030930519104,0,0,0,0,0,0,0,0,0,0,0,0,0,0
12.603637933731079,1.0,0.00306779146194458,0.07571294903755188,-0.0015776753425598145,-0.0722278356552124,2.347986936569214,6.691296577453613,2.404799461364746,-5.33758020401001,0.03,1.22905433177948,-0.11848226189613342,0.3258923292160034,0.012642624787986279,0.043882887810468674,-0.12016414105892181,0.9917030930519104,0,0,0,0,0,0,0,0,0,0,0,0,0,0
12.604695320129395,1.0,0.00306779146194458,0.07571294903755188,-0.0015776753425598145,-0.0722278356552124,2.347986936569214,6.691296577453613,2.404799461364746,-5.33758020401001,0.03,1.22905433177948,-0.11848226189613342,0.3258923292160034,0.012642624787986279,0.043882887810468674,-0.12016414105892181,0.9917030930519104,0,0,0,0,0,0,0,0,0,0,0,0,0,0
12.607213973999023,1.0,0.004166841506958008,0.06516455113887787,-0.002066969871520996,-0.06078976392745972,3.1857919692993164,6.461214542388916,2.091111421585083,-4.366214752197266,0.03,1.229430913925171,-0.11868590116500854,0.3252770006656647,0.01559277530759573,0.04750177636742592,-0.11277762800455093,0.9923616647720337,0,0,0,0,0,0,0,0,0,0,0,0,0,0
12.608712673187256,1.0,0.004166841506958008,0.06516455113887787,-0.002066969871520996,-0.06078976392745972,3.1857919692993164,6.461214542388916,2.091111421585083,-4.366214752197266,0.03,1.229430913925171,-0.11868590116500854,0.3252770006656647,0.01559277530759573,0.04750177636742592,-0.11277762800455093,0.9923616647720337,0,0,0,0,0,0,0,0,0,0,0,0,0,0
12.60981011390686,1.0,0.004166841506958008,0.06516455113887787,-0.002066969871520996,-0.06078976392745972,3.1857919692993164,6.461214542388916,2.091111421585083,-4.366214752197266,0.03,1.229430913925171,-0.11868590116500854,0.3252770006656647,0.01559277530759573,0.04750177636742592,-0.11277762800455093,0.9923616647720337,0,0,0,0,0,0,0,0,0,0,0,0,0,0
12.61104440689087,1.0,0.004166841506958008,0.06516455113887787,-0.002066969871520996,-0.06078976392745972,3.1857919692993164,6.461214542388916,2.091111421585083,-4.366214752197266,0.03,1.229430913925171,-0.11868590116500854,0.3252770006656647,0.01559277530759573,0.04750177636742592,-0.11277762800455093,0.9923616647720337,0,0,0,0,0,0,0,0,0,0,0,0,0,0
12.612742185592651,1.0,0.004166841506958008,0.06516455113887787,-0.002066969871520996,-0.06078976392745972,3.1857919692993164,6.461214542388916,2.091111421585083,-4.366214752197266,0.03,1.229430913925171,-0.11868590116500854,0.3252770006656647,0.01559277530759573,0.04750177636742592,-0.11277762800455093,0.9923616647720337,0,0,0,0,0,0,0,0,0,0,0,0,0,0
12.614625692367554,1.0,0.004166841506958008,0.06516455113887787,-0.002066969871520996,-0.06078976392745972,3.1857919692993164,6.461214542388916,2.091111421585083,-4.366214752197266,0.03,1.229430913925171,-0.11868590116500854,0.3252770006656647,0.01559277530759573,0.04750177636742592,-0.11277762800455093,0.9923616647720337,0,0,0,0,0,0,0,0,0,0,0,0,0,0
12.615901708602905,1.0,0.004212081432342529,0.0628344863653183,-0.0018616914749145508,-0.058602333068847656,3.157992362976074,6.216062068939209,1.9102826118469238,-4.641912460327148,0.03,1.229430913925171,-0.11868590116500854,0.3252770006656647,0.01559277530759573,0.04750177636742592,-0.11277762800455093,0.9923616647720337,0,0,0,0,0,0,0,0,0,0,0,0,0,0
12.617440938949585,1.0,0.004212081432342529,0.0628344863653183,-0.0018616914749145508,-0.058602333068847656,3.157992362976074,6.216062068939209,1.9102826118469238,-4.641912460327148,0.03,1.2301926612854004,-0.1188538447022438,0.3240048289299011,0.015889259055256844,0.05548013746738434,-0.12435039132833481,0.9905587434768677,0,0,0,0,0,0,0,0,0,0,0,0,0,0
12.618629217147827,1.0,0.004212081432342529,0.0628344863653183,-0.0018616914749145508,-0.058602333068847656,3.157992362976074,6.216062068939209,1.9102826118469238,-4.641912460327148,0.03,1.2301926612854004,-0.1188538447022438,0.3240048289299011,0.015889259055256844,0.05548013746738434,-0.12435039132833481,0.9905587434768677,0,0,0,0,0,0,0,0,0,0,0,0,0,0
12.619996786117554,1.0,0.004212081432342529,0.0628344863653183,-0.0018616914749145508,-0.058602333068847656,3.157992362976074,6.216062068939209,1.9102826118469238,-4.641912460327148,0.03,1.2301926612854004,-0.1188538447022438,0.3240048289299011,0.015889259055256844,0.05548013746738434,-0.12435039132833481,0.9905587434768677,0,0,0,0,0,0,0,0,0,0,0,0,0,0
12.62234902381897,1.0,0.004212081432342529,0.0628344863653183,-0.0018616914749145508,-0.058602333068847656,3.157992362976074,6.216062068939209,1.9102826118469238,-4.641912460327148,0.03,1.2301926612854004,-0.1188538447022438,0.3240048289299011,0.015889259055256844,0.05548013746738434,-0.12435039132833481,0.9905587434768677,0,0,0,0,0,0,0,0,0,0,0,0,0,0
12.624090909957886,1.0,0.004212081432342529,0.0628344863653183,-0.0018616914749145508,-0.058602333068847656,3.157992362976074,6.216062068939209,1.9102826118469238,-4.641912460327148,0.03,1.2301926612854004,-0.1188538447022438,0.3240048289299011,0.015889259055256844,0.05548013746738434,-0.12435039132833481,0.9905587434768677,0,0,0,0,0,0,0,0,0,0,0,0,0,0
12.625471353530884,1.0,0.003940701484680176,0.05136533081531525,-0.0007928013801574707,-0.046141624450683594,2.880826473236084,6.284633159637451,1.097254753112793,-3.3538155555725098,0.03,1.2301926612854004,-0.1188538447022438,0.3240048289299011,0.015889259055256844,0.05548013746738434,-0.12435039132833481,0.9905587434768677,0,0,0,0,0,0,0,0,0,0,0,0,0,0
12.626575469970703,1.0,0.003940701484680176,0.05136533081531525,-0.0007928013801574707,-0.046141624450683594,2.880826473236084,6.284633159637451,1.097254753112793,-3.3538155555725098,0.03,1.2301926612854004,-0.1188538447022438,0.3240048289299011,0.015889259055256844,0.05548013746738434,-0.12435039132833481,0.9905587434768677,0,0,0,0,0,0,0,0,0,0,0,0,0,0
12.628962278366089,1.0,0.0038418173789978027,0.04822246730327606,-0.0006548166275024414,-0.04251861572265625,2.8692355155944824,6.686135292053223,1.0429965257644653,-3.3161940574645996,0.03,1.2305198907852173,-0.11882604658603668,0.32294559478759766,0.012490468099713326,0.06306833028793335,-0.1440439224243164,0.9874804615974426,0,0,0,0,0,0,0,0,0,0,0,0,0,0
12.63048505783081,1.0,0.0038418173789978027,0.04822246730327606,-0.0006548166275024414,-0.04251861572265625,2.8692355155944824,6.686135292053223,1.0429965257644653,-3.3161940574645996,0.03,1.2305198907852173,-0.11882604658603668,0.32294559478759766,0.012490468099713326,0.06306833028793335,-0.1440439224243164,0.9874804615974426,0,0,0,0,0,0,0,0,0,0,0,0,0,0
12.631616592407227,1.0,0.0038418173789978027,0.04822246730327606,-0.0006548166275024414,-0.04251861572265625,2.8692355155944824,6.686135292053223,1.0429965257644653,-3.3161940574645996,0.03,1.2305198907852173,-0.11882604658603668,0.32294559478759766,0.012490468099713326,0.06306833028793335,-0.1440439224243164,0.9874804615974426,0,0,0,0,0,0,0,0,0,0,0,0,0,0
12.632704257965088,1.0,0.0038418173789978027,0.04822246730327606,-0.0006548166275024414,-0.04251861572265625,2.8692355155944824,6.686135292053223,1.0429965257644653,-3.3161940574645996,0.03,1.2305198907852173,-0.11882604658603668,0.32294559478759766,0.012490468099713326,0.06306833028793335,-0.1440439224243164,0.9874804615974426,0,0,0,0,0,0,0,0,0,0,0,0,0,0
12.635332107543945,1.0,0.0038418173789978027,0.04822246730327606,-0.0006548166275024414,-0.04251861572265625,2.8692355155944824,6.686135292053223,1.0429965257644653,-3.3161940574645996,0.03,1.2305198907852173,-0.11882604658603668,0.32294559478759766,0.012490468099713326,0.06306833028793335,-0.1440439224243164,0.9874804615974426,0,0,0,0,0,0,0,0,0,0,0,0,0,0
12.636909484863281,1.0,0.0038418173789978027,0.04822246730327606,-0.0006548166275024414,-0.04251861572265625,2.8692355155944824,6.686135292053223,1.0429965257644653,-3.3161940574645996,0.03,1.2305198907852173,-0.11882604658603668,0.32294559478759766,0.012490468099713326,0.06306833028793335,-0.1440439224243164,0.9874804615974426,0,0,0,0,0,0,0,0,0,0,0,0,0,0
12.637971878051758,1.0,0.0038418173789978027,0.04822246730327606,-0.0006548166275024414,-0.04251861572265625,2.8692355155944824,6.686135292053223,1.0429965257644653,-3.3161940574645996,0.03,1.2305198907852173,-0.11882604658603668,0.32294559478759766,0.012490468099713326,0.06306833028793335,-0.1440439224243164,0.9874804615974426,0,0,0,0,0,0,0,0,0,0,0,0,0,0
12.641255855560303,1.0,0.003782510757446289,0.046984121203422546,-0.0006502866744995117,-0.04089301824569702,2.78953218460083,6.485539436340332,1.0889896154403687,-2.64780592918396,0.03,1.2305198907852173,-0.11882604658603668,0.32294559478759766,0.012490468099713326,0.06306833028793335,-0.1440439224243164,0.9874804615974426,0,0,0,0,0,0,0,0,0,0,0,0,0,0
12.642942428588867,1.0,0.0036791563034057617,0.04401420056819916,-0.0006489157676696777,-0.03726673126220703,2.7235195636749268,6.989905834197998,1.1213657855987549,-2.666712522506714,0.03,1.2305198907852173,-0.11882604658603668,0.32294559478759766,0.012490468099713326,0.06306833028793335,-0.1440439224243164,0.9874804615974426,0,0,0,0,0,0,0,0,0,0,0,0,0,0
12.64414930343628,1.0,0.0036791563034057617,0.04401420056819916,-0.0006489157676696777,-0.03726673126220703,2.7235195636749268,6.989905834197998,1.1213657855987549,-2.666712522506714,0.03,1.2305198907852173,-0.11882604658603668,0.32294559478759766,0.012490468099713326,0.06306833028793335,-0.1440439224243164,0.9874804615974426,0,0,0,0,0,0,0,0,0,0,0,0,0,0
12.645236015319824,1.0,0.0036791563034057617,0.04401420056819916,-0.0006489157676696777,-0.03726673126220703,2.7235195636749268,6.989905834197998,1.1213657855987549,-2.666712522506714,0.03,1.2305198907852173,-0.11882604658603668,0.32294559478759766,0.012490468099713326,0.06306833028793335,-0.1440439224243164,0.9874804615974426,0,0,0,0,0,0,0,0,0,0,0,0,0,0
12.646376609802246,1.0,0.0036791563034057617,0.04401420056819916,-0.0006489157676696777,-0.03726673126220703,2.7235195636749268,6.989905834197998,1.1213657855987549,-2.666712522506714,0.03,1.2305198907852173,-0.11882604658603668,0.32294559478759766,0.012490468099713326,0.06306833028793335,-0.1440439224243164,0.9874804615974426,0,0,0,0,0,0,0,0,0,0,0,0,0,0
12.647477626800537,1.0,0.0036791563034057617,0.04401420056819916,-0.0006489157676696777,-0.03726673126220703,2.7235195636749268,6.989905834197998,1.1213657855987549,-2.666712522506714,0.03,1.2305198907852173,-0.11882604658603668,0.32294559478759766,0.012490468099713326,0.06306833028793335,-0.1440439224243164,0.9874804615974426,0,0,0,0,0,0,0,0,0,0,0,0,0,0
12.648592710494995,1.0,0.0036791563034057617,0.04401420056819916,-0.0006489157676696777,-0.03726673126220703,2.7235195636749268,6.989905834197998,1.1213657855987549,-2.666712522506714,0.03,1.2305198907852173,-0.11882604658603668,0.32294559478759766,0.012490468099713326,0.06306833028793335,-0.1440439224243164,0.9874804615974426,0,0,0,0,0,0,0,0,0,0,0,0,0,0
12.649738073348999,1.0,0.0036791563034057617,0.04401420056819916,-0.0006489157676696777,-0.03726673126220703,2.7235195636749268,6.989905834197998,1.1213657855987549,-2.666712522506714,0.03,1.2305198907852173,-0.11882604658603668,0.32294559478759766,0.012490468099713326,0.06306833028793335,-0.1440439224243164,0.9874804615974426,0,0,0,0,0,0,0,0,0,0,0,0,0,0
12.651758670806885,1.0,0.0036791563034057617,0.04401420056819916,-0.0006489157676696777,-0.03726673126220703,2.7235195636749268,6.989905834197998,1.1213657855987549,-2.666712522506714,0.03,1.2305198907852173,-0.11882604658603668,0.32294559478759766,0.012490468099713326,0.06306833028793335,-0.1440439224243164,0.9874804615974426,0,0,0,0,0,0,0,0,0,0,0,0,0,0
12.653269529342651,1.0,0.0036791563034057617,0.04401420056819916,-0.0006489157676696777,-0.03726673126220703,2.7235195636749268,6.989905834197998,1.1213657855987549,-2.666712522506714,0.03,1.2305198907852173,-0.11882604658603668,0.32294559478759766,0.012490468099713326,0.06306833028793335,-0.1440439224243164,0.9874804615974426,0,0,0,0,0,0,0,0,0,0,0,0,0,0
12.654358863830566,1.0,0.0036791563034057617,0.04401420056819916,-0.0006489157676696777,-0.03726673126220703,2.7235195636749268,6.989905834197998,1.1213657855987549,-2.666712522506714,0.03,1.2305198907852173,-0.11882604658603668,0.32294559478759766,0.012490468099713326,0.06306833028793335,-0.1440439224243164,0.9874804615974426,0,0,0,0,0,0,0,0,0,0,0,0,0,0
12.655589580535889,1.0,0.0036791563034057617,0.04401420056819916,-0.0006489157676696777,-0.03726673126220703,2.7235195636749268,6.989905834197998,1.1213657855987549,-2.666712522506714,0.03,1.2305198907852173,-0.11882604658603668,0.32294559478759766,0.012490468099713326,0.06306833028793335,-0.1440439224243164,0.9874804615974426,0,0,0,0,0,0,0,0,0,0,0,0,0,0
12.65684175491333,1.0,0.0036791563034057617,0.04401420056819916,-0.0006489157676696777,-0.03726673126220703,2.7235195636749268,6.989905834197998,1.1213657855987549,-2.666712522506714,0.03,1.2305198907852173,-0.11882604658603668,0.32294559478759766,0.012490468099713326,0.06306833028793335,-0.1440439224243164,0.9874804615974426,0,0,0,0,0,0,0,0,0,0,0,0,0,0
12.657955884933472,1.0,0.0036791563034057617,0.04401420056819916,-0.0006489157676696777,-0.03726673126220703,2.7235195636749268,6.989905834197998,1.1213657855987549,-2.666712522506714,0.03,1.2305198907852173,-0.11882604658603668,0.32294559478759766,0.012490468099713326,0.06306833028793335,-0.1440439224243164,0.9874804615974426,0,0,0,0,0,0,0,0,0,0,0,0,0,0
12.65935730934143,1.0,0.0036791563034057617,0.04401420056819916,-0.0006489157676696777,-0.03726673126220703,2.7235195636749268,6.989905834197998,1.1213657855987549,-2.666712522506714,0.03,1.2305198907852173,-0.11882604658603668,0.32294559478759766,0.012490468099713326,0.06306833028793335,-0.1440439224243164,0.9874804615974426,0,0,0,0,0,0,0,0,0,0,0,0,0,0
12.661592245101929,1.0,0.0036791563034057617,0.04401420056819916,-0.0006489157676696777,-0.03726673126220703,2.7235195636749268,6.989905834197998,1.1213657855987549,-2.666712522506714,0.03,1.2305198907852173,-0.11882604658603668,0.32294559478759766,0.012490468099713326,0.06306833028793335,-0.1440439224243164,0.9874804615974426,0,0,0,0,0,0,0,0,0,0,0,0,0,0
12.662870407104492,1.0,0.0036791563034057617,0.04401420056819916,-0.0006489157676696777,-0.03726673126220703,2.7235195636749268,6.989905834197998,1.1213657855987549,-2.666712522506714,0.03,1.2305198907852173,-0.11882604658603668,0.32294559478759766,0.012490468099713326,0.06306833028793335,-0.1440439224243164,0.9874804615974426,0,0,0,0,0,0,0,0,0,0,0,0,0,0
12.66443419456482,1.0,0.0036791563034057617,0.04401420056819916,-0.0006489157676696777,-0.03726673126220703,2.7235195636749268,6.989905834197998,1.1213657855987549,-2.666712522506714,0.03,1.2305198907852173,-0.11882604658603668,0.32294559478759766,0.012490468099713326,0.06306833028793335,-0.1440439224243164,0.9874804615974426,0,0,0,0,0,0,0,0,0,0,0,0,0,0
12.665899991989136,1.0,0.0036791563034057617,0.04401420056819916,-0.0006489157676696777,-0.03726673126220703,2.7235195636749268,6.989905834197998,1.1213657855987549,-2.666712522506714,0.03,1.2305198907852173,-0.11882604658603668,0.32294559478759766,0.012490468099713326,0.06306833028793335,-0.1440439224243164,0.9874804615974426,0,0,0,0,0,0,0,0,0,0,0,0,0,0
12.667003154754639,1.0,0.0036791563034057617,0.04401420056819916,-0.0006489157676696777,-0.03726673126220703,2.7235195636749268,6.989905834197998,1.1213657855987549,-2.666712522506714,0.03,1.2305198907852173,-0.11882604658603668,0.32294559478759766,0.012490468099713326,0.06306833028793335,-0.1440439224243164,0.9874804615974426,0,0,0,0,0,0,0,0,0,0,0,0,0,0
12.669764518737793,1.0,0.0036791563034057617,0.04401420056819916,-0.0006489157676696777,-0.03726673126220703,2.7235195636749268,6.989905834197998,1.1213657855987549,-2.666712522506714,0.03,1.2305198907852173,-0.11882604658603668,0.32294559478759766,0.012490468099713326,0.06306833028793335,-0.1440439224243164,0.9874804615974426,0,0,0,0,0,0,0,0,0,0,0,0,0,0
12.671062469482422,1.0,0.0036791563034057617,0.04401420056819916,-0.0006489157676696777,-0.03726673126220703,2.7235195636749268,6.989905834197998,1.1213657855987549,-2.666712522506714,0.03,1.2305198907852173,-0.11882604658603668,0.32294559478759766,0.012490468099713326,0.06306833028793335,-0.1440439224243164,0.9874804615974426,0,0,0,0,0,0,0,0,0,0,0,0,0,0
12.672483205795288,1.0,0.0036791563034057617,0.04401420056819916,-0.0006489157676696777,-0.03726673126220703,2.7235195636749268,6.989905834197998,1.1213657855987549,-2.666712522506714,0.03,1.2305198907852173,-0.11882604658603668,0.32294559478759766,0.012490468099713326,0.06306833028793335,-0.1440439224243164,0.9874804615974426,0,0,0,0,0,0,0,0,0,0,0,0,0,0
12.673991203308105,1.0,0.0036791563034057617,0.04401420056819916,-0.0006489157676696777,-0.03726673126220703,2.7235195636749268,6.989905834197998,1.1213657855987549,-2.666712522506714,0.03,1.2305198907852173,-0.11882604658603668,0.32294559478759766,0.012490468099713326,0.06306833028793335,-0.1440439224243164,0.9874804615974426,0,0,0,0,0,0,0,0,0,0,0,0,0,0
12.676449060440063,1.0,0.0036791563034057617,0.04401420056819916,-0.0006489157676696777,-0.03726673126220703,2.7235195636749268,6.989905834197998,1.1213657855987549,-2.666712522506714,0.03,1.2305198907852173,-0.11882604658603668,0.32294559478759766,0.012490468099713326,0.06306833028793335,-0.1440439224243164,0.9874804615974426,0,0,0,0,0,0,0,0,0,0,0,0,0,0
12.677753210067749,1.0,0.0036791563034057617,0.04401420056819916,-0.0006489157676696777,-0.03726673126220703,2.7235195636749268,6.989905834197998,1.1213657855987549,-2.666712522506714,0.03,1.2305198907852173,-0.11882604658603668,0.32294559478759766,0.012490468099713326,0.06306833028793335,-0.1440439224243164,0.9874804615974426,0,0,0,0,0,0,0,0,0,0,0,0,0,0
12.679171323776245,1.0,0.0036791563034057617,0.04401420056819916,-0.0006489157676696777,-0.03726673126220703,2.7235195636749268,6.989905834197998,1.1213657855987549,-2.666712522506714,0.03,1.2305198907852173,-0.11882604658603668,0.32294559478759766,0.012490468099713326,0.06306833028793335,-0.1440439224243164,0.9874804615974426,0,0,0,0,0,0,0,0,0,0,0,0,0,0
12.680466651916504,1.0,0.0036791563034057617,0.04401420056819916,-0.0006489157676696777,-0.03726673126220703,2.7235195636749268,6.989905834197998,1.1213657855987549,-2.666712522506714,0.03,1.2305198907852173,-0.11882604658603668,0.32294559478759766,0.012490468099713326,0.06306833028793335,-0.1440439224243164,0.9874804615974426,0,0,0,0,0,0,0,0,0,0,0,0,0,0
12.682190895080566,1.0,0.0036791563034057617,0.04401420056819916,-0.0006489157676696777,-0.03726673126220703,2.7235195636749268,6.989905834197998,1.1213657855987549,-2.666712522506714,0.03,1.2305198907852173,-0.11882604658603668,0.32294559478759766,0.012490468099713326,0.06306833028793335,-0.1440439224243164,0.9874804615974426,0,0,0,0,0,0,0,0,0,0,0,0,0,0
12.683699607849121,1.0,0.0036791563034057617,0.04401420056819916,-0.0006489157676696777,-0.03726673126220703,2.7235195636749268,6.989905834197998,1.1213657855987549,-2.666712522506714,0.03,1.2305198907852173,-0.11882604658603668,0.32294559478759766,0.012490468099713326,0.06306833028793335,-0.1440439224243164,0.9874804615974426,0,0,0,0,0,0,0,0,0,0,0,0,0,0
12.685055494308472,1.0,0.0036791563034057617,0.04401420056819916,-0.0006489157676696777,-0.03726673126220703,2.7235195636749268,6.989905834197998,1.1213657855987549,-2.666712522506714,0.03,1.2305198907852173,-0.11882604658603668,0.32294559478759766,0.012490468099713326,0.06306833028793335,-0.1440439224243164,0.9874804615974426,0,0,0,0,0,0,0,0,0,0,0,0,0,0
12.686395406723022,1.0,0.0036791563034057617,0.04401420056819916,-0.0006489157676696777,-0.03726673126220703,2.7235195636749268,6.989905834197998,1.1213657855987549,-2.666712522506714,0.03,1.2305198907852173,-0.11882604658603668,0.32294559478759766,0.012490468099713326,0.06306833028793335,-0.1440439224243164,0.9874804615974426,0,0,0,0,0,0,0,0,0,0,0,0,0,0
12.68748140335083,1.0,0.0036791563034057617,0.04401420056819916,-0.0006489157676696777,-0.03726673126220703,2.7235195636749268,6.989905834197998,1.1213657855987549,-2.666712522506714,0.03,1.2305198907852173,-0.11882604658603668,0.32294559478759766,0.012490468099713326,0.06306833028793335,-0.1440439224243164,0.9874804615974426,0,0,0,0,0,0,0,0,0,0,0,0,0,0
12.688666343688965,1.0,0.0036791563034057617,0.04401420056819916,-0.0006489157676696777,-0.03726673126220703,2.7235195636749268,6.989905834197998,1.1213657855987549,-2.666712522506714,0.03,1.2305198907852173,-0.11882604658603668,0.32294559478759766,0.012490468099713326,0.06306833028793335,-0.1440439224243164,0.9874804615974426,0,0,0,0,0,0,0,0,0,0,0,0,0,0
12.690327167510986,1.0,0.0036791563034057617,0.04401420056819916,-0.0006489157676696777,-0.03726673126220703,2.7235195636749268,6.989905834197998,1.1213657855987549,-2.666712522506714,0.03,1.2305198907852173,-0.11882604658603668,0.32294559478759766,0.012490468099713326,0.06306833028793335,-0.1440439224243164,0.9874804615974426,0,0,0,0,0,0,0,0,0,0,0,0,0,0
12.691414594650269,1.0,0.0036791563034057617,0.04401420056819916,-0.0006489157676696777,-0.03726673126220703,2.7235195636749268,6.989905834197998,1.1213657855987549,-2.666712522506714,0.03,1.2305198907852173,-0.11882604658603668,0.32294559478759766,0.012490468099713326,0.06306833028793335,-0.1440439224243164,0.9874804615974426,0,0,0,0,0,0,0,0,0,0,0,0,0,0
12.692481756210327,1.0,0.0036791563034057617,0.04401420056819916,-0.0006489157676696777,-0.03726673126220703,2.7235195636749268,6.989905834197998,1.1213657855987549,-2.666712522506714,0.03,1.2305198907852173,-0.11882604658603668,0.32294559478759766,0.012490468099713326,0.06306833028793335,-0.1440439224243164,0.9874804615974426,0,0,0,0,0,0,0,0,0,0,0,0,0,0
12.693565607070923,1.0,0.0036791563034057617,0.04401420056819916,-0.0006489157676696777,-0.03726673126220703,2.7235195636749268,6.989905834197998,1.1213657855987549,-2.666712522506714,0.03,1.2305198907852173,-0.11882604658603668,0.32294559478759766,0.012490468099713326,0.06306833028793335,-0.1440439224243164,0.9874804615974426,0,0,0,0,0,0,0,0,0,0,0,0,0,0
12.694763660430908,1.0,0.0036791563034057617,0.04401420056819916,-0.0006489157676696777,-0.03726673126220703,2.7235195636749268,6.989905834197998,1.1213657855987549,-2.666712522506714,0.03,1.2305198907852173,-0.11882604658603668,0.32294559478759766,0.012490468099713326,0.06306833028793335,-0.1440439224243164,0.9874804615974426,0,0,0,0,0,0,0,0,0,0,0,0,0,0
12.695863246917725,1.0,0.0036791563034057617,0.04401420056819916,-0.0006489157676696777,-0.03726673126220703,2.7235195636749268,6.989905834197998,1.1213657855987549,-2.666712522506714,0.03,1.2305198907852173,-0.11882604658603668,0.32294559478759766,0.012490468099713326,0.06306833028793335,-0.1440439224243164,0.9874804615974426,0,0,0,0,0,0,0,0,0,0,0,0,0,0
12.696946382522583,1.0,0.0036791563034057617,0.04401420056819916,-0.0006489157676696777,-0.03726673126220703,2.7235195636749268,6.989905834197998,1.1213657855987549,-2.666712522506714,0.03,1.2305198907852173,-0.11882604658603668,0.32294559478759766,0.012490468099713326,0.06306833028793335,-0.1440439224243164,0.9874804615974426,0,0,0,0,0,0,0,0,0,0,0,0,0,0
12.698107957839966,1.0,0.0036791563034057617,0.04401420056819916,-0.0006489157676696777,-0.03726673126220703,2.7235195636749268,6.989905834197998,1.1213657855987549,-2.666712522506714,0.03,1.2305198907852173,-0.11882604658603668,0.32294559478759766,0.012490468099713326,0.06306833028793335,-0.1440439224243164,0.9874804615974426,0,0,0,0,0,0,0,0,0,0,0,0,0,0
12.699641227722168,1.0,0.0036026835441589355,0.03721079230308533,-0.0005785226821899414,-0.029133975505828857,2.777510166168213,7.472533702850342,1.0222960710525513,-1.894710659980774,0.03,1.2305198907852173,-0.11882604658603668,0.32294559478759766,0.012490468099713326,0.06306833028793335,-0.1440439224243164,0.9874804615974426,0,0,0,0,0,0,0,0,0,0,0,0,0,0
12.700713634490967,1.0,0.0035453438758850098,0.03539879620075226,-0.0005830526351928711,-0.02717006206512451,2.7064101696014404,7.742641925811768,1.066224455833435,-2.230393171310425,0.03,1.2305198907852173,-0.11882604658603668,0.32294559478759766,0.012490468099713326,0.06306833028793335,-0.1440439224243164,0.9874804615974426,0,0,0,0,0,0,0,0,0,0,0,0,0,0
12.702091693878174,1.0,0.0035453438758850098,0.03539879620075226,-0.0005830526351928711,-0.02717006206512451,2.7064101696014404,7.742641925811768,1.066224455833435,-2.230393171310425,0.03,1.2305198907852173,-0.11882604658603668,0.32294559478759766,0.012490468099713326,0.06306833028793335,-0.1440439224243164,0.9874804615974426,0,0,0,0,0,0,0,0,0,0,0,0,0,0
12.703402519226074,1.0,0.003531217575073242,0.0340239554643631,-0.0005567073822021484,-0.02590864896774292,2.722219467163086,7.3962082862854,1.0374704599380493,-2.1415631771087646,0.03,1.2305198907852173,-0.11882604658603668,0.32294559478759766,0.012490468099713326,0.06306833028793335,-0.1440439224243164,0.9874804615974426,0,0,0,0,0,0,0,0,0,0,0,0,0,0
12.70446491241455,1.0,0.003469407558441162,0.03144845366477966,-0.0004646778106689453,-0.02288997173309326,2.659400463104248,8.008511543273926,0.9151178002357483,-1.1239203214645386,0.03,1.2306640148162842,-0.11880496144294739,0.3212135136127472,0.022681431844830513,0.07726483047008514,-0.12042748183012009,0.9894508719444275,0,0,0,0,0,0,0,0,0,0,0,0,0,0
12.705734252929688,1.0,0.003469407558441162,0.03144845366477966,-0.0004646778106689453,-0.02288997173309326,2.659400463104248,8.008511543273926,0.9151178002357483,-1.1239203214645386,0.03,1.2306640148162842,-0.11880496144294739,0.3212135136127472,0.022681431844830513,0.07726483047008514,-0.12042748183012009,0.9894508719444275,0,0,0,0,0,0,0,0,0,0,0,0,0,0
12.708450555801392,1.0,0.003469407558441162,0.03144845366477966,-0.0004646778106689453,-0.02288997173309326,2.659400463104248,8.008511543273926,0.9151178002357483,-1.1239203214645386,0.03,1.2306640148162842,-0.11880496144294739,0.3212135136127472,0.022681431844830513,0.07726483047008514,-0.12042748183012009,0.9894508719444275,0,0,0,0,0,0,0,0,0,0,0,0,0,0
12.710301399230957,1.0,0.003469407558441162,0.03144845366477966,-0.0004646778106689453,-0.02288997173309326,2.659400463104248,8.008511543273926,0.9151178002357483,-1.1239203214645386,0.03,1.2306640148162842,-0.11880496144294739,0.3212135136127472,0.022681431844830513,0.07726483047008514,-0.12042748183012009,0.9894508719444275,0,0,0,0,0,0,0,0,0,0,0,0,0,0
12.711367130279541,1.0,0.003469407558441162,0.03144845366477966,-0.0004646778106689453,-0.02288997173309326,2.659400463104248,8.008511543273926,0.9151178002357483,-1.1239203214645386,0.03,1.2306640148162842,-0.11880496144294739,0.3212135136127472,0.022681431844830513,0.07726483047008514,-0.12042748183012009,0.9894508719444275,0,0,0,0,0,0,0,0,0,0,0,0,0,0
12.71268105506897,1.0,0.003370940685272217,0.0289640873670578,-0.0004050731658935547,-0.020308315753936768,2.553684711456299,7.863045692443848,0.8879217505455017,-2.017688512802124,0.03,1.2304625511169434,-0.11866970360279083,0.3207727074623108,0.024350464344024658,0.08268161863088608,-0.11867702007293701,0.9891848564147949,0,0,0,0,0,0,0,0,0,0,0,0,0,0
12.714660167694092,1.0,0.003070652484893799,0.019907265901565552,-0.0001512765884399414,-0.010912895202636719,2.3665785789489746,7.454957485198975,0.6868308186531067,-1.0887815952301025,0.03,1.230424404144287,-0.11848121881484985,0.3200702965259552,0.027357302606105804,0.08776847273111343,-0.10291221737861633,0.9904329180717468,0,0,0,0,0,0,0,0,0,0,0,0,0,0
12.715952634811401,1.0,0.003070652484893799,0.019907265901565552,-0.0001512765884399414,-0.010912895202636719,2.3665785789489746,7.454957485198975,0.6868308186531067,-1.0887815952301025,0.03,1.230424404144287,-0.11848121881484985,0.3200702965259552,0.027357302606105804,0.08776847273111343,-0.10291221737861633,0.9904329180717468,0,0,0,0,0,0,0,0,0,0,0,0,0,0
12.717016220092773,1.0,0.003070652484893799,0.019907265901565552,-0.0001512765884399414,-0.010912895202636719,2.3665785789489746,7.454957485198975,0.6868308186531067,-1.0887815952301025,0.03,1.230424404144287,-0.11848121881484985,0.3200702965259552,0.027357302606105804,0.08776847273111343,-0.10291221737861633,0.9904329180717468,0,0,0,0,0,0,0,0,0,0,0,0,0,0
12.719285011291504,1.0,0.0027564167976379395,0.011283338069915771,-3.123283386230469e-05,-0.0023481249809265137,2.163763999938965,7.2609124183654785,0.616646945476532,0.023631414398550987,0.03,1.230268120765686,-0.1185392513871193,0.3195066452026367,0.029978729784488678,0.09319586306810379,-0.10889116674661636,0.9892212152481079,0,0,0,0,0,0,0,0,0,0,0,0,0,0
12.722702026367188,1.0,0.002364516258239746,0.0024013370275497437,-6.657838821411133e-05,0.005191624164581299,1.8622627258300781,6.1719841957092285,0.6852118372917175,-1.2423285245895386,0.03,1.2295700311660767,-0.11801868677139282,0.31838712096214294,0.030912064015865326,0.10725554078817368,-0.11150125414133072,0.9874756336212158,0,0,0,0,0,0,0,0,0,0,0,0,0,0
12.723909139633179,1.0,0.002364516258239746,0.0024013370275497437,-6.657838821411133e-05,0.005191624164581299,1.8622627258300781,6.1719841957092285,0.6852118372917175,-1.2423285245895386,0.03,1.2295700311660767,-0.11801868677139282,0.31838712096214294,0.030912064015865326,0.10725554078817368,-0.11150125414133072,0.9874756336212158,0,0,0,0,0,0,0,0,0,0,0,0,0,0
12.72659158706665,1.0,0.002364516258239746,0.0024013370275497437,-6.657838821411133e-05,0.005191624164581299,1.8622627258300781,6.1719841957092285,0.6852118372917175,-1.2423285245895386,0.03,1.2295700311660767,-0.11801868677139282,0.31838712096214294,0.030912064015865326,0.10725554078817368,-0.11150125414133072,0.9874756336212158,0,0,0,0,0,0,0,0,0,0,0,0,0,0
12.727899074554443,1.0,0.002364516258239746,0.0024013370275497437,-6.657838821411133e-05,0.005191624164581299,1.8622627258300781,6.1719841957092285,0.6852118372917175,-1.2423285245895386,0.03,1.2295700311660767,-0.11801868677139282,0.31838712096214294,0.030912064015865326,0.10725554078817368,-0.11150125414133072,0.9874756336212158,0,0,0,0,0,0,0,0,0,0,0,0,0,0
12.729045152664185,1.0,0.002364516258239746,0.0024013370275497437,-6.657838821411133e-05,0.005191624164581299,1.8622627258300781,6.1719841957092285,0.6852118372917175,-1.2423285245895386,0.03,1.2295700311660767,-0.11801868677139282,0.31838712096214294,0.030912064015865326,0.10725554078817368,-0.11150125414133072,0.9874756336212158,0,0,0,0,0,0,0,0,0,0,0,0,0,0
12.730137825012207,1.0,0.002364516258239746,0.0024013370275497437,-6.657838821411133e-05,0.005191624164581299,1.8622627258300781,6.1719841957092285,0.6852118372917175,-1.2423285245895386,0.03,1.2295700311660767,-0.11801868677139282,0.31838712096214294,0.030912064015865326,0.10725554078817368,-0.11150125414133072,0.9874756336212158,0,0,0,0,0,0,0,0,0,0,0,0,0,0
12.731200695037842,1.0,0.002364516258239746,0.0024013370275497437,-6.657838821411133e-05,0.005191624164581299,1.8622627258300781,6.1719841957092285,0.6852118372917175,-1.2423285245895386,0.03,1.2295700311660767,-0.11801868677139282,0.31838712096214294,0.030912064015865326,0.10725554078817368,-0.11150125414133072,0.9874756336212158,0,0,0,0,0,0,0,0,0,0,0,0,0,0
12.732288360595703,1.0,0.002364516258239746,0.0024013370275497437,-6.657838821411133e-05,0.005191624164581299,1.8622627258300781,6.1719841957092285,0.6852118372917175,-1.2423285245895386,0.03,1.2295700311660767,-0.11801868677139282,0.31838712096214294,0.030912064015865326,0.10725554078817368,-0.11150125414133072,0.9874756336212158,0,0,0,0,0,0,0,0,0,0,0,0,0,0
12.733721733093262,1.0,0.002364516258239746,0.0024013370275497437,-6.657838821411133e-05,0.005191624164581299,1.8622627258300781,6.1719841957092285,0.6852118372917175,-1.2423285245895386,0.03,1.2295700311660767,-0.11801868677139282,0.31838712096214294,0.030912064015865326,0.10725554078817368,-0.11150125414133072,0.9874756336212158,0,0,0,0,0,0,0,0,0,0,0,0,0,0
12.734884023666382,1.0,0.002364516258239746,0.0024013370275497437,-6.657838821411133e-05,0.005191624164581299,1.8622627258300781,6.1719841957092285,0.6852118372917175,-1.2423285245895386,0.03,1.2295700311660767,-0.11801868677139282,0.31838712096214294,0.030912064015865326,0.10725554078817368,-0.11150125414133072,0.9874756336212158,0,0,0,0,0,0,0,0,0,0,0,0,0,0
12.736322164535522,1.0,0.002364516258239746,0.0024013370275497437,-6.657838821411133e-05,0.005191624164581299,1.8622627258300781,6.1719841957092285,0.6852118372917175,-1.2423285245895386,0.03,1.2295700311660767,-0.11801868677139282,0.31838712096214294,0.030912064015865326,0.10725554078817368,-0.11150125414133072,0.9874756336212158,0,0,0,0,0,0,0,0,0,0,0,0,0,0
12.737696886062622,1.0,0.002364516258239746,0.0024013370275497437,-6.657838821411133e-05,0.005191624164581299,1.8622627258300781,6.1719841957092285,0.6852118372917175,-1.2423285245895386,0.03,1.2295700311660767,-0.11801868677139282,0.31838712096214294,0.030912064015865326,0.10725554078817368,-0.11150125414133072,0.9874756336212158,0,0,0,0,0,0,0,0,0,0,0,0,0,0
12.740834951400757,1.0,0.002364516258239746,0.0024013370275497437,-6.657838821411133e-05,0.005191624164581299,1.8622627258300781,6.1719841957092285,0.6852118372917175,-1.2423285245895386,0.03,1.2295700311660767,-0.11801868677139282,0.31838712096214294,0.030912064015865326,0.10725554078817368,-0.11150125414133072,0.9874756336212158,0,0,0,0,0,0,0,0,0,0,0,0,0,0
12.742063283920288,1.0,0.002364516258239746,0.0024013370275497437,-6.657838821411133e-05,0.005191624164581299,1.8622627258300781,6.1719841957092285,0.6852118372917175,-1.2423285245895386,0.03,1.2295700311660767,-0.11801868677139282,0.31838712096214294,0.030912064015865326,0.10725554078817368,-0.11150125414133072,0.9874756336212158,0,0,0,0,0,0,0,0,0,0,0,0,0,0
12.743200302124023,1.0,0.002364516258239746,0.0024013370275497437,-6.657838821411133e-05,0.005191624164581299,1.8622627258300781,6.1719841957092285,0.6852118372917175,-1.2423285245895386,0.03,1.2295700311660767,-0.11801868677139282,0.31838712096214294,0.030912064015865326,0.10725554078817368,-0.11150125414133072,0.9874756336212158,0,0,0,0,0,0,0,0,0,0,0,0,0,0
12.745782852172852,1.0,0.002364516258239746,0.0024013370275497437,-6.657838821411133e-05,0.005191624164581299,1.8622627258300781,6.1719841957092285,0.6852118372917175,-1.2423285245895386,0.03,1.2295700311660767,-0.11801868677139282,0.31838712096214294,0.030912064015865326,0.10725554078817368,-0.11150125414133072,0.9874756336212158,0,0,0,0,0,0,0,0,0,0,0,0,0,0
12.747528076171875,1.0,0.002364516258239746,0.0024013370275497437,-6.657838821411133e-05,0.005191624164581299,1.8622627258300781,6.1719841957092285,0.6852118372917175,-1.2423285245895386,0.03,1.2295687198638916,-0.11800775676965714,0.3180173337459564,0.02792842499911785,0.11004172265529633,-0.12587694823741913,0.9855282306671143,0,0,0,0,0,0,0,0,0,0,0,0,0,0
12.74883222579956,1.0,0.002364516258239746,0.0024013370275497437,-6.657838821411133e-05,0.005191624164581299,1.8622627258300781,6.1719841957092285,0.6852118372917175,-1.2423285245895386,0.03,1.2295756340026855,-0.11791504919528961,0.3181213438510895,0.02682163566350937,0.11075419932603836,-0.13103578984737396,0.984806478023529,0,0,0,0,0,0,0,0,0,0,0,0,0,0
12.750022172927856,1.0,0.002364516258239746,0.0024013370275497437,-6.657838821411133e-05,0.005191624164581299,1.8622627258300781,6.1719841957092285,0.6852118372917175,-1.2423285245895386,0.03,1.2295756340026855,-0.11791504919528961,0.3181213438510895,0.02682163566350937,0.11075419932603836,-0.13103578984737396,0.984806478023529,0,0,0,0,0,0,0,0,0,0,0,0,0,0
12.75157904624939,1.0,0.002364516258239746,0.0024013370275497437,-6.657838821411133e-05,0.005191624164581299,1.8622627258300781,6.1719841957092285,0.6852118372917175,-1.2423285245895386,0.03,1.2295756340026855,-0.11791504919528961,0.3181213438510895,0.02682163566350937,0.11075419932603836,-0.13103578984737396,0.984806478023529,0,0,0,0,0,0,0,0,0,0,0,0,0,0
12.75276780128479,1.0,0.002364516258239746,0.0024013370275497437,-6.657838821411133e-05,0.005191624164581299,1.8622627258300781,6.1719841957092285,0.6852118372917175,-1.2423285245895386,0.03,1.2295756340026855,-0.11791504919528961,0.3181213438510895,0.02682163566350937,0.11075419932603836,-0.13103578984737396,0.984806478023529,0,0,0,0,0,0,0,0,0,0,0,0,0,0
12.7538583278656,1.0,0.002364516258239746,0.0024013370275497437,-6.657838821411133e-05,0.005191624164581299,1.8622627258300781,6.1719841957092285,0.6852118372917175,-1.2423285245895386,0.03,1.2295756340026855,-0.11791504919528961,0.3181213438510895,0.02682163566350937,0.11075419932603836,-0.13103578984737396,0.984806478023529,0,0,0,0,0,0,0,0,0,0,0,0,0,0
12.756255865097046,1.0,0.0019085407257080078,-0.00933992862701416,-0.00016051530838012695,0.016192376613616943,1.5020537376403809,5.916998386383057,0.7647053599357605,-1.138392686843872,0.03,1.2295756340026855,-0.11791504919528961,0.3181213438510895,0.02682163566350937,0.11075419932603836,-0.13103578984737396,0.984806478023529,0,0,0,0,0,0,0,0,0,0,0,0,0,0
12.758157730102539,1.0,0.0013696551322937012,-0.025482967495918274,-0.00010246038436889648,0.03167450428009033,1.157177448272705,4.680825233459473,0.6795181035995483,-0.3605460226535797,0.03,1.2295641899108887,-0.11790337413549423,0.31809303164482117,0.024811584502458572,0.1106661781668663,-0.13859429955482483,0.9838337898254395,0,0,0,0,0,0,0,0,0,0,0,0,0,0
12.75932240486145,1.0,0.0013696551322937012,-0.025482967495918274,-0.00010246038436889648,0.03167450428009033,1.157177448272705,4.680825233459473,0.6795181035995483,-0.3605460226535797,0.03,1.2295641899108887,-0.11790337413549423,0.31809303164482117,0.024811584502458572,0.1106661781668663,-0.13859429955482483,0.9838337898254395,0,0,0,0,0,0,0,0,0,0,0,0,0,0
12.762204647064209,1.0,0.001120448112487793,-0.03769680857658386,-0.00010603666305541992,0.042427241802215576,0.9502522349357605,4.234451770782471,0.7104023694992065,-0.44595250487327576,0.03,1.2295641899108887,-0.11790337413549423,0.31809303164482117,0.024811584502458572,0.1106661781668663,-0.13859429955482483,0.9838337898254395,0,0,0,0,0,0,0,0,0,0,0,0,0,0
12.764923334121704,1.0,0.0011457204818725586,-0.03912507742643356,-9.226799011230469e-05,0.043057799339294434,1.0453084707260132,3.7038679122924805,0.6839767694473267,-0.9578579664230347,0.03,1.2295641899108887,-0.11790337413549423,0.31809303164482117,0.024811584502458572,0.1106661781668663,-0.13859429955482483,0.9838337898254395,0,0,0,0,0,0,0,0,0,0,0,0,0,0
12.766440153121948,1.0,0.0011630654335021973,-0.04675348103046417,-0.00010538101196289062,0.04947936534881592,1.0956939458847046,2.993403911590576,0.7050135135650635,-0.7854994535446167,0.03,1.2295480966567993,-0.11796189844608307,0.3179660141468048,0.024457573890686035,0.1104879304766655,-0.13980776071548462,0.9836910963058472,0,0,0,0,0,0,0,0,0,0,0,0,0,0
12.767975807189941,1.0,0.0011630654335021973,-0.04675348103046417,-0.00010538101196289062,0.04947936534881592,1.0956939458847046,2.993403911590576,0.7050135135650635,-0.7854994535446167,0.03,1.2295480966567993,-0.11796189844608307,0.3179660141468048,0.024457573890686035,0.1104879304766655,-0.13980776071548462,0.9836910963058472,0,0,0,0,0,0,0,0,0,0,0,0,0,0
12.773597240447998,1.0,0.0011630654335021973,-0.04675348103046417,-0.00010538101196289062,0.04947936534881592,1.0956939458847046,2.993403911590576,0.7050135135650635,-0.7854994535446167,0.03,1.2295480966567993,-0.11796189844608307,0.3179660141468048,0.024457573890686035,0.1104879304766655,-0.13980776071548462,0.9836910963058472,0,0,0,0,0,0,0,0,0,0,0,0,0,0
12.77591872215271,1.0,0.0011630654335021973,-0.04675348103046417,-0.00010538101196289062,0.04947936534881592,1.0956939458847046,2.993403911590576,0.7050135135650635,-0.7854994535446167,0.03,1.2295480966567993,-0.11796189844608307,0.3179660141468048,0.024457573890686035,0.1104879304766655,-0.13980776071548462,0.9836910963058472,0,0,0,0,0,0,0,0,0,0,0,0,0,0
12.777077198028564,1.0,0.0011630654335021973,-0.04675348103046417,-0.00010538101196289062,0.04947936534881592,1.0956939458847046,2.993403911590576,0.7050135135650635,-0.7854994535446167,0.03,1.2295480966567993,-0.11796189844608307,0.3179660141468048,0.024457573890686035,0.1104879304766655,-0.13980776071548462,0.9836910963058472,0,0,0,0,0,0,0,0,0,0,0,0,0,0
12.778311967849731,1.0,0.0011630654335021973,-0.04675348103046417,-0.00010538101196289062,0.04947936534881592,1.0956939458847046,2.993403911590576,0.7050135135650635,-0.7854994535446167,0.03,1.2295442819595337,-0.11791069060564041,0.31807631254196167,0.024364855140447617,0.11028475314378738,-0.1399160921573639,0.9837008118629456,0,0,0,0,0,0,0,0,0,0,0,0,0,0
12.77952527999878,1.0,0.0011630654335021973,-0.04675348103046417,-0.00010538101196289062,0.04947936534881592,1.0956939458847046,2.993403911590576,0.7050135135650635,-0.7854994535446167,0.03,1.2295442819595337,-0.11791069060564041,0.31807631254196167,0.024364855140447617,0.11028475314378738,-0.1399160921573639,0.9837008118629456,0,0,0,0,0,0,0,0,0,0,0,0,0,0
12.780614614486694,1.0,0.0011630654335021973,-0.04675348103046417,-0.00010538101196289062,0.04947936534881592,1.0956939458847046,2.993403911590576,0.7050135135650635,-0.7854994535446167,0.03,1.2295442819595337,-0.11791069060564041,0.31807631254196167,0.024364855140447617,0.11028475314378738,-0.1399160921573639,0.9837008118629456,0,0,0,0,0,0,0,0,0,0,0,0,0,0
12.783472537994385,1.0,0.0011630654335021973,-0.04675348103046417,-0.00010538101196289062,0.04947936534881592,1.0956939458847046,2.993403911590576,0.7050135135650635,-0.7854994535446167,0.03,1.2295442819595337,-0.11791069060564041,0.31807631254196167,0.024364855140447617,0.11028475314378738,-0.1399160921573639,0.9837008118629456,0,0,0,0,0,0,0,0,0,0,0,0,0,0
12.785927057266235,1.0,0.0012078285217285156,-0.04876508563756943,-0.00010538101196289062,0.05132979154586792,1.1893370151519775,2.937443971633911,0.7062235474586487,-1.3374453783035278,0.03,1.2295442819595337,-0.11791069060564041,0.31807631254196167,0.024364855140447617,0.11028475314378738,-0.1399160921573639,0.9837008118629456,0,0,0,0,0,0,0,0,0,0,0,0,0,0
12.787001609802246,1.0,0.0011644959449768066,-0.056147485971450806,-0.0001010894775390625,0.05829113721847534,1.1001052856445312,2.5288798809051514,0.7153463959693909,-1.145295262336731,0.03,1.229491949081421,-0.11792445182800293,0.31821954250335693,0.026448283344507217,0.11015443503856659,-0.13019666075706482,0.9849951267242432,0,0,0,0,0,0,0,0,0,0,0,0,0,0
12.788238048553467,1.0,0.0012055635452270508,-0.0610789954662323,-9.274482727050781e-05,0.06307476758956909,1.1293554306030273,2.339273691177368,0.686349093914032,-1.0545713901519775,0.03,1.229491949081421,-0.11792445182800293,0.31821954250335693,0.026448283344507217,0.11015443503856659,-0.13019666075706482,0.9849951267242432,0,0,0,0,0,0,0,0,0,0,0,0,0,0
12.78963017463684,1.0,0.0012983083724975586,-0.06225469708442688,-0.00010037422180175781,0.06441652774810791,1.3101857900619507,2.6764883995056152,0.6009484529495239,-1.0352007150650024,0.03,1.229491949081421,-0.11792445182800293,0.31821954250335693,0.026448283344507217,0.11015443503856659,-0.13019666075706482,0.9849951267242432,0,0,0,0,0,0,0,0,0,0,0,0,0,0
12.79074239730835,1.0,0.0012983083724975586,-0.06225469708442688,-0.00010037422180175781,0.06441652774810791,1.3101857900619507,2.6764883995056152,0.6009484529495239,-1.0352007150650024,0.03,1.229491949081421,-0.11792445182800293,0.31821954250335693,0.026448283344507217,0.11015443503856659,-0.13019666075706482,0.9849951267242432,0,0,0,0,0,0,0,0,0,0,0,0,0,0
12.792764902114868,1.0,0.0012983083724975586,-0.06225469708442688,-0.00010037422180175781,0.06441652774810791,1.3101857900619507,2.6764883995056152,0.6009484529495239,-1.0352007150650024,0.03,1.229491949081421,-0.11792445182800293,0.31821954250335693,0.026448283344507217,0.11015443503856659,-0.13019666075706482,0.9849951267242432,0,0,0,0,0,0,0,0,0,0,0,0,0,0
12.79387092590332,1.0,0.0012983083724975586,-0.06225469708442688,-0.00010037422180175781,0.06441652774810791,1.3101857900619507,2.6764883995056152,0.6009484529495239,-1.0352007150650024,0.03,1.229491949081421,-0.11792445182800293,0.31821954250335693,0.026448283344507217,0.11015443503856659,-0.13019666075706482,0.9849951267242432,0,0,0,0,0,0,0,0,0,0,0,0,0,0
12.794973611831665,1.0,0.0012983083724975586,-0.06225469708442688,-0.00010037422180175781,0.06441652774810791,1.3101857900619507,2.6764883995056152,0.6009484529495239,-1.0352007150650024,0.03,1.229491949081421,-0.11792445182800293,0.31821954250335693,0.026448283344507217,0.11015443503856659,-0.13019666075706482,0.9849951267242432,0,0,0,0,0,0,0,0,0,0,0,0,0,0
12.79611611366272,1.0,0.0012983083724975586,-0.06225469708442688,-0.00010037422180175781,0.06441652774810791,1.3101857900619507,2.6764883995056152,0.6009484529495239,-1.0352007150650024,0.03,1.229491949081421,-0.11792445182800293,0.31821954250335693,0.026448283344507217,0.11015443503856659,-0.13019666075706482,0.9849951267242432,0,0,0,0,0,0,0,0,0,0,0,0,0,0
12.797285318374634,1.0,0.0012983083724975586,-0.06225469708442688,-0.00010037422180175781,0.06441652774810791,1.3101857900619507,2.6764883995056152,0.6009484529495239,-1.0352007150650024,0.03,1.229475975036621,-0.11792352050542831,0.3182251751422882,0.02811589650809765,0.10997108370065689,-0.12297800183296204,0.9858967661857605,0,0,0,0,0,0,0,0,0,0,0,0,0,0
12.798452138900757,1.0,0.0012983083724975586,-0.06225469708442688,-0.00010037422180175781,0.06441652774810791,1.3101857900619507,2.6764883995056152,0.6009484529495239,-1.0352007150650024,0.03,1.229475975036621,-0.11792352050542831,0.3182251751422882,0.02811589650809765,0.10997108370065689,-0.12297800183296204,0.9858967661857605,0,0,0,0,0,0,0,0,0,0,0,0,0,0
12.800636768341064,1.0,0.0012983083724975586,-0.06225469708442688,-0.00010037422180175781,0.06441652774810791,1.3101857900619507,2.6764883995056152,0.6009484529495239,-1.0352007150650024,0.03,1.229475975036621,-0.11792352050542831,0.3182251751422882,0.02811589650809765,0.10997108370065689,-0.12297800183296204,0.9858967661857605,0,0,0,0,0,0,0,0,0,0,0,0,0,0
12.801733255386353,1.0,0.0012983083724975586,-0.06225469708442688,-0.00010037422180175781,0.06441652774810791,1.3101857900619507,2.6764883995056152,0.6009484529495239,-1.0352007150650024,0.03,1.229452133178711,-0.11798417568206787,0.3181111216545105,0.028879709541797638,0.10987909883260727,-0.1194644570350647,0.9863168001174927,0,0,0,0,0,0,0,0,0,0,0,0,0,0
12.802818298339844,1.0,0.0012983083724975586,-0.06225469708442688,-0.00010037422180175781,0.06441652774810791,1.3101857900619507,2.6764883995056152,0.6009484529495239,-1.0352007150650024,0.03,1.229452133178711,-0.11798417568206787,0.3181111216545105,0.028879709541797638,0.10987909883260727,-0.1194644570350647,0.9863168001174927,0,0,0,0,0,0,0,0,0,0,0,0,0,0
12.803920030593872,1.0,0.0012983083724975586,-0.06225469708442688,-0.00010037422180175781,0.06441652774810791,1.3101857900619507,2.6764883995056152,0.6009484529495239,-1.0352007150650024,0.03,1.229452133178711,-0.11798417568206787,0.3181111216545105,0.028879709541797638,0.10987909883260727,-0.1194644570350647,0.9863168001174927,0,0,0,0,0,0,0,0,0,0,0,0,0,0
12.805034399032593,1.0,0.0012983083724975586,-0.06225469708442688,-0.00010037422180175781,0.06441652774810791,1.3101857900619507,2.6764883995056152,0.6009484529495239,-1.0352007150650024,0.03,1.229452133178711,-0.11798417568206787,0.3181111216545105,0.028879709541797638,0.10987909883260727,-0.1194644570350647,0.9863168001174927,0,0,0,0,0,0,0,0,0,0,0,0,0,0
12.806524276733398,1.0,0.0012983083724975586,-0.06225469708442688,-0.00010037422180175781,0.06441652774810791,1.3101857900619507,2.6764883995056152,0.6009484529495239,-1.0352007150650024,0.03,1.229452133178711,-0.11798417568206787,0.3181111216545105,0.028879709541797638,0.10987909883260727,-0.1194644570350647,0.9863168001174927,0,0,0,0,0,0,0,0,0,0,0,0,0,0
12.807825326919556,1.0,0.0012983083724975586,-0.06225469708442688,-0.00010037422180175781,0.06441652774810791,1.3101857900619507,2.6764883995056152,0.6009484529495239,-1.0352007150650024,0.03,1.229452133178711,-0.11798417568206787,0.3181111216545105,0.028879709541797638,0.10987909883260727,-0.1194644570350647,0.9863168001174927,0,0,0,0,0,0,0,0,0,0,0,0,0,0
12.809387922286987,1.0,0.0012983083724975586,-0.06225469708442688,-0.00010037422180175781,0.06441652774810791,1.3101857900619507,2.6764883995056152,0.6009484529495239,-1.0352007150650024,0.03,1.229452133178711,-0.11798417568206787,0.3181111216545105,0.028879709541797638,0.10987909883260727,-0.1194644570350647,0.9863168001174927,0,0,0,0,0,0,0,0,0,0,0,0,0,0
12.811509132385254,1.0,0.0012983083724975586,-0.06225469708442688,-0.00010037422180175781,0.06441652774810791,1.3101857900619507,2.6764883995056152,0.6009484529495239,-1.0352007150650024,0.03,1.2294392585754395,-0.11798560619354248,0.3180485963821411,0.029371703043580055,0.1099158301949501,-0.11704237759113312,0.9865885376930237,0,0,0,0,0,0,0,0,0,0,0,0,0,0
12.813391923904419,1.0,0.0012983083724975586,-0.06225469708442688,-0.00010037422180175781,0.06441652774810791,1.3101857900619507,2.6764883995056152,0.6009484529495239,-1.0352007150650024,0.03,1.2294392585754395,-0.11798560619354248,0.3180485963821411,0.029371703043580055,0.1099158301949501,-0.11704237759113312,0.9865885376930237,0,0,0,0,0,0,0,0,0,0,0,0,0,0
12.815377473831177,1.0,0.0012983083724975586,-0.06225469708442688,-0.00010037422180175781,0.06441652774810791,1.3101857900619507,2.6764883995056152,0.6009484529495239,-1.0352007150650024,0.03,1.2294392585754395,-0.11798560619354248,0.3180485963821411,0.029371703043580055,0.1099158301949501,-0.11704237759113312,0.9865885376930237,0,0,0,0,0,0,0,0,0,0,0,0,0,0
12.816481828689575,1.0,0.0012983083724975586,-0.06225469708442688,-0.00010037422180175781,0.06441652774810791,1.3101857900619507,2.6764883995056152,0.6009484529495239,-1.0352007150650024,0.03,1.2294392585754395,-0.11798560619354248,0.3180485963821411,0.029371703043580055,0.1099158301949501,-0.11704237759113312,0.9865885376930237,0,0,0,0,0,0,0,0,0,0,0,0,0,0
12.819056272506714,1.0,0.0012983083724975586,-0.06225469708442688,-0.00010037422180175781,0.06441652774810791,1.3101857900619507,2.6764883995056152,0.6009484529495239,-1.0352007150650024,0.03,1.2294392585754395,-0.11798560619354248,0.3180485963821411,0.029371703043580055,0.1099158301949501,-0.11704237759113312,0.9865885376930237,0,0,0,0,0,0,0,0,0,0,0,0,0,0
12.820350885391235,2.0,0.001221299171447754,-0.07927316427230835,-5.537271499633789e-05,0.0808158814907074,0.6463151574134827,1.2487149238586426,0.042098019272089005,-0.20779362320899963,0.03,1.2294392585754395,-0.11798560619354248,0.3180485963821411,0.029371703043580055,0.1099158301949501,-0.11704237759113312,0.9865885376930237,0,0,0,0,0,0,0,0,0,0,0,0,0,0
12.821534156799316,2.0,0.0018619298934936523,-0.08289633691310883,-0.0006935000419616699,0.08396798372268677,-0.1367616504430771,-1.545545220375061,-0.6308454275131226,2.0480923652648926,0.03,1.229414701461792,-0.11796553432941437,0.3181130290031433,0.029971539974212646,0.10965818166732788,-0.11430875211954117,0.9869197010993958,0,0,0,0,0,0,0,0,0,0,0,0,0,0
12.822774171829224,2.0,0.0018619298934936523,-0.08289633691310883,-0.0006935000419616699,0.08396798372268677,-0.1367616504430771,-1.545545220375061,-0.6308454275131226,2.0480923652648926,0.03,1.229414701461792,-0.11796553432941437,0.3181130290031433,0.029971539974212646,0.10965818166732788,-0.11430875211954117,0.9869197010993958,0,0,0,0,0,0,0,0,0,0,0,0,0,0
12.82425308227539,2.0,0.0018619298934936523,-0.08289633691310883,-0.0006935000419616699,0.08396798372268677,-0.1367616504430771,-1.545545220375061,-0.6308454275131226,2.0480923652648926,0.03,1.229414701461792,-0.11796553432941437,0.3181130290031433,0.029971539974212646,0.10965818166732788,-0.11430875211954117,0.9869197010993958,0,0,0,0,0,0,0,0,0,0,0,0,0,0
12.825480222702026,2.0,0.0018619298934936523,-0.08289633691310883,-0.0006935000419616699,0.08396798372268677,-0.1367616504430771,-1.545545220375061,-0.6308454275131226,2.0480923652648926,0.03,1.229414701461792,-0.11796553432941437,0.3181130290031433,0.029971539974212646,0.10965818166732788,-0.11430875211954117,0.9869197010993958,0,0,0,0,0,0,0,0,0,0,0,0,0,0
12.826738119125366,2.0,0.0018619298934936523,-0.08289633691310883,-0.0006935000419616699,0.08396798372268677,-0.1367616504430771,-1.545545220375061,-0.6308454275131226,2.0480923652648926,0.03,1.229414701461792,-0.11796553432941437,0.3181130290031433,0.029971539974212646,0.10965818166732788,-0.11430875211954117,0.9869197010993958,0,0,0,0,0,0,0,0,0,0,0,0,0,0
12.827868461608887,2.0,0.0018619298934936523,-0.08289633691310883,-0.0006935000419616699,0.08396798372268677,-0.1367616504430771,-1.545545220375061,-0.6308454275131226,2.0480923652648926,0.03,1.229414701461792,-0.11796553432941437,0.3181130290031433,0.029971539974212646,0.10965818166732788,-0.11430875211954117,0.9869197010993958,0,0,0,0,0,0,0,0,0,0,0,0,0,0
12.831446647644043,2.0,0.0018619298934936523,-0.08289633691310883,-0.0006935000419616699,0.08396798372268677,-0.1367616504430771,-1.545545220375061,-0.6308454275131226,2.0480923652648926,0.03,1.229414701461792,-0.11796553432941437,0.3181130290031433,0.029971539974212646,0.10965818166732788,-0.11430875211954117,0.9869197010993958,0,0,0,0,0,0,0,0,0,0,0,0,0,0
12.832902431488037,2.0,0.0018619298934936523,-0.08289633691310883,-0.0006935000419616699,0.08396798372268677,-0.1367616504430771,-1.545545220375061,-0.6308454275131226,2.0480923652648926,0.03,1.2294713258743286,-0.11793745309114456,0.31820544600486755,0.02978808619081974,0.10929104685783386,-0.114791139960289,0.9869099259376526,0,0,0,0,0,0,0,0,0,0,0,0,0,0
12.834192991256714,2.0,0.0018619298934936523,-0.08289633691310883,-0.0006935000419616699,0.08396798372268677,-0.1367616504430771,-1.545545220375061,-0.6308454275131226,2.0480923652648926,0.03,1.2294713258743286,-0.11793745309114456,0.31820544600486755,0.02978808619081974,0.10929104685783386,-0.114791139960289,0.9869099259376526,0,0,0,0,0,0,0,0,0,0,0,0,0,0
12.835781335830688,2.0,0.0018619298934936523,-0.08289633691310883,-0.0006935000419616699,0.08396798372268677,-0.1367616504430771,-1.545545220375061,-0.6308454275131226,2.0480923652648926,0.03,1.2294713258743286,-0.11793745309114456,0.31820544600486755,0.02978808619081974,0.10929104685783386,-0.114791139960289,0.9869099259376526,0,0,0,0,0,0,0,0,0,0,0,0,0,0
12.836920499801636,2.0,0.0018619298934936523,-0.08289633691310883,-0.0006935000419616699,0.08396798372268677,-0.1367616504430771,-1.545545220375061,-0.6308454275131226,2.0480923652648926,0.03,1.2294713258743286,-0.11793745309114456,0.31820544600486755,0.02978808619081974,0.10929104685783386,-0.114791139960289,0.9869099259376526,0,0,0,0,0,0,0,0,0,0,0,0,0,0
12.83830976486206,2.0,0.0018619298934936523,-0.08289633691310883,-0.0006935000419616699,0.08396798372268677,-0.1367616504430771,-1.545545220375061,-0.6308454275131226,2.0480923652648926,0.03,1.2294713258743286,-0.11793745309114456,0.31820544600486755,0.02978808619081974,0.10929104685783386,-0.114791139960289,0.9869099259376526,0,0,0,0,0,0,0,0,0,0,0,0,0,0
12.83981990814209,2.0,0.0018619298934936523,-0.08289633691310883,-0.0006935000419616699,0.08396798372268677,-0.1367616504430771,-1.545545220375061,-0.6308454275131226,2.0480923652648926,0.03,1.2294713258743286,-0.11793745309114456,0.31820544600486755,0.02978808619081974,0.10929104685783386,-0.114791139960289,0.9869099259376526,0,0,0,0,0,0,0,0,0,0,0,0,0,0
12.842820405960083,2.0,0.0018619298934936523,-0.08289633691310883,-0.0006935000419616699,0.08396798372268677,-0.1367616504430771,-1.545545220375061,-0.6308454275131226,2.0480923652648926,0.03,1.2294713258743286,-0.11793745309114456,0.31820544600486755,0.02978808619081974,0.10929104685783386,-0.114791139960289,0.9869099259376526,0,0,0,0,0,0,0,0,0,0,0,0,0,0
12.846333026885986,2.0,0.0018619298934936523,-0.08289633691310883,-0.0006935000419616699,0.08396798372268677,-0.1367616504430771,-1.545545220375061,-0.6308454275131226,2.0480923652648926,0.03,1.2294713258743286,-0.11793745309114456,0.31820544600486755,0.02978808619081974,0.10929104685783386,-0.114791139960289,0.9869099259376526,0,0,0,0,0,0,0,0,0,0,0,0,0,0
12.847473621368408,2.0,0.0018619298934936523,-0.08289633691310883,-0.0006935000419616699,0.08396798372268677,-0.1367616504430771,-1.545545220375061,-0.6308454275131226,2.0480923652648926,0.03,1.2294713258743286,-0.11793745309114456,0.31820544600486755,0.02978808619081974,0.10929104685783386,-0.114791139960289,0.9869099259376526,0,0,0,0,0,0,0,0,0,0,0,0,0,0
12.848571300506592,2.0,0.0018619298934936523,-0.08289633691310883,-0.0006935000419616699,0.08396798372268677,-0.1367616504430771,-1.545545220375061,-0.6308454275131226,2.0480923652648926,0.03,1.2294713258743286,-0.11793745309114456,0.31820544600486755,0.02978808619081974,0.10929104685783386,-0.114791139960289,0.9869099259376526,0,0,0,0,0,0,0,0,0,0,0,0,0,0
12.850043773651123,2.0,0.0018619298934936523,-0.08289633691310883,-0.0006935000419616699,0.08396798372268677,-0.1367616504430771,-1.545545220375061,-0.6308454275131226,2.0480923652648926,0.03,1.2294713258743286,-0.11793745309114456,0.31820544600486755,0.02978808619081974,0.10929104685783386,-0.114791139960289,0.9869099259376526,0,0,0,0,0,0,0,0,0,0,0,0,0,0
12.852113485336304,2.0,0.0018619298934936523,-0.08289633691310883,-0.0006935000419616699,0.08396798372268677,-0.1367616504430771,-1.545545220375061,-0.6308454275131226,2.0480923652648926,0.03,1.2295130491256714,-0.11796730756759644,0.3182319700717926,0.029719000682234764,0.10890848189592361,-0.11485936492681503,0.9869464039802551,0,0,0,0,0,0,0,0,0,0,0,0,0,0
12.853354692459106,2.0,0.0018619298934936523,-0.08289633691310883,-0.0006935000419616699,0.08396798372268677,-0.1367616504430771,-1.545545220375061,-0.6308454275131226,2.0480923652648926,0.03,1.2294831275939941,-0.11799502372741699,0.31815454363822937,0.02953442372381687,0.10863878577947617,-0.11320376396179199,0.9871729016304016,0,0,0,0,0,0,0,0,0,0,0,0,0,0
12.854713916778564,2.0,0.0018619298934936523,-0.08289633691310883,-0.0006935000419616699,0.08396798372268677,-0.1367616504430771,-1.545545220375061,-0.6308454275131226,2.0480923652648926,0.03,1.2294831275939941,-0.11799502372741699,0.31815454363822937,0.02953442372381687,0.10863878577947617,-0.11320376396179199,0.9871729016304016,0,0,0,0,0,0,0,0,0,0,0,0,0,0
12.855833530426025,2.0,0.0018619298934936523,-0.08289633691310883,-0.0006935000419616699,0.08396798372268677,-0.1367616504430771,-1.545545220375061,-0.6308454275131226,2.0480923652648926,0.03,1.2294831275939941,-0.11799502372741699,0.31815454363822937,0.02953442372381687,0.10863878577947617,-0.11320376396179199,0.9871729016304016,0,0,0,0,0,0,0,0,0,0,0,0,0,0
12.857074737548828,2.0,0.0018619298934936523,-0.08289633691310883,-0.0006935000419616699,0.08396798372268677,-0.1367616504430771,-1.545545220375061,-0.6308454275131226,2.0480923652648926,0.03,1.2294831275939941,-0.11799502372741699,0.31815454363822937,0.02953442372381687,0.10863878577947617,-0.11320376396179199,0.9871729016304016,0,0,0,0,0,0,0,0,0,0,0,0,0,0
12.858137607574463,2.0,0.0018619298934936523,-0.08289633691310883,-0.0006935000419616699,0.08396798372268677,-0.1367616504430771,-1.545545220375061,-0.6308454275131226,2.0480923652648926,0.03,1.2294831275939941,-0.11799502372741699,0.31815454363822937,0.02953442372381687,0.10863878577947617,-0.11320376396179199,0.9871729016304016,0,0,0,0,0,0,0,0,0,0,0,0,0,0
12.859230518341064,2.0,0.0018619298934936523,-0.08289633691310883,-0.0006935000419616699,0.08396798372268677,-0.1367616504430771,-1.545545220375061,-0.6308454275131226,2.0480923652648926,0.03,1.2294831275939941,-0.11799502372741699,0.31815454363822937,0.02953442372381687,0.10863878577947617,-0.11320376396179199,0.9871729016304016,0,0,0,0,0,0,0,0,0,0,0,0,0,0
12.86264419555664,2.0,0.0018619298934936523,-0.08289633691310883,-0.0006935000419616699,0.08396798372268677,-0.1367616504430771,-1.545545220375061,-0.6308454275131226,2.0480923652648926,0.03,1.2294831275939941,-0.11799502372741699,0.31815454363822937,0.02953442372381687,0.10863878577947617,-0.11320376396179199,0.9871729016304016,0,0,0,0,0,0,0,0,0,0,0,0,0,0
12.863862991333008,2.0,0.0018619298934936523,-0.08289633691310883,-0.0006935000419616699,0.08396798372268677,-0.1367616504430771,-1.545545220375061,-0.6308454275131226,2.0480923652648926,0.03,1.2294831275939941,-0.11799502372741699,0.31815454363822937,0.02953442372381687,0.10863878577947617,-0.11320376396179199,0.9871729016304016,0,0,0,0,0,0,0,0,0,0,0,0,0,0
12.867265939712524,2.0,0.0018619298934936523,-0.08289633691310883,-0.0006935000419616699,0.08396798372268677,-0.1367616504430771,-1.545545220375061,-0.6308454275131226,2.0480923652648926,0.03,1.2294831275939941,-0.11799502372741699,0.31815454363822937,0.02953442372381687,0.10863878577947617,-0.11320376396179199,0.9871729016304016,0,0,0,0,0,0,0,0,0,0,0,0,0,0
12.869933366775513,2.0,0.0018619298934936523,-0.08289633691310883,-0.0006935000419616699,0.08396798372268677,-0.1367616504430771,-1.545545220375061,-0.6308454275131226,2.0480923652648926,0.03,1.2294831275939941,-0.11799502372741699,0.31815454363822937,0.02953442372381687,0.10863878577947617,-0.11320376396179199,0.9871729016304016,0,0,0,0,0,0,0,0,0,0,0,0,0,0
12.872220754623413,2.0,0.006734013557434082,-0.08442157506942749,-0.0064144134521484375,0.08412787318229675,-0.3204391300678253,-1.2338899374008179,-0.1280491203069687,0.6087011694908142,0.03,1.2294753789901733,-0.11796456575393677,0.3181140422821045,0.03019838221371174,0.10830114036798477,-0.1092400848865509,0.9876363277435303,0,0,0,0,0,0,0,0,0,0,0,0,0,0
12.873678207397461,2.0,0.006734013557434082,-0.08442157506942749,-0.0064144134521484375,0.08412787318229675,-0.3204391300678253,-1.2338899374008179,-0.1280491203069687,0.6087011694908142,0.03,1.2294753789901733,-0.11796456575393677,0.3181140422821045,0.03019838221371174,0.10830114036798477,-0.1092400848865509,0.9876363277435303,0,0,0,0,0,0,0,0,0,0,0,0,0,0
12.875174522399902,2.0,0.006734013557434082,-0.08442157506942749,-0.0064144134521484375,0.08412787318229675,-0.3204391300678253,-1.2338899374008179,-0.1280491203069687,0.6087011694908142,0.03,1.2294753789901733,-0.11796456575393677,0.3181140422821045,0.03019838221371174,0.10830114036798477,-0.1092400848865509,0.9876363277435303,0,0,0,0,0,0,0,0,0,0,0,0,0,0
12.877964973449707,2.0,0.006734013557434082,-0.08442157506942749,-0.0064144134521484375,0.08412787318229675,-0.3204391300678253,-1.2338899374008179,-0.1280491203069687,0.6087011694908142,0.03,1.2294753789901733,-0.11796456575393677,0.3181140422821045,0.03019838221371174,0.10830114036798477,-0.1092400848865509,0.9876363277435303,0,0,0,0,0,0,0,0,0,0,0,0,0,0
12.87978219985962,2.0,0.01056736707687378,-0.08204784989356995,-0.011069893836975098,0.08182373642921448,-0.21870453655719757,0.8496612906455994,0.7026715874671936,-1.1045078039169312,0.03,1.229440450668335,-0.11790703237056732,0.3181304931640625,0.03043585829436779,0.10819844156503677,-0.1080518588423729,0.9877710342407227,0,0,0,0,0,0,0,0,0,0,0,0,0,0
12.880972146987915,2.0,0.01056736707687378,-0.08204784989356995,-0.011069893836975098,0.08182373642921448,-0.21870453655719757,0.8496612906455994,0.7026715874671936,-1.1045078039169312,0.03,1.229440450668335,-0.11790703237056732,0.3181304931640625,0.03043585829436779,0.10819844156503677,-0.1080518588423729,0.9877710342407227,0,0,0,0,0,0,0,0,0,0,0,0,0,0
12.882091522216797,2.0,0.01056736707687378,-0.08204784989356995,-0.011069893836975098,0.08182373642921448,-0.21870453655719757,0.8496612906455994,0.7026715874671936,-1.1045078039169312,0.03,1.229440450668335,-0.11790703237056732,0.3181304931640625,0.03043585829436779,0.10819844156503677,-0.1080518588423729,0.9877710342407227,0,0,0,0,0,0,0,0,0,0,0,0,0,0
12.884641170501709,2.0,0.01056736707687378,-0.08204784989356995,-0.011069893836975098,0.08182373642921448,-0.21870453655719757,0.8496612906455994,0.7026715874671936,-1.1045078039169312,0.03,1.229440450668335,-0.11790703237056732,0.3181304931640625,0.03043585829436779,0.10819844156503677,-0.1080518588423729,0.9877710342407227,0,0,0,0,0,0,0,0,0,0,0,0,0,0
12.885791778564453,2.0,0.01056736707687378,-0.08204784989356995,-0.011069893836975098,0.08182373642921448,-0.21870453655719757,0.8496612906455994,0.7026715874671936,-1.1045078039169312,0.03,1.229440450668335,-0.11790703237056732,0.3181304931640625,0.03043585829436779,0.10819844156503677,-0.1080518588423729,0.9877710342407227,0,0,0,0,0,0,0,0,0,0,0,0,0,0
12.88712739944458,2.0,0.01056736707687378,-0.08204784989356995,-0.011069893836975098,0.08182373642921448,-0.21870453655719757,0.8496612906455994,0.7026715874671936,-1.1045078039169312,0.03,1.229440450668335,-0.11790703237056732,0.3181304931640625,0.03043585829436779,0.10819844156503677,-0.1080518588423729,0.9877710342407227,0,0,0,0,0,0,0,0,0,0,0,0,0,0
12.888238668441772,2.0,0.01056736707687378,-0.08204784989356995,-0.011069893836975098,0.08182373642921448,-0.21870453655719757,0.8496612906455994,0.7026715874671936,-1.1045078039169312,0.03,1.229440450668335,-0.11790703237056732,0.3181304931640625,0.03043585829436779,0.10819844156503677,-0.1080518588423729,0.9877710342407227,0,0,0,0,0,0,0,0,0,0,0,0,0,0
12.889325380325317,2.0,0.01056736707687378,-0.08204784989356995,-0.011069893836975098,0.08182373642921448,-0.21870453655719757,0.8496612906455994,0.7026715874671936,-1.1045078039169312,0.03,1.229440450668335,-0.11790703237056732,0.3181304931640625,0.03043585829436779,0.10819844156503677,-0.1080518588423729,0.9877710342407227,0,0,0,0,0,0,0,0,0,0,0,0,0,0
12.890413284301758,2.0,0.01056736707687378,-0.08204784989356995,-0.011069893836975098,0.08182373642921448,-0.21870453655719757,0.8496612906455994,0.7026715874671936,-1.1045078039169312,0.03,1.229440450668335,-0.11790703237056732,0.3181304931640625,0.03043585829436779,0.10819844156503677,-0.1080518588423729,0.9877710342407227,0,0,0,0,0,0,0,0,0,0,0,0,0,0
12.891504764556885,2.0,0.01056736707687378,-0.08204784989356995,-0.011069893836975098,0.08182373642921448,-0.21870453655719757,0.8496612906455994,0.7026715874671936,-1.1045078039169312,0.03,1.229440450668335,-0.11790703237056732,0.3181304931640625,0.03043585829436779,0.10819844156503677,-0.1080518588423729,0.9877710342407227,0,0,0,0,0,0,0,0,0,0,0,0,0,0
12.892569303512573,2.0,0.01056736707687378,-0.08204784989356995,-0.011069893836975098,0.08182373642921448,-0.21870453655719757,0.8496612906455994,0.7026715874671936,-1.1045078039169312,0.03,1.229440450668335,-0.11790703237056732,0.3181304931640625,0.03043585829436779,0.10819844156503677,-0.1080518588423729,0.9877710342407227,0,0,0,0,0,0,0,0,0,0,0,0,0,0
12.893653392791748,2.0,0.01056736707687378,-0.08204784989356995,-0.011069893836975098,0.08182373642921448,-0.21870453655719757,0.8496612906455994,0.7026715874671936,-1.1045078039169312,0.03,1.229440450668335,-0.11790703237056732,0.3181304931640625,0.03043585829436779,0.10819844156503677,-0.1080518588423729,0.9877710342407227,0,0,0,0,0,0,0,0,0,0,0,0,0,0
12.89474368095398,2.0,0.01056736707687378,-0.08204784989356995,-0.011069893836975098,0.08182373642921448,-0.21870453655719757,0.8496612906455994,0.7026715874671936,-1.1045078039169312,0.03,1.229440450668335,-0.11790703237056732,0.3181304931640625,0.03043585829436779,0.10819844156503677,-0.1080518588423729,0.9877710342407227,0,0,0,0,0,0,0,0,0,0,0,0,0,0
12.896180868148804,2.0,0.01056736707687378,-0.08204784989356995,-0.011069893836975098,0.08182373642921448,-0.21870453655719757,0.8496612906455994,0.7026715874671936,-1.1045078039169312,0.03,1.229440450668335,-0.11790703237056732,0.3181304931640625,0.03043585829436779,0.10819844156503677,-0.1080518588423729,0.9877710342407227,0,0,0,0,0,0,0,0,0,0,0,0,0,0
12.897404193878174,2.0,0.01056736707687378,-0.08204784989356995,-0.011069893836975098,0.08182373642921448,-0.21870453655719757,0.8496612906455994,0.7026715874671936,-1.1045078039169312,0.03,1.2294670343399048,-0.11780538409948349,0.3182298541069031,0.029732070863246918,0.1083821952342987,-0.11124027520418167,0.9874182939529419,0,0,0,0,0,0,0,0,0,0,0,0,0,0
12.898626565933228,2.0,0.01056736707687378,-0.08204784989356995,-0.011069893836975098,0.08182373642921448,-0.21870453655719757,0.8496612906455994,0.7026715874671936,-1.1045078039169312,0.03,1.2294670343399048,-0.11780538409948349,0.3182298541069031,0.029732070863246918,0.1083821952342987,-0.11124027520418167,0.9874182939529419,0,0,0,0,0,0,0,0,0,0,0,0,0,0
12.899717330932617,2.0,0.01056736707687378,-0.08204784989356995,-0.011069893836975098,0.08182373642921448,-0.21870453655719757,0.8496612906455994,0.7026715874671936,-1.1045078039169312,0.03,1.2294670343399048,-0.11780538409948349,0.3182298541069031,0.029732070863246918,0.1083821952342987,-0.11124027520418167,0.9874182939529419,0,0,0,0,0,0,0,0,0,0,0,0,0,0
12.901039123535156,2.0,0.01056736707687378,-0.08204784989356995,-0.011069893836975098,0.08182373642921448,-0.21870453655719757,0.8496612906455994,0.7026715874671936,-1.1045078039169312,0.03,1.2294670343399048,-0.11780538409948349,0.3182298541069031,0.029732070863246918,0.1083821952342987,-0.11124027520418167,0.9874182939529419,0,0,0,0,0,0,0,0,0,0,0,0,0,0
12.903696060180664,2.0,0.01056736707687378,-0.08204784989356995,-0.011069893836975098,0.08182373642921448,-0.21870453655719757,0.8496612906455994,0.7026715874671936,-1.1045078039169312,0.03,1.2294670343399048,-0.11780538409948349,0.3182298541069031,0.029732070863246918,0.1083821952342987,-0.11124027520418167,0.9874182939529419,0,0,0,0,0,0,0,0,0,0,0,0,0,0
12.904994487762451,2.0,0.01056736707687378,-0.08204784989356995,-0.011069893836975098,0.08182373642921448,-0.21870453655719757,0.8496612906455994,0.7026715874671936,-1.1045078039169312,0.03,1.2294670343399048,-0.11780538409948349,0.3182298541069031,0.029732070863246918,0.1083821952342987,-0.11124027520418167,0.9874182939529419,0,0,0,0,0,0,0,0,0,0,0,0,0,0
12.906893730163574,2.0,0.01432657241821289,-0.08170333504676819,-0.014502525329589844,0.08171117305755615,0.13141950964927673,0.8656359910964966,0.671829879283905,-1.0190106630325317,0.03,1.2294670343399048,-0.11780538409948349,0.3182298541069031,0.029732070863246918,0.1083821952342987,-0.11124027520418167,0.9874182939529419,0,0,0,0,0,0,0,0,0,0,0,0,0,0
12.908112049102783,2.0,0.01432657241821289,-0.08170333504676819,-0.014502525329589844,0.08171117305755615,0.13141950964927673,0.8656359910964966,0.671829879283905,-1.0190106630325317,0.03,1.2294827699661255,-0.11786024272441864,0.31815871596336365,0.029723692685365677,0.10842131078243256,-0.11147773265838623,0.987387478351593,0,0,0,0,0,0,0,0,0,0,0,0,0,0
12.909613370895386,2.0,0.01942741870880127,-0.08225969970226288,-0.01925218105316162,0.08243174850940704,0.0952439084649086,0.39349284768104553,0.27824944257736206,-0.4131307303905487,0.03,1.2294827699661255,-0.11786024272441864,0.31815871596336365,0.029723692685365677,0.10842131078243256,-0.11147773265838623,0.987387478351593,0,0,0,0,0,0,0,0,0,0,0,0,0,0
12.910676002502441,2.0,0.020934641361236572,-0.08223126828670502,-0.0205194354057312,0.08241024613380432,-0.16325215995311737,0.4522259831428528,-0.21394433081150055,-0.5244020223617554,0.03,1.2294827699661255,-0.11786024272441864,0.31815871596336365,0.029723692685365677,0.10842131078243256,-0.11147773265838623,0.987387478351593,0,0,0,0,0,0,0,0,0,0,0,0,0,0
12.912171602249146,2.0,0.022143185138702393,-0.08217234909534454,-0.021785438060760498,0.08235536515712738,-0.5344710350036621,0.5365339517593384,-0.19677582383155823,-0.5895727872848511,0.03,1.2294827699661255,-0.11786024272441864,0.31815871596336365,0.029723692685365677,0.10842131078243256,-0.11147773265838623,0.987387478351593,0,0,0,0,0,0,0,0,0,0,0,0,0,0
12.913910865783691,2.0,0.022143185138702393,-0.08217234909534454,-0.021785438060760498,0.08235536515712738,-0.5344710350036621,0.5365339517593384,-0.19677582383155823,-0.5895727872848511,0.03,1.2294827699661255,-0.11786024272441864,0.31815871596336365,0.029723692685365677,0.10842131078243256,-0.11147773265838623,0.987387478351593,0,0,0,0,0,0,0,0,0,0,0,0,0,0
12.91517448425293,2.0,0.022143185138702393,-0.08217234909534454,-0.021785438060760498,0.08235536515712738,-0.5344710350036621,0.5365339517593384,-0.19677582383155823,-0.5895727872848511,0.03,1.2294827699661255,-0.11786024272441864,0.31815871596336365,0.029723692685365677,0.10842131078243256,-0.11147773265838623,0.987387478351593,0,0,0,0,0,0,0,0,0,0,0,0,0,0
12.916469812393188,2.0,0.022143185138702393,-0.08217234909534454,-0.021785438060760498,0.08235536515712738,-0.5344710350036621,0.5365339517593384,-0.19677582383155823,-0.5895727872848511,0.03,1.2294827699661255,-0.11786024272441864,0.31815871596336365,0.029723692685365677,0.10842131078243256,-0.11147773265838623,0.987387478351593,0,0,0,0,0,0,0,0,0,0,0,0,0,0
12.917561531066895,2.0,0.022143185138702393,-0.08217234909534454,-0.021785438060760498,0.08235536515712738,-0.5344710350036621,0.5365339517593384,-0.19677582383155823,-0.5895727872848511,0.03,1.2294827699661255,-0.11786024272441864,0.31815871596336365,0.029723692685365677,0.10842131078243256,-0.11147773265838623,0.987387478351593,0,0,0,0,0,0,0,0,0,0,0,0,0,0
12.918884038925171,2.0,0.022143185138702393,-0.08217234909534454,-0.021785438060760498,0.08235536515712738,-0.5344710350036621,0.5365339517593384,-0.19677582383155823,-0.5895727872848511,0.03,1.2294827699661255,-0.11786024272441864,0.31815871596336365,0.029723692685365677,0.10842131078243256,-0.11147773265838623,0.987387478351593,0,0,0,0,0,0,0,0,0,0,0,0,0,0
12.920087814331055,2.0,0.022143185138702393,-0.08217234909534454,-0.021785438060760498,0.08235536515712738,-0.5344710350036621,0.5365339517593384,-0.19677582383155823,-0.5895727872848511,0.03,1.2294827699661255,-0.11786024272441864,0.31815871596336365,0.029723692685365677,0.10842131078243256,-0.11147773265838623,0.987387478351593,0,0,0,0,0,0,0,0,0,0,0,0,0,0
12.921243667602539,2.0,0.022143185138702393,-0.08217234909534454,-0.021785438060760498,0.08235536515712738,-0.5344710350036621,0.5365339517593384,-0.19677582383155823,-0.5895727872848511,0.03,1.2294827699661255,-0.11786024272441864,0.31815871596336365,0.029723692685365677,0.10842131078243256,-0.11147773265838623,0.987387478351593,0,0,0,0,0,0,0,0,0,0,0,0,0,0
12.92329740524292,2.0,0.022634923458099365,-0.08215923607349396,-0.022343039512634277,0.08234487473964691,-0.4232655465602875,0.5491743683815002,-0.004457773640751839,-0.5839349627494812,0.03,1.2294827699661255,-0.11786024272441864,0.31815871596336365,0.029723692685365677,0.10842131078243256,-0.11147773265838623,0.987387478351593,0,0,0,0,0,0,0,0,0,0,0,0,0,0
12.924541473388672,2.0,0.022875964641571045,-0.08214801549911499,-0.022644460201263428,0.08232495188713074,-0.5167845487594604,0.5571392178535461,-0.20833000540733337,-0.6185024380683899,0.03,1.2295020818710327,-0.11795996874570847,0.3181191682815552,0.030608315020799637,0.1082083135843277,-0.10776462405920029,0.9877959489822388,0,0,0,0,0,0,0,0,0,0,0,0,0,0
12.925693273544312,2.0,0.022875964641571045,-0.08214801549911499,-0.022644460201263428,0.08232495188713074,-0.5167845487594604,0.5571392178535461,-0.20833000540733337,-0.6185024380683899,0.03,1.2295020818710327,-0.11795996874570847,0.3181191682815552,0.030608315020799637,0.1082083135843277,-0.10776462405920029,0.9877959489822388,0,0,0,0,0,0,0,0,0,0,0,0,0,0
12.926787853240967,2.0,0.022875964641571045,-0.08214801549911499,-0.022644460201263428,0.08232495188713074,-0.5167845487594604,0.5571392178535461,-0.20833000540733337,-0.6185024380683899,0.03,1.2295020818710327,-0.11795996874570847,0.3181191682815552,0.030608315020799637,0.1082083135843277,-0.10776462405920029,0.9877959489822388,0,0,0,0,0,0,0,0,0,0,0,0,0,0
12.928057432174683,2.0,0.022875964641571045,-0.08214801549911499,-0.022644460201263428,0.08232495188713074,-0.5167845487594604,0.5571392178535461,-0.20833000540733337,-0.6185024380683899,0.03,1.2295020818710327,-0.11795996874570847,0.3181191682815552,0.030608315020799637,0.1082083135843277,-0.10776462405920029,0.9877959489822388,0,0,0,0,0,0,0,0,0,0,0,0,0,0
12.92914867401123,2.0,0.022875964641571045,-0.08214801549911499,-0.022644460201263428,0.08232495188713074,-0.5167845487594604,0.5571392178535461,-0.20833000540733337,-0.6185024380683899,0.03,1.2295020818710327,-0.11795996874570847,0.3181191682815552,0.030608315020799637,0.1082083135843277,-0.10776462405920029,0.9877959489822388,0,0,0,0,0,0,0,0,0,0,0,0,0,0
12.930586814880371,2.0,0.022875964641571045,-0.08214801549911499,-0.022644460201263428,0.08232495188713074,-0.5167845487594604,0.5571392178535461,-0.20833000540733337,-0.6185024380683899,0.03,1.2295020818710327,-0.11795996874570847,0.3181191682815552,0.030608315020799637,0.1082083135843277,-0.10776462405920029,0.9877959489822388,0,0,0,0,0,0,0,0,0,0,0,0,0,0
12.931713342666626,2.0,0.022875964641571045,-0.08214801549911499,-0.022644460201263428,0.08232495188713074,-0.5167845487594604,0.5571392178535461,-0.20833000540733337,-0.6185024380683899,0.03,1.2295020818710327,-0.11795996874570847,0.3181191682815552,0.030608315020799637,0.1082083135843277,-0.10776462405920029,0.9877959489822388,0,0,0,0,0,0,0,0,0,0,0,0,0,0
12.933228731155396,2.0,0.022875964641571045,-0.08214801549911499,-0.022644460201263428,0.08232495188713074,-0.5167845487594604,0.5571392178535461,-0.20833000540733337,-0.6185024380683899,0.03,1.2295020818710327,-0.11795996874570847,0.3181191682815552,0.030608315020799637,0.1082083135843277,-0.10776462405920029,0.9877959489822388,0,0,0,0,0,0,0,0,0,0,0,0,0,0
12.934865236282349,2.0,0.022875964641571045,-0.08214801549911499,-0.022644460201263428,0.08232495188713074,-0.5167845487594604,0.5571392178535461,-0.20833000540733337,-0.6185024380683899,0.03,1.2295020818710327,-0.11795996874570847,0.3181191682815552,0.030608315020799637,0.1082083135843277,-0.10776462405920029,0.9877959489822388,0,0,0,0,0,0,0,0,0,0,0,0,0,0
12.935949325561523,2.0,0.022875964641571045,-0.08214801549911499,-0.022644460201263428,0.08232495188713074,-0.5167845487594604,0.5571392178535461,-0.20833000540733337,-0.6185024380683899,0.03,1.2295020818710327,-0.11795996874570847,0.3181191682815552,0.030608315020799637,0.1082083135843277,-0.10776462405920029,0.9877959489822388,0,0,0,0,0,0,0,0,0,0,0,0,0,0
12.937181949615479,2.0,0.022875964641571045,-0.08214801549911499,-0.022644460201263428,0.08232495188713074,-0.5167845487594604,0.5571392178535461,-0.20833000540733337,-0.6185024380683899,0.03,1.2295036315917969,-0.11786878108978271,0.3182354271411896,0.03031543642282486,0.10828649252653122,-0.10867515951395035,0.9876967072486877,0,0,0,0,0,0,0,0,0,0,0,0,0,0
12.93876314163208,2.0,0.022875964641571045,-0.08214801549911499,-0.022644460201263428,0.08232495188713074,-0.5167845487594604,0.5571392178535461,-0.20833000540733337,-0.6185024380683899,0.03,1.2295036315917969,-0.11786878108978271,0.3182354271411896,0.03031543642282486,0.10828649252653122,-0.10867515951395035,0.9876967072486877,0,0,0,0,0,0,0,0,0,0,0,0,0,0
12.940935373306274,2.0,0.02420985698699951,-0.08212853968143463,-0.024024784564971924,0.08230830729007721,-0.49438902735710144,0.554296612739563,-0.22903916239738464,-0.6231217384338379,0.03,1.229492425918579,-0.11785240471363068,0.3182408809661865,0.02987244725227356,0.10838361829519272,-0.11052197217941284,0.9874946475028992,0,0,0,0,0,0,0,0,0,0,0,0,0,0
12.943319082260132,2.0,0.02549588680267334,-0.08213372528553009,-0.025568246841430664,0.08232519030570984,-0.5205132365226746,0.53619784116745,0.08239893615245819,-0.5889667868614197,0.03,1.229492425918579,-0.11785240471363068,0.3182408809661865,0.02987244725227356,0.10838361829519272,-0.11052197217941284,0.9874946475028992,0,0,0,0,0,0,0,0,0,0,0,0,0,0
12.94525671005249,2.0,0.031694233417510986,-0.08218403160572052,-0.032577455043792725,0.0823846161365509,-0.5527576208114624,0.5506933331489563,0.5991030931472778,-0.5819921493530273,0.03,1.2294749021530151,-0.11789198964834213,0.3181625008583069,0.029466738924384117,0.10847774893045425,-0.11207683384418488,0.9873211979866028,0,0,0,0,0,0,0,0,0,0,0,0,0,0
12.946571350097656,2.0,0.031694233417510986,-0.08218403160572052,-0.032577455043792725,0.0823846161365509,-0.5527576208114624,0.5506933331489563,0.5991030931472778,-0.5819921493530273,0.03,1.2294749021530151,-0.11789198964834213,0.3181625008583069,0.029466738924384117,0.10847774893045425,-0.11207683384418488,0.9873211979866028,0,0,0,0,0,0,0,0,0,0,0,0,0,0
12.947752475738525,2.0,0.031694233417510986,-0.08218403160572052,-0.032577455043792725,0.0823846161365509,-0.5527576208114624,0.5506933331489563,0.5991030931472778,-0.5819921493530273,0.03,1.2294749021530151,-0.11789198964834213,0.3181625008583069,0.029466738924384117,0.10847774893045425,-0.11207683384418488,0.9873211979866028,0,0,0,0,0,0,0,0,0,0,0,0,0,0
12.948946714401245,2.0,0.031694233417510986,-0.08218403160572052,-0.032577455043792725,0.0823846161365509,-0.5527576208114624,0.5506933331489563,0.5991030931472778,-0.5819921493530273,0.03,1.2294749021530151,-0.11789198964834213,0.3181625008583069,0.029466738924384117,0.10847774893045425,-0.11207683384418488,0.9873211979866028,0,0,0,0,0,0,0,0,0,0,0,0,0,0
12.952788591384888,2.0,0.031694233417510986,-0.08218403160572052,-0.032577455043792725,0.0823846161365509,-0.5527576208114624,0.5506933331489563,0.5991030931472778,-0.5819921493530273,0.03,1.2294749021530151,-0.11789198964834213,0.3181625008583069,0.029466738924384117,0.10847774893045425,-0.11207683384418488,0.9873211979866028,0,0,0,0,0,0,0,0,0,0,0,0,0,0
12.954225063323975,2.0,0.031694233417510986,-0.08218403160572052,-0.032577455043792725,0.0823846161365509,-0.5527576208114624,0.5506933331489563,0.5991030931472778,-0.5819921493530273,0.03,1.2294749021530151,-0.11789198964834213,0.3181625008583069,0.029466738924384117,0.10847774893045425,-0.11207683384418488,0.9873211979866028,0,0,0,0,0,0,0,0,0,0,0,0,0,0
12.955390930175781,2.0,0.031694233417510986,-0.08218403160572052,-0.032577455043792725,0.0823846161365509,-0.5527576208114624,0.5506933331489563,0.5991030931472778,-0.5819921493530273,0.03,1.2294749021530151,-0.11789198964834213,0.3181625008583069,0.029466738924384117,0.10847774893045425,-0.11207683384418488,0.9873211979866028,0,0,0,0,0,0,0,0,0,0,0,0,0,0
12.956454992294312,2.0,0.031694233417510986,-0.08218403160572052,-0.032577455043792725,0.0823846161365509,-0.5527576208114624,0.5506933331489563,0.5991030931472778,-0.5819921493530273,0.03,1.2295516729354858,-0.11785557866096497,0.3181245028972626,0.027399322018027306,0.10857897251844406,-0.12089354544878006,0.9863288402557373,0,0,0,0,0,0,0,0,0,0,0,0,0,0
12.959009170532227,2.0,0.031694233417510986,-0.08218403160572052,-0.032577455043792725,0.0823846161365509,-0.5527576208114624,0.5506933331489563,0.5991030931472778,-0.5819921493530273,0.03,1.2295516729354858,-0.11785557866096497,0.3181245028972626,0.027399322018027306,0.10857897251844406,-0.12089354544878006,0.9863288402557373,0,0,0,0,0,0,0,0,0,0,0,0,0,0
12.960378408432007,2.0,0.031694233417510986,-0.08218403160572052,-0.032577455043792725,0.0823846161365509,-0.5527576208114624,0.5506933331489563,0.5991030931472778,-0.5819921493530273,0.03,1.2295516729354858,-0.11785557866096497,0.3181245028972626,0.027399322018027306,0.10857897251844406,-0.12089354544878006,0.9863288402557373,0,0,0,0,0,0,0,0,0,0,0,0,0,0
12.961906909942627,2.0,0.031694233417510986,-0.08218403160572052,-0.032577455043792725,0.0823846161365509,-0.5527576208114624,0.5506933331489563,0.5991030931472778,-0.5819921493530273,0.03,1.2295516729354858,-0.11785557866096497,0.3181245028972626,0.027399322018027306,0.10857897251844406,-0.12089354544878006,0.9863288402557373,0,0,0,0,0,0,0,0,0,0,0,0,0,0
12.96381139755249,2.0,0.031694233417510986,-0.08218403160572052,-0.032577455043792725,0.0823846161365509,-0.5527576208114624,0.5506933331489563,0.5991030931472778,-0.5819921493530273,0.03,1.2295516729354858,-0.11785557866096497,0.3181245028972626,0.027399322018027306,0.10857897251844406,-0.12089354544878006,0.9863288402557373,0,0,0,0,0,0,0,0,0,0,0,0,0,0
12.965800046920776,2.0,0.031694233417510986,-0.08218403160572052,-0.032577455043792725,0.0823846161365509,-0.5527576208114624,0.5506933331489563,0.5991030931472778,-0.5819921493530273,0.03,1.2295516729354858,-0.11785557866096497,0.3181245028972626,0.027399322018027306,0.10857897251844406,-0.12089354544878006,0.9863288402557373,0,0,0,0,0,0,0,0,0,0,0,0,0,0
12.967557191848755,2.0,0.031694233417510986,-0.08218403160572052,-0.032577455043792725,0.0823846161365509,-0.5527576208114624,0.5506933331489563,0.5991030931472778,-0.5819921493530273,0.03,1.2295516729354858,-0.11785557866096497,0.3181245028972626,0.027399322018027306,0.10857897251844406,-0.12089354544878006,0.9863288402557373,0,0,0,0,0,0,0,0,0,0,0,0,0,0
12.969016551971436,2.0,0.031694233417510986,-0.08218403160572052,-0.032577455043792725,0.0823846161365509,-0.5527576208114624,0.5506933331489563,0.5991030931472778,-0.5819921493530273,0.03,1.2295516729354858,-0.11785557866096497,0.3181245028972626,0.027399322018027306,0.10857897251844406,-0.12089354544878006,0.9863288402557373,0,0,0,0,0,0,0,0,0,0,0,0,0,0
12.970460891723633,2.0,0.031694233417510986,-0.08218403160572052,-0.032577455043792725,0.0823846161365509,-0.5527576208114624,0.5506933331489563,0.5991030931472778,-0.5819921493530273,0.03,1.2295516729354858,-0.11785557866096497,0.3181245028972626,0.027399322018027306,0.10857897251844406,-0.12089354544878006,0.9863288402557373,0,0,0,0,0,0,0,0,0,0,0,0,0,0
12.971594333648682,2.0,0.031694233417510986,-0.08218403160572052,-0.032577455043792725,0.0823846161365509,-0.5527576208114624,0.5506933331489563,0.5991030931472778,-0.5819921493530273,0.03,1.2295516729354858,-0.11785557866096497,0.3181245028972626,0.027399322018027306,0.10857897251844406,-0.12089354544878006,0.9863288402557373,0,0,0,0,0,0,0,0,0,0,0,0,0,0
12.972665548324585,2.0,0.031694233417510986,-0.08218403160572052,-0.032577455043792725,0.0823846161365509,-0.5527576208114624,0.5506933331489563,0.5991030931472778,-0.5819921493530273,0.03,1.2295516729354858,-0.11785557866096497,0.3181245028972626,0.027399322018027306,0.10857897251844406,-0.12089354544878006,0.9863288402557373,0,0,0,0,0,0,0,0,0,0,0,0,0,0
12.97372841835022,2.0,0.031694233417510986,-0.08218403160572052,-0.032577455043792725,0.0823846161365509,-0.5527576208114624,0.5506933331489563,0.5991030931472778,-0.5819921493530273,0.03,1.2295516729354858,-0.11785557866096497,0.3181245028972626,0.027399322018027306,0.10857897251844406,-0.12089354544878006,0.9863288402557373,0,0,0,0,0,0,0,0,0,0,0,0,0,0
12.974982976913452,2.0,0.031694233417510986,-0.08218403160572052,-0.032577455043792725,0.0823846161365509,-0.5527576208114624,0.5506933331489563,0.5991030931472778,-0.5819921493530273,0.03,1.2295516729354858,-0.11785557866096497,0.3181245028972626,0.027399322018027306,0.10857897251844406,-0.12089354544878006,0.9863288402557373,0,0,0,0,0,0,0,0,0,0,0,0,0,0
12.977720499038696,2.0,0.031694233417510986,-0.08218403160572052,-0.032577455043792725,0.0823846161365509,-0.5527576208114624,0.5506933331489563,0.5991030931472778,-0.5819921493530273,0.03,1.2295516729354858,-0.11785557866096497,0.3181245028972626,0.027399322018027306,0.10857897251844406,-0.12089354544878006,0.9863288402557373,0,0,0,0,0,0,0,0,0,0,0,0,0,0
12.979009628295898,2.0,0.031694233417510986,-0.08218403160572052,-0.032577455043792725,0.0823846161365509,-0.5527576208114624,0.5506933331489563,0.5991030931472778,-0.5819921493530273,0.03,1.2295516729354858,-0.11785557866096497,0.3181245028972626,0.027399322018027306,0.10857897251844406,-0.12089354544878006,0.9863288402557373,0,0,0,0,0,0,0,0,0,0,0,0,0,0
12.980099439620972,2.0,0.031694233417510986,-0.08218403160572052,-0.032577455043792725,0.0823846161365509,-0.5527576208114624,0.5506933331489563,0.5991030931472778,-0.5819921493530273,0.03,1.2295516729354858,-0.11785557866096497,0.3181245028972626,0.027399322018027306,0.10857897251844406,-0.12089354544878006,0.9863288402557373,0,0,0,0,0,0,0,0,0,0,0,0,0,0
12.981199979782104,2.0,0.031694233417510986,-0.08218403160572052,-0.032577455043792725,0.0823846161365509,-0.5527576208114624,0.5506933331489563,0.5991030931472778,-0.5819921493530273,0.03,1.2295516729354858,-0.11785557866096497,0.3181245028972626,0.027399322018027306,0.10857897251844406,-0.12089354544878006,0.9863288402557373,0,0,0,0,0,0,0,0,0,0,0,0,0,0
12.982314109802246,2.0,0.031694233417510986,-0.08218403160572052,-0.032577455043792725,0.0823846161365509,-0.5527576208114624,0.5506933331489563,0.5991030931472778,-0.5819921493530273,0.03,1.2295516729354858,-0.11785557866096497,0.3181245028972626,0.027399322018027306,0.10857897251844406,-0.12089354544878006,0.9863288402557373,0,0,0,0,0,0,0,0,0,0,0,0,0,0
12.983360767364502,2.0,0.031694233417510986,-0.08218403160572052,-0.032577455043792725,0.0823846161365509,-0.5527576208114624,0.5506933331489563,0.5991030931472778,-0.5819921493530273,0.03,1.2295516729354858,-0.11785557866096497,0.3181245028972626,0.027399322018027306,0.10857897251844406,-0.12089354544878006,0.9863288402557373,0,0,0,0,0,0,0,0,0,0,0,0,0,0
12.984665632247925,2.0,0.031694233417510986,-0.08218403160572052,-0.032577455043792725,0.0823846161365509,-0.5527576208114624,0.5506933331489563,0.5991030931472778,-0.5819921493530273,0.03,1.2295516729354858,-0.11785557866096497,0.3181245028972626,0.027399322018027306,0.10857897251844406,-0.12089354544878006,0.9863288402557373,0,0,0,0,0,0,0,0,0,0,0,0,0,0
12.985726118087769,2.0,0.031694233417510986,-0.08218403160572052,-0.032577455043792725,0.0823846161365509,-0.5527576208114624,0.5506933331489563,0.5991030931472778,-0.5819921493530273,0.03,1.2295516729354858,-0.11785557866096497,0.3181245028972626,0.027399322018027306,0.10857897251844406,-0.12089354544878006,0.9863288402557373,0,0,0,0,0,0,0,0,0,0,0,0,0,0
12.98678469657898,2.0,0.031694233417510986,-0.08218403160572052,-0.032577455043792725,0.0823846161365509,-0.5527576208114624,0.5506933331489563,0.5991030931472778,-0.5819921493530273,0.03,1.2295516729354858,-0.11785557866096497,0.3181245028972626,0.027399322018027306,0.10857897251844406,-0.12089354544878006,0.9863288402557373,0,0,0,0,0,0,0,0,0,0,0,0,0,0
12.987849473953247,2.0,0.031694233417510986,-0.08218403160572052,-0.032577455043792725,0.0823846161365509,-0.5527576208114624,0.5506933331489563,0.5991030931472778,-0.5819921493530273,0.03,1.2295516729354858,-0.11785557866096497,0.3181245028972626,0.027399322018027306,0.10857897251844406,-0.12089354544878006,0.9863288402557373,0,0,0,0,0,0,0,0,0,0,0,0,0,0
12.988951444625854,2.0,0.031694233417510986,-0.08218403160572052,-0.032577455043792725,0.0823846161365509,-0.5527576208114624,0.5506933331489563,0.5991030931472778,-0.5819921493530273,0.03,1.2295516729354858,-0.11785557866096497,0.3181245028972626,0.027399322018027306,0.10857897251844406,-0.12089354544878006,0.9863288402557373,0,0,0,0,0,0,0,0,0,0,0,0,0,0
12.990109920501709,2.0,0.031694233417510986,-0.08218403160572052,-0.032577455043792725,0.0823846161365509,-0.5527576208114624,0.5506933331489563,0.5991030931472778,-0.5819921493530273,0.03,1.2295516729354858,-0.11785557866096497,0.3181245028972626,0.027399322018027306,0.10857897251844406,-0.12089354544878006,0.9863288402557373,0,0,0,0,0,0,0,0,0,0,0,0,0,0
12.991437435150146,2.0,0.031694233417510986,-0.08218403160572052,-0.032577455043792725,0.0823846161365509,-0.5527576208114624,0.5506933331489563,0.5991030931472778,-0.5819921493530273,0.03,1.2295516729354858,-0.11785557866096497,0.3181245028972626,0.027399322018027306,0.10857897251844406,-0.12089354544878006,0.9863288402557373,0,0,0,0,0,0,0,0,0,0,0,0,0,0
12.992573261260986,2.0,0.031694233417510986,-0.08218403160572052,-0.032577455043792725,0.0823846161365509,-0.5527576208114624,0.5506933331489563,0.5991030931472778,-0.5819921493530273,0.03,1.2295068502426147,-0.11798965930938721,0.3180813193321228,0.028721710667014122,0.1085689440369606,-0.1142599880695343,0.987082839012146,0,0,0,0,0,0,0,0,0,0,0,0,0,0
12.99419379234314,2.0,0.031694233417510986,-0.08218403160572052,-0.032577455043792725,0.0823846161365509,-0.5527576208114624,0.5506933331489563,0.5991030931472778,-0.5819921493530273,0.03,1.2295068502426147,-0.11798965930938721,0.3180813193321228,0.028721710667014122,0.1085689440369606,-0.1142599880695343,0.987082839012146,0,0,0,0,0,0,0,0,0,0,0,0,0,0
12.995743036270142,2.0,0.031694233417510986,-0.08218403160572052,-0.032577455043792725,0.0823846161365509,-0.5527576208114624,0.5506933331489563,0.5991030931472778,-0.5819921493530273,0.03,1.2295068502426147,-0.11798965930938721,0.3180813193321228,0.028721710667014122,0.1085689440369606,-0.1142599880695343,0.987082839012146,0,0,0,0,0,0,0,0,0,0,0,0,0,0
12.999300003051758,2.0,0.031967103481292725,-0.08215439319610596,-0.033160507678985596,0.08238504827022552,-0.6840147376060486,0.5651513934135437,0.7434064149856567,-0.5813412666320801,0.03,1.2295068502426147,-0.11798965930938721,0.3180813193321228,0.028721710667014122,0.1085689440369606,-0.1142599880695343,0.987082839012146,0,0,0,0,0,0,0,0,0,0,0,0,0,0
13.001798868179321,2.0,0.04534733295440674,-0.08225949108600616,-0.04801678657531738,0.08238652348518372,-2.8799586296081543,0.5686178803443909,0.004907721653580666,-0.6397600769996643,0.03,1.2294639348983765,-0.11800875514745712,0.3179968297481537,0.029679425060749054,0.10849286615848541,-0.10905423015356064,0.9876516461372375,0,0,0,0,0,0,0,0,0,0,0,0,0,0
13.003188371658325,2.0,0.04534733295440674,-0.08225949108600616,-0.04801678657531738,0.08238652348518372,-2.8799586296081543,0.5686178803443909,0.004907721653580666,-0.6397600769996643,0.03,1.2294639348983765,-0.11800875514745712,0.3179968297481537,0.029679425060749054,0.10849286615848541,-0.10905423015356064,0.9876516461372375,0,0,0,0,0,0,0,0,0,0,0,0,0,0
13.004502296447754,2.0,0.04534733295440674,-0.08225949108600616,-0.04801678657531738,0.08238652348518372,-2.8799586296081543,0.5686178803443909,0.004907721653580666,-0.6397600769996643,0.03,1.2294639348983765,-0.11800875514745712,0.3179968297481537,0.029679425060749054,0.10849286615848541,-0.10905423015356064,0.9876516461372375,0,0,0,0,0,0,0,0,0,0,0,0,0,0
13.006258964538574,2.0,0.04534733295440674,-0.08225949108600616,-0.04801678657531738,0.08238652348518372,-2.8799586296081543,0.5686178803443909,0.004907721653580666,-0.6397600769996643,0.03,1.2294639348983765,-0.11800875514745712,0.3179968297481537,0.029679425060749054,0.10849286615848541,-0.10905423015356064,0.9876516461372375,0,0,0,0,0,0,0,0,0,0,0,0,0,0
13.007364511489868,2.0,0.04534733295440674,-0.08225949108600616,-0.04801678657531738,0.08238652348518372,-2.8799586296081543,0.5686178803443909,0.004907721653580666,-0.6397600769996643,0.03,1.2294639348983765,-0.11800875514745712,0.3179968297481537,0.029679425060749054,0.10849286615848541,-0.10905423015356064,0.9876516461372375,0,0,0,0,0,0,0,0,0,0,0,0,0,0
13.008698463439941,2.0,0.04534733295440674,-0.08225949108600616,-0.04801678657531738,0.08238652348518372,-2.8799586296081543,0.5686178803443909,0.004907721653580666,-0.6397600769996643,0.03,1.2295268774032593,-0.11788672208786011,0.31800416111946106,0.02562974952161312,0.10903199762105942,-0.12699778378009796,0.9855591058731079,0,0,0,0,0,0,0,0,0,0,0,0,0,0
13.010114908218384,2.0,0.04534733295440674,-0.08225949108600616,-0.04801678657531738,0.08238652348518372,-2.8799586296081543,0.5686178803443909,0.004907721653580666,-0.6397600769996643,0.03,1.2295268774032593,-0.11788672208786011,0.31800416111946106,0.02562974952161312,0.10903199762105942,-0.12699778378009796,0.9855591058731079,0,0,0,0,0,0,0,0,0,0,0,0,0,0
13.011980772018433,2.0,0.04534733295440674,-0.08225949108600616,-0.04801678657531738,0.08238652348518372,-2.8799586296081543,0.5686178803443909,0.004907721653580666,-0.6397600769996643,0.03,1.2295268774032593,-0.11788672208786011,0.31800416111946106,0.02562974952161312,0.10903199762105942,-0.12699778378009796,0.9855591058731079,0,0,0,0,0,0,0,0,0,0,0,0,0,0
13.013108015060425,2.0,0.04534733295440674,-0.08225949108600616,-0.04801678657531738,0.08238652348518372,-2.8799586296081543,0.5686178803443909,0.004907721653580666,-0.6397600769996643,0.03,1.2295268774032593,-0.11788672208786011,0.31800416111946106,0.02562974952161312,0.10903199762105942,-0.12699778378009796,0.9855591058731079,0,0,0,0,0,0,0,0,0,0,0,0,0,0
13.01493763923645,2.0,0.04534733295440674,-0.08225949108600616,-0.04801678657531738,0.08238652348518372,-2.8799586296081543,0.5686178803443909,0.004907721653580666,-0.6397600769996643,0.03,1.2295268774032593,-0.11788672208786011,0.31800416111946106,0.02562974952161312,0.10903199762105942,-0.12699778378009796,0.9855591058731079,0,0,0,0,0,0,0,0,0,0,0,0,0,0
13.016026973724365,2.0,0.04534733295440674,-0.08225949108600616,-0.04801678657531738,0.08238652348518372,-2.8799586296081543,0.5686178803443909,0.004907721653580666,-0.6397600769996643,0.03,1.2295268774032593,-0.11788672208786011,0.31800416111946106,0.02562974952161312,0.10903199762105942,-0.12699778378009796,0.9855591058731079,0,0,0,0,0,0,0,0,0,0,0,0,0,0
13.017090082168579,2.0,0.04534733295440674,-0.08225949108600616,-0.04801678657531738,0.08238652348518372,-2.8799586296081543,0.5686178803443909,0.004907721653580666,-0.6397600769996643,0.03,1.2295268774032593,-0.11788672208786011,0.31800416111946106,0.02562974952161312,0.10903199762105942,-0.12699778378009796,0.9855591058731079,0,0,0,0,0,0,0,0,0,0,0,0,0,0
13.018254280090332,2.0,0.04534733295440674,-0.08225949108600616,-0.04801678657531738,0.08238652348518372,-2.8799586296081543,0.5686178803443909,0.004907721653580666,-0.6397600769996643,0.03,1.2295268774032593,-0.11788672208786011,0.31800416111946106,0.02562974952161312,0.10903199762105942,-0.12699778378009796,0.9855591058731079,0,0,0,0,0,0,0,0,0,0,0,0,0,0
13.019667387008667,2.0,0.04534733295440674,-0.08225949108600616,-0.04801678657531738,0.08238652348518372,-2.8799586296081543,0.5686178803443909,0.004907721653580666,-0.6397600769996643,0.03,1.2295268774032593,-0.11788672208786011,0.31800416111946106,0.02562974952161312,0.10903199762105942,-0.12699778378009796,0.9855591058731079,0,0,0,0,0,0,0,0,0,0,0,0,0,0
13.020849227905273,2.0,0.04534733295440674,-0.08225949108600616,-0.04801678657531738,0.08238652348518372,-2.8799586296081543,0.5686178803443909,0.004907721653580666,-0.6397600769996643,0.03,1.2295268774032593,-0.11788672208786011,0.31800416111946106,0.02562974952161312,0.10903199762105942,-0.12699778378009796,0.9855591058731079,0,0,0,0,0,0,0,0,0,0,0,0,0,0
13.022286653518677,2.0,0.04534733295440674,-0.08225949108600616,-0.04801678657531738,0.08238652348518372,-2.8799586296081543,0.5686178803443909,0.004907721653580666,-0.6397600769996643,0.03,1.2295268774032593,-0.11788672208786011,0.31800416111946106,0.02562974952161312,0.10903199762105942,-0.12699778378009796,0.9855591058731079,0,0,0,0,0,0,0,0,0,0,0,0,0,0
13.023569583892822,2.0,0.04534733295440674,-0.08225949108600616,-0.04801678657531738,0.08238652348518372,-2.8799586296081543,0.5686178803443909,0.004907721653580666,-0.6397600769996643,0.03,1.2295268774032593,-0.11788672208786011,0.31800416111946106,0.02562974952161312,0.10903199762105942,-0.12699778378009796,0.9855591058731079,0,0,0,0,0,0,0,0,0,0,0,0,0,0
13.025895833969116,2.0,0.04534733295440674,-0.08225949108600616,-0.04801678657531738,0.08238652348518372,-2.8799586296081543,0.5686178803443909,0.004907721653580666,-0.6397600769996643,0.03,1.2294777631759644,-0.117951899766922,0.31803271174430847,0.028064800426363945,0.10882638394832611,-0.11556560546159744,0.9869214296340942,0,0,0,0,0,0,0,0,0,0,0,0,0,0
13.027241468429565,2.0,0.04534733295440674,-0.08225949108600616,-0.04801678657531738,0.08238652348518372,-2.8799586296081543,0.5686178803443909,0.004907721653580666,-0.6397600769996643,0.03,1.2294777631759644,-0.117951899766922,0.31803271174430847,0.028064800426363945,0.10882638394832611,-0.11556560546159744,0.9869214296340942,0,0,0,0,0,0,0,0,0,0,0,0,0,0
13.02851939201355,2.0,0.04534733295440674,-0.08225949108600616,-0.04801678657531738,0.08238652348518372,-2.8799586296081543,0.5686178803443909,0.004907721653580666,-0.6397600769996643,0.03,1.2294777631759644,-0.117951899766922,0.31803271174430847,0.028064800426363945,0.10882638394832611,-0.11556560546159744,0.9869214296340942,0,0,0,0,0,0,0,0,0,0,0,0,0,0
13.02966022491455,2.0,0.04534733295440674,-0.08225949108600616,-0.04801678657531738,0.08238652348518372,-2.8799586296081543,0.5686178803443909,0.004907721653580666,-0.6397600769996643,0.03,1.2294777631759644,-0.117951899766922,0.31803271174430847,0.028064800426363945,0.10882638394832611,-0.11556560546159744,0.9869214296340942,0,0,0,0,0,0,0,0,0,0,0,0,0,0
13.031141519546509,2.0,0.04534733295440674,-0.08225949108600616,-0.04801678657531738,0.08238652348518372,-2.8799586296081543,0.5686178803443909,0.004907721653580666,-0.6397600769996643,0.03,1.2294777631759644,-0.117951899766922,0.31803271174430847,0.028064800426363945,0.10882638394832611,-0.11556560546159744,0.9869214296340942,0,0,0,0,0,0,0,0,0,0,0,0,0,0
13.032426357269287,2.0,0.04534733295440674,-0.08225949108600616,-0.04801678657531738,0.08238652348518372,-2.8799586296081543,0.5686178803443909,0.004907721653580666,-0.6397600769996643,0.03,1.2294777631759644,-0.117951899766922,0.31803271174430847,0.028064800426363945,0.10882638394832611,-0.11556560546159744,0.9869214296340942,0,0,0,0,0,0,0,0,0,0,0,0,0,0
13.03373408317566,2.0,0.04534733295440674,-0.08225949108600616,-0.04801678657531738,0.08238652348518372,-2.8799586296081543,0.5686178803443909,0.004907721653580666,-0.6397600769996643,0.03,1.2294777631759644,-0.117951899766922,0.31803271174430847,0.028064800426363945,0.10882638394832611,-0.11556560546159744,0.9869214296340942,0,0,0,0,0,0,0,0,0,0,0,0,0,0
13.035087585449219,2.0,0.04534733295440674,-0.08225949108600616,-0.04801678657531738,0.08238652348518372,-2.8799586296081543,0.5686178803443909,0.004907721653580666,-0.6397600769996643,0.03,1.2294777631759644,-0.117951899766922,0.31803271174430847,0.028064800426363945,0.10882638394832611,-0.11556560546159744,0.9869214296340942,0,0,0,0,0,0,0,0,0,0,0,0,0,0
13.037901163101196,2.0,0.04534733295440674,-0.08225949108600616,-0.04801678657531738,0.08238652348518372,-2.8799586296081543,0.5686178803443909,0.004907721653580666,-0.6397600769996643,0.03,1.2296208143234253,-0.11805903911590576,0.3178972899913788,0.02089763432741165,0.10889636725187302,-0.14366814494132996,0.9833943843841553,0,0,0,0,0,0,0,0,0,0,0,0,0,0
13.039441585540771,2.0,0.04534733295440674,-0.08225949108600616,-0.04801678657531738,0.08238652348518372,-2.8799586296081543,0.5686178803443909,0.004907721653580666,-0.6397600769996643,0.03,1.2296208143234253,-0.11805903911590576,0.3178972899913788,0.02089763432741165,0.10889636725187302,-0.14366814494132996,0.9833943843841553,0,0,0,0,0,0,0,0,0,0,0,0,0,0
13.042143821716309,2.0,0.04534733295440674,-0.08225949108600616,-0.04801678657531738,0.08238652348518372,-2.8799586296081543,0.5686178803443909,0.004907721653580666,-0.6397600769996643,0.03,1.2296208143234253,-0.11805903911590576,0.3178972899913788,0.02089763432741165,0.10889636725187302,-0.14366814494132996,0.9833943843841553,0,0,0,0,0,0,0,0,0,0,0,0,0,0
13.043477058410645,2.0,0.04534733295440674,-0.08225949108600616,-0.04801678657531738,0.08238652348518372,-2.8799586296081543,0.5686178803443909,0.004907721653580666,-0.6397600769996643,0.03,1.2296208143234253,-0.11805903911590576,0.3178972899913788,0.02089763432741165,0.10889636725187302,-0.14366814494132996,0.9833943843841553,0,0,0,0,0,0,0,0,0,0,0,0,0,0
13.044990539550781,2.0,0.04534733295440674,-0.08225949108600616,-0.04801678657531738,0.08238652348518372,-2.8799586296081543,0.5686178803443909,0.004907721653580666,-0.6397600769996643,0.03,1.2296208143234253,-0.11805903911590576,0.3178972899913788,0.02089763432741165,0.10889636725187302,-0.14366814494132996,0.9833943843841553,0,0,0,0,0,0,0,0,0,0,0,0,0,0
13.046860456466675,2.0,0.04534733295440674,-0.08225949108600616,-0.04801678657531738,0.08238652348518372,-2.8799586296081543,0.5686178803443909,0.004907721653580666,-0.6397600769996643,0.03,1.2296208143234253,-0.11805903911590576,0.3178972899913788,0.02089763432741165,0.10889636725187302,-0.14366814494132996,0.9833943843841553,0,0,0,0,0,0,0,0,0,0,0,0,0,0
13.04810643196106,2.0,0.04534733295440674,-0.08225949108600616,-0.04801678657531738,0.08238652348518372,-2.8799586296081543,0.5686178803443909,0.004907721653580666,-0.6397600769996643,0.03,1.2296208143234253,-0.11805903911590576,0.3178972899913788,0.02089763432741165,0.10889636725187302,-0.14366814494132996,0.9833943843841553,0,0,0,0,0,0,0,0,0,0,0,0,0,0
13.049837827682495,2.0,0.04534733295440674,-0.08225949108600616,-0.04801678657531738,0.08238652348518372,-2.8799586296081543,0.5686178803443909,0.004907721653580666,-0.6397600769996643,0.03,1.2296208143234253,-0.11805903911590576,0.3178972899913788,0.02089763432741165,0.10889636725187302,-0.14366814494132996,0.9833943843841553,0,0,0,0,0,0,0,0,0,0,0,0,0,0
13.05106258392334,2.0,0.04534733295440674,-0.08225949108600616,-0.04801678657531738,0.08238652348518372,-2.8799586296081543,0.5686178803443909,0.004907721653580666,-0.6397600769996643,0.03,1.229551911354065,-0.11790227144956589,0.31784841418266296,0.018340548500418663,0.10922421514987946,-0.1531459093093872,0.981977641582489,0,0,0,0,0,0,0,0,0,0,0,0,0,0
13.052644968032837,2.0,0.04534733295440674,-0.08225949108600616,-0.04801678657531738,0.08238652348518372,-2.8799586296081543,0.5686178803443909,0.004907721653580666,-0.6397600769996643,0.03,1.229551911354065,-0.11790227144956589,0.31784841418266296,0.018340548500418663,0.10922421514987946,-0.1531459093093872,0.981977641582489,0,0,0,0,0,0,0,0,0,0,0,0,0,0
13.05372953414917,2.0,0.04534733295440674,-0.08225949108600616,-0.04801678657531738,0.08238652348518372,-2.8799586296081543,0.5686178803443909,0.004907721653580666,-0.6397600769996643,0.03,1.229551911354065,-0.11790227144956589,0.31784841418266296,0.018340548500418663,0.10922421514987946,-0.1531459093093872,0.981977641582489,0,0,0,0,0,0,0,0,0,0,0,0,0,0
13.056304931640625,2.0,0.04534733295440674,-0.08225949108600616,-0.04801678657531738,0.08238652348518372,-2.8799586296081543,0.5686178803443909,0.004907721653580666,-0.6397600769996643,0.03,1.229551911354065,-0.11790227144956589,0.31784841418266296,0.018340548500418663,0.10922421514987946,-0.1531459093093872,0.981977641582489,0,0,0,0,0,0,0,0,0,0,0,0,0,0
13.057962894439697,2.0,0.04534733295440674,-0.08225949108600616,-0.04801678657531738,0.08238652348518372,-2.8799586296081543,0.5686178803443909,0.004907721653580666,-0.6397600769996643,0.03,1.229551911354065,-0.11790227144956589,0.31784841418266296,0.018340548500418663,0.10922421514987946,-0.1531459093093872,0.981977641582489,0,0,0,0,0,0,0,0,0,0,0,0,0,0
13.059073686599731,2.0,0.04534733295440674,-0.08225949108600616,-0.04801678657531738,0.08238652348518372,-2.8799586296081543,0.5686178803443909,0.004907721653580666,-0.6397600769996643,0.03,1.229486346244812,-0.11798697710037231,0.31799063086509705,0.022947538644075394,0.10953591018915176,-0.13625486195087433,0.9843323230743408,0,0,0,0,0,0,0,0,0,0,0,0,0,0
13.060195922851562,2.0,0.04534733295440674,-0.08225949108600616,-0.04801678657531738,0.08238652348518372,-2.8799586296081543,0.5686178803443909,0.004907721653580666,-0.6397600769996643,0.03,1.229486346244812,-0.11798697710037231,0.31799063086509705,0.022947538644075394,0.10953591018915176,-0.13625486195087433,0.9843323230743408,0,0,0,0,0,0,0,0,0,0,0,0,0,0
13.06310772895813,2.0,0.04534733295440674,-0.08225949108600616,-0.04801678657531738,0.08238652348518372,-2.8799586296081543,0.5686178803443909,0.004907721653580666,-0.6397600769996643,0.03,1.229486346244812,-0.11798697710037231,0.31799063086509705,0.022947538644075394,0.10953591018915176,-0.13625486195087433,0.9843323230743408,0,0,0,0,0,0,0,0,0,0,0,0,0,0
13.064459562301636,2.0,0.04534733295440674,-0.08225949108600616,-0.04801678657531738,0.08238652348518372,-2.8799586296081543,0.5686178803443909,0.004907721653580666,-0.6397600769996643,0.03,1.2294715642929077,-0.11802953481674194,0.3177536427974701,0.020737135782837868,0.10928040742874146,-0.1416746824979782,0.9836443662643433,0,0,0,0,0,0,0,0,0,0,0,0,0,0
13.065559148788452,2.0,0.04534733295440674,-0.08225949108600616,-0.04801678657531738,0.08238652348518372,-2.8799586296081543,0.5686178803443909,0.004907721653580666,-0.6397600769996643,0.03,1.2294715642929077,-0.11802953481674194,0.3177536427974701,0.020737135782837868,0.10928040742874146,-0.1416746824979782,0.9836443662643433,0,0,0,0,0,0,0,0,0,0,0,0,0,0
13.066634178161621,2.0,0.04534733295440674,-0.08225949108600616,-0.04801678657531738,0.08238652348518372,-2.8799586296081543,0.5686178803443909,0.004907721653580666,-0.6397600769996643,0.03,1.2294715642929077,-0.11802953481674194,0.3177536427974701,0.020737135782837868,0.10928040742874146,-0.1416746824979782,0.9836443662643433,0,0,0,0,0,0,0,0,0,0,0,0,0,0
13.067696809768677,2.0,0.04534733295440674,-0.08225949108600616,-0.04801678657531738,0.08238652348518372,-2.8799586296081543,0.5686178803443909,0.004907721653580666,-0.6397600769996643,0.03,1.2294715642929077,-0.11802953481674194,0.3177536427974701,0.020737135782837868,0.10928040742874146,-0.1416746824979782,0.9836443662643433,0,0,0,0,0,0,0,0,0,0,0,0,0,0
13.068910598754883,2.0,0.04534733295440674,-0.08225949108600616,-0.04801678657531738,0.08238652348518372,-2.8799586296081543,0.5686178803443909,0.004907721653580666,-0.6397600769996643,0.03,1.2294715642929077,-0.11802953481674194,0.3177536427974701,0.020737135782837868,0.10928040742874146,-0.1416746824979782,0.9836443662643433,0,0,0,0,0,0,0,0,0,0,0,0,0,0
13.069977283477783,2.0,0.04534733295440674,-0.08225949108600616,-0.04801678657531738,0.08238652348518372,-2.8799586296081543,0.5686178803443909,0.004907721653580666,-0.6397600769996643,0.03,1.2294715642929077,-0.11802953481674194,0.3177536427974701,0.020737135782837868,0.10928040742874146,-0.1416746824979782,0.9836443662643433,0,0,0,0,0,0,0,0,0,0,0,0,0,0
13.07117509841919,2.0,0.04534733295440674,-0.08225949108600616,-0.04801678657531738,0.08238652348518372,-2.8799586296081543,0.5686178803443909,0.004907721653580666,-0.6397600769996643,0.03,1.2294715642929077,-0.11802953481674194,0.3177536427974701,0.020737135782837868,0.10928040742874146,-0.1416746824979782,0.9836443662643433,0,0,0,0,0,0,0,0,0,0,0,0,0,0
13.07226037979126,2.0,0.04534733295440674,-0.08225949108600616,-0.04801678657531738,0.08238652348518372,-2.8799586296081543,0.5686178803443909,0.004907721653580666,-0.6397600769996643,0.03,1.2294715642929077,-0.11802953481674194,0.3177536427974701,0.020737135782837868,0.10928040742874146,-0.1416746824979782,0.9836443662643433,0,0,0,0,0,0,0,0,0,0,0,0,0,0
13.073352813720703,2.0,0.04534733295440674,-0.08225949108600616,-0.04801678657531738,0.08238652348518372,-2.8799586296081543,0.5686178803443909,0.004907721653580666,-0.6397600769996643,0.03,1.2294647693634033,-0.11808469891548157,0.31767725944519043,0.019929926842451096,0.10938472300767899,-0.14571799337863922,0.983058512210846,0,0,0,0,0,0,0,0,0,0,0,0,0,0
13.07441759109497,2.0,0.04534733295440674,-0.08225949108600616,-0.04801678657531738,0.08238652348518372,-2.8799586296081543,0.5686178803443909,0.004907721653580666,-0.6397600769996643,0.03,1.2294647693634033,-0.11808469891548157,0.31767725944519043,0.019929926842451096,0.10938472300767899,-0.14571799337863922,0.983058512210846,0,0,0,0,0,0,0,0,0,0,0,0,0,0
13.075597286224365,2.0,0.04534733295440674,-0.08225949108600616,-0.04801678657531738,0.08238652348518372,-2.8799586296081543,0.5686178803443909,0.004907721653580666,-0.6397600769996643,0.03,1.2294647693634033,-0.11808469891548157,0.31767725944519043,0.019929926842451096,0.10938472300767899,-0.14571799337863922,0.983058512210846,0,0,0,0,0,0,0,0,0,0,0,0,0,0
13.07679033279419,2.0,0.04534733295440674,-0.08225949108600616,-0.04801678657531738,0.08238652348518372,-2.8799586296081543,0.5686178803443909,0.004907721653580666,-0.6397600769996643,0.03,1.2294647693634033,-0.11808469891548157,0.31767725944519043,0.019929926842451096,0.10938472300767899,-0.14571799337863922,0.983058512210846,0,0,0,0,0,0,0,0,0,0,0,0,0,0
13.077881097793579,2.0,0.04534733295440674,-0.08225949108600616,-0.04801678657531738,0.08238652348518372,-2.8799586296081543,0.5686178803443909,0.004907721653580666,-0.6397600769996643,0.03,1.2294647693634033,-0.11808469891548157,0.31767725944519043,0.019929926842451096,0.10938472300767899,-0.14571799337863922,0.983058512210846,0,0,0,0,0,0,0,0,0,0,0,0,0,0
13.079036951065063,2.0,0.04534733295440674,-0.08225949108600616,-0.04801678657531738,0.08238652348518372,-2.8799586296081543,0.5686178803443909,0.004907721653580666,-0.6397600769996643,0.03,1.2294647693634033,-0.11808469891548157,0.31767725944519043,0.019929926842451096,0.10938472300767899,-0.14571799337863922,0.983058512210846,0,0,0,0,0,0,0,0,0,0,0,0,0,0
13.080652713775635,2.0,0.04534733295440674,-0.08225949108600616,-0.04801678657531738,0.08238652348518372,-2.8799586296081543,0.5686178803443909,0.004907721653580666,-0.6397600769996643,0.03,1.2294647693634033,-0.11808469891548157,0.31767725944519043,0.019929926842451096,0.10938472300767899,-0.14571799337863922,0.983058512210846,0,0,0,0,0,0,0,0,0,0,0,0,0,0
13.0825514793396,2.0,0.04534733295440674,-0.08225949108600616,-0.04801678657531738,0.08238652348518372,-2.8799586296081543,0.5686178803443909,0.004907721653580666,-0.6397600769996643,0.03,1.2294647693634033,-0.11808469891548157,0.31767725944519043,0.019929926842451096,0.10938472300767899,-0.14571799337863922,0.983058512210846,0,0,0,0,0,0,0,0,0,0,0,0,0,0
13.084478616714478,2.0,0.04534733295440674,-0.08225949108600616,-0.04801678657531738,0.08238652348518372,-2.8799586296081543,0.5686178803443909,0.004907721653580666,-0.6397600769996643,0.03,1.2294647693634033,-0.11808469891548157,0.31767725944519043,0.019929926842451096,0.10938472300767899,-0.14571799337863922,0.983058512210846,0,0,0,0,0,0,0,0,0,0,0,0,0,0
13.0866117477417,2.0,0.04534733295440674,-0.08225949108600616,-0.04801678657531738,0.08238652348518372,-2.8799586296081543,0.5686178803443909,0.004907721653580666,-0.6397600769996643,0.03,1.2294819355010986,-0.11807992309331894,0.31769177317619324,0.019193395972251892,0.10949380695819855,-0.1485137790441513,0.9826425313949585,0,0,0,0,0,0,0,0,0,0,0,0,0,0
13.087959051132202,2.0,0.04534733295440674,-0.08225949108600616,-0.04801678657531738,0.08238652348518372,-2.8799586296081543,0.5686178803443909,0.004907721653580666,-0.6397600769996643,0.03,1.2295244932174683,-0.11795234680175781,0.31774625182151794,0.015241728164255619,0.1097208634018898,-0.1650628298521042,0.9800425171852112,0,0,0,0,0,0,0,0,0,0,0,0,0,0
13.08924913406372,2.0,0.04534733295440674,-0.08225949108600616,-0.04801678657531738,0.08238652348518372,-2.8799586296081543,0.5686178803443909,0.004907721653580666,-0.6397600769996643,0.03,1.2295244932174683,-0.11795234680175781,0.31774625182151794,0.015241728164255619,0.1097208634018898,-0.1650628298521042,0.9800425171852112,0,0,0,0,0,0,0,0,0,0,0,0,0,0
13.090932130813599,2.0,0.04534733295440674,-0.08225949108600616,-0.04801678657531738,0.08238652348518372,-2.8799586296081543,0.5686178803443909,0.004907721653580666,-0.6397600769996643,0.03,1.2295244932174683,-0.11795234680175781,0.31774625182151794,0.015241728164255619,0.1097208634018898,-0.1650628298521042,0.9800425171852112,0,0,0,0,0,0,0,0,0,0,0,0,0,0
13.092764616012573,2.0,0.04534733295440674,-0.08225949108600616,-0.04801678657531738,0.08238652348518372,-2.8799586296081543,0.5686178803443909,0.004907721653580666,-0.6397600769996643,0.03,1.2295244932174683,-0.11795234680175781,0.31774625182151794,0.015241728164255619,0.1097208634018898,-0.1650628298521042,0.9800425171852112,0,0,0,0,0,0,0,0,0,0,0,0,0,0
13.09416389465332,2.0,0.04534733295440674,-0.08225949108600616,-0.04801678657531738,0.08238652348518372,-2.8799586296081543,0.5686178803443909,0.004907721653580666,-0.6397600769996643,0.03,1.2295244932174683,-0.11795234680175781,0.31774625182151794,0.015241728164255619,0.1097208634018898,-0.1650628298521042,0.9800425171852112,0,0,0,0,0,0,0,0,0,0,0,0,0,0
13.096482753753662,2.0,0.04534733295440674,-0.08225949108600616,-0.04801678657531738,0.08238652348518372,-2.8799586296081543,0.5686178803443909,0.004907721653580666,-0.6397600769996643,0.03,1.2295244932174683,-0.11795234680175781,0.31774625182151794,0.015241728164255619,0.1097208634018898,-0.1650628298521042,0.9800425171852112,0,0,0,0,0,0,0,0,0,0,0,0,0,0
13.097949743270874,2.0,0.04534733295440674,-0.08225949108600616,-0.04801678657531738,0.08238652348518372,-2.8799586296081543,0.5686178803443909,0.004907721653580666,-0.6397600769996643,0.03,1.229440450668335,-0.11808453500270844,0.31776633858680725,0.016539273783564568,0.10979442298412323,-0.1588178426027298,0.981044590473175,0,0,0,0,0,0,0,0,0,0,0,0,0,0
13.099040985107422,2.0,0.04534733295440674,-0.08225949108600616,-0.04801678657531738,0.08238652348518372,-2.8799586296081543,0.5686178803443909,0.004907721653580666,-0.6397600769996643,0.03,1.229440450668335,-0.11808453500270844,0.31776633858680725,0.016539273783564568,0.10979442298412323,-0.1588178426027298,0.981044590473175,0,0,0,0,0,0,0,0,0,0,0,0,0,0
13.100114822387695,2.0,0.04534733295440674,-0.08225949108600616,-0.04801678657531738,0.08238652348518372,-2.8799586296081543,0.5686178803443909,0.004907721653580666,-0.6397600769996643,0.03,1.229440450668335,-0.11808453500270844,0.31776633858680725,0.016539273783564568,0.10979442298412323,-0.1588178426027298,0.981044590473175,0,0,0,0,0,0,0,0,0,0,0,0,0,0
13.101336002349854,2.0,0.04534733295440674,-0.08225949108600616,-0.04801678657531738,0.08238652348518372,-2.8799586296081543,0.5686178803443909,0.004907721653580666,-0.6397600769996643,0.03,1.229440450668335,-0.11808453500270844,0.31776633858680725,0.016539273783564568,0.10979442298412323,-0.1588178426027298,0.981044590473175,0,0,0,0,0,0,0,0,0,0,0,0,0,0
13.10252332687378,2.0,0.04534733295440674,-0.08225949108600616,-0.04801678657531738,0.08238652348518372,-2.8799586296081543,0.5686178803443909,0.004907721653580666,-0.6397600769996643,0.03,1.229475736618042,-0.1183110773563385,0.3176429867744446,0.019930776208639145,0.10965833812952042,-0.14283780753612518,0.983450710773468,0,0,0,0,0,0,0,0,0,0,0,0,0,0
13.104032278060913,2.0,0.04534733295440674,-0.08225949108600616,-0.04801678657531738,0.08238652348518372,-2.8799586296081543,0.5686178803443909,0.004907721653580666,-0.6397600769996643,0.03,1.229475736618042,-0.1183110773563385,0.3176429867744446,0.019930776208639145,0.10965833812952042,-0.14283780753612518,0.983450710773468,0,0,0,0,0,0,0,0,0,0,0,0,0,0
13.10524868965149,2.0,0.04534733295440674,-0.08225949108600616,-0.04801678657531738,0.08238652348518372,-2.8799586296081543,0.5686178803443909,0.004907721653580666,-0.6397600769996643,0.03,1.229475736618042,-0.1183110773563385,0.3176429867744446,0.019930776208639145,0.10965833812952042,-0.14283780753612518,0.983450710773468,0,0,0,0,0,0,0,0,0,0,0,0,0,0
13.108081579208374,2.0,0.04534733295440674,-0.08225949108600616,-0.04801678657531738,0.08238652348518372,-2.8799586296081543,0.5686178803443909,0.004907721653580666,-0.6397600769996643,0.03,1.229475736618042,-0.1183110773563385,0.3176429867744446,0.019930776208639145,0.10965833812952042,-0.14283780753612518,0.983450710773468,0,0,0,0,0,0,0,0,0,0,0,0,0,0
13.112123489379883,2.0,0.04534733295440674,-0.08225949108600616,-0.04801678657531738,0.08238652348518372,-2.8799586296081543,0.5686178803443909,0.004907721653580666,-0.6397600769996643,0.03,1.229518175125122,-0.1183563768863678,0.31761452555656433,0.022008264437317848,0.10856646299362183,-0.1320565789937973,0.9850330352783203,0,0,0,0,0,0,0,0,0,0,0,0,0,0
13.113418817520142,2.0,0.04534733295440674,-0.08225949108600616,-0.04801678657531738,0.08238652348518372,-2.8799586296081543,0.5686178803443909,0.004907721653580666,-0.6397600769996643,0.03,1.229518175125122,-0.1183563768863678,0.31761452555656433,0.022008264437317848,0.10856646299362183,-0.1320565789937973,0.9850330352783203,0,0,0,0,0,0,0,0,0,0,0,0,0,0
13.114550113677979,2.0,0.04534733295440674,-0.08225949108600616,-0.04801678657531738,0.08238652348518372,-2.8799586296081543,0.5686178803443909,0.004907721653580666,-0.6397600769996643,0.03,1.229518175125122,-0.1183563768863678,0.31761452555656433,0.022008264437317848,0.10856646299362183,-0.1320565789937973,0.9850330352783203,0,0,0,0,0,0,0,0,0,0,0,0,0,0
13.116555213928223,2.0,0.04534733295440674,-0.08225949108600616,-0.04801678657531738,0.08238652348518372,-2.8799586296081543,0.5686178803443909,0.004907721653580666,-0.6397600769996643,0.03,1.2295658588409424,-0.11821647733449936,0.3177793323993683,0.02201305888593197,0.10644910484552383,-0.13106071949005127,0.9853969216346741,0,0,0,0,0,0,0,0,0,0,0,0,0,0
13.118046045303345,2.0,0.04534733295440674,-0.08225949108600616,-0.04801678657531738,0.08238652348518372,-2.8799586296081543,0.5686178803443909,0.004907721653580666,-0.6397600769996643,0.03,1.2295658588409424,-0.11821647733449936,0.3177793323993683,0.02201305888593197,0.10644910484552383,-0.13106071949005127,0.9853969216346741,0,0,0,0,0,0,0,0,0,0,0,0,0,0
13.119166851043701,2.0,0.04534733295440674,-0.08225949108600616,-0.04801678657531738,0.08238652348518372,-2.8799586296081543,0.5686178803443909,0.004907721653580666,-0.6397600769996643,0.03,1.2295658588409424,-0.11821647733449936,0.3177793323993683,0.02201305888593197,0.10644910484552383,-0.13106071949005127,0.9853969216346741,0,0,0,0,0,0,0,0,0,0,0,0,0,0
13.120737314224243,2.0,0.04534733295440674,-0.08225949108600616,-0.04801678657531738,0.08238652348518372,-2.8799586296081543,0.5686178803443909,0.004907721653580666,-0.6397600769996643,0.03,1.2295658588409424,-0.11821647733449936,0.3177793323993683,0.02201305888593197,0.10644910484552383,-0.13106071949005127,0.9853969216346741,0,0,0,0,0,0,0,0,0,0,0,0,0,0
13.121885299682617,2.0,0.04534733295440674,-0.08225949108600616,-0.04801678657531738,0.08238652348518372,-2.8799586296081543,0.5686178803443909,0.004907721653580666,-0.6397600769996643,0.03,1.2295658588409424,-0.11821647733449936,0.3177793323993683,0.02201305888593197,0.10644910484552383,-0.13106071949005127,0.9853969216346741,0,0,0,0,0,0,0,0,0,0,0,0,0,0
13.123219013214111,2.0,0.04534733295440674,-0.08225949108600616,-0.04801678657531738,0.08238652348518372,-2.8799586296081543,0.5686178803443909,0.004907721653580666,-0.6397600769996643,0.03,1.2295658588409424,-0.11821647733449936,0.3177793323993683,0.02201305888593197,0.10644910484552383,-0.13106071949005127,0.9853969216346741,0,0,0,0,0,0,0,0,0,0,0,0,0,0
13.126801252365112,2.0,0.04534733295440674,-0.08225949108600616,-0.04801678657531738,0.08238652348518372,-2.8799586296081543,0.5686178803443909,0.004907721653580666,-0.6397600769996643,0.03,1.2295658588409424,-0.11821647733449936,0.3177793323993683,0.02201305888593197,0.10644910484552383,-0.13106071949005127,0.9853969216346741,0,0,0,0,0,0,0,0,0,0,0,0,0,0
13.12790584564209,2.0,0.04534733295440674,-0.08225949108600616,-0.04801678657531738,0.08238652348518372,-2.8799586296081543,0.5686178803443909,0.004907721653580666,-0.6397600769996643,0.03,1.2295658588409424,-0.11821647733449936,0.3177793323993683,0.02201305888593197,0.10644910484552383,-0.13106071949005127,0.9853969216346741,0,0,0,0,0,0,0,0,0,0,0,0,0,0
13.129469871520996,2.0,0.04534733295440674,-0.08225949108600616,-0.04801678657531738,0.08238652348518372,-2.8799586296081543,0.5686178803443909,0.004907721653580666,-0.6397600769996643,0.03,1.2295658588409424,-0.11821647733449936,0.3177793323993683,0.02201305888593197,0.10644910484552383,-0.13106071949005127,0.9853969216346741,0,0,0,0,0,0,0,0,0,0,0,0,0,0
13.130849599838257,2.0,0.04534733295440674,-0.08225949108600616,-0.04801678657531738,0.08238652348518372,-2.8799586296081543,0.5686178803443909,0.004907721653580666,-0.6397600769996643,0.03,1.2295658588409424,-0.11821647733449936,0.3177793323993683,0.02201305888593197,0.10644910484552383,-0.13106071949005127,0.9853969216346741,0,0,0,0,0,0,0,0,0,0,0,0,0,0
13.132823705673218,2.0,0.04534733295440674,-0.08225949108600616,-0.04801678657531738,0.08238652348518372,-2.8799586296081543,0.5686178803443909,0.004907721653580666,-0.6397600769996643,0.03,1.2295658588409424,-0.11821647733449936,0.3177793323993683,0.02201305888593197,0.10644910484552383,-0.13106071949005127,0.9853969216346741,0,0,0,0,0,0,0,0,0,0,0,0,0,0
13.134959936141968,2.0,0.04534733295440674,-0.08225949108600616,-0.04801678657531738,0.08238652348518372,-2.8799586296081543,0.5686178803443909,0.004907721653580666,-0.6397600769996643,0.03,1.2295658588409424,-0.11821647733449936,0.3177793323993683,0.02201305888593197,0.10644910484552383,-0.13106071949005127,0.9853969216346741,0,0,0,0,0,0,0,0,0,0,0,0,0,0
13.136470317840576,2.0,0.04534733295440674,-0.08225949108600616,-0.04801678657531738,0.08238652348518372,-2.8799586296081543,0.5686178803443909,0.004907721653580666,-0.6397600769996643,0.03,1.2295658588409424,-0.11821647733449936,0.3177793323993683,0.02201305888593197,0.10644910484552383,-0.13106071949005127,0.9853969216346741,0,0,0,0,0,0,0,0,0,0,0,0,0,0
13.137800455093384,2.0,0.04534733295440674,-0.08225949108600616,-0.04801678657531738,0.08238652348518372,-2.8799586296081543,0.5686178803443909,0.004907721653580666,-0.6397600769996643,0.03,1.2295658588409424,-0.11821647733449936,0.3177793323993683,0.02201305888593197,0.10644910484552383,-0.13106071949005127,0.9853969216346741,0,0,0,0,0,0,0,0,0,0,0,0,0,0
13.139931201934814,2.0,0.04534733295440674,-0.08225949108600616,-0.04801678657531738,0.08238652348518372,-2.8799586296081543,0.5686178803443909,0.004907721653580666,-0.6397600769996643,0.03,1.2295658588409424,-0.11821647733449936,0.3177793323993683,0.02201305888593197,0.10644910484552383,-0.13106071949005127,0.9853969216346741,0,0,0,0,0,0,0,0,0,0,0,0,0,0
13.141558647155762,2.0,0.04534733295440674,-0.08225949108600616,-0.04801678657531738,0.08238652348518372,-2.8799586296081543,0.5686178803443909,0.004907721653580666,-0.6397600769996643,0.03,1.2295658588409424,-0.11821647733449936,0.3177793323993683,0.02201305888593197,0.10644910484552383,-0.13106071949005127,0.9853969216346741,0,0,0,0,0,0,0,0,0,0,0,0,0,0
13.142711400985718,2.0,0.04534733295440674,-0.08225949108600616,-0.04801678657531738,0.08238652348518372,-2.8799586296081543,0.5686178803443909,0.004907721653580666,-0.6397600769996643,0.03,1.2295658588409424,-0.11821647733449936,0.3177793323993683,0.02201305888593197,0.10644910484552383,-0.13106071949005127,0.9853969216346741,0,0,0,0,0,0,0,0,0,0,0,0,0,0
13.14404296875,2.0,0.04534733295440674,-0.08225949108600616,-0.04801678657531738,0.08238652348518372,-2.8799586296081543,0.5686178803443909,0.004907721653580666,-0.6397600769996643,0.03,1.230134129524231,-0.11869403719902039,0.31868842244148254,0.02007501944899559,0.09565352648496628,-0.12932105362415314,0.9867742657661438,0,0,0,0,0,0,0,0,0,0,0,0,0,0
13.145429372787476,2.0,0.04534733295440674,-0.08225949108600616,-0.04801678657531738,0.08238652348518372,-2.8799586296081543,0.5686178803443909,0.004907721653580666,-0.6397600769996643,0.03,1.230134129524231,-0.11869403719902039,0.31868842244148254,0.02007501944899559,0.09565352648496628,-0.12932105362415314,0.9867742657661438,0,0,0,0,0,0,0,0,0,0,0,0,0,0
13.146519899368286,2.0,0.04534733295440674,-0.08225949108600616,-0.04801678657531738,0.08238652348518372,-2.8799586296081543,0.5686178803443909,0.004907721653580666,-0.6397600769996643,0.03,1.230134129524231,-0.11869403719902039,0.31868842244148254,0.02007501944899559,0.09565352648496628,-0.12932105362415314,0.9867742657661438,0,0,0,0,0,0,0,0,0,0,0,0,0,0
13.148500919342041,2.0,0.04534733295440674,-0.08225949108600616,-0.04801678657531738,0.08238652348518372,-2.8799586296081543,0.5686178803443909,0.004907721653580666,-0.6397600769996643,0.03,1.230134129524231,-0.11869403719902039,0.31868842244148254,0.02007501944899559,0.09565352648496628,-0.12932105362415314,0.9867742657661438,0,0,0,0,0,0,0,0,0,0,0,0,0,0
13.149602890014648,2.0,0.04534733295440674,-0.08225949108600616,-0.04801678657531738,0.08238652348518372,-2.8799586296081543,0.5686178803443909,0.004907721653580666,-0.6397600769996643,0.03,1.230134129524231,-0.11869403719902039,0.31868842244148254,0.02007501944899559,0.09565352648496628,-0.12932105362415314,0.9867742657661438,0,0,0,0,0,0,0,0,0,0,0,0,0,0
13.150687456130981,2.0,0.04534733295440674,-0.08225949108600616,-0.04801678657531738,0.08238652348518372,-2.8799586296081543,0.5686178803443909,0.004907721653580666,-0.6397600769996643,0.03,1.230134129524231,-0.11869403719902039,0.31868842244148254,0.02007501944899559,0.09565352648496628,-0.12932105362415314,0.9867742657661438,0,0,0,0,0,0,0,0,0,0,0,0,0,0
13.15182375907898,2.0,0.04534733295440674,-0.08225949108600616,-0.04801678657531738,0.08238652348518372,-2.8799586296081543,0.5686178803443909,0.004907721653580666,-0.6397600769996643,0.03,1.230134129524231,-0.11869403719902039,0.31868842244148254,0.02007501944899559,0.09565352648496628,-0.12932105362415314,0.9867742657661438,0,0,0,0,0,0,0,0,0,0,0,0,0,0
13.152908086776733,2.0,0.04534733295440674,-0.08225949108600616,-0.04801678657531738,0.08238652348518372,-2.8799586296081543,0.5686178803443909,0.004907721653580666,-0.6397600769996643,0.03,1.230134129524231,-0.11869403719902039,0.31868842244148254,0.02007501944899559,0.09565352648496628,-0.12932105362415314,0.9867742657661438,0,0,0,0,0,0,0,0,0,0,0,0,0,0
13.154007196426392,2.0,0.04534733295440674,-0.08225949108600616,-0.04801678657531738,0.08238652348518372,-2.8799586296081543,0.5686178803443909,0.004907721653580666,-0.6397600769996643,0.03,1.230134129524231,-0.11869403719902039,0.31868842244148254,0.02007501944899559,0.09565352648496628,-0.12932105362415314,0.9867742657661438,0,0,0,0,0,0,0,0,0,0,0,0,0,0
13.155091762542725,2.0,0.04534733295440674,-0.08225949108600616,-0.04801678657531738,0.08238652348518372,-2.8799586296081543,0.5686178803443909,0.004907721653580666,-0.6397600769996643,0.03,1.230134129524231,-0.11869403719902039,0.31868842244148254,0.02007501944899559,0.09565352648496628,-0.12932105362415314,0.9867742657661438,0,0,0,0,0,0,0,0,0,0,0,0,0,0
13.156203031539917,2.0,0.04534733295440674,-0.08225949108600616,-0.04801678657531738,0.08238652348518372,-2.8799586296081543,0.5686178803443909,0.004907721653580666,-0.6397600769996643,0.03,1.230134129524231,-0.11869403719902039,0.31868842244148254,0.02007501944899559,0.09565352648496628,-0.12932105362415314,0.9867742657661438,0,0,0,0,0,0,0,0,0,0,0,0,0,0
13.157288789749146,2.0,0.04534733295440674,-0.08225949108600616,-0.04801678657531738,0.08238652348518372,-2.8799586296081543,0.5686178803443909,0.004907721653580666,-0.6397600769996643,0.03,1.230314016342163,-0.11891412734985352,0.3188759684562683,0.022688940167427063,0.09271304309368134,-0.12062756717205048,0.9880985021591187,0,0,0,0,0,0,0,0,0,0,0,0,0,0
13.158392667770386,2.0,0.04534733295440674,-0.08225949108600616,-0.04801678657531738,0.08238652348518372,-2.8799586296081543,0.5686178803443909,0.004907721653580666,-0.6397600769996643,0.03,1.230314016342163,-0.11891412734985352,0.3188759684562683,0.022688940167427063,0.09271304309368134,-0.12062756717205048,0.9880985021591187,0,0,0,0,0,0,0,0,0,0,0,0,0,0
13.159781455993652,2.0,0.04534733295440674,-0.08225949108600616,-0.04801678657531738,0.08238652348518372,-2.8799586296081543,0.5686178803443909,0.004907721653580666,-0.6397600769996643,0.03,1.2303825616836548,-0.11907593905925751,0.31903889775276184,0.017466548830270767,0.09043046832084656,-0.13480792939662933,0.9865820407867432,0,0,0,0,0,0,0,0,0,0,0,0,0,0
13.160872220993042,2.0,0.04534733295440674,-0.08225949108600616,-0.04801678657531738,0.08238652348518372,-2.8799586296081543,0.5686178803443909,0.004907721653580666,-0.6397600769996643,0.03,1.2303825616836548,-0.11907593905925751,0.31903889775276184,0.017466548830270767,0.09043046832084656,-0.13480792939662933,0.9865820407867432,0,0,0,0,0,0,0,0,0,0,0,0,0,0
13.162079572677612,2.0,0.04534733295440674,-0.08225949108600616,-0.04801678657531738,0.08238652348518372,-2.8799586296081543,0.5686178803443909,0.004907721653580666,-0.6397600769996643,0.03,1.2303825616836548,-0.11907593905925751,0.31903889775276184,0.017466548830270767,0.09043046832084656,-0.13480792939662933,0.9865820407867432,0,0,0,0,0,0,0,0,0,0,0,0,0,0
13.16364336013794,2.0,0.04534733295440674,-0.08225949108600616,-0.04801678657531738,0.08238652348518372,-2.8799586296081543,0.5686178803443909,0.004907721653580666,-0.6397600769996643,0.03,1.2303825616836548,-0.11907593905925751,0.31903889775276184,0.017466548830270767,0.09043046832084656,-0.13480792939662933,0.9865820407867432,0,0,0,0,0,0,0,0,0,0,0,0,0,0
13.165419578552246,2.0,0.04534733295440674,-0.08225949108600616,-0.04801678657531738,0.08238652348518372,-2.8799586296081543,0.5686178803443909,0.004907721653580666,-0.6397600769996643,0.03,1.2303825616836548,-0.11907593905925751,0.31903889775276184,0.017466548830270767,0.09043046832084656,-0.13480792939662933,0.9865820407867432,0,0,0,0,0,0,0,0,0,0,0,0,0,0
13.167351007461548,2.0,0.04534733295440674,-0.08225949108600616,-0.04801678657531738,0.08238652348518372,-2.8799586296081543,0.5686178803443909,0.004907721653580666,-0.6397600769996643,0.03,1.2303825616836548,-0.11907593905925751,0.31903889775276184,0.017466548830270767,0.09043046832084656,-0.13480792939662933,0.9865820407867432,0,0,0,0,0,0,0,0,0,0,0,0,0,0
13.169494152069092,2.0,0.04534733295440674,-0.08225949108600616,-0.04801678657531738,0.08238652348518372,-2.8799586296081543,0.5686178803443909,0.004907721653580666,-0.6397600769996643,0.03,1.2303825616836548,-0.11907593905925751,0.31903889775276184,0.017466548830270767,0.09043046832084656,-0.13480792939662933,0.9865820407867432,0,0,0,0,0,0,0,0,0,0,0,0,0,0
13.171004295349121,2.0,0.04534733295440674,-0.08225949108600616,-0.04801678657531738,0.08238652348518372,-2.8799586296081543,0.5686178803443909,0.004907721653580666,-0.6397600769996643,0.03,1.2302544116973877,-0.11897303909063339,0.31935539841651917,0.017936943098902702,0.08743960410356522,-0.12091699987649918,0.9886413812637329,0,0,0,0,0,0,0,0,0,0,0,0,0,0
13.172306299209595,2.0,0.04534733295440674,-0.08225949108600616,-0.04801678657531738,0.08238652348518372,-2.8799586296081543,0.5686178803443909,0.004907721653580666,-0.6397600769996643,0.03,1.2302544116973877,-0.11897303909063339,0.31935539841651917,0.017936943098902702,0.08743960410356522,-0.12091699987649918,0.9886413812637329,0,0,0,0,0,0,0,0,0,0,0,0,0,0
13.173401832580566,2.0,0.04534733295440674,-0.08225949108600616,-0.04801678657531738,0.08238652348518372,-2.8799586296081543,0.5686178803443909,0.004907721653580666,-0.6397600769996643,0.03,1.2302544116973877,-0.11897303909063339,0.31935539841651917,0.017936943098902702,0.08743960410356522,-0.12091699987649918,0.9886413812637329,0,0,0,0,0,0,0,0,0,0,0,0,0,0
13.174480676651001,2.0,0.04534733295440674,-0.08225949108600616,-0.04801678657531738,0.08238652348518372,-2.8799586296081543,0.5686178803443909,0.004907721653580666,-0.6397600769996643,0.03,1.2302544116973877,-0.11897303909063339,0.31935539841651917,0.017936943098902702,0.08743960410356522,-0.12091699987649918,0.9886413812637329,0,0,0,0,0,0,0,0,0,0,0,0,0,0
13.176079750061035,2.0,0.04534733295440674,-0.08225949108600616,-0.04801678657531738,0.08238652348518372,-2.8799586296081543,0.5686178803443909,0.004907721653580666,-0.6397600769996643,0.03,1.2302544116973877,-0.11897303909063339,0.31935539841651917,0.017936943098902702,0.08743960410356522,-0.12091699987649918,0.9886413812637329,0,0,0,0,0,0,0,0,0,0,0,0,0,0
13.177504062652588,2.0,0.04534733295440674,-0.08225949108600616,-0.04801678657531738,0.08238652348518372,-2.8799586296081543,0.5686178803443909,0.004907721653580666,-0.6397600769996643,0.03,1.2302544116973877,-0.11897303909063339,0.31935539841651917,0.017936943098902702,0.08743960410356522,-0.12091699987649918,0.9886413812637329,0,0,0,0,0,0,0,0,0,0,0,0,0,0
13.178660869598389,2.0,0.04534733295440674,-0.08225949108600616,-0.04801678657531738,0.08238652348518372,-2.8799586296081543,0.5686178803443909,0.004907721653580666,-0.6397600769996643,0.03,1.2302637100219727,-0.11877605319023132,0.3196414113044739,0.01831301487982273,0.08499057590961456,-0.1096210703253746,0.9901639223098755,0,0,0,0,0,0,0,0,0,0,0,0,0,0
13.180411577224731,2.0,0.04534733295440674,-0.08225949108600616,-0.04801678657531738,0.08238652348518372,-2.8799586296081543,0.5686178803443909,0.004907721653580666,-0.6397600769996643,0.03,1.2302637100219727,-0.11877605319023132,0.3196414113044739,0.01831301487982273,0.08499057590961456,-0.1096210703253746,0.9901639223098755,0,0,0,0,0,0,0,0,0,0,0,0,0,0
13.181499481201172,2.0,0.04534733295440674,-0.08225949108600616,-0.04801678657531738,0.08238652348518372,-2.8799586296081543,0.5686178803443909,0.004907721653580666,-0.6397600769996643,0.03,1.2302637100219727,-0.11877605319023132,0.3196414113044739,0.01831301487982273,0.08499057590961456,-0.1096210703253746,0.9901639223098755,0,0,0,0,0,0,0,0,0,0,0,0,0,0
13.182620763778687,2.0,0.04534733295440674,-0.08225949108600616,-0.04801678657531738,0.08238652348518372,-2.8799586296081543,0.5686178803443909,0.004907721653580666,-0.6397600769996643,0.03,1.2302637100219727,-0.11877605319023132,0.3196414113044739,0.01831301487982273,0.08499057590961456,-0.1096210703253746,0.9901639223098755,0,0,0,0,0,0,0,0,0,0,0,0,0,0
13.183762073516846,2.0,0.04534733295440674,-0.08225949108600616,-0.04801678657531738,0.08238652348518372,-2.8799586296081543,0.5686178803443909,0.004907721653580666,-0.6397600769996643,0.03,1.2301828861236572,-0.11892452836036682,0.3198409080505371,0.022614678367972374,0.08253163844347,-0.09631681442260742,0.9916653633117676,0,0,0,0,0,0,0,0,0,0,0,0,0,0
13.184967279434204,2.0,0.04534733295440674,-0.08225949108600616,-0.04801678657531738,0.08238652348518372,-2.8799586296081543,0.5686178803443909,0.004907721653580666,-0.6397600769996643,0.03,1.2301828861236572,-0.11892452836036682,0.3198409080505371,0.022614678367972374,0.08253163844347,-0.09631681442260742,0.9916653633117676,0,0,0,0,0,0,0,0,0,0,0,0,0,0
13.186110734939575,2.0,0.04534733295440674,-0.08225949108600616,-0.04801678657531738,0.08238652348518372,-2.8799586296081543,0.5686178803443909,0.004907721653580666,-0.6397600769996643,0.03,1.2301828861236572,-0.11892452836036682,0.3198409080505371,0.022614678367972374,0.08253163844347,-0.09631681442260742,0.9916653633117676,0,0,0,0,0,0,0,0,0,0,0,0,0,0
13.187465906143188,2.0,0.04534733295440674,-0.08225949108600616,-0.04801678657531738,0.08238652348518372,-2.8799586296081543,0.5686178803443909,0.004907721653580666,-0.6397600769996643,0.03,1.2301828861236572,-0.11892452836036682,0.3198409080505371,0.022614678367972374,0.08253163844347,-0.09631681442260742,0.9916653633117676,0,0,0,0,0,0,0,0,0,0,0,0,0,0
13.189049243927002,2.0,0.04534733295440674,-0.08225949108600616,-0.04801678657531738,0.08238652348518372,-2.8799586296081543,0.5686178803443909,0.004907721653580666,-0.6397600769996643,0.03,1.2301828861236572,-0.11892452836036682,0.3198409080505371,0.022614678367972374,0.08253163844347,-0.09631681442260742,0.9916653633117676,0,0,0,0,0,0,0,0,0,0,0,0,0,0
13.191338300704956,2.0,0.04534733295440674,-0.08225949108600616,-0.04801678657531738,0.08238652348518372,-2.8799586296081543,0.5686178803443909,0.004907721653580666,-0.6397600769996643,0.03,1.2301828861236572,-0.11892452836036682,0.3198409080505371,0.022614678367972374,0.08253163844347,-0.09631681442260742,0.9916653633117676,0,0,0,0,0,0,0,0,0,0,0,0,0,0
13.194259643554688,2.0,0.04534733295440674,-0.08225949108600616,-0.04801678657531738,0.08238652348518372,-2.8799586296081543,0.5686178803443909,0.004907721653580666,-0.6397600769996643,0.03,1.2301828861236572,-0.11892452836036682,0.3198409080505371,0.022614678367972374,0.08253163844347,-0.09631681442260742,0.9916653633117676,0,0,0,0,0,0,0,0,0,0,0,0,0,0
13.19559621810913,2.0,0.04534733295440674,-0.08225949108600616,-0.04801678657531738,0.08238652348518372,-2.8799586296081543,0.5686178803443909,0.004907721653580666,-0.6397600769996643,0.03,1.2301651239395142,-0.11900492012500763,0.31992268562316895,0.022961080074310303,0.08131638914346695,-0.09294062107801437,0.9920799136161804,0,0,0,0,0,0,0,0,0,0,0,0,0,0
13.196956872940063,2.0,0.04534733295440674,-0.08225949108600616,-0.04801678657531738,0.08238652348518372,-2.8799586296081543,0.5686178803443909,0.004907721653580666,-0.6397600769996643,0.03,1.2301651239395142,-0.11900492012500763,0.31992268562316895,0.022961080074310303,0.08131638914346695,-0.09294062107801437,0.9920799136161804,0,0,0,0,0,0,0,0,0,0,0,0,0,0
13.198208570480347,2.0,0.04534733295440674,-0.08225949108600616,-0.04801678657531738,0.08238652348518372,-2.8799586296081543,0.5686178803443909,0.004907721653580666,-0.6397600769996643,0.03,1.2301651239395142,-0.11900492012500763,0.31992268562316895,0.022961080074310303,0.08131638914346695,-0.09294062107801437,0.9920799136161804,0,0,0,0,0,0,0,0,0,0,0,0,0,0
13.200101852416992,2.0,0.04534733295440674,-0.08225949108600616,-0.04801678657531738,0.08238652348518372,-2.8799586296081543,0.5686178803443909,0.004907721653580666,-0.6397600769996643,0.03,1.2301651239395142,-0.11900492012500763,0.31992268562316895,0.022961080074310303,0.08131638914346695,-0.09294062107801437,0.9920799136161804,0,0,0,0,0,0,0,0,0,0,0,0,0,0
13.201280355453491,2.0,0.04534733295440674,-0.08225949108600616,-0.04801678657531738,0.08238652348518372,-2.8799586296081543,0.5686178803443909,0.004907721653580666,-0.6397600769996643,0.03,1.2301651239395142,-0.11900492012500763,0.31992268562316895,0.022961080074310303,0.08131638914346695,-0.09294062107801437,0.9920799136161804,0,0,0,0,0,0,0,0,0,0,0,0,0,0
13.204321384429932,2.0,0.06072629988193512,-0.08229880034923553,-0.06426393985748291,0.0823906660079956,-3.925793409347534,0.6069195866584778,-0.02473643235862255,-0.7397345900535583,0.03,1.2301651239395142,-0.11900492012500763,0.31992268562316895,0.022961080074310303,0.08131638914346695,-0.09294062107801437,0.9920799136161804,0,0,0,0,0,0,0,0,0,0,0,0,0,0
13.205799579620361,2.0,0.06310053169727325,-0.08227856457233429,-0.06712532043457031,0.082384392619133,-4.04572057723999,0.6686646342277527,0.2575733959674835,-0.7498093247413635,0.03,1.2301651239395142,-0.11900492012500763,0.31992268562316895,0.022961080074310303,0.08131638914346695,-0.09294062107801437,0.9920799136161804,0,0,0,0,0,0,0,0,0,0,0,0,0,0
13.207789897918701,3.0,0.06943181157112122,-0.06460022926330566,-0.06928843259811401,0.05929380655288696,-0.5183729529380798,-4.692505836486816,-0.03228597342967987,-0.5029906034469604,0.03,1.2301651239395142,-0.11900492012500763,0.31992268562316895,0.022961080074310303,0.08131638914346695,-0.09294062107801437,0.9920799136161804,0,0,0,0,0,0,0,0,0,0,0,0,0,0
13.21019172668457,3.0,0.06852222979068756,-0.057347312569618225,-0.06682229042053223,0.051881611347198486,-0.06825185567140579,-4.588981628417969,-0.6040197610855103,-0.26652929186820984,0.03,1.2301651239395142,-0.11900492012500763,0.31992268562316895,0.022961080074310303,0.08131638914346695,-0.09294062107801437,0.9920799136161804,0,0,0,0,0,0,0,0,0,0,0,0,0,0
13.211484432220459,3.0,0.06804017722606659,-0.053601279854774475,-0.06639719009399414,0.04878777265548706,0.04258621856570244,-4.277079105377197,-0.16561944782733917,0.22156071662902832,0.03,1.2301651239395142,-0.11900492012500763,0.31992268562316895,0.022961080074310303,0.08131638914346695,-0.09294062107801437,0.9920799136161804,0,0,0,0,0,0,0,0,0,0,0,0,0,0
13.214259147644043,3.0,0.06804017722606659,-0.053601279854774475,-0.06639719009399414,0.04878777265548706,0.04258621856570244,-4.277079105377197,-0.16561944782733917,0.22156071662902832,0.03,1.2301769256591797,-0.11913155019283295,0.3199993968009949,0.02205917425453663,0.08055679500102997,-0.09428908675909042,0.9920351505279541,0,0,0,0,0,0,0,0,0,0,0,0,0,0
13.21556806564331,3.0,0.06804017722606659,-0.053601279854774475,-0.06639719009399414,0.04878777265548706,0.04258621856570244,-4.277079105377197,-0.16561944782733917,0.22156071662902832,0.03,1.2301769256591797,-0.11913155019283295,0.3199993968009949,0.02205917425453663,0.08055679500102997,-0.09428908675909042,0.9920351505279541,0,0,0,0,0,0,0,0,0,0,0,0,0,0
13.217106342315674,3.0,0.06804017722606659,-0.053601279854774475,-0.06639719009399414,0.04878777265548706,0.04258621856570244,-4.277079105377197,-0.16561944782733917,0.22156071662902832,0.03,1.2301769256591797,-0.11913155019283295,0.3199993968009949,0.02205917425453663,0.08055679500102997,-0.09428908675909042,0.9920351505279541,0,0,0,0,0,0,0,0,0,0,0,0,0,0
13.21899127960205,3.0,0.06804017722606659,-0.053601279854774475,-0.06639719009399414,0.04878777265548706,0.04258621856570244,-4.277079105377197,-0.16561944782733917,0.22156071662902832,0.03,1.2301769256591797,-0.11913155019283295,0.3199993968009949,0.02205917425453663,0.08055679500102997,-0.09428908675909042,0.9920351505279541,0,0,0,0,0,0,0,0,0,0,0,0,0,0
13.220337152481079,3.0,0.06804017722606659,-0.053601279854774475,-0.06639719009399414,0.04878777265548706,0.04258621856570244,-4.277079105377197,-0.16561944782733917,0.22156071662902832,0.03,1.2301769256591797,-0.11913155019283295,0.3199993968009949,0.02205917425453663,0.08055679500102997,-0.09428908675909042,0.9920351505279541,0,0,0,0,0,0,0,0,0,0,0,0,0,0
13.221555709838867,3.0,0.06804017722606659,-0.053601279854774475,-0.06639719009399414,0.04878777265548706,0.04258621856570244,-4.277079105377197,-0.16561944782733917,0.22156071662902832,0.03,1.2301769256591797,-0.11913155019283295,0.3199993968009949,0.02205917425453663,0.08055679500102997,-0.09428908675909042,0.9920351505279541,0,0,0,0,0,0,0,0,0,0,0,0,0,0
13.223167419433594,3.0,0.06804017722606659,-0.053601279854774475,-0.06639719009399414,0.04878777265548706,0.04258621856570244,-4.277079105377197,-0.16561944782733917,0.22156071662902832,0.03,1.2301769256591797,-0.11913155019283295,0.3199993968009949,0.02205917425453663,0.08055679500102997,-0.09428908675909042,0.9920351505279541,0,0,0,0,0,0,0,0,0,0,0,0,0,0
13.224875926971436,3.0,0.06728895008563995,-0.04852115362882614,-0.0661771297454834,0.04443550109863281,0.02105388417840004,-4.282622337341309,0.5088220834732056,0.5816943049430847,0.03,1.230189561843872,-0.11922046542167664,0.32011017203330994,0.020623967051506042,0.08060187846422195,-0.1047201156616211,0.9910154938697815,0,0,0,0,0,0,0,0,0,0,0,0,0,0
13.226149559020996,3.0,0.06675852835178375,-0.042122527956962585,-0.0661391019821167,0.0381702184677124,0.6026020050048828,-5.832607269287109,1.3172279596328735,1.967718243598938,0.03,1.2301762104034424,-0.11919113248586655,0.3201763331890106,0.019281500950455666,0.08049602061510086,-0.11126305907964706,0.9903379678726196,0,0,0,0,0,0,0,0,0,0,0,0,0,0
13.227274894714355,3.0,0.06675852835178375,-0.042122527956962585,-0.0661391019821167,0.0381702184677124,0.6026020050048828,-5.832607269287109,1.3172279596328735,1.967718243598938,0.03,1.2301762104034424,-0.11919113248586655,0.3201763331890106,0.019281500950455666,0.08049602061510086,-0.11126305907964706,0.9903379678726196,0,0,0,0,0,0,0,0,0,0,0,0,0,0
13.230975866317749,3.0,0.0641462504863739,-0.01449061930179596,-0.06357508897781372,0.010852634906768799,0.10696528106927872,-6.58566427230835,0.7624833583831787,2.802157402038574,0.03,1.2301762104034424,-0.11919113248586655,0.3201763331890106,0.019281500950455666,0.08049602061510086,-0.11126305907964706,0.9903379678726196,0,0,0,0,0,0,0,0,0,0,0,0,0,0
13.232666492462158,3.0,0.0641462504863739,-0.01449061930179596,-0.06357508897781372,0.010852634906768799,0.10696528106927872,-6.58566427230835,0.7624833583831787,2.802157402038574,0.03,1.2301762104034424,-0.11919113248586655,0.3201763331890106,0.019281500950455666,0.08049602061510086,-0.11126305907964706,0.9903379678726196,0,0,0,0,0,0,0,0,0,0,0,0,0,0
13.233792066574097,3.0,0.0641462504863739,-0.01449061930179596,-0.06357508897781372,0.010852634906768799,0.10696528106927872,-6.58566427230835,0.7624833583831787,2.802157402038574,0.03,1.2301762104034424,-0.11919113248586655,0.3201763331890106,0.019281500950455666,0.08049602061510086,-0.11126305907964706,0.9903379678726196,0,0,0,0,0,0,0,0,0,0,0,0,0,0
13.23488712310791,3.0,0.0641462504863739,-0.01449061930179596,-0.06357508897781372,0.010852634906768799,0.10696528106927872,-6.58566427230835,0.7624833583831787,2.802157402038574,0.03,1.2301762104034424,-0.11919113248586655,0.3201763331890106,0.019281500950455666,0.08049602061510086,-0.11126305907964706,0.9903379678726196,0,0,0,0,0,0,0,0,0,0,0,0,0,0
13.23647689819336,3.0,0.0641462504863739,-0.01449061930179596,-0.06357508897781372,0.010852634906768799,0.10696528106927872,-6.58566427230835,0.7624833583831787,2.802157402038574,0.03,1.2301762104034424,-0.11919113248586655,0.3201763331890106,0.019281500950455666,0.08049602061510086,-0.11126305907964706,0.9903379678726196,0,0,0,0,0,0,0,0,0,0,0,0,0,0
13.237587451934814,3.0,0.0641462504863739,-0.01449061930179596,-0.06357508897781372,0.010852634906768799,0.10696528106927872,-6.58566427230835,0.7624833583831787,2.802157402038574,0.03,1.2301762104034424,-0.11919113248586655,0.3201763331890106,0.019281500950455666,0.08049602061510086,-0.11126305907964706,0.9903379678726196,0,0,0,0,0,0,0,0,0,0,0,0,0,0
13.23920226097107,3.0,0.0641462504863739,-0.01449061930179596,-0.06357508897781372,0.010852634906768799,0.10696528106927872,-6.58566427230835,0.7624833583831787,2.802157402038574,0.03,1.2301762104034424,-0.11919113248586655,0.3201763331890106,0.019281500950455666,0.08049602061510086,-0.11126305907964706,0.9903379678726196,0,0,0,0,0,0,0,0,0,0,0,0,0,0
13.240262985229492,3.0,0.0641462504863739,-0.01449061930179596,-0.06357508897781372,0.010852634906768799,0.10696528106927872,-6.58566427230835,0.7624833583831787,2.802157402038574,0.03,1.2301762104034424,-0.11919113248586655,0.3201763331890106,0.019281500950455666,0.08049602061510086,-0.11126305907964706,0.9903379678726196,0,0,0,0,0,0,0,0,0,0,0,0,0,0
13.241321563720703,3.0,0.0641462504863739,-0.01449061930179596,-0.06357508897781372,0.010852634906768799,0.10696528106927872,-6.58566427230835,0.7624833583831787,2.802157402038574,0.03,1.2301762104034424,-0.11919113248586655,0.3201763331890106,0.019281500950455666,0.08049602061510086,-0.11126305907964706,0.9903379678726196,0,0,0,0,0,0,0,0,0,0,0,0,0,0
13.242872714996338,3.0,0.06372149288654327,-0.0051098838448524475,-0.06312286853790283,0.001534104347229004,-0.23122482001781464,-4.936501979827881,0.33150792121887207,1.0500866174697876,0.03,1.2301700115203857,-0.11921916902065277,0.3201470971107483,0.018879452720284462,0.0806054025888443,-0.11304569989442825,0.9901348352432251,0,0,0,0,0,0,0,0,0,0,0,0,0,0
13.243937730789185,3.0,0.06372149288654327,-0.0051098838448524475,-0.06312286853790283,0.001534104347229004,-0.23122482001781464,-4.936501979827881,0.33150792121887207,1.0500866174697876,0.03,1.2301700115203857,-0.11921916902065277,0.3201470971107483,0.018879452720284462,0.0806054025888443,-0.11304569989442825,0.9901348352432251,0,0,0,0,0,0,0,0,0,0,0,0,0,0
13.245048522949219,3.0,0.06372149288654327,-0.0051098838448524475,-0.06312286853790283,0.001534104347229004,-0.23122482001781464,-4.936501979827881,0.33150792121887207,1.0500866174697876,0.03,1.2301700115203857,-0.11921916902065277,0.3201470971107483,0.018879452720284462,0.0806054025888443,-0.11304569989442825,0.9901348352432251,0,0,0,0,0,0,0,0,0,0,0,0,0,0
13.246180534362793,3.0,0.06372149288654327,-0.0051098838448524475,-0.06312286853790283,0.001534104347229004,-0.23122482001781464,-4.936501979827881,0.33150792121887207,1.0500866174697876,0.03,1.2301700115203857,-0.11921916902065277,0.3201470971107483,0.018879452720284462,0.0806054025888443,-0.11304569989442825,0.9901348352432251,0,0,0,0,0,0,0,0,0,0,0,0,0,0
13.247320652008057,3.0,0.06372149288654327,-0.0051098838448524475,-0.06312286853790283,0.001534104347229004,-0.23122482001781464,-4.936501979827881,0.33150792121887207,1.0500866174697876,0.03,1.2301700115203857,-0.11921916902065277,0.3201470971107483,0.018879452720284462,0.0806054025888443,-0.11304569989442825,0.9901348352432251,0,0,0,0,0,0,0,0,0,0,0,0,0,0
13.248661518096924,3.0,0.06372149288654327,-0.0051098838448524475,-0.06312286853790283,0.001534104347229004,-0.23122482001781464,-4.936501979827881,0.33150792121887207,1.0500866174697876,0.03,1.2301700115203857,-0.11921916902065277,0.3201470971107483,0.018879452720284462,0.0806054025888443,-0.11304569989442825,0.9901348352432251,0,0,0,0,0,0,0,0,0,0,0,0,0,0
13.249877691268921,3.0,0.06372149288654327,-0.0051098838448524475,-0.06312286853790283,0.001534104347229004,-0.23122482001781464,-4.936501979827881,0.33150792121887207,1.0500866174697876,0.03,1.2301700115203857,-0.11921916902065277,0.3201470971107483,0.018879452720284462,0.0806054025888443,-0.11304569989442825,0.9901348352432251,0,0,0,0,0,0,0,0,0,0,0,0,0,0
13.251284122467041,3.0,0.06372149288654327,-0.0051098838448524475,-0.06312286853790283,0.001534104347229004,-0.23122482001781464,-4.936501979827881,0.33150792121887207,1.0500866174697876,0.03,1.2301700115203857,-0.11921916902065277,0.3201470971107483,0.018879452720284462,0.0806054025888443,-0.11304569989442825,0.9901348352432251,0,0,0,0,0,0,0,0,0,0,0,0,0,0
13.252778053283691,3.0,0.06372149288654327,-0.0051098838448524475,-0.06312286853790283,0.001534104347229004,-0.23122482001781464,-4.936501979827881,0.33150792121887207,1.0500866174697876,0.03,1.2301700115203857,-0.11921916902065277,0.3201470971107483,0.018879452720284462,0.0806054025888443,-0.11304569989442825,0.9901348352432251,0,0,0,0,0,0,0,0,0,0,0,0,0,0
13.256833791732788,3.0,0.06342798471450806,0.007927119731903076,-0.06323999166488647,-0.010995149612426758,-0.7406886219978333,-6.362438201904297,0.2327759861946106,3.0345077514648438,0.03,1.2301610708236694,-0.11930147558450699,0.3200762867927551,0.018733030185103416,0.08065943419933319,-0.11232266575098038,0.990215539932251,0,0,0,0,0,0,0,0,0,0,0,0,0,0
13.258189678192139,3.0,0.06342798471450806,0.007927119731903076,-0.06323999166488647,-0.010995149612426758,-0.7406886219978333,-6.362438201904297,0.2327759861946106,3.0345077514648438,0.03,1.2301610708236694,-0.11930147558450699,0.3200762867927551,0.018733030185103416,0.08065943419933319,-0.11232266575098038,0.990215539932251,0,0,0,0,0,0,0,0,0,0,0,0,0,0
13.260575771331787,3.0,0.06342798471450806,0.007927119731903076,-0.06323999166488647,-0.010995149612426758,-0.7406886219978333,-6.362438201904297,0.2327759861946106,3.0345077514648438,0.03,1.2301610708236694,-0.11930147558450699,0.3200762867927551,0.018733030185103416,0.08065943419933319,-0.11232266575098038,0.990215539932251,0,0,0,0,0,0,0,0,0,0,0,0,0,0
13.261939764022827,3.0,0.06342798471450806,0.007927119731903076,-0.06323999166488647,-0.010995149612426758,-0.7406886219978333,-6.362438201904297,0.2327759861946106,3.0345077514648438,0.03,1.2301610708236694,-0.11930147558450699,0.3200762867927551,0.018733030185103416,0.08065943419933319,-0.11232266575098038,0.990215539932251,0,0,0,0,0,0,0,0,0,0,0,0,0,0
13.263215780258179,3.0,0.06342798471450806,0.007927119731903076,-0.06323999166488647,-0.010995149612426758,-0.7406886219978333,-6.362438201904297,0.2327759861946106,3.0345077514648438,0.03,1.2301610708236694,-0.11930147558450699,0.3200762867927551,0.018733030185103416,0.08065943419933319,-0.11232266575098038,0.990215539932251,0,0,0,0,0,0,0,0,0,0,0,0,0,0
13.267420053482056,3.0,0.06362161040306091,0.01760980486869812,-0.06358706951141357,-0.022434592247009277,-1.27092444896698,-9.2164945602417,-0.2438969612121582,3.840125322341919,0.03,1.230149507522583,-0.11934027820825577,0.32005637884140015,0.018282661214470863,0.080504409968853,-0.11321157962083817,0.9901353716850281,0,0,0,0,0,0,0,0,0,0,0,0,0,0
13.26874303817749,3.0,0.06362161040306091,0.01760980486869812,-0.06358706951141357,-0.022434592247009277,-1.27092444896698,-9.2164945602417,-0.2438969612121582,3.840125322341919,0.03,1.230149507522583,-0.11934027820825577,0.32005637884140015,0.018282661214470863,0.080504409968853,-0.11321157962083817,0.9901353716850281,0,0,0,0,0,0,0,0,0,0,0,0,0,0
13.27013874053955,3.0,0.06362161040306091,0.01760980486869812,-0.06358706951141357,-0.022434592247009277,-1.27092444896698,-9.2164945602417,-0.2438969612121582,3.840125322341919,0.03,1.230149507522583,-0.11934027820825577,0.32005637884140015,0.018282661214470863,0.080504409968853,-0.11321157962083817,0.9901353716850281,0,0,0,0,0,0,0,0,0,0,0,0,0,0
13.27199387550354,3.0,0.06362161040306091,0.01760980486869812,-0.06358706951141357,-0.022434592247009277,-1.27092444896698,-9.2164945602417,-0.2438969612121582,3.840125322341919,0.03,1.230149507522583,-0.11934027820825577,0.32005637884140015,0.018282661214470863,0.080504409968853,-0.11321157962083817,0.9901353716850281,0,0,0,0,0,0,0,0,0,0,0,0,0,0
13.273085355758667,3.0,0.06362161040306091,0.01760980486869812,-0.06358706951141357,-0.022434592247009277,-1.27092444896698,-9.2164945602417,-0.2438969612121582,3.840125322341919,0.03,1.230149507522583,-0.11934027820825577,0.32005637884140015,0.018282661214470863,0.080504409968853,-0.11321157962083817,0.9901353716850281,0,0,0,0,0,0,0,0,0,0,0,0,0,0
13.27444577217102,3.0,0.06364710628986359,0.020450860261917114,-0.06377094984054565,-0.026531696319580078,-1.5533454418182373,-9.613751411437988,-0.4271884560585022,3.6379919052124023,0.03,1.230149507522583,-0.11934027820825577,0.32005637884140015,0.018282661214470863,0.080504409968853,-0.11321157962083817,0.9901353716850281,0,0,0,0,0,0,0,0,0,0,0,0,0,0
13.275551795959473,3.0,0.06364710628986359,0.020450860261917114,-0.06377094984054565,-0.026531696319580078,-1.5533454418182373,-9.613751411437988,-0.4271884560585022,3.6379919052124023,0.03,1.230149507522583,-0.11934027820825577,0.32005637884140015,0.018282661214470863,0.080504409968853,-0.11321157962083817,0.9901353716850281,0,0,0,0,0,0,0,0,0,0,0,0,0,0
13.276613473892212,3.0,0.06364710628986359,0.020450860261917114,-0.06377094984054565,-0.026531696319580078,-1.5533454418182373,-9.613751411437988,-0.4271884560585022,3.6379919052124023,0.03,1.230149507522583,-0.11934027820825577,0.32005637884140015,0.018282661214470863,0.080504409968853,-0.11321157962083817,0.9901353716850281,0,0,0,0,0,0,0,0,0,0,0,0,0,0
13.277833700180054,3.0,0.06364710628986359,0.020450860261917114,-0.06377094984054565,-0.026531696319580078,-1.5533454418182373,-9.613751411437988,-0.4271884560585022,3.6379919052124023,0.03,1.230149507522583,-0.11934027820825577,0.32005637884140015,0.018282661214470863,0.080504409968853,-0.11321157962083817,0.9901353716850281,0,0,0,0,0,0,0,0,0,0,0,0,0,0
13.279040813446045,3.0,0.06364710628986359,0.020450860261917114,-0.06377094984054565,-0.026531696319580078,-1.5533454418182373,-9.613751411437988,-0.4271884560585022,3.6379919052124023,0.03,1.230149507522583,-0.11934027820825577,0.32005637884140015,0.018282661214470863,0.080504409968853,-0.11321157962083817,0.9901353716850281,0,0,0,0,0,0,0,0,0,0,0,0,0,0
13.280144691467285,3.0,0.06364710628986359,0.020450860261917114,-0.06377094984054565,-0.026531696319580078,-1.5533454418182373,-9.613751411437988,-0.4271884560585022,3.6379919052124023,0.03,1.230149507522583,-0.11934027820825577,0.32005637884140015,0.018282661214470863,0.080504409968853,-0.11321157962083817,0.9901353716850281,0,0,0,0,0,0,0,0,0,0,0,0,0,0
13.281300067901611,3.0,0.06364710628986359,0.020450860261917114,-0.06377094984054565,-0.026531696319580078,-1.5533454418182373,-9.613751411437988,-0.4271884560585022,3.6379919052124023,0.03,1.230149507522583,-0.11934027820825577,0.32005637884140015,0.018282661214470863,0.080504409968853,-0.11321157962083817,0.9901353716850281,0,0,0,0,0,0,0,0,0,0,0,0,0,0
13.283756732940674,3.0,0.06364710628986359,0.020450860261917114,-0.06377094984054565,-0.026531696319580078,-1.5533454418182373,-9.613751411437988,-0.4271884560585022,3.6379919052124023,0.03,1.230149507522583,-0.11934027820825577,0.32005637884140015,0.018282661214470863,0.080504409968853,-0.11321157962083817,0.9901353716850281,0,0,0,0,0,0,0,0,0,0,0,0,0,0
13.285633325576782,3.0,0.06364710628986359,0.020450860261917114,-0.06377094984054565,-0.026531696319580078,-1.5533454418182373,-9.613751411437988,-0.4271884560585022,3.6379919052124023,0.03,1.230149507522583,-0.11934027820825577,0.32005637884140015,0.018282661214470863,0.080504409968853,-0.11321157962083817,0.9901353716850281,0,0,0,0,0,0,0,0,0,0,0,0,0,0
13.286860466003418,3.0,0.06364710628986359,0.020450860261917114,-0.06377094984054565,-0.026531696319580078,-1.5533454418182373,-9.613751411437988,-0.4271884560585022,3.6379919052124023,0.03,1.230149507522583,-0.11934027820825577,0.32005637884140015,0.018282661214470863,0.080504409968853,-0.11321157962083817,0.9901353716850281,0,0,0,0,0,0,0,0,0,0,0,0,0,0
13.288106203079224,3.0,0.06364710628986359,0.020450860261917114,-0.06377094984054565,-0.026531696319580078,-1.5533454418182373,-9.613751411437988,-0.4271884560585022,3.6379919052124023,0.03,1.230149507522583,-0.11934027820825577,0.32005637884140015,0.018282661214470863,0.080504409968853,-0.11321157962083817,0.9901353716850281,0,0,0,0,0,0,0,0,0,0,0,0,0,0
13.289256572723389,3.0,0.06364710628986359,0.020450860261917114,-0.06377094984054565,-0.026531696319580078,-1.5533454418182373,-9.613751411437988,-0.4271884560585022,3.6379919052124023,0.03,1.230149507522583,-0.11934027820825577,0.32005637884140015,0.018282661214470863,0.080504409968853,-0.11321157962083817,0.9901353716850281,0,0,0,0,0,0,0,0,0,0,0,0,0,0
13.291126489639282,3.0,0.06364710628986359,0.020450860261917114,-0.06377094984054565,-0.026531696319580078,-1.5533454418182373,-9.613751411437988,-0.4271884560585022,3.6379919052124023,0.03,1.230149507522583,-0.11934027820825577,0.32005637884140015,0.018282661214470863,0.080504409968853,-0.11321157962083817,0.9901353716850281,0,0,0,0,0,0,0,0,0,0,0,0,0,0
13.29277753829956,3.0,0.06364710628986359,0.020450860261917114,-0.06377094984054565,-0.026531696319580078,-1.5533454418182373,-9.613751411437988,-0.4271884560585022,3.6379919052124023,0.03,1.230149507522583,-0.11934027820825577,0.32005637884140015,0.018282661214470863,0.080504409968853,-0.11321157962083817,0.9901353716850281,0,0,0,0,0,0,0,0,0,0,0,0,0,0
13.294098138809204,3.0,0.06364710628986359,0.020450860261917114,-0.06377094984054565,-0.026531696319580078,-1.5533454418182373,-9.613751411437988,-0.4271884560585022,3.6379919052124023,0.03,1.230149507522583,-0.11934027820825577,0.32005637884140015,0.018282661214470863,0.080504409968853,-0.11321157962083817,0.9901353716850281,0,0,0,0,0,0,0,0,0,0,0,0,0,0
13.296325206756592,3.0,0.06364710628986359,0.020450860261917114,-0.06377094984054565,-0.026531696319580078,-1.5533454418182373,-9.613751411437988,-0.4271884560585022,3.6379919052124023,0.03,1.230149507522583,-0.11934027820825577,0.32005637884140015,0.018282661214470863,0.080504409968853,-0.11321157962083817,0.9901353716850281,0,0,0,0,0,0,0,0,0,0,0,0,0,0
13.297694683074951,3.0,0.06364710628986359,0.020450860261917114,-0.06377094984054565,-0.026531696319580078,-1.5533454418182373,-9.613751411437988,-0.4271884560585022,3.6379919052124023,0.03,1.230149507522583,-0.11934027820825577,0.32005637884140015,0.018282661214470863,0.080504409968853,-0.11321157962083817,0.9901353716850281,0,0,0,0,0,0,0,0,0,0,0,0,0,0
13.298830032348633,3.0,0.06364710628986359,0.020450860261917114,-0.06377094984054565,-0.026531696319580078,-1.5533454418182373,-9.613751411437988,-0.4271884560585022,3.6379919052124023,0.03,1.230149507522583,-0.11934027820825577,0.32005637884140015,0.018282661214470863,0.080504409968853,-0.11321157962083817,0.9901353716850281,0,0,0,0,0,0,0,0,0,0,0,0,0,0
13.30041217803955,3.0,0.06364710628986359,0.020450860261917114,-0.06377094984054565,-0.026531696319580078,-1.5533454418182373,-9.613751411437988,-0.4271884560585022,3.6379919052124023,0.03,1.230149507522583,-0.11934027820825577,0.32005637884140015,0.018282661214470863,0.080504409968853,-0.11321157962083817,0.9901353716850281,0,0,0,0,0,0,0,0,0,0,0,0,0,0
13.303402185440063,3.0,0.06364710628986359,0.020450860261917114,-0.06377094984054565,-0.026531696319580078,-1.5533454418182373,-9.613751411437988,-0.4271884560585022,3.6379919052124023,0.03,1.230149507522583,-0.11934027820825577,0.32005637884140015,0.018282661214470863,0.080504409968853,-0.11321157962083817,0.9901353716850281,0,0,0,0,0,0,0,0,0,0,0,0,0,0
13.30545425415039,3.0,0.06364710628986359,0.020450860261917114,-0.06377094984054565,-0.026531696319580078,-1.5533454418182373,-9.613751411437988,-0.4271884560585022,3.6379919052124023,0.03,1.230149507522583,-0.11934027820825577,0.32005637884140015,0.018282661214470863,0.080504409968853,-0.11321157962083817,0.9901353716850281,0,0,0,0,0,0,0,0,0,0,0,0,0,0
13.307350873947144,3.0,0.06364710628986359,0.020450860261917114,-0.06377094984054565,-0.026531696319580078,-1.5533454418182373,-9.613751411437988,-0.4271884560585022,3.6379919052124023,0.03,1.230149507522583,-0.11934027820825577,0.32005637884140015,0.018282661214470863,0.080504409968853,-0.11321157962083817,0.9901353716850281,0,0,0,0,0,0,0,0,0,0,0,0,0,0
13.308701276779175,3.0,0.06364710628986359,0.020450860261917114,-0.06377094984054565,-0.026531696319580078,-1.5533454418182373,-9.613751411437988,-0.4271884560585022,3.6379919052124023,0.03,1.230149507522583,-0.11934027820825577,0.32005637884140015,0.018282661214470863,0.080504409968853,-0.11321157962083817,0.9901353716850281,0,0,0,0,0,0,0,0,0,0,0,0,0,0
13.309887170791626,3.0,0.06364710628986359,0.020450860261917114,-0.06377094984054565,-0.026531696319580078,-1.5533454418182373,-9.613751411437988,-0.4271884560585022,3.6379919052124023,0.03,1.230149507522583,-0.11934027820825577,0.32005637884140015,0.018282661214470863,0.080504409968853,-0.11321157962083817,0.9901353716850281,0,0,0,0,0,0,0,0,0,0,0,0,0,0
13.311092615127563,3.0,0.06364710628986359,0.020450860261917114,-0.06377094984054565,-0.026531696319580078,-1.5533454418182373,-9.613751411437988,-0.4271884560585022,3.6379919052124023,0.03,1.230149507522583,-0.11934027820825577,0.32005637884140015,0.018282661214470863,0.080504409968853,-0.11321157962083817,0.9901353716850281,0,0,0,0,0,0,0,0,0,0,0,0,0,0
13.312205791473389,3.0,0.06364710628986359,0.020450860261917114,-0.06377094984054565,-0.026531696319580078,-1.5533454418182373,-9.613751411437988,-0.4271884560585022,3.6379919052124023,0.03,1.230149507522583,-0.11934027820825577,0.32005637884140015,0.018282661214470863,0.080504409968853,-0.11321157962083817,0.9901353716850281,0,0,0,0,0,0,0,0,0,0,0,0,0,0
13.314274787902832,3.0,0.06364710628986359,0.020450860261917114,-0.06377094984054565,-0.026531696319580078,-1.5533454418182373,-9.613751411437988,-0.4271884560585022,3.6379919052124023,0.03,1.230149507522583,-0.11934027820825577,0.32005637884140015,0.018282661214470863,0.080504409968853,-0.11321157962083817,0.9901353716850281,0,0,0,0,0,0,0,0,0,0,0,0,0,0
13.315459489822388,3.0,0.06364710628986359,0.020450860261917114,-0.06377094984054565,-0.026531696319580078,-1.5533454418182373,-9.613751411437988,-0.4271884560585022,3.6379919052124023,0.03,1.230149507522583,-0.11934027820825577,0.32005637884140015,0.018282661214470863,0.080504409968853,-0.11321157962083817,0.9901353716850281,0,0,0,0,0,0,0,0,0,0,0,0,0,0
13.316596746444702,3.0,0.06364710628986359,0.020450860261917114,-0.06377094984054565,-0.026531696319580078,-1.5533454418182373,-9.613751411437988,-0.4271884560585022,3.6379919052124023,0.03,1.230149507522583,-0.11934027820825577,0.32005637884140015,0.018282661214470863,0.080504409968853,-0.11321157962083817,0.9901353716850281,0,0,0,0,0,0,0,0,0,0,0,0,0,0
13.317726373672485,3.0,0.06364710628986359,0.020450860261917114,-0.06377094984054565,-0.026531696319580078,-1.5533454418182373,-9.613751411437988,-0.4271884560585022,3.6379919052124023,0.03,1.230149507522583,-0.11934027820825577,0.32005637884140015,0.018282661214470863,0.080504409968853,-0.11321157962083817,0.9901353716850281,0,0,0,0,0,0,0,0,0,0,0,0,0,0
13.318986177444458,3.0,0.06364710628986359,0.020450860261917114,-0.06377094984054565,-0.026531696319580078,-1.5533454418182373,-9.613751411437988,-0.4271884560585022,3.6379919052124023,0.03,1.230149507522583,-0.11934027820825577,0.32005637884140015,0.018282661214470863,0.080504409968853,-0.11321157962083817,0.9901353716850281,0,0,0,0,0,0,0,0,0,0,0,0,0,0
13.320064067840576,3.0,0.06364710628986359,0.020450860261917114,-0.06377094984054565,-0.026531696319580078,-1.5533454418182373,-9.613751411437988,-0.4271884560585022,3.6379919052124023,0.03,1.230149507522583,-0.11934027820825577,0.32005637884140015,0.018282661214470863,0.080504409968853,-0.11321157962083817,0.9901353716850281,0,0,0,0,0,0,0,0,0,0,0,0,0,0
13.321254014968872,3.0,0.06364710628986359,0.020450860261917114,-0.06377094984054565,-0.026531696319580078,-1.5533454418182373,-9.613751411437988,-0.4271884560585022,3.6379919052124023,0.03,1.230149507522583,-0.11934027820825577,0.32005637884140015,0.018282661214470863,0.080504409968853,-0.11321157962083817,0.9901353716850281,0,0,0,0,0,0,0,0,0,0,0,0,0,0
13.322370767593384,3.0,0.06364710628986359,0.020450860261917114,-0.06377094984054565,-0.026531696319580078,-1.5533454418182373,-9.613751411437988,-0.4271884560585022,3.6379919052124023,0.03,1.230149507522583,-0.11934027820825577,0.32005637884140015,0.018282661214470863,0.080504409968853,-0.11321157962083817,0.9901353716850281,0,0,0,0,0,0,0,0,0,0,0,0,0,0
13.323445320129395,3.0,0.06364710628986359,0.020450860261917114,-0.06377094984054565,-0.026531696319580078,-1.5533454418182373,-9.613751411437988,-0.4271884560585022,3.6379919052124023,0.03,1.230149507522583,-0.11934027820825577,0.32005637884140015,0.018282661214470863,0.080504409968853,-0.11321157962083817,0.9901353716850281,0,0,0,0,0,0,0,0,0,0,0,0,0,0
13.32451868057251,3.0,0.06364710628986359,0.020450860261917114,-0.06377094984054565,-0.026531696319580078,-1.5533454418182373,-9.613751411437988,-0.4271884560585022,3.6379919052124023,0.03,1.230149507522583,-0.11934027820825577,0.32005637884140015,0.018282661214470863,0.080504409968853,-0.11321157962083817,0.9901353716850281,0,0,0,0,0,0,0,0,0,0,0,0,0,0
13.325719594955444,3.0,0.06364710628986359,0.020450860261917114,-0.06377094984054565,-0.026531696319580078,-1.5533454418182373,-9.613751411437988,-0.4271884560585022,3.6379919052124023,0.03,1.230149507522583,-0.11934027820825577,0.32005637884140015,0.018282661214470863,0.080504409968853,-0.11321157962083817,0.9901353716850281,0,0,0,0,0,0,0,0,0,0,0,0,0,0
13.32679033279419,3.0,0.06364710628986359,0.020450860261917114,-0.06377094984054565,-0.026531696319580078,-1.5533454418182373,-9.613751411437988,-0.4271884560585022,3.6379919052124023,0.03,1.230149507522583,-0.11934027820825577,0.32005637884140015,0.018282661214470863,0.080504409968853,-0.11321157962083817,0.9901353716850281,0,0,0,0,0,0,0,0,0,0,0,0,0,0
13.327858448028564,3.0,0.06364710628986359,0.020450860261917114,-0.06377094984054565,-0.026531696319580078,-1.5533454418182373,-9.613751411437988,-0.4271884560585022,3.6379919052124023,0.03,1.230149507522583,-0.11934027820825577,0.32005637884140015,0.018282661214470863,0.080504409968853,-0.11321157962083817,0.9901353716850281,0,0,0,0,0,0,0,0,0,0,0,0,0,0
13.328933954238892,3.0,0.06364710628986359,0.020450860261917114,-0.06377094984054565,-0.026531696319580078,-1.5533454418182373,-9.613751411437988,-0.4271884560585022,3.6379919052124023,0.03,1.230149507522583,-0.11934027820825577,0.32005637884140015,0.018282661214470863,0.080504409968853,-0.11321157962083817,0.9901353716850281,0,0,0,0,0,0,0,0,0,0,0,0,0,0
13.330016613006592,3.0,0.06364710628986359,0.020450860261917114,-0.06377094984054565,-0.026531696319580078,-1.5533454418182373,-9.613751411437988,-0.4271884560585022,3.6379919052124023,0.03,1.230149507522583,-0.11934027820825577,0.32005637884140015,0.018282661214470863,0.080504409968853,-0.11321157962083817,0.9901353716850281,0,0,0,0,0,0,0,0,0,0,0,0,0,0
13.331101894378662,3.0,0.06364710628986359,0.020450860261917114,-0.06377094984054565,-0.026531696319580078,-1.5533454418182373,-9.613751411437988,-0.4271884560585022,3.6379919052124023,0.03,1.230149507522583,-0.11934027820825577,0.32005637884140015,0.018282661214470863,0.080504409968853,-0.11321157962083817,0.9901353716850281,0,0,0,0,0,0,0,0,0,0,0,0,0,0
13.33221983909607,3.0,0.06364710628986359,0.020450860261917114,-0.06377094984054565,-0.026531696319580078,-1.5533454418182373,-9.613751411437988,-0.4271884560585022,3.6379919052124023,0.03,1.230149507522583,-0.11934027820825577,0.32005637884140015,0.018282661214470863,0.080504409968853,-0.11321157962083817,0.9901353716850281,0,0,0,0,0,0,0,0,0,0,0,0,0,0
13.333367347717285,3.0,0.06364710628986359,0.020450860261917114,-0.06377094984054565,-0.026531696319580078,-1.5533454418182373,-9.613751411437988,-0.4271884560585022,3.6379919052124023,0.03,1.230149507522583,-0.11934027820825577,0.32005637884140015,0.018282661214470863,0.080504409968853,-0.11321157962083817,0.9901353716850281,0,0,0,0,0,0,0,0,0,0,0,0,0,0
13.334444046020508,3.0,0.06364710628986359,0.020450860261917114,-0.06377094984054565,-0.026531696319580078,-1.5533454418182373,-9.613751411437988,-0.4271884560585022,3.6379919052124023,0.03,1.230149507522583,-0.11934027820825577,0.32005637884140015,0.018282661214470863,0.080504409968853,-0.11321157962083817,0.9901353716850281,0,0,0,0,0,0,0,0,0,0,0,0,0,0
13.335724592208862,3.0,0.06364710628986359,0.020450860261917114,-0.06377094984054565,-0.026531696319580078,-1.5533454418182373,-9.613751411437988,-0.4271884560585022,3.6379919052124023,0.03,1.230149507522583,-0.11934027820825577,0.32005637884140015,0.018282661214470863,0.080504409968853,-0.11321157962083817,0.9901353716850281,0,0,0,0,0,0,0,0,0,0,0,0,0,0
13.337006330490112,3.0,0.06364710628986359,0.020450860261917114,-0.06377094984054565,-0.026531696319580078,-1.5533454418182373,-9.613751411437988,-0.4271884560585022,3.6379919052124023,0.03,1.230149507522583,-0.11934027820825577,0.32005637884140015,0.018282661214470863,0.080504409968853,-0.11321157962083817,0.9901353716850281,0,0,0,0,0,0,0,0,0,0,0,0,0,0
13.338580846786499,3.0,0.06364710628986359,0.020450860261917114,-0.06377094984054565,-0.026531696319580078,-1.5533454418182373,-9.613751411437988,-0.4271884560585022,3.6379919052124023,0.03,1.230149507522583,-0.11934027820825577,0.32005637884140015,0.018282661214470863,0.080504409968853,-0.11321157962083817,0.9901353716850281,0,0,0,0,0,0,0,0,0,0,0,0,0,0
13.340779781341553,3.0,0.06395846605300903,0.03346966207027435,-0.06503826379776001,-0.04134953022003174,-3.025700569152832,-11.286955833435059,-0.9022017121315002,3.837533473968506,0.03,1.2301536798477173,-0.11955559998750687,0.32041168212890625,0.013536928221583366,0.07732349634170532,-0.1275264471769333,0.9887239336967468,0,0,0,0,0,0,0,0,0,0,0,0,0,0
13.34188985824585,3.0,0.06395846605300903,0.03346966207027435,-0.06503826379776001,-0.04134953022003174,-3.025700569152832,-11.286955833435059,-0.9022017121315002,3.837533473968506,0.03,1.2301536798477173,-0.11955559998750687,0.32041168212890625,0.013536928221583366,0.07732349634170532,-0.1275264471769333,0.9887239336967468,0,0,0,0,0,0,0,0,0,0,0,0,0,0
13.343313217163086,3.0,0.06395846605300903,0.03346966207027435,-0.06503826379776001,-0.04134953022003174,-3.025700569152832,-11.286955833435059,-0.9022017121315002,3.837533473968506,0.03,1.2301536798477173,-0.11955559998750687,0.32041168212890625,0.013536928221583366,0.07732349634170532,-0.1275264471769333,0.9887239336967468,0,0,0,0,0,0,0,0,0,0,0,0,0,0
13.344612836837769,3.0,0.06395846605300903,0.03346966207027435,-0.06503826379776001,-0.04134953022003174,-3.025700569152832,-11.286955833435059,-0.9022017121315002,3.837533473968506,0.03,1.2301536798477173,-0.11955559998750687,0.32041168212890625,0.013536928221583366,0.07732349634170532,-0.1275264471769333,0.9887239336967468,0,0,0,0,0,0,0,0,0,0,0,0,0,0
13.346038818359375,3.0,0.06404180824756622,0.03518955409526825,-0.0652816891670227,-0.043279051780700684,-3.3485164642333984,-12.051297187805176,-1.0613417625427246,3.8307688236236572,0.03,1.2301536798477173,-0.11955559998750687,0.32041168212890625,0.013536928221583366,0.07732349634170532,-0.1275264471769333,0.9887239336967468,0,0,0,0,0,0,0,0,0,0,0,0,0,0
13.34750485420227,3.0,0.06404180824756622,0.03518955409526825,-0.0652816891670227,-0.043279051780700684,-3.3485164642333984,-12.051297187805176,-1.0613417625427246,3.8307688236236572,0.03,1.2301536798477173,-0.11955559998750687,0.32041168212890625,0.013536928221583366,0.07732349634170532,-0.1275264471769333,0.9887239336967468,0,0,0,0,0,0,0,0,0,0,0,0,0,0
13.348751783370972,3.0,0.06404180824756622,0.03518955409526825,-0.0652816891670227,-0.043279051780700684,-3.3485164642333984,-12.051297187805176,-1.0613417625427246,3.8307688236236572,0.03,1.2301536798477173,-0.11955559998750687,0.32041168212890625,0.013536928221583366,0.07732349634170532,-0.1275264471769333,0.9887239336967468,0,0,0,0,0,0,0,0,0,0,0,0,0,0
13.349937438964844,3.0,0.06404180824756622,0.03518955409526825,-0.0652816891670227,-0.043279051780700684,-3.3485164642333984,-12.051297187805176,-1.0613417625427246,3.8307688236236572,0.03,1.2301536798477173,-0.11955559998750687,0.32041168212890625,0.013536928221583366,0.07732349634170532,-0.1275264471769333,0.9887239336967468,0,0,0,0,0,0,0,0,0,0,0,0,0,0
13.351038932800293,3.0,0.06404180824756622,0.03518955409526825,-0.0652816891670227,-0.043279051780700684,-3.3485164642333984,-12.051297187805176,-1.0613417625427246,3.8307688236236572,0.03,1.2301536798477173,-0.11955559998750687,0.32041168212890625,0.013536928221583366,0.07732349634170532,-0.1275264471769333,0.9887239336967468,0,0,0,0,0,0,0,0,0,0,0,0,0,0
13.352221488952637,3.0,0.06404180824756622,0.03518955409526825,-0.0652816891670227,-0.043279051780700684,-3.3485164642333984,-12.051297187805176,-1.0613417625427246,3.8307688236236572,0.03,1.2301536798477173,-0.11955559998750687,0.32041168212890625,0.013536928221583366,0.07732349634170532,-0.1275264471769333,0.9887239336967468,0,0,0,0,0,0,0,0,0,0,0,0,0,0
13.354336023330688,3.0,0.06404180824756622,0.03518955409526825,-0.0652816891670227,-0.043279051780700684,-3.3485164642333984,-12.051297187805176,-1.0613417625427246,3.8307688236236572,0.03,1.2301536798477173,-0.11955559998750687,0.32041168212890625,0.013536928221583366,0.07732349634170532,-0.1275264471769333,0.9887239336967468,0,0,0,0,0,0,0,0,0,0,0,0,0,0
13.356517553329468,3.0,0.06404180824756622,0.03518955409526825,-0.0652816891670227,-0.043279051780700684,-3.3485164642333984,-12.051297187805176,-1.0613417625427246,3.8307688236236572,0.03,1.2301536798477173,-0.11955559998750687,0.32041168212890625,0.013536928221583366,0.07732349634170532,-0.1275264471769333,0.9887239336967468,0,0,0,0,0,0,0,0,0,0,0,0,0,0
13.357603549957275,3.0,0.06404180824756622,0.03518955409526825,-0.0652816891670227,-0.043279051780700684,-3.3485164642333984,-12.051297187805176,-1.0613417625427246,3.8307688236236572,0.03,1.2301536798477173,-0.11955559998750687,0.32041168212890625,0.013536928221583366,0.07732349634170532,-0.1275264471769333,0.9887239336967468,0,0,0,0,0,0,0,0,0,0,0,0,0,0
13.358729600906372,3.0,0.06404180824756622,0.03518955409526825,-0.0652816891670227,-0.043279051780700684,-3.3485164642333984,-12.051297187805176,-1.0613417625427246,3.8307688236236572,0.03,1.2301536798477173,-0.11955559998750687,0.32041168212890625,0.013536928221583366,0.07732349634170532,-0.1275264471769333,0.9887239336967468,0,0,0,0,0,0,0,0,0,0,0,0,0,0
13.359848499298096,3.0,0.06404180824756622,0.03518955409526825,-0.0652816891670227,-0.043279051780700684,-3.3485164642333984,-12.051297187805176,-1.0613417625427246,3.8307688236236572,0.03,1.2301536798477173,-0.11955559998750687,0.32041168212890625,0.013536928221583366,0.07732349634170532,-0.1275264471769333,0.9887239336967468,0,0,0,0,0,0,0,0,0,0,0,0,0,0
13.361064910888672,3.0,0.06404180824756622,0.03518955409526825,-0.0652816891670227,-0.043279051780700684,-3.3485164642333984,-12.051297187805176,-1.0613417625427246,3.8307688236236572,0.03,1.2301536798477173,-0.11955559998750687,0.32041168212890625,0.013536928221583366,0.07732349634170532,-0.1275264471769333,0.9887239336967468,0,0,0,0,0,0,0,0,0,0,0,0,0,0
13.362323522567749,3.0,0.06404180824756622,0.03518955409526825,-0.0652816891670227,-0.043279051780700684,-3.3485164642333984,-12.051297187805176,-1.0613417625427246,3.8307688236236572,0.03,1.2301536798477173,-0.11955559998750687,0.32041168212890625,0.013536928221583366,0.07732349634170532,-0.1275264471769333,0.9887239336967468,0,0,0,0,0,0,0,0,0,0,0,0,0,0
13.365050315856934,3.0,0.06404180824756622,0.03518955409526825,-0.0652816891670227,-0.043279051780700684,-3.3485164642333984,-12.051297187805176,-1.0613417625427246,3.8307688236236572,0.03,1.2301536798477173,-0.11955559998750687,0.32041168212890625,0.013536928221583366,0.07732349634170532,-0.1275264471769333,0.9887239336967468,0,0,0,0,0,0,0,0,0,0,0,0,0,0
13.366241216659546,3.0,0.06404180824756622,0.03518955409526825,-0.0652816891670227,-0.043279051780700684,-3.3485164642333984,-12.051297187805176,-1.0613417625427246,3.8307688236236572,0.03,1.2301536798477173,-0.11955559998750687,0.32041168212890625,0.013536928221583366,0.07732349634170532,-0.1275264471769333,0.9887239336967468,0,0,0,0,0,0,0,0,0,0,0,0,0,0
13.368869066238403,3.0,0.06407316029071808,0.03643245995044708,-0.0655355453491211,-0.04435795545578003,-3.5185441970825195,-12.027261734008789,-1.0763238668441772,4.150142669677734,0.03,1.2301536798477173,-0.11955559998750687,0.32041168212890625,0.013536928221583366,0.07732349634170532,-0.1275264471769333,0.9887239336967468,0,0,0,0,0,0,0,0,0,0,0,0,0,0
13.370004415512085,3.0,0.06429215520620346,0.04018425941467285,-0.06600213050842285,-0.047801315784454346,-3.9254093170166016,-12.040225982666016,-1.2051879167556763,4.276930332183838,0.03,1.22987961769104,-0.11941679567098618,0.32105162739753723,0.009657718241214752,0.07030507922172546,-0.13393056392669678,0.9884465932846069,0,0,0,0,0,0,0,0,0,0,0,0,0,0
13.37151312828064,3.0,0.06459379196166992,0.04555632174015045,-0.06687206029891968,-0.05236011743545532,-4.899468421936035,-13.174598693847656,-1.675862431526184,5.988215446472168,0.03,1.22987961769104,-0.11941679567098618,0.32105162739753723,0.009657718241214752,0.07030507922172546,-0.13393056392669678,0.9884465932846069,0,0,0,0,0,0,0,0,0,0,0,0,0,0
13.372831106185913,3.0,0.06459379196166992,0.04555632174015045,-0.06687206029891968,-0.05236011743545532,-4.899468421936035,-13.174598693847656,-1.675862431526184,5.988215446472168,0.03,1.22987961769104,-0.11941679567098618,0.32105162739753723,0.009657718241214752,0.07030507922172546,-0.13393056392669678,0.9884465932846069,0,0,0,0,0,0,0,0,0,0,0,0,0,0
13.374085187911987,3.0,0.06459379196166992,0.04555632174015045,-0.06687206029891968,-0.05236011743545532,-4.899468421936035,-13.174598693847656,-1.675862431526184,5.988215446472168,0.03,1.22987961769104,-0.11941679567098618,0.32105162739753723,0.009657718241214752,0.07030507922172546,-0.13393056392669678,0.9884465932846069,0,0,0,0,0,0,0,0,0,0,0,0,0,0
13.375309705734253,3.0,0.06459379196166992,0.04555632174015045,-0.06687206029891968,-0.05236011743545532,-4.899468421936035,-13.174598693847656,-1.675862431526184,5.988215446472168,0.03,1.22987961769104,-0.11941679567098618,0.32105162739753723,0.009657718241214752,0.07030507922172546,-0.13393056392669678,0.9884465932846069,0,0,0,0,0,0,0,0,0,0,0,0,0,0
13.376781940460205,3.0,0.06459379196166992,0.04555632174015045,-0.06687206029891968,-0.05236011743545532,-4.899468421936035,-13.174598693847656,-1.675862431526184,5.988215446472168,0.03,1.22987961769104,-0.11941679567098618,0.32105162739753723,0.009657718241214752,0.07030507922172546,-0.13393056392669678,0.9884465932846069,0,0,0,0,0,0,0,0,0,0,0,0,0,0
13.377883672714233,3.0,0.06459379196166992,0.04555632174015045,-0.06687206029891968,-0.05236011743545532,-4.899468421936035,-13.174598693847656,-1.675862431526184,5.988215446472168,0.03,1.22987961769104,-0.11941679567098618,0.32105162739753723,0.009657718241214752,0.07030507922172546,-0.13393056392669678,0.9884465932846069,0,0,0,0,0,0,0,0,0,0,0,0,0,0
13.379340887069702,3.0,0.06459379196166992,0.04555632174015045,-0.06687206029891968,-0.05236011743545532,-4.899468421936035,-13.174598693847656,-1.675862431526184,5.988215446472168,0.03,1.22987961769104,-0.11941679567098618,0.32105162739753723,0.009657718241214752,0.07030507922172546,-0.13393056392669678,0.9884465932846069,0,0,0,0,0,0,0,0,0,0,0,0,0,0
13.381618976593018,3.0,0.06459379196166992,0.04555632174015045,-0.06687206029891968,-0.05236011743545532,-4.899468421936035,-13.174598693847656,-1.675862431526184,5.988215446472168,0.03,1.22987961769104,-0.11941679567098618,0.32105162739753723,0.009657718241214752,0.07030507922172546,-0.13393056392669678,0.9884465932846069,0,0,0,0,0,0,0,0,0,0,0,0,0,0
13.382721662521362,3.0,0.06459379196166992,0.04555632174015045,-0.06687206029891968,-0.05236011743545532,-4.899468421936035,-13.174598693847656,-1.675862431526184,5.988215446472168,0.03,1.22987961769104,-0.11941679567098618,0.32105162739753723,0.009657718241214752,0.07030507922172546,-0.13393056392669678,0.9884465932846069,0,0,0,0,0,0,0,0,0,0,0,0,0,0
13.385355472564697,3.0,0.06459379196166992,0.04555632174015045,-0.06687206029891968,-0.05236011743545532,-4.899468421936035,-13.174598693847656,-1.675862431526184,5.988215446472168,0.03,1.22987961769104,-0.11941679567098618,0.32105162739753723,0.009657718241214752,0.07030507922172546,-0.13393056392669678,0.9884465932846069,0,0,0,0,0,0,0,0,0,0,0,0,0,0
13.386637210845947,3.0,0.06459379196166992,0.04555632174015045,-0.06687206029891968,-0.05236011743545532,-4.899468421936035,-13.174598693847656,-1.675862431526184,5.988215446472168,0.03,1.22987961769104,-0.11941679567098618,0.32105162739753723,0.009657718241214752,0.07030507922172546,-0.13393056392669678,0.9884465932846069,0,0,0,0,0,0,0,0,0,0,0,0,0,0
13.38810658454895,3.0,0.06459379196166992,0.04555632174015045,-0.06687206029891968,-0.05236011743545532,-4.899468421936035,-13.174598693847656,-1.675862431526184,5.988215446472168,0.03,1.22987961769104,-0.11941679567098618,0.32105162739753723,0.009657718241214752,0.07030507922172546,-0.13393056392669678,0.9884465932846069,0,0,0,0,0,0,0,0,0,0,0,0,0,0
13.390014171600342,3.0,0.06459379196166992,0.04555632174015045,-0.06687206029891968,-0.05236011743545532,-4.899468421936035,-13.174598693847656,-1.675862431526184,5.988215446472168,0.03,1.22987961769104,-0.11941679567098618,0.32105162739753723,0.009657718241214752,0.07030507922172546,-0.13393056392669678,0.9884465932846069,0,0,0,0,0,0,0,0,0,0,0,0,0,0
13.393025875091553,3.0,0.06488077342510223,0.04833647608757019,-0.0673709511756897,-0.05484288930892944,-5.342643737792969,-13.679000854492188,-1.9920365810394287,6.835699558258057,0.03,1.2299039363861084,-0.11950178444385529,0.3214700520038605,0.007794778794050217,0.06664678454399109,-0.1360810548067093,0.988422691822052,0,0,0,0,0,0,0,0,0,0,0,0,0,0
13.394593000411987,3.0,0.06488077342510223,0.04833647608757019,-0.0673709511756897,-0.05484288930892944,-5.342643737792969,-13.679000854492188,-1.9920365810394287,6.835699558258057,0.03,1.2297391891479492,-0.11952660977840424,0.32183441519737244,0.007607877720147371,0.06445518136024475,-0.13362430036067963,0.988904595375061,0,0,0,0,0,0,0,0,0,0,0,0,0,0
13.396510601043701,4.0,0.06683670729398727,0.06759808957576752,-0.07020354270935059,-0.07280236482620239,-2.320627450942993,-15.038691520690918,1.7589960098266602,9.018083572387695,0.03,1.2290630340576172,-0.11941976845264435,0.32237759232521057,0.010922374203801155,0.05892821401357651,-0.10282453149557114,0.9928924441337585,0,0,0,0,0,0,0,0,0,0,0,0,0,0
13.398290872573853,4.0,0.06507835537195206,0.06854638457298279,-0.06733542680740356,-0.07401269674301147,-0.8701674938201904,-14.501968383789062,1.9287971258163452,8.097594261169434,0.03,1.2283886671066284,-0.1193465143442154,0.32321178913116455,0.009714201092720032,0.05641201138496399,-0.10099835693836212,0.9932385683059692,0,0,0,0,0,0,0,0,0,0,0,0,0,0
13.39987301826477,4.0,0.05660994350910187,0.0728786289691925,-0.055640995502471924,-0.07700896263122559,6.89708948135376,-11.371410369873047,6.675922393798828,5.981817245483398,0.03,1.2279731035232544,-0.1192174106836319,0.32362332940101624,0.004895185586065054,0.05364958196878433,-0.12706364691257477,0.9904305338859558,0,0,0,0,0,0,0,0,0,0,0,0,0,0
13.401411533355713,4.0,0.05660994350910187,0.0728786289691925,-0.055640995502471924,-0.07700896263122559,6.89708948135376,-11.371410369873047,6.675922393798828,5.981817245483398,0.03,1.2279731035232544,-0.1192174106836319,0.32362332940101624,0.004895185586065054,0.05364958196878433,-0.12706364691257477,0.9904305338859558,0,0,0,0,0,0,0,0,0,0,0,0,0,0
13.402875423431396,4.0,0.05660994350910187,0.0728786289691925,-0.055640995502471924,-0.07700896263122559,6.89708948135376,-11.371410369873047,6.675922393798828,5.981817245483398,0.03,1.2279731035232544,-0.1192174106836319,0.32362332940101624,0.004895185586065054,0.05364958196878433,-0.12706364691257477,0.9904305338859558,0,0,0,0,0,0,0,0,0,0,0,0,0,0
13.403998374938965,4.0,0.05660994350910187,0.0728786289691925,-0.055640995502471924,-0.07700896263122559,6.89708948135376,-11.371410369873047,6.675922393798828,5.981817245483398,0.03,1.2279731035232544,-0.1192174106836319,0.32362332940101624,0.004895185586065054,0.05364958196878433,-0.12706364691257477,0.9904305338859558,0,0,0,0,0,0,0,0,0,0,0,0,0,0
13.40571117401123,4.0,0.05660994350910187,0.0728786289691925,-0.055640995502471924,-0.07700896263122559,6.89708948135376,-11.371410369873047,6.675922393798828,5.981817245483398,0.03,1.2279731035232544,-0.1192174106836319,0.32362332940101624,0.004895185586065054,0.05364958196878433,-0.12706364691257477,0.9904305338859558,0,0,0,0,0,0,0,0,0,0,0,0,0,0
13.407132863998413,4.0,0.043713927268981934,0.0760745257139206,-0.04240328073501587,-0.0797429084777832,7.5570597648620605,-8.67780876159668,7.288144111633301,3.646719217300415,0.03,1.227264642715454,-0.11924196779727936,0.32441285252571106,0.003241496393457055,0.04955985024571419,-0.13878877460956573,0.9890758395195007,0,0,0,0,0,0,0,0,0,0,0,0,0,0
13.410020351409912,4.0,0.03646165132522583,0.0783148854970932,-0.0325547456741333,-0.08162569999694824,7.316710472106934,-7.029870510101318,4.972718238830566,2.225365400314331,0.03,1.2269808053970337,-0.1189674511551857,0.3254658579826355,0.010564419440925121,0.04542125388979912,-0.10558919608592987,0.9933158159255981,0,0,0,0,0,0,0,0,0,0,0,0,0,0
13.4116690158844,4.0,0.02750474214553833,0.08016234636306763,-0.02440035343170166,-0.08291381597518921,5.982788562774658,-5.084939002990723,4.214546203613281,1.026088833808899,0.03,1.2269808053970337,-0.1189674511551857,0.3254658579826355,0.010564419440925121,0.04542125388979912,-0.10558919608592987,0.9933158159255981,0,0,0,0,0,0,0,0,0,0,0,0,0,0
13.41331171989441,4.0,0.02750474214553833,0.08016234636306763,-0.02440035343170166,-0.08291381597518921,5.982788562774658,-5.084939002990723,4.214546203613281,1.026088833808899,0.03,1.2269808053970337,-0.1189674511551857,0.3254658579826355,0.010564419440925121,0.04542125388979912,-0.10558919608592987,0.9933158159255981,0,0,0,0,0,0,0,0,0,0,0,0,0,0
13.414410591125488,4.0,0.02750474214553833,0.08016234636306763,-0.02440035343170166,-0.08291381597518921,5.982788562774658,-5.084939002990723,4.214546203613281,1.026088833808899,0.03,1.2269808053970337,-0.1189674511551857,0.3254658579826355,0.010564419440925121,0.04542125388979912,-0.10558919608592987,0.9933158159255981,0,0,0,0,0,0,0,0,0,0,0,0,0,0
13.415810585021973,4.0,0.02750474214553833,0.08016234636306763,-0.02440035343170166,-0.08291381597518921,5.982788562774658,-5.084939002990723,4.214546203613281,1.026088833808899,0.03,1.2269808053970337,-0.1189674511551857,0.3254658579826355,0.010564419440925121,0.04542125388979912,-0.10558919608592987,0.9933158159255981,0,0,0,0,0,0,0,0,0,0,0,0,0,0
13.416891098022461,4.0,0.02750474214553833,0.08016234636306763,-0.02440035343170166,-0.08291381597518921,5.982788562774658,-5.084939002990723,4.214546203613281,1.026088833808899,0.03,1.2269808053970337,-0.1189674511551857,0.3254658579826355,0.010564419440925121,0.04542125388979912,-0.10558919608592987,0.9933158159255981,0,0,0,0,0,0,0,0,0,0,0,0,0,0
13.418016910552979,4.0,0.02750474214553833,0.08016234636306763,-0.02440035343170166,-0.08291381597518921,5.982788562774658,-5.084939002990723,4.214546203613281,1.026088833808899,0.03,1.2269808053970337,-0.1189674511551857,0.3254658579826355,0.010564419440925121,0.04542125388979912,-0.10558919608592987,0.9933158159255981,0,0,0,0,0,0,0,0,0,0,0,0,0,0
13.419877767562866,4.0,0.02750474214553833,0.08016234636306763,-0.02440035343170166,-0.08291381597518921,5.982788562774658,-5.084939002990723,4.214546203613281,1.026088833808899,0.03,1.2269808053970337,-0.1189674511551857,0.3254658579826355,0.010564419440925121,0.04542125388979912,-0.10558919608592987,0.9933158159255981,0,0,0,0,0,0,0,0,0,0,0,0,0,0
13.42107105255127,4.0,0.0243263840675354,0.08075988292694092,-0.020818233489990234,-0.08348661661148071,5.001258373260498,-4.740970134735107,2.7725038528442383,0.4939907491207123,0.03,1.2269808053970337,-0.1189674511551857,0.3254658579826355,0.010564419440925121,0.04542125388979912,-0.10558919608592987,0.9933158159255981,0,0,0,0,0,0,0,0,0,0,0,0,0,0
13.422214269638062,1.0,0.010162889957427979,0.08374974131584167,-0.005576193332672119,-0.08534830808639526,3.91448712348938,-2.383368492126465,0.9924411773681641,-0.6885365843772888,0.03,1.2271559238433838,-0.11879820376634598,0.3258303105831146,0.015331367962062359,0.043678753077983856,-0.08894045650959015,0.9949606657028198,0,0,0,0,0,0,0,0,0,0,0,0,0,0
13.423330068588257,1.0,0.010162889957427979,0.08374974131584167,-0.005576193332672119,-0.08534830808639526,3.91448712348938,-2.383368492126465,0.9924411773681641,-0.6885365843772888,0.03,1.2271559238433838,-0.11879820376634598,0.3258303105831146,0.015331367962062359,0.043678753077983856,-0.08894045650959015,0.9949606657028198,0,0,0,0,0,0,0,0,0,0,0,0,0,0
13.424441576004028,1.0,0.010162889957427979,0.08374974131584167,-0.005576193332672119,-0.08534830808639526,3.91448712348938,-2.383368492126465,0.9924411773681641,-0.6885365843772888,0.03,1.2271559238433838,-0.11879820376634598,0.3258303105831146,0.015331367962062359,0.043678753077983856,-0.08894045650959015,0.9949606657028198,0,0,0,0,0,0,0,0,0,0,0,0,0,0
13.42555022239685,1.0,0.010162889957427979,0.08374974131584167,-0.005576193332672119,-0.08534830808639526,3.91448712348938,-2.383368492126465,0.9924411773681641,-0.6885365843772888,0.03,1.2271559238433838,-0.11879820376634598,0.3258303105831146,0.015331367962062359,0.043678753077983856,-0.08894045650959015,0.9949606657028198,0,0,0,0,0,0,0,0,0,0,0,0,0,0
13.426630973815918,1.0,0.010162889957427979,0.08374974131584167,-0.005576193332672119,-0.08534830808639526,3.91448712348938,-2.383368492126465,0.9924411773681641,-0.6885365843772888,0.03,1.2271559238433838,-0.11879820376634598,0.3258303105831146,0.015331367962062359,0.043678753077983856,-0.08894045650959015,0.9949606657028198,0,0,0,0,0,0,0,0,0,0,0,0,0,0
13.427738666534424,1.0,0.004547417163848877,0.08491340279579163,0.00042551755905151367,-0.0858730673789978,0.9480593204498291,-0.027978122234344482,-2.1080269813537598,-2.645719051361084,0.03,1.22752845287323,-0.11891773343086243,0.32603272795677185,0.011381587013602257,0.042352091521024704,-0.11500609666109085,0.9923962950706482,0,0,0,0,0,0,0,0,0,0,0,0,0,0
13.428796529769897,1.0,0.003954946994781494,0.08486805856227875,0.0008786916732788086,-0.0857420563697815,0.7111214995384216,0.7810549736022949,-2.0728578567504883,-3.3954341411590576,0.03,1.227917194366455,-0.11899884790182114,0.32607075572013855,0.011859165504574776,0.04199850186705589,-0.12010854482650757,0.9918011426925659,0,0,0,0,0,0,0,0,0,0,0,0,0,0
13.430016040802002,1.0,0.003954946994781494,0.08486805856227875,0.0008786916732788086,-0.0857420563697815,0.7111214995384216,0.7810549736022949,-2.0728578567504883,-3.3954341411590576,0.03,1.227917194366455,-0.11899884790182114,0.32607075572013855,0.011859165504574776,0.04199850186705589,-0.12010854482650757,0.9918011426925659,0,0,0,0,0,0,0,0,0,0,0,0,0,0
13.431090116500854,1.0,0.003954946994781494,0.08486805856227875,0.0008786916732788086,-0.0857420563697815,0.7111214995384216,0.7810549736022949,-2.0728578567504883,-3.3954341411590576,0.03,1.227917194366455,-0.11899884790182114,0.32607075572013855,0.011859165504574776,0.04199850186705589,-0.12010854482650757,0.9918011426925659,0,0,0,0,0,0,0,0,0,0,0,0,0,0
13.432229042053223,1.0,0.003954946994781494,0.08486805856227875,0.0008786916732788086,-0.0857420563697815,0.7111214995384216,0.7810549736022949,-2.0728578567504883,-3.3954341411590576,0.03,1.227917194366455,-0.11899884790182114,0.32607075572013855,0.011859165504574776,0.04199850186705589,-0.12010854482650757,0.9918011426925659,0,0,0,0,0,0,0,0,0,0,0,0,0,0
13.433327913284302,1.0,0.003954946994781494,0.08486805856227875,0.0008786916732788086,-0.0857420563697815,0.7111214995384216,0.7810549736022949,-2.0728578567504883,-3.3954341411590576,0.03,1.227917194366455,-0.11899884790182114,0.32607075572013855,0.011859165504574776,0.04199850186705589,-0.12010854482650757,0.9918011426925659,0,0,0,0,0,0,0,0,0,0,0,0,0,0
13.434657573699951,1.0,0.003954946994781494,0.08486805856227875,0.0008786916732788086,-0.0857420563697815,0.7111214995384216,0.7810549736022949,-2.0728578567504883,-3.3954341411590576,0.03,1.227917194366455,-0.11899884790182114,0.32607075572013855,0.011859165504574776,0.04199850186705589,-0.12010854482650757,0.9918011426925659,0,0,0,0,0,0,0,0,0,0,0,0,0,0
13.435755491256714,1.0,0.003954946994781494,0.08486805856227875,0.0008786916732788086,-0.0857420563697815,0.7111214995384216,0.7810549736022949,-2.0728578567504883,-3.3954341411590576,0.03,1.227917194366455,-0.11899884790182114,0.32607075572013855,0.011859165504574776,0.04199850186705589,-0.12010854482650757,0.9918011426925659,0,0,0,0,0,0,0,0,0,0,0,0,0,0
13.437408447265625,1.0,0.0021473169326782227,0.0801420509815216,0.00020551681518554688,-0.07839155197143555,1.382366418838501,5.702724933624268,1.1009185314178467,-5.901941299438477,0.03,1.228385329246521,-0.11916527897119522,0.3260215222835541,0.013865001499652863,0.04231677204370499,-0.11589305102825165,0.9922630190849304,0,0,0,0,0,0,0,0,0,0,0,0,0,0
13.438879489898682,1.0,0.0021473169326782227,0.0801420509815216,0.00020551681518554688,-0.07839155197143555,1.382366418838501,5.702724933624268,1.1009185314178467,-5.901941299438477,0.03,1.228385329246521,-0.11916527897119522,0.3260215222835541,0.013865001499652863,0.04231677204370499,-0.11589305102825165,0.9922630190849304,0,0,0,0,0,0,0,0,0,0,0,0,0,0
13.441004753112793,1.0,0.0021473169326782227,0.0801420509815216,0.00020551681518554688,-0.07839155197143555,1.382366418838501,5.702724933624268,1.1009185314178467,-5.901941299438477,0.03,1.228385329246521,-0.11916527897119522,0.3260215222835541,0.013865001499652863,0.04231677204370499,-0.11589305102825165,0.9922630190849304,0,0,0,0,0,0,0,0,0,0,0,0,0,0
13.442545413970947,1.0,0.002380847930908203,0.0787227600812912,-0.000807344913482666,-0.07579964399337769,1.666682481765747,6.470083713531494,1.6670589447021484,-6.26092004776001,0.03,1.2287871837615967,-0.11939797550439835,0.32580915093421936,0.015164440497756004,0.04397983476519585,-0.11786138266324997,0.9919397830963135,0,0,0,0,0,0,0,0,0,0,0,0,0,0
13.443901300430298,1.0,0.002380847930908203,0.0787227600812912,-0.000807344913482666,-0.07579964399337769,1.666682481765747,6.470083713531494,1.6670589447021484,-6.26092004776001,0.03,1.2287871837615967,-0.11939797550439835,0.32580915093421936,0.015164440497756004,0.04397983476519585,-0.11786138266324997,0.9919397830963135,0,0,0,0,0,0,0,0,0,0,0,0,0,0
13.445161581039429,1.0,0.002380847930908203,0.0787227600812912,-0.000807344913482666,-0.07579964399337769,1.666682481765747,6.470083713531494,1.6670589447021484,-6.26092004776001,0.03,1.2287871837615967,-0.11939797550439835,0.32580915093421936,0.015164440497756004,0.04397983476519585,-0.11786138266324997,0.9919397830963135,0,0,0,0,0,0,0,0,0,0,0,0,0,0
13.446562767028809,1.0,0.002380847930908203,0.0787227600812912,-0.000807344913482666,-0.07579964399337769,1.666682481765747,6.470083713531494,1.6670589447021484,-6.26092004776001,0.03,1.2287871837615967,-0.11939797550439835,0.32580915093421936,0.015164440497756004,0.04397983476519585,-0.11786138266324997,0.9919397830963135,0,0,0,0,0,0,0,0,0,0,0,0,0,0
13.44807505607605,1.0,0.002380847930908203,0.0787227600812912,-0.000807344913482666,-0.07579964399337769,1.666682481765747,6.470083713531494,1.6670589447021484,-6.26092004776001,0.03,1.2287871837615967,-0.11939797550439835,0.32580915093421936,0.015164440497756004,0.04397983476519585,-0.11786138266324997,0.9919397830963135,0,0,0,0,0,0,0,0,0,0,0,0,0,0
13.449867963790894,1.0,0.002380847930908203,0.0787227600812912,-0.000807344913482666,-0.07579964399337769,1.666682481765747,6.470083713531494,1.6670589447021484,-6.26092004776001,0.03,1.2287871837615967,-0.11939797550439835,0.32580915093421936,0.015164440497756004,0.04397983476519585,-0.11786138266324997,0.9919397830963135,0,0,0,0,0,0,0,0,0,0,0,0,0,0
13.45159101486206,1.0,0.002380847930908203,0.0787227600812912,-0.000807344913482666,-0.07579964399337769,1.666682481765747,6.470083713531494,1.6670589447021484,-6.26092004776001,0.03,1.2287871837615967,-0.11939797550439835,0.32580915093421936,0.015164440497756004,0.04397983476519585,-0.11786138266324997,0.9919397830963135,0,0,0,0,0,0,0,0,0,0,0,0,0,0
13.45283317565918,1.0,0.002380847930908203,0.0787227600812912,-0.000807344913482666,-0.07579964399337769,1.666682481765747,6.470083713531494,1.6670589447021484,-6.26092004776001,0.03,1.2299768924713135,-0.11970881372690201,0.32391253113746643,0.013372447341680527,0.05535940080881119,-0.13077619671821594,0.9897748827934265,0,0,0,0,0,0,0,0,0,0,0,0,0,0
13.453981637954712,1.0,0.002380847930908203,0.0787227600812912,-0.000807344913482666,-0.07579964399337769,1.666682481765747,6.470083713531494,1.6670589447021484,-6.26092004776001,0.03,1.2299768924713135,-0.11970881372690201,0.32391253113746643,0.013372447341680527,0.05535940080881119,-0.13077619671821594,0.9897748827934265,0,0,0,0,0,0,0,0,0,0,0,0,0,0
13.456105947494507,1.0,0.002380847930908203,0.0787227600812912,-0.000807344913482666,-0.07579964399337769,1.666682481765747,6.470083713531494,1.6670589447021484,-6.26092004776001,0.03,1.2299768924713135,-0.11970881372690201,0.32391253113746643,0.013372447341680527,0.05535940080881119,-0.13077619671821594,0.9897748827934265,0,0,0,0,0,0,0,0,0,0,0,0,0,0
13.458159685134888,1.0,0.002380847930908203,0.0787227600812912,-0.000807344913482666,-0.07579964399337769,1.666682481765747,6.470083713531494,1.6670589447021484,-6.26092004776001,0.03,1.2299768924713135,-0.11970881372690201,0.32391253113746643,0.013372447341680527,0.05535940080881119,-0.13077619671821594,0.9897748827934265,0,0,0,0,0,0,0,0,0,0,0,0,0,0
13.45936107635498,1.0,0.002380847930908203,0.0787227600812912,-0.000807344913482666,-0.07579964399337769,1.666682481765747,6.470083713531494,1.6670589447021484,-6.26092004776001,0.03,1.2299768924713135,-0.11970881372690201,0.32391253113746643,0.013372447341680527,0.05535940080881119,-0.13077619671821594,0.9897748827934265,0,0,0,0,0,0,0,0,0,0,0,0,0,0
13.460498332977295,1.0,0.002380847930908203,0.0787227600812912,-0.000807344913482666,-0.07579964399337769,1.666682481765747,6.470083713531494,1.6670589447021484,-6.26092004776001,0.03,1.2299768924713135,-0.11970881372690201,0.32391253113746643,0.013372447341680527,0.05535940080881119,-0.13077619671821594,0.9897748827934265,0,0,0,0,0,0,0,0,0,0,0,0,0,0
13.462288856506348,1.0,0.002380847930908203,0.0787227600812912,-0.000807344913482666,-0.07579964399337769,1.666682481765747,6.470083713531494,1.6670589447021484,-6.26092004776001,0.03,1.2299768924713135,-0.11970881372690201,0.32391253113746643,0.013372447341680527,0.05535940080881119,-0.13077619671821594,0.9897748827934265,0,0,0,0,0,0,0,0,0,0,0,0,0,0
13.464412927627563,1.0,0.002380847930908203,0.0787227600812912,-0.000807344913482666,-0.07579964399337769,1.666682481765747,6.470083713531494,1.6670589447021484,-6.26092004776001,0.03,1.2299768924713135,-0.11970881372690201,0.32391253113746643,0.013372447341680527,0.05535940080881119,-0.13077619671821594,0.9897748827934265,0,0,0,0,0,0,0,0,0,0,0,0,0,0
13.465490341186523,1.0,0.002380847930908203,0.0787227600812912,-0.000807344913482666,-0.07579964399337769,1.666682481765747,6.470083713531494,1.6670589447021484,-6.26092004776001,0.03,1.2299768924713135,-0.11970881372690201,0.32391253113746643,0.013372447341680527,0.05535940080881119,-0.13077619671821594,0.9897748827934265,0,0,0,0,0,0,0,0,0,0,0,0,0,0
13.466608047485352,1.0,0.002380847930908203,0.0787227600812912,-0.000807344913482666,-0.07579964399337769,1.666682481765747,6.470083713531494,1.6670589447021484,-6.26092004776001,0.03,1.2299768924713135,-0.11970881372690201,0.32391253113746643,0.013372447341680527,0.05535940080881119,-0.13077619671821594,0.9897748827934265,0,0,0,0,0,0,0,0,0,0,0,0,0,0
13.467731475830078,1.0,0.002380847930908203,0.0787227600812912,-0.000807344913482666,-0.07579964399337769,1.666682481765747,6.470083713531494,1.6670589447021484,-6.26092004776001,0.03,1.2299768924713135,-0.11970881372690201,0.32391253113746643,0.013372447341680527,0.05535940080881119,-0.13077619671821594,0.9897748827934265,0,0,0,0,0,0,0,0,0,0,0,0,0,0
13.468987703323364,1.0,0.002380847930908203,0.0787227600812912,-0.000807344913482666,-0.07579964399337769,1.666682481765747,6.470083713531494,1.6670589447021484,-6.26092004776001,0.03,1.2299768924713135,-0.11970881372690201,0.32391253113746643,0.013372447341680527,0.05535940080881119,-0.13077619671821594,0.9897748827934265,0,0,0,0,0,0,0,0,0,0,0,0,0,0
13.470246076583862,1.0,0.002380847930908203,0.0787227600812912,-0.000807344913482666,-0.07579964399337769,1.666682481765747,6.470083713531494,1.6670589447021484,-6.26092004776001,0.03,1.2299768924713135,-0.11970881372690201,0.32391253113746643,0.013372447341680527,0.05535940080881119,-0.13077619671821594,0.9897748827934265,0,0,0,0,0,0,0,0,0,0,0,0,0,0
13.471727848052979,1.0,0.002380847930908203,0.0787227600812912,-0.000807344913482666,-0.07579964399337769,1.666682481765747,6.470083713531494,1.6670589447021484,-6.26092004776001,0.03,1.2299768924713135,-0.11970881372690201,0.32391253113746643,0.013372447341680527,0.05535940080881119,-0.13077619671821594,0.9897748827934265,0,0,0,0,0,0,0,0,0,0,0,0,0,0
13.473348140716553,1.0,0.002380847930908203,0.0787227600812912,-0.000807344913482666,-0.07579964399337769,1.666682481765747,6.470083713531494,1.6670589447021484,-6.26092004776001,0.03,1.2300869226455688,-0.11952394992113113,0.32319945096969604,0.013804430142045021,0.0587882362306118,-0.13848787546157837,0.9885213971138,0,0,0,0,0,0,0,0,0,0,0,0,0,0
13.474869012832642,1.0,0.002380847930908203,0.0787227600812912,-0.000807344913482666,-0.07579964399337769,1.666682481765747,6.470083713531494,1.6670589447021484,-6.26092004776001,0.03,1.2303880453109741,-0.11962340027093887,0.3226113021373749,0.019944889470934868,0.06271317601203918,-0.1041024699807167,0.992387056350708,0,0,0,0,0,0,0,0,0,0,0,0,0,0
13.476232528686523,1.0,0.002380847930908203,0.0787227600812912,-0.000807344913482666,-0.07579964399337769,1.666682481765747,6.470083713531494,1.6670589447021484,-6.26092004776001,0.03,1.2303880453109741,-0.11962340027093887,0.3226113021373749,0.019944889470934868,0.06271317601203918,-0.1041024699807167,0.992387056350708,0,0,0,0,0,0,0,0,0,0,0,0,0,0
13.477322101593018,1.0,0.002380847930908203,0.0787227600812912,-0.000807344913482666,-0.07579964399337769,1.666682481765747,6.470083713531494,1.6670589447021484,-6.26092004776001,0.03,1.2303880453109741,-0.11962340027093887,0.3226113021373749,0.019944889470934868,0.06271317601203918,-0.1041024699807167,0.992387056350708,0,0,0,0,0,0,0,0,0,0,0,0,0,0
13.478590726852417,1.0,0.002380847930908203,0.0787227600812912,-0.000807344913482666,-0.07579964399337769,1.666682481765747,6.470083713531494,1.6670589447021484,-6.26092004776001,0.03,1.2303880453109741,-0.11962340027093887,0.3226113021373749,0.019944889470934868,0.06271317601203918,-0.1041024699807167,0.992387056350708,0,0,0,0,0,0,0,0,0,0,0,0,0,0
13.479735851287842,1.0,0.002380847930908203,0.0787227600812912,-0.000807344913482666,-0.07579964399337769,1.666682481765747,6.470083713531494,1.6670589447021484,-6.26092004776001,0.03,1.2305186986923218,-0.11954156309366226,0.32159462571144104,0.02404906041920185,0.07175764441490173,-0.11041893064975739,0.9909996390342712,0,0,0,0,0,0,0,0,0,0,0,0,0,0
13.480954647064209,1.0,0.002380847930908203,0.0787227600812912,-0.000807344913482666,-0.07579964399337769,1.666682481765747,6.470083713531494,1.6670589447021484,-6.26092004776001,0.03,1.2305186986923218,-0.11954156309366226,0.32159462571144104,0.02404906041920185,0.07175764441490173,-0.11041893064975739,0.9909996390342712,0,0,0,0,0,0,0,0,0,0,0,0,0,0
13.482196807861328,1.0,0.002380847930908203,0.0787227600812912,-0.000807344913482666,-0.07579964399337769,1.666682481765747,6.470083713531494,1.6670589447021484,-6.26092004776001,0.03,1.2305186986923218,-0.11954156309366226,0.32159462571144104,0.02404906041920185,0.07175764441490173,-0.11041893064975739,0.9909996390342712,0,0,0,0,0,0,0,0,0,0,0,0,0,0
13.483314752578735,1.0,0.002380847930908203,0.0787227600812912,-0.000807344913482666,-0.07579964399337769,1.666682481765747,6.470083713531494,1.6670589447021484,-6.26092004776001,0.03,1.2305186986923218,-0.11954156309366226,0.32159462571144104,0.02404906041920185,0.07175764441490173,-0.11041893064975739,0.9909996390342712,0,0,0,0,0,0,0,0,0,0,0,0,0,0
13.484508991241455,1.0,0.002380847930908203,0.0787227600812912,-0.000807344913482666,-0.07579964399337769,1.666682481765747,6.470083713531494,1.6670589447021484,-6.26092004776001,0.03,1.2305186986923218,-0.11954156309366226,0.32159462571144104,0.02404906041920185,0.07175764441490173,-0.11041893064975739,0.9909996390342712,0,0,0,0,0,0,0,0,0,0,0,0,0,0
13.486407995223999,1.0,0.002380847930908203,0.0787227600812912,-0.000807344913482666,-0.07579964399337769,1.666682481765747,6.470083713531494,1.6670589447021484,-6.26092004776001,0.03,1.2305186986923218,-0.11954156309366226,0.32159462571144104,0.02404906041920185,0.07175764441490173,-0.11041893064975739,0.9909996390342712,0,0,0,0,0,0,0,0,0,0,0,0,0,0
13.488189220428467,1.0,0.002380847930908203,0.0787227600812912,-0.000807344913482666,-0.07579964399337769,1.666682481765747,6.470083713531494,1.6670589447021484,-6.26092004776001,0.03,1.2305186986923218,-0.11954156309366226,0.32159462571144104,0.02404906041920185,0.07175764441490173,-0.11041893064975739,0.9909996390342712,0,0,0,0,0,0,0,0,0,0,0,0,0,0
13.489269733428955,1.0,0.002380847930908203,0.0787227600812912,-0.000807344913482666,-0.07579964399337769,1.666682481765747,6.470083713531494,1.6670589447021484,-6.26092004776001,0.03,1.2305186986923218,-0.11954156309366226,0.32159462571144104,0.02404906041920185,0.07175764441490173,-0.11041893064975739,0.9909996390342712,0,0,0,0,0,0,0,0,0,0,0,0,0,0
13.491580724716187,1.0,0.002380847930908203,0.0787227600812912,-0.000807344913482666,-0.07579964399337769,1.666682481765747,6.470083713531494,1.6670589447021484,-6.26092004776001,0.03,1.2305186986923218,-0.11954156309366226,0.32159462571144104,0.02404906041920185,0.07175764441490173,-0.11041893064975739,0.9909996390342712,0,0,0,0,0,0,0,0,0,0,0,0,0,0
13.492984771728516,1.0,0.002380847930908203,0.0787227600812912,-0.000807344913482666,-0.07579964399337769,1.666682481765747,6.470083713531494,1.6670589447021484,-6.26092004776001,0.03,1.2305186986923218,-0.11954156309366226,0.32159462571144104,0.02404906041920185,0.07175764441490173,-0.11041893064975739,0.9909996390342712,0,0,0,0,0,0,0,0,0,0,0,0,0,0
13.494350671768188,1.0,0.002380847930908203,0.0787227600812912,-0.000807344913482666,-0.07579964399337769,1.666682481765747,6.470083713531494,1.6670589447021484,-6.26092004776001,0.03,1.2305186986923218,-0.11954156309366226,0.32159462571144104,0.02404906041920185,0.07175764441490173,-0.11041893064975739,0.9909996390342712,0,0,0,0,0,0,0,0,0,0,0,0,0,0
13.496164560317993,1.0,0.002380847930908203,0.0787227600812912,-0.000807344913482666,-0.07579964399337769,1.666682481765747,6.470083713531494,1.6670589447021484,-6.26092004776001,0.03,1.2305186986923218,-0.11954156309366226,0.32159462571144104,0.02404906041920185,0.07175764441490173,-0.11041893064975739,0.9909996390342712,0,0,0,0,0,0,0,0,0,0,0,0,0,0
13.500101566314697,1.0,0.002380847930908203,0.0787227600812912,-0.000807344913482666,-0.07579964399337769,1.666682481765747,6.470083713531494,1.6670589447021484,-6.26092004776001,0.03,1.2305186986923218,-0.11954156309366226,0.32159462571144104,0.02404906041920185,0.07175764441490173,-0.11041893064975739,0.9909996390342712,0,0,0,0,0,0,0,0,0,0,0,0,0,0
13.501269578933716,1.0,0.002380847930908203,0.0787227600812912,-0.000807344913482666,-0.07579964399337769,1.666682481765747,6.470083713531494,1.6670589447021484,-6.26092004776001,0.03,1.2305437326431274,-0.11957773566246033,0.32094696164131165,0.023276718333363533,0.07745273411273956,-0.11288641393184662,0.9903110861778259,0,0,0,0,0,0,0,0,0,0,0,0,0,0
13.50241494178772,1.0,0.002380847930908203,0.0787227600812912,-0.000807344913482666,-0.07579964399337769,1.666682481765747,6.470083713531494,1.6670589447021484,-6.26092004776001,0.03,1.230364203453064,-0.11945982277393341,0.32021382451057434,0.02817969024181366,0.08280263096094131,-0.10260803997516632,0.9908689260482788,0,0,0,0,0,0,0,0,0,0,0,0,0,0
13.50380539894104,1.0,0.002380847930908203,0.0787227600812912,-0.000807344913482666,-0.07579964399337769,1.666682481765747,6.470083713531494,1.6670589447021484,-6.26092004776001,0.03,1.230364203453064,-0.11945982277393341,0.32021382451057434,0.02817969024181366,0.08280263096094131,-0.10260803997516632,0.9908689260482788,0,0,0,0,0,0,0,0,0,0,0,0,0,0
13.505439043045044,1.0,0.002380847930908203,0.0787227600812912,-0.000807344913482666,-0.07579964399337769,1.666682481765747,6.470083713531494,1.6670589447021484,-6.26092004776001,0.03,1.230364203453064,-0.11945982277393341,0.32021382451057434,0.02817969024181366,0.08280263096094131,-0.10260803997516632,0.9908689260482788,0,0,0,0,0,0,0,0,0,0,0,0,0,0
13.506585359573364,1.0,0.002380847930908203,0.0787227600812912,-0.000807344913482666,-0.07579964399337769,1.666682481765747,6.470083713531494,1.6670589447021484,-6.26092004776001,0.03,1.230364203453064,-0.11945982277393341,0.32021382451057434,0.02817969024181366,0.08280263096094131,-0.10260803997516632,0.9908689260482788,0,0,0,0,0,0,0,0,0,0,0,0,0,0
13.50768494606018,1.0,0.002380847930908203,0.0787227600812912,-0.000807344913482666,-0.07579964399337769,1.666682481765747,6.470083713531494,1.6670589447021484,-6.26092004776001,0.03,1.230364203453064,-0.11945982277393341,0.32021382451057434,0.02817969024181366,0.08280263096094131,-0.10260803997516632,0.9908689260482788,0,0,0,0,0,0,0,0,0,0,0,0,0,0
13.50881028175354,1.0,0.002380847930908203,0.0787227600812912,-0.000807344913482666,-0.07579964399337769,1.666682481765747,6.470083713531494,1.6670589447021484,-6.26092004776001,0.03,1.230364203453064,-0.11945982277393341,0.32021382451057434,0.02817969024181366,0.08280263096094131,-0.10260803997516632,0.9908689260482788,0,0,0,0,0,0,0,0,0,0,0,0,0,0
13.509908437728882,1.0,0.002380847930908203,0.0787227600812912,-0.000807344913482666,-0.07579964399337769,1.666682481765747,6.470083713531494,1.6670589447021484,-6.26092004776001,0.03,1.230364203453064,-0.11945982277393341,0.32021382451057434,0.02817969024181366,0.08280263096094131,-0.10260803997516632,0.9908689260482788,0,0,0,0,0,0,0,0,0,0,0,0,0,0
13.511698722839355,1.0,0.002380847930908203,0.0787227600812912,-0.000807344913482666,-0.07579964399337769,1.666682481765747,6.470083713531494,1.6670589447021484,-6.26092004776001,0.03,1.230364203453064,-0.11945982277393341,0.32021382451057434,0.02817969024181366,0.08280263096094131,-0.10260803997516632,0.9908689260482788,0,0,0,0,0,0,0,0,0,0,0,0,0,0
13.512775421142578,1.0,0.002380847930908203,0.0787227600812912,-0.000807344913482666,-0.07579964399337769,1.666682481765747,6.470083713531494,1.6670589447021484,-6.26092004776001,0.03,1.230364203453064,-0.11945982277393341,0.32021382451057434,0.02817969024181366,0.08280263096094131,-0.10260803997516632,0.9908689260482788,0,0,0,0,0,0,0,0,0,0,0,0,0,0
13.513882398605347,1.0,0.002380847930908203,0.0787227600812912,-0.000807344913482666,-0.07579964399337769,1.666682481765747,6.470083713531494,1.6670589447021484,-6.26092004776001,0.03,1.230364203453064,-0.11945982277393341,0.32021382451057434,0.02817969024181366,0.08280263096094131,-0.10260803997516632,0.9908689260482788,0,0,0,0,0,0,0,0,0,0,0,0,0,0
13.514981508255005,1.0,0.002380847930908203,0.0787227600812912,-0.000807344913482666,-0.07579964399337769,1.666682481765747,6.470083713531494,1.6670589447021484,-6.26092004776001,0.03,1.230364203453064,-0.11945982277393341,0.32021382451057434,0.02817969024181366,0.08280263096094131,-0.10260803997516632,0.9908689260482788,0,0,0,0,0,0,0,0,0,0,0,0,0,0
13.516055822372437,1.0,0.002380847930908203,0.0787227600812912,-0.000807344913482666,-0.07579964399337769,1.666682481765747,6.470083713531494,1.6670589447021484,-6.26092004776001,0.03,1.230364203453064,-0.11945982277393341,0.32021382451057434,0.02817969024181366,0.08280263096094131,-0.10260803997516632,0.9908689260482788,0,0,0,0,0,0,0,0,0,0,0,0,0,0
13.517149209976196,1.0,0.002380847930908203,0.0787227600812912,-0.000807344913482666,-0.07579964399337769,1.666682481765747,6.470083713531494,1.6670589447021484,-6.26092004776001,0.03,1.230364203453064,-0.11945982277393341,0.32021382451057434,0.02817969024181366,0.08280263096094131,-0.10260803997516632,0.9908689260482788,0,0,0,0,0,0,0,0,0,0,0,0,0,0
13.518217086791992,1.0,0.002380847930908203,0.0787227600812912,-0.000807344913482666,-0.07579964399337769,1.666682481765747,6.470083713531494,1.6670589447021484,-6.26092004776001,0.03,1.230364203453064,-0.11945982277393341,0.32021382451057434,0.02817969024181366,0.08280263096094131,-0.10260803997516632,0.9908689260482788,0,0,0,0,0,0,0,0,0,0,0,0,0,0
13.519307374954224,1.0,0.002380847930908203,0.0787227600812912,-0.000807344913482666,-0.07579964399337769,1.666682481765747,6.470083713531494,1.6670589447021484,-6.26092004776001,0.03,1.230364203453064,-0.11945982277393341,0.32021382451057434,0.02817969024181366,0.08280263096094131,-0.10260803997516632,0.9908689260482788,0,0,0,0,0,0,0,0,0,0,0,0,0,0
13.520393133163452,1.0,0.002380847930908203,0.0787227600812912,-0.000807344913482666,-0.07579964399337769,1.666682481765747,6.470083713531494,1.6670589447021484,-6.26092004776001,0.03,1.230364203453064,-0.11945982277393341,0.32021382451057434,0.02817969024181366,0.08280263096094131,-0.10260803997516632,0.9908689260482788,0,0,0,0,0,0,0,0,0,0,0,0,0,0
13.521520853042603,1.0,0.003779768943786621,0.0494813472032547,-0.0007186532020568848,-0.04385697841644287,2.820518970489502,6.402464866638184,1.1089674234390259,-3.307591676712036,0.03,1.230364203453064,-0.11945982277393341,0.32021382451057434,0.02817969024181366,0.08280263096094131,-0.10260803997516632,0.9908689260482788,0,0,0,0,0,0,0,0,0,0,0,0,0,0
13.522645950317383,1.0,0.0036368370056152344,0.042754754424095154,-0.0006195902824401855,-0.03553372621536255,2.7587602138519287,7.468268394470215,1.1237534284591675,-2.72036075592041,0.03,1.230364203453064,-0.11945982277393341,0.32021382451057434,0.02817969024181366,0.08280263096094131,-0.10260803997516632,0.9908689260482788,0,0,0,0,0,0,0,0,0,0,0,0,0,0
13.523723125457764,1.0,0.0036368370056152344,0.042754754424095154,-0.0006195902824401855,-0.03553372621536255,2.7587602138519287,7.468268394470215,1.1237534284591675,-2.72036075592041,0.03,1.230364203453064,-0.11945982277393341,0.32021382451057434,0.02817969024181366,0.08280263096094131,-0.10260803997516632,0.9908689260482788,0,0,0,0,0,0,0,0,0,0,0,0,0,0
13.524928569793701,1.0,0.0036368370056152344,0.042754754424095154,-0.0006195902824401855,-0.03553372621536255,2.7587602138519287,7.468268394470215,1.1237534284591675,-2.72036075592041,0.03,1.230364203453064,-0.11945982277393341,0.32021382451057434,0.02817969024181366,0.08280263096094131,-0.10260803997516632,0.9908689260482788,0,0,0,0,0,0,0,0,0,0,0,0,0,0
13.52608036994934,1.0,0.0036368370056152344,0.042754754424095154,-0.0006195902824401855,-0.03553372621536255,2.7587602138519287,7.468268394470215,1.1237534284591675,-2.72036075592041,0.03,1.230364203453064,-0.11945982277393341,0.32021382451057434,0.02817969024181366,0.08280263096094131,-0.10260803997516632,0.9908689260482788,0,0,0,0,0,0,0,0,0,0,0,0,0,0
13.527237176895142,1.0,0.003514707088470459,0.03573895990848541,-0.0005334019660949707,-0.027443885803222656,2.732506275177002,7.533360004425049,0.9972079992294312,-1.901068925857544,0.03,1.230364203453064,-0.11945982277393341,0.32021382451057434,0.02817969024181366,0.08280263096094131,-0.10260803997516632,0.9908689260482788,0,0,0,0,0,0,0,0,0,0,0,0,0,0
13.528584957122803,1.0,0.003414154052734375,0.03125657141208649,-0.0004394650459289551,-0.021815001964569092,2.6504178047180176,8.022212028503418,0.9792452454566956,-1.237476110458374,0.03,1.230364203453064,-0.11945982277393341,0.32021382451057434,0.02817969024181366,0.08280263096094131,-0.10260803997516632,0.9908689260482788,0,0,0,0,0,0,0,0,0,0,0,0,0,0
13.529770612716675,1.0,0.003414154052734375,0.03125657141208649,-0.0004394650459289551,-0.021815001964569092,2.6504178047180176,8.022212028503418,0.9792452454566956,-1.237476110458374,0.03,1.230364203453064,-0.11945982277393341,0.32021382451057434,0.02817969024181366,0.08280263096094131,-0.10260803997516632,0.9908689260482788,0,0,0,0,0,0,0,0,0,0,0,0,0,0
13.530850648880005,1.0,0.003414154052734375,0.03125657141208649,-0.0004394650459289551,-0.021815001964569092,2.6504178047180176,8.022212028503418,0.9792452454566956,-1.237476110458374,0.03,1.230364203453064,-0.11945982277393341,0.32021382451057434,0.02817969024181366,0.08280263096094131,-0.10260803997516632,0.9908689260482788,0,0,0,0,0,0,0,0,0,0,0,0,0,0
13.532208442687988,1.0,0.003414154052734375,0.03125657141208649,-0.0004394650459289551,-0.021815001964569092,2.6504178047180176,8.022212028503418,0.9792452454566956,-1.237476110458374,0.03,1.230364203453064,-0.11945982277393341,0.32021382451057434,0.02817969024181366,0.08280263096094131,-0.10260803997516632,0.9908689260482788,0,0,0,0,0,0,0,0,0,0,0,0,0,0
13.533724308013916,1.0,0.003414154052734375,0.03125657141208649,-0.0004394650459289551,-0.021815001964569092,2.6504178047180176,8.022212028503418,0.9792452454566956,-1.237476110458374,0.03,1.230364203453064,-0.11945982277393341,0.32021382451057434,0.02817969024181366,0.08280263096094131,-0.10260803997516632,0.9908689260482788,0,0,0,0,0,0,0,0,0,0,0,0,0,0
13.535027980804443,1.0,0.003414154052734375,0.03125657141208649,-0.0004394650459289551,-0.021815001964569092,2.6504178047180176,8.022212028503418,0.9792452454566956,-1.237476110458374,0.03,1.230364203453064,-0.11945982277393341,0.32021382451057434,0.02817969024181366,0.08280263096094131,-0.10260803997516632,0.9908689260482788,0,0,0,0,0,0,0,0,0,0,0,0,0,0
13.539480209350586,1.0,0.0033736824989318848,0.030004873871803284,-0.0004086494445800781,-0.021077275276184082,2.607083320617676,7.875063896179199,0.8902080059051514,-1.5264687538146973,0.03,1.230364203453064,-0.11945982277393341,0.32021382451057434,0.02817969024181366,0.08280263096094131,-0.10260803997516632,0.9908689260482788,0,0,0,0,0,0,0,0,0,0,0,0,0,0
13.54068636894226,1.0,0.0033441781997680664,0.02798563241958618,-0.00034171342849731445,-0.019228100776672363,2.63173508644104,7.882059574127197,0.847607433795929,-2.0491297245025635,0.03,1.2300512790679932,-0.11915608495473862,0.3190535604953766,0.030725980177521706,0.09395313262939453,-0.10063457489013672,0.9900007247924805,0,0,0,0,0,0,0,0,0,0,0,0,0,0
13.542173385620117,1.0,0.0031526684761047363,0.022626221179962158,-0.00011593103408813477,-0.013385593891143799,2.4614429473876953,7.734320640563965,0.6272621750831604,-0.9478129148483276,0.03,1.2300512790679932,-0.11915608495473862,0.3190535604953766,0.030725980177521706,0.09395313262939453,-0.10063457489013672,0.9900007247924805,0,0,0,0,0,0,0,0,0,0,0,0,0,0
13.543521642684937,1.0,0.0031526684761047363,0.022626221179962158,-0.00011593103408813477,-0.013385593891143799,2.4614429473876953,7.734320640563965,0.6272621750831604,-0.9478129148483276,0.03,1.2300512790679932,-0.11915608495473862,0.3190535604953766,0.030725980177521706,0.09395313262939453,-0.10063457489013672,0.9900007247924805,0,0,0,0,0,0,0,0,0,0,0,0,0,0
13.545444011688232,1.0,0.0031526684761047363,0.022626221179962158,-0.00011593103408813477,-0.013385593891143799,2.4614429473876953,7.734320640563965,0.6272621750831604,-0.9478129148483276,0.03,1.2300512790679932,-0.11915608495473862,0.3190535604953766,0.030725980177521706,0.09395313262939453,-0.10063457489013672,0.9900007247924805,0,0,0,0,0,0,0,0,0,0,0,0,0,0
13.54653525352478,1.0,0.0031526684761047363,0.022626221179962158,-0.00011593103408813477,-0.013385593891143799,2.4614429473876953,7.734320640563965,0.6272621750831604,-0.9478129148483276,0.03,1.2300512790679932,-0.11915608495473862,0.3190535604953766,0.030725980177521706,0.09395313262939453,-0.10063457489013672,0.9900007247924805,0,0,0,0,0,0,0,0,0,0,0,0,0,0
13.547791957855225,1.0,0.0031526684761047363,0.022626221179962158,-0.00011593103408813477,-0.013385593891143799,2.4614429473876953,7.734320640563965,0.6272621750831604,-0.9478129148483276,0.03,1.2300512790679932,-0.11915608495473862,0.3190535604953766,0.030725980177521706,0.09395313262939453,-0.10063457489013672,0.9900007247924805,0,0,0,0,0,0,0,0,0,0,0,0,0,0
13.54906439781189,1.0,0.0031526684761047363,0.022626221179962158,-0.00011593103408813477,-0.013385593891143799,2.4614429473876953,7.734320640563965,0.6272621750831604,-0.9478129148483276,0.03,1.2300512790679932,-0.11915608495473862,0.3190535604953766,0.030725980177521706,0.09395313262939453,-0.10063457489013672,0.9900007247924805,0,0,0,0,0,0,0,0,0,0,0,0,0,0
13.55083155632019,1.0,0.0031526684761047363,0.022626221179962158,-0.00011593103408813477,-0.013385593891143799,2.4614429473876953,7.734320640563965,0.6272621750831604,-0.9478129148483276,0.03,1.2300512790679932,-0.11915608495473862,0.3190535604953766,0.030725980177521706,0.09395313262939453,-0.10063457489013672,0.9900007247924805,0,0,0,0,0,0,0,0,0,0,0,0,0,0
13.551909923553467,1.0,0.0031526684761047363,0.022626221179962158,-0.00011593103408813477,-0.013385593891143799,2.4614429473876953,7.734320640563965,0.6272621750831604,-0.9478129148483276,0.03,1.2300512790679932,-0.11915608495473862,0.3190535604953766,0.030725980177521706,0.09395313262939453,-0.10063457489013672,0.9900007247924805,0,0,0,0,0,0,0,0,0,0,0,0,0,0
13.554065942764282,1.0,0.0031526684761047363,0.022626221179962158,-0.00011593103408813477,-0.013385593891143799,2.4614429473876953,7.734320640563965,0.6272621750831604,-0.9478129148483276,0.03,1.2300512790679932,-0.11915608495473862,0.3190535604953766,0.030725980177521706,0.09395313262939453,-0.10063457489013672,0.9900007247924805,0,0,0,0,0,0,0,0,0,0,0,0,0,0
13.555176258087158,1.0,0.0031526684761047363,0.022626221179962158,-0.00011593103408813477,-0.013385593891143799,2.4614429473876953,7.734320640563965,0.6272621750831604,-0.9478129148483276,0.03,1.2300512790679932,-0.11915608495473862,0.3190535604953766,0.030725980177521706,0.09395313262939453,-0.10063457489013672,0.9900007247924805,0,0,0,0,0,0,0,0,0,0,0,0,0,0
13.556283473968506,1.0,0.0031526684761047363,0.022626221179962158,-0.00011593103408813477,-0.013385593891143799,2.4614429473876953,7.734320640563965,0.6272621750831604,-0.9478129148483276,0.03,1.2300512790679932,-0.11915608495473862,0.3190535604953766,0.030725980177521706,0.09395313262939453,-0.10063457489013672,0.9900007247924805,0,0,0,0,0,0,0,0,0,0,0,0,0,0
13.557420492172241,1.0,0.0031526684761047363,0.022626221179962158,-0.00011593103408813477,-0.013385593891143799,2.4614429473876953,7.734320640563965,0.6272621750831604,-0.9478129148483276,0.03,1.2300512790679932,-0.11915608495473862,0.3190535604953766,0.030725980177521706,0.09395313262939453,-0.10063457489013672,0.9900007247924805,0,0,0,0,0,0,0,0,0,0,0,0,0,0
13.558568239212036,1.0,0.0031526684761047363,0.022626221179962158,-0.00011593103408813477,-0.013385593891143799,2.4614429473876953,7.734320640563965,0.6272621750831604,-0.9478129148483276,0.03,1.2300512790679932,-0.11915608495473862,0.3190535604953766,0.030725980177521706,0.09395313262939453,-0.10063457489013672,0.9900007247924805,0,0,0,0,0,0,0,0,0,0,0,0,0,0
13.559691905975342,1.0,0.0031526684761047363,0.022626221179962158,-0.00011593103408813477,-0.013385593891143799,2.4614429473876953,7.734320640563965,0.6272621750831604,-0.9478129148483276,0.03,1.2300512790679932,-0.11915608495473862,0.3190535604953766,0.030725980177521706,0.09395313262939453,-0.10063457489013672,0.9900007247924805,0,0,0,0,0,0,0,0,0,0,0,0,0,0
13.56109881401062,1.0,0.0031526684761047363,0.022626221179962158,-0.00011593103408813477,-0.013385593891143799,2.4614429473876953,7.734320640563965,0.6272621750831604,-0.9478129148483276,0.03,1.2300512790679932,-0.11915608495473862,0.3190535604953766,0.030725980177521706,0.09395313262939453,-0.10063457489013672,0.9900007247924805,0,0,0,0,0,0,0,0,0,0,0,0,0,0
13.56255555152893,1.0,0.0031526684761047363,0.022626221179962158,-0.00011593103408813477,-0.013385593891143799,2.4614429473876953,7.734320640563965,0.6272621750831604,-0.9478129148483276,0.03,1.2300512790679932,-0.11915608495473862,0.3190535604953766,0.030725980177521706,0.09395313262939453,-0.10063457489013672,0.9900007247924805,0,0,0,0,0,0,0,0,0,0,0,0,0,0
13.563935995101929,1.0,0.0031526684761047363,0.022626221179962158,-0.00011593103408813477,-0.013385593891143799,2.4614429473876953,7.734320640563965,0.6272621750831604,-0.9478129148483276,0.03,1.2300512790679932,-0.11915608495473862,0.3190535604953766,0.030725980177521706,0.09395313262939453,-0.10063457489013672,0.9900007247924805,0,0,0,0,0,0,0,0,0,0,0,0,0,0
13.565139055252075,1.0,0.0031526684761047363,0.022626221179962158,-0.00011593103408813477,-0.013385593891143799,2.4614429473876953,7.734320640563965,0.6272621750831604,-0.9478129148483276,0.03,1.2300512790679932,-0.11915608495473862,0.3190535604953766,0.030725980177521706,0.09395313262939453,-0.10063457489013672,0.9900007247924805,0,0,0,0,0,0,0,0,0,0,0,0,0,0
13.566680669784546,1.0,0.0031526684761047363,0.022626221179962158,-0.00011593103408813477,-0.013385593891143799,2.4614429473876953,7.734320640563965,0.6272621750831604,-0.9478129148483276,0.03,1.2300512790679932,-0.11915608495473862,0.3190535604953766,0.030725980177521706,0.09395313262939453,-0.10063457489013672,0.9900007247924805,0,0,0,0,0,0,0,0,0,0,0,0,0,0
13.567894697189331,1.0,0.0031526684761047363,0.022626221179962158,-0.00011593103408813477,-0.013385593891143799,2.4614429473876953,7.734320640563965,0.6272621750831604,-0.9478129148483276,0.03,1.2300512790679932,-0.11915608495473862,0.3190535604953766,0.030725980177521706,0.09395313262939453,-0.10063457489013672,0.9900007247924805,0,0,0,0,0,0,0,0,0,0,0,0,0,0
13.569773197174072,1.0,0.0031526684761047363,0.022626221179962158,-0.00011593103408813477,-0.013385593891143799,2.4614429473876953,7.734320640563965,0.6272621750831604,-0.9478129148483276,0.03,1.2300512790679932,-0.11915608495473862,0.3190535604953766,0.030725980177521706,0.09395313262939453,-0.10063457489013672,0.9900007247924805,0,0,0,0,0,0,0,0,0,0,0,0,0,0
13.57106876373291,1.0,0.0031526684761047363,0.022626221179962158,-0.00011593103408813477,-0.013385593891143799,2.4614429473876953,7.734320640563965,0.6272621750831604,-0.9478129148483276,0.03,1.2300512790679932,-0.11915608495473862,0.3190535604953766,0.030725980177521706,0.09395313262939453,-0.10063457489013672,0.9900007247924805,0,0,0,0,0,0,0,0,0,0,0,0,0,0
13.572325706481934,1.0,0.0031526684761047363,0.022626221179962158,-0.00011593103408813477,-0.013385593891143799,2.4614429473876953,7.734320640563965,0.6272621750831604,-0.9478129148483276,0.03,1.2300512790679932,-0.11915608495473862,0.3190535604953766,0.030725980177521706,0.09395313262939453,-0.10063457489013672,0.9900007247924805,0,0,0,0,0,0,0,0,0,0,0,0,0,0
13.57409143447876,1.0,0.0031526684761047363,0.022626221179962158,-0.00011593103408813477,-0.013385593891143799,2.4614429473876953,7.734320640563965,0.6272621750831604,-0.9478129148483276,0.03,1.2300512790679932,-0.11915608495473862,0.3190535604953766,0.030725980177521706,0.09395313262939453,-0.10063457489013672,0.9900007247924805,0,0,0,0,0,0,0,0,0,0,0,0,0,0
13.576157808303833,1.0,0.003108799457550049,0.0211031436920166,-9.918212890625e-05,-0.01200258731842041,2.4397590160369873,7.581692695617676,0.6522457599639893,-1.4170982837677002,0.03,1.2300512790679932,-0.11915608495473862,0.3190535604953766,0.030725980177521706,0.09395313262939453,-0.10063457489013672,0.9900007247924805,0,0,0,0,0,0,0,0,0,0,0,0,0,0
13.577733039855957,1.0,0.0030694007873535156,0.019602492451667786,-5.257129669189453e-05,-0.01025015115737915,2.427886962890625,6.9683122634887695,0.5952891707420349,-0.2339470535516739,0.03,1.2298954725265503,-0.11925607174634933,0.3185909688472748,0.03120523877441883,0.09895343333482742,-0.1062161922454834,0.9889149069786072,0,0,0,0,0,0,0,0,0,0,0,0,0,0
13.57881212234497,1.0,0.0030484795570373535,0.01835450530052185,-3.904104232788086e-05,-0.008744895458221436,2.445195436477661,7.669034481048584,0.6172327399253845,-0.6117619276046753,0.03,1.2298954725265503,-0.11925607174634933,0.3185909688472748,0.03120523877441883,0.09895343333482742,-0.1062161922454834,0.9889149069786072,0,0,0,0,0,0,0,0,0,0,0,0,0,0
13.582047462463379,1.0,0.0030484795570373535,0.01835450530052185,-3.904104232788086e-05,-0.008744895458221436,2.445195436477661,7.669034481048584,0.6172327399253845,-0.6117619276046753,0.03,1.2298954725265503,-0.11925607174634933,0.3185909688472748,0.03120523877441883,0.09895343333482742,-0.1062161922454834,0.9889149069786072,0,0,0,0,0,0,0,0,0,0,0,0,0,0
13.583160877227783,1.0,0.0030484795570373535,0.01835450530052185,-3.904104232788086e-05,-0.008744895458221436,2.445195436477661,7.669034481048584,0.6172327399253845,-0.6117619276046753,0.03,1.2298954725265503,-0.11925607174634933,0.3185909688472748,0.03120523877441883,0.09895343333482742,-0.1062161922454834,0.9889149069786072,0,0,0,0,0,0,0,0,0,0,0,0,0,0
13.584555625915527,1.0,0.0030484795570373535,0.01835450530052185,-3.904104232788086e-05,-0.008744895458221436,2.445195436477661,7.669034481048584,0.6172327399253845,-0.6117619276046753,0.03,1.2298954725265503,-0.11925607174634933,0.3185909688472748,0.03120523877441883,0.09895343333482742,-0.1062161922454834,0.9889149069786072,0,0,0,0,0,0,0,0,0,0,0,0,0,0
13.585801124572754,1.0,0.0030484795570373535,0.01835450530052185,-3.904104232788086e-05,-0.008744895458221436,2.445195436477661,7.669034481048584,0.6172327399253845,-0.6117619276046753,0.03,1.2298954725265503,-0.11925607174634933,0.3185909688472748,0.03120523877441883,0.09895343333482742,-0.1062161922454834,0.9889149069786072,0,0,0,0,0,0,0,0,0,0,0,0,0,0
13.587578058242798,1.0,0.0030484795570373535,0.01835450530052185,-3.904104232788086e-05,-0.008744895458221436,2.445195436477661,7.669034481048584,0.6172327399253845,-0.6117619276046753,0.03,1.2298954725265503,-0.11925607174634933,0.3185909688472748,0.03120523877441883,0.09895343333482742,-0.1062161922454834,0.9889149069786072,0,0,0,0,0,0,0,0,0,0,0,0,0,0
13.588658332824707,1.0,0.0030484795570373535,0.01835450530052185,-3.904104232788086e-05,-0.008744895458221436,2.445195436477661,7.669034481048584,0.6172327399253845,-0.6117619276046753,0.03,1.2298954725265503,-0.11925607174634933,0.3185909688472748,0.03120523877441883,0.09895343333482742,-0.1062161922454834,0.9889149069786072,0,0,0,0,0,0,0,0,0,0,0,0,0,0
13.589982986450195,1.0,0.0030484795570373535,0.01835450530052185,-3.904104232788086e-05,-0.008744895458221436,2.445195436477661,7.669034481048584,0.6172327399253845,-0.6117619276046753,0.03,1.2298954725265503,-0.11925607174634933,0.3185909688472748,0.03120523877441883,0.09895343333482742,-0.1062161922454834,0.9889149069786072,0,0,0,0,0,0,0,0,0,0,0,0,0,0
13.591239213943481,1.0,0.0030484795570373535,0.01835450530052185,-3.904104232788086e-05,-0.008744895458221436,2.445195436477661,7.669034481048584,0.6172327399253845,-0.6117619276046753,0.03,1.2298954725265503,-0.11925607174634933,0.3185909688472748,0.03120523877441883,0.09895343333482742,-0.1062161922454834,0.9889149069786072,0,0,0,0,0,0,0,0,0,0,0,0,0,0
13.59238338470459,1.0,0.0030484795570373535,0.01835450530052185,-3.904104232788086e-05,-0.008744895458221436,2.445195436477661,7.669034481048584,0.6172327399253845,-0.6117619276046753,0.03,1.2298954725265503,-0.11925607174634933,0.3185909688472748,0.03120523877441883,0.09895343333482742,-0.1062161922454834,0.9889149069786072,0,0,0,0,0,0,0,0,0,0,0,0,0,0
13.593484163284302,1.0,0.0030484795570373535,0.01835450530052185,-3.904104232788086e-05,-0.008744895458221436,2.445195436477661,7.669034481048584,0.6172327399253845,-0.6117619276046753,0.03,1.2298954725265503,-0.11925607174634933,0.3185909688472748,0.03120523877441883,0.09895343333482742,-0.1062161922454834,0.9889149069786072,0,0,0,0,0,0,0,0,0,0,0,0,0,0
13.594724178314209,1.0,0.0030484795570373535,0.01835450530052185,-3.904104232788086e-05,-0.008744895458221436,2.445195436477661,7.669034481048584,0.6172327399253845,-0.6117619276046753,0.03,1.2298954725265503,-0.11925607174634933,0.3185909688472748,0.03120523877441883,0.09895343333482742,-0.1062161922454834,0.9889149069786072,0,0,0,0,0,0,0,0,0,0,0,0,0,0
13.59584665298462,1.0,0.0030484795570373535,0.01835450530052185,-3.904104232788086e-05,-0.008744895458221436,2.445195436477661,7.669034481048584,0.6172327399253845,-0.6117619276046753,0.03,1.2298954725265503,-0.11925607174634933,0.3185909688472748,0.03120523877441883,0.09895343333482742,-0.1062161922454834,0.9889149069786072,0,0,0,0,0,0,0,0,0,0,0,0,0,0
13.597056150436401,1.0,0.0030484795570373535,0.01835450530052185,-3.904104232788086e-05,-0.008744895458221436,2.445195436477661,7.669034481048584,0.6172327399253845,-0.6117619276046753,0.03,1.2298954725265503,-0.11925607174634933,0.3185909688472748,0.03120523877441883,0.09895343333482742,-0.1062161922454834,0.9889149069786072,0,0,0,0,0,0,0,0,0,0,0,0,0,0
13.598435878753662,1.0,0.0030484795570373535,0.01835450530052185,-3.904104232788086e-05,-0.008744895458221436,2.445195436477661,7.669034481048584,0.6172327399253845,-0.6117619276046753,0.03,1.2298954725265503,-0.11925607174634933,0.3185909688472748,0.03120523877441883,0.09895343333482742,-0.1062161922454834,0.9889149069786072,0,0,0,0,0,0,0,0,0,0,0,0,0,0
13.599733829498291,1.0,0.002674996852874756,0.010920703411102295,1.7821788787841797e-05,-0.0021200180053710938,2.1803269386291504,7.046206474304199,0.5929144620895386,-1.477952241897583,0.03,1.2296663522720337,-0.1185918003320694,0.31795576214790344,0.0305531844496727,0.10451891273260117,-0.11701317876577377,0.9871424436569214,0,0,0,0,0,0,0,0,0,0,0,0,0,0
13.601324558258057,1.0,0.002494335174560547,0.005844645202159882,-1.2099742889404297e-05,0.0024619102478027344,2.0012545585632324,6.991828918457031,0.6678417921066284,-1.3662587404251099,0.03,1.2295682430267334,-0.11873019486665726,0.3176395893096924,0.030216645449399948,0.10840814560651779,-0.11789429932832718,0.9866284728050232,0,0,0,0,0,0,0,0,0,0,0,0,0,0
13.602714776992798,1.0,0.002494335174560547,0.005844645202159882,-1.2099742889404297e-05,0.0024619102478027344,2.0012545585632324,6.991828918457031,0.6678417921066284,-1.3662587404251099,0.03,1.2295682430267334,-0.11873019486665726,0.3176395893096924,0.030216645449399948,0.10840814560651779,-0.11789429932832718,0.9866284728050232,0,0,0,0,0,0,0,0,0,0,0,0,0,0
13.603822231292725,1.0,0.002494335174560547,0.005844645202159882,-1.2099742889404297e-05,0.0024619102478027344,2.0012545585632324,6.991828918457031,0.6678417921066284,-1.3662587404251099,0.03,1.2295682430267334,-0.11873019486665726,0.3176395893096924,0.030216645449399948,0.10840814560651779,-0.11789429932832718,0.9866284728050232,0,0,0,0,0,0,0,0,0,0,0,0,0,0
13.605849981307983,1.0,0.002494335174560547,0.005844645202159882,-1.2099742889404297e-05,0.0024619102478027344,2.0012545585632324,6.991828918457031,0.6678417921066284,-1.3662587404251099,0.03,1.2295682430267334,-0.11873019486665726,0.3176395893096924,0.030216645449399948,0.10840814560651779,-0.11789429932832718,0.9866284728050232,0,0,0,0,0,0,0,0,0,0,0,0,0,0
13.606962203979492,1.0,0.002494335174560547,0.005844645202159882,-1.2099742889404297e-05,0.0024619102478027344,2.0012545585632324,6.991828918457031,0.6678417921066284,-1.3662587404251099,0.03,1.2295682430267334,-0.11873019486665726,0.3176395893096924,0.030216645449399948,0.10840814560651779,-0.11789429932832718,0.9866284728050232,0,0,0,0,0,0,0,0,0,0,0,0,0,0
13.608623027801514,1.0,0.002494335174560547,0.005844645202159882,-1.2099742889404297e-05,0.0024619102478027344,2.0012545585632324,6.991828918457031,0.6678417921066284,-1.3662587404251099,0.03,1.2295682430267334,-0.11873019486665726,0.3176395893096924,0.030216645449399948,0.10840814560651779,-0.11789429932832718,0.9866284728050232,0,0,0,0,0,0,0,0,0,0,0,0,0,0
13.609812498092651,1.0,0.002494335174560547,0.005844645202159882,-1.2099742889404297e-05,0.0024619102478027344,2.0012545585632324,6.991828918457031,0.6678417921066284,-1.3662587404251099,0.03,1.2295682430267334,-0.11873019486665726,0.3176395893096924,0.030216645449399948,0.10840814560651779,-0.11789429932832718,0.9866284728050232,0,0,0,0,0,0,0,0,0,0,0,0,0,0
13.610886335372925,1.0,0.002494335174560547,0.005844645202159882,-1.2099742889404297e-05,0.0024619102478027344,2.0012545585632324,6.991828918457031,0.6678417921066284,-1.3662587404251099,0.03,1.2295682430267334,-0.11873019486665726,0.3176395893096924,0.030216645449399948,0.10840814560651779,-0.11789429932832718,0.9866284728050232,0,0,0,0,0,0,0,0,0,0,0,0,0,0
13.611952304840088,1.0,0.002494335174560547,0.005844645202159882,-1.2099742889404297e-05,0.0024619102478027344,2.0012545585632324,6.991828918457031,0.6678417921066284,-1.3662587404251099,0.03,1.2295682430267334,-0.11873019486665726,0.3176395893096924,0.030216645449399948,0.10840814560651779,-0.11789429932832718,0.9866284728050232,0,0,0,0,0,0,0,0,0,0,0,0,0,0
13.61301326751709,1.0,0.002494335174560547,0.005844645202159882,-1.2099742889404297e-05,0.0024619102478027344,2.0012545585632324,6.991828918457031,0.6678417921066284,-1.3662587404251099,0.03,1.2295682430267334,-0.11873019486665726,0.3176395893096924,0.030216645449399948,0.10840814560651779,-0.11789429932832718,0.9866284728050232,0,0,0,0,0,0,0,0,0,0,0,0,0,0
13.61407208442688,1.0,0.002494335174560547,0.005844645202159882,-1.2099742889404297e-05,0.0024619102478027344,2.0012545585632324,6.991828918457031,0.6678417921066284,-1.3662587404251099,0.03,1.2295682430267334,-0.11873019486665726,0.3176395893096924,0.030216645449399948,0.10840814560651779,-0.11789429932832718,0.9866284728050232,0,0,0,0,0,0,0,0,0,0,0,0,0,0
13.61524772644043,1.0,0.002494335174560547,0.005844645202159882,-1.2099742889404297e-05,0.0024619102478027344,2.0012545585632324,6.991828918457031,0.6678417921066284,-1.3662587404251099,0.03,1.2295682430267334,-0.11873019486665726,0.3176395893096924,0.030216645449399948,0.10840814560651779,-0.11789429932832718,0.9866284728050232,0,0,0,0,0,0,0,0,0,0,0,0,0,0
13.616312026977539,1.0,0.002494335174560547,0.005844645202159882,-1.2099742889404297e-05,0.0024619102478027344,2.0012545585632324,6.991828918457031,0.6678417921066284,-1.3662587404251099,0.03,1.2295682430267334,-0.11873019486665726,0.3176395893096924,0.030216645449399948,0.10840814560651779,-0.11789429932832718,0.9866284728050232,0,0,0,0,0,0,0,0,0,0,0,0,0,0
13.617373704910278,1.0,0.002494335174560547,0.005844645202159882,-1.2099742889404297e-05,0.0024619102478027344,2.0012545585632324,6.991828918457031,0.6678417921066284,-1.3662587404251099,0.03,1.2295682430267334,-0.11873019486665726,0.3176395893096924,0.030216645449399948,0.10840814560651779,-0.11789429932832718,0.9866284728050232,0,0,0,0,0,0,0,0,0,0,0,0,0,0
13.61843204498291,1.0,0.002494335174560547,0.005844645202159882,-1.2099742889404297e-05,0.0024619102478027344,2.0012545585632324,6.991828918457031,0.6678417921066284,-1.3662587404251099,0.03,1.2295682430267334,-0.11873019486665726,0.3176395893096924,0.030216645449399948,0.10840814560651779,-0.11789429932832718,0.9866284728050232,0,0,0,0,0,0,0,0,0,0,0,0,0,0
13.619612693786621,1.0,0.002494335174560547,0.005844645202159882,-1.2099742889404297e-05,0.0024619102478027344,2.0012545585632324,6.991828918457031,0.6678417921066284,-1.3662587404251099,0.03,1.2295682430267334,-0.11873019486665726,0.3176395893096924,0.030216645449399948,0.10840814560651779,-0.11789429932832718,0.9866284728050232,0,0,0,0,0,0,0,0,0,0,0,0,0,0
13.620814800262451,1.0,0.002494335174560547,0.005844645202159882,-1.2099742889404297e-05,0.0024619102478027344,2.0012545585632324,6.991828918457031,0.6678417921066284,-1.3662587404251099,0.03,1.2295682430267334,-0.11873019486665726,0.3176395893096924,0.030216645449399948,0.10840814560651779,-0.11789429932832718,0.9866284728050232,0,0,0,0,0,0,0,0,0,0,0,0,0,0
13.622226238250732,1.0,0.002494335174560547,0.005844645202159882,-1.2099742889404297e-05,0.0024619102478027344,2.0012545585632324,6.991828918457031,0.6678417921066284,-1.3662587404251099,0.03,1.2295682430267334,-0.11873019486665726,0.3176395893096924,0.030216645449399948,0.10840814560651779,-0.11789429932832718,0.9866284728050232,0,0,0,0,0,0,0,0,0,0,0,0,0,0
13.623616218566895,1.0,0.002494335174560547,0.005844645202159882,-1.2099742889404297e-05,0.0024619102478027344,2.0012545585632324,6.991828918457031,0.6678417921066284,-1.3662587404251099,0.03,1.2295682430267334,-0.11873019486665726,0.3176395893096924,0.030216645449399948,0.10840814560651779,-0.11789429932832718,0.9866284728050232,0,0,0,0,0,0,0,0,0,0,0,0,0,0
13.625131130218506,1.0,0.002494335174560547,0.005844645202159882,-1.2099742889404297e-05,0.0024619102478027344,2.0012545585632324,6.991828918457031,0.6678417921066284,-1.3662587404251099,0.03,1.2295682430267334,-0.11873019486665726,0.3176395893096924,0.030216645449399948,0.10840814560651779,-0.11789429932832718,0.9866284728050232,0,0,0,0,0,0,0,0,0,0,0,0,0,0
13.629399299621582,1.0,0.002494335174560547,0.005844645202159882,-1.2099742889404297e-05,0.0024619102478027344,2.0012545585632324,6.991828918457031,0.6678417921066284,-1.3662587404251099,0.03,1.2295682430267334,-0.11873019486665726,0.3176395893096924,0.030216645449399948,0.10840814560651779,-0.11789429932832718,0.9866284728050232,0,0,0,0,0,0,0,0,0,0,0,0,0,0
13.630555152893066,1.0,0.002494335174560547,0.005844645202159882,-1.2099742889404297e-05,0.0024619102478027344,2.0012545585632324,6.991828918457031,0.6678417921066284,-1.3662587404251099,0.03,1.2295682430267334,-0.11873019486665726,0.3176395893096924,0.030216645449399948,0.10840814560651779,-0.11789429932832718,0.9866284728050232,0,0,0,0,0,0,0,0,0,0,0,0,0,0
13.631722927093506,1.0,0.002494335174560547,0.005844645202159882,-1.2099742889404297e-05,0.0024619102478027344,2.0012545585632324,6.991828918457031,0.6678417921066284,-1.3662587404251099,0.03,1.2295682430267334,-0.11873019486665726,0.3176395893096924,0.030216645449399948,0.10840814560651779,-0.11789429932832718,0.9866284728050232,0,0,0,0,0,0,0,0,0,0,0,0,0,0
13.633177042007446,1.0,0.002494335174560547,0.005844645202159882,-1.2099742889404297e-05,0.0024619102478027344,2.0012545585632324,6.991828918457031,0.6678417921066284,-1.3662587404251099,0.03,1.2295682430267334,-0.11873019486665726,0.3176395893096924,0.030216645449399948,0.10840814560651779,-0.11789429932832718,0.9866284728050232,0,0,0,0,0,0,0,0,0,0,0,0,0,0
13.634422063827515,1.0,0.002494335174560547,0.005844645202159882,-1.2099742889404297e-05,0.0024619102478027344,2.0012545585632324,6.991828918457031,0.6678417921066284,-1.3662587404251099,0.03,1.2295682430267334,-0.11873019486665726,0.3176395893096924,0.030216645449399948,0.10840814560651779,-0.11789429932832718,0.9866284728050232,0,0,0,0,0,0,0,0,0,0,0,0,0,0
13.635594844818115,1.0,0.002494335174560547,0.005844645202159882,-1.2099742889404297e-05,0.0024619102478027344,2.0012545585632324,6.991828918457031,0.6678417921066284,-1.3662587404251099,0.03,1.2295682430267334,-0.11873019486665726,0.3176395893096924,0.030216645449399948,0.10840814560651779,-0.11789429932832718,0.9866284728050232,0,0,0,0,0,0,0,0,0,0,0,0,0,0
13.636985540390015,1.0,0.002494335174560547,0.005844645202159882,-1.2099742889404297e-05,0.0024619102478027344,2.0012545585632324,6.991828918457031,0.6678417921066284,-1.3662587404251099,0.03,1.2295682430267334,-0.11873019486665726,0.3176395893096924,0.030216645449399948,0.10840814560651779,-0.11789429932832718,0.9866284728050232,0,0,0,0,0,0,0,0,0,0,0,0,0,0
13.63817548751831,1.0,0.002494335174560547,0.005844645202159882,-1.2099742889404297e-05,0.0024619102478027344,2.0012545585632324,6.991828918457031,0.6678417921066284,-1.3662587404251099,0.03,1.2295682430267334,-0.11873019486665726,0.3176395893096924,0.030216645449399948,0.10840814560651779,-0.11789429932832718,0.9866284728050232,0,0,0,0,0,0,0,0,0,0,0,0,0,0
13.639337301254272,1.0,0.002494335174560547,0.005844645202159882,-1.2099742889404297e-05,0.0024619102478027344,2.0012545585632324,6.991828918457031,0.6678417921066284,-1.3662587404251099,0.03,1.2295682430267334,-0.11873019486665726,0.3176395893096924,0.030216645449399948,0.10840814560651779,-0.11789429932832718,0.9866284728050232,0,0,0,0,0,0,0,0,0,0,0,0,0,0
13.64092230796814,1.0,0.002494335174560547,0.005844645202159882,-1.2099742889404297e-05,0.0024619102478027344,2.0012545585632324,6.991828918457031,0.6678417921066284,-1.3662587404251099,0.03,1.2295682430267334,-0.11873019486665726,0.3176395893096924,0.030216645449399948,0.10840814560651779,-0.11789429932832718,0.9866284728050232,0,0,0,0,0,0,0,0,0,0,0,0,0,0
13.642328977584839,1.0,0.002494335174560547,0.005844645202159882,-1.2099742889404297e-05,0.0024619102478027344,2.0012545585632324,6.991828918457031,0.6678417921066284,-1.3662587404251099,0.03,1.2295682430267334,-0.11873019486665726,0.3176395893096924,0.030216645449399948,0.10840814560651779,-0.11789429932832718,0.9866284728050232,0,0,0,0,0,0,0,0,0,0,0,0,0,0
13.64344310760498,1.0,0.002494335174560547,0.005844645202159882,-1.2099742889404297e-05,0.0024619102478027344,2.0012545585632324,6.991828918457031,0.6678417921066284,-1.3662587404251099,0.03,1.2295682430267334,-0.11873019486665726,0.3176395893096924,0.030216645449399948,0.10840814560651779,-0.11789429932832718,0.9866284728050232,0,0,0,0,0,0,0,0,0,0,0,0,0,0
13.644499063491821,1.0,0.002494335174560547,0.005844645202159882,-1.2099742889404297e-05,0.0024619102478027344,2.0012545585632324,6.991828918457031,0.6678417921066284,-1.3662587404251099,0.03,1.2295682430267334,-0.11873019486665726,0.3176395893096924,0.030216645449399948,0.10840814560651779,-0.11789429932832718,0.9866284728050232,0,0,0,0,0,0,0,0,0,0,0,0,0,0
13.645672798156738,1.0,0.002494335174560547,0.005844645202159882,-1.2099742889404297e-05,0.0024619102478027344,2.0012545585632324,6.991828918457031,0.6678417921066284,-1.3662587404251099,0.03,1.2295682430267334,-0.11873019486665726,0.3176395893096924,0.030216645449399948,0.10840814560651779,-0.11789429932832718,0.9866284728050232,0,0,0,0,0,0,0,0,0,0,0,0,0,0
13.646812438964844,1.0,0.002494335174560547,0.005844645202159882,-1.2099742889404297e-05,0.0024619102478027344,2.0012545585632324,6.991828918457031,0.6678417921066284,-1.3662587404251099,0.03,1.2295682430267334,-0.11873019486665726,0.3176395893096924,0.030216645449399948,0.10840814560651779,-0.11789429932832718,0.9866284728050232,0,0,0,0,0,0,0,0,0,0,0,0,0,0
13.647938966751099,1.0,0.002494335174560547,0.005844645202159882,-1.2099742889404297e-05,0.0024619102478027344,2.0012545585632324,6.991828918457031,0.6678417921066284,-1.3662587404251099,0.03,1.2295682430267334,-0.11873019486665726,0.3176395893096924,0.030216645449399948,0.10840814560651779,-0.11789429932832718,0.9866284728050232,0,0,0,0,0,0,0,0,0,0,0,0,0,0
13.649170398712158,1.0,0.002494335174560547,0.005844645202159882,-1.2099742889404297e-05,0.0024619102478027344,2.0012545585632324,6.991828918457031,0.6678417921066284,-1.3662587404251099,0.03,1.2295682430267334,-0.11873019486665726,0.3176395893096924,0.030216645449399948,0.10840814560651779,-0.11789429932832718,0.9866284728050232,0,0,0,0,0,0,0,0,0,0,0,0,0,0
13.650422811508179,1.0,0.002494335174560547,0.005844645202159882,-1.2099742889404297e-05,0.0024619102478027344,2.0012545585632324,6.991828918457031,0.6678417921066284,-1.3662587404251099,0.03,1.2295682430267334,-0.11873019486665726,0.3176395893096924,0.030216645449399948,0.10840814560651779,-0.11789429932832718,0.9866284728050232,0,0,0,0,0,0,0,0,0,0,0,0,0,0
13.651875734329224,1.0,0.002494335174560547,0.005844645202159882,-1.2099742889404297e-05,0.0024619102478027344,2.0012545585632324,6.991828918457031,0.6678417921066284,-1.3662587404251099,0.03,1.2295682430267334,-0.11873019486665726,0.3176395893096924,0.030216645449399948,0.10840814560651779,-0.11789429932832718,0.9866284728050232,0,0,0,0,0,0,0,0,0,0,0,0,0,0
13.65318489074707,1.0,0.002494335174560547,0.005844645202159882,-1.2099742889404297e-05,0.0024619102478027344,2.0012545585632324,6.991828918457031,0.6678417921066284,-1.3662587404251099,0.03,1.2295682430267334,-0.11873019486665726,0.3176395893096924,0.030216645449399948,0.10840814560651779,-0.11789429932832718,0.9866284728050232,0,0,0,0,0,0,0,0,0,0,0,0,0,0
13.654444217681885,1.0,0.002494335174560547,0.005844645202159882,-1.2099742889404297e-05,0.0024619102478027344,2.0012545585632324,6.991828918457031,0.6678417921066284,-1.3662587404251099,0.03,1.2295682430267334,-0.11873019486665726,0.3176395893096924,0.030216645449399948,0.10840814560651779,-0.11789429932832718,0.9866284728050232,0,0,0,0,0,0,0,0,0,0,0,0,0,0
13.655860900878906,1.0,0.002494335174560547,0.005844645202159882,-1.2099742889404297e-05,0.0024619102478027344,2.0012545585632324,6.991828918457031,0.6678417921066284,-1.3662587404251099,0.03,1.2295682430267334,-0.11873019486665726,0.3176395893096924,0.030216645449399948,0.10840814560651779,-0.11789429932832718,0.9866284728050232,0,0,0,0,0,0,0,0,0,0,0,0,0,0
13.657036304473877,1.0,0.002494335174560547,0.005844645202159882,-1.2099742889404297e-05,0.0024619102478027344,2.0012545585632324,6.991828918457031,0.6678417921066284,-1.3662587404251099,0.03,1.2295682430267334,-0.11873019486665726,0.3176395893096924,0.030216645449399948,0.10840814560651779,-0.11789429932832718,0.9866284728050232,0,0,0,0,0,0,0,0,0,0,0,0,0,0
13.65825366973877,1.0,0.002494335174560547,0.005844645202159882,-1.2099742889404297e-05,0.0024619102478027344,2.0012545585632324,6.991828918457031,0.6678417921066284,-1.3662587404251099,0.03,1.2295682430267334,-0.11873019486665726,0.3176395893096924,0.030216645449399948,0.10840814560651779,-0.11789429932832718,0.9866284728050232,0,0,0,0,0,0,0,0,0,0,0,0,0,0
13.659679412841797,1.0,0.002494335174560547,0.005844645202159882,-1.2099742889404297e-05,0.0024619102478027344,2.0012545585632324,6.991828918457031,0.6678417921066284,-1.3662587404251099,0.03,1.2295682430267334,-0.11873019486665726,0.3176395893096924,0.030216645449399948,0.10840814560651779,-0.11789429932832718,0.9866284728050232,0,0,0,0,0,0,0,0,0,0,0,0,0,0
13.661098718643188,1.0,0.002494335174560547,0.005844645202159882,-1.2099742889404297e-05,0.0024619102478027344,2.0012545585632324,6.991828918457031,0.6678417921066284,-1.3662587404251099,0.03,1.2295682430267334,-0.11873019486665726,0.3176395893096924,0.030216645449399948,0.10840814560651779,-0.11789429932832718,0.9866284728050232,0,0,0,0,0,0,0,0,0,0,0,0,0,0
13.662224054336548,1.0,0.002494335174560547,0.005844645202159882,-1.2099742889404297e-05,0.0024619102478027344,2.0012545585632324,6.991828918457031,0.6678417921066284,-1.3662587404251099,0.03,1.2295682430267334,-0.11873019486665726,0.3176395893096924,0.030216645449399948,0.10840814560651779,-0.11789429932832718,0.9866284728050232,0,0,0,0,0,0,0,0,0,0,0,0,0,0
13.663527011871338,1.0,0.002494335174560547,0.005844645202159882,-1.2099742889404297e-05,0.0024619102478027344,2.0012545585632324,6.991828918457031,0.6678417921066284,-1.3662587404251099,0.03,1.2295682430267334,-0.11873019486665726,0.3176395893096924,0.030216645449399948,0.10840814560651779,-0.11789429932832718,0.9866284728050232,0,0,0,0,0,0,0,0,0,0,0,0,0,0
13.664920091629028,1.0,0.002494335174560547,0.005844645202159882,-1.2099742889404297e-05,0.0024619102478027344,2.0012545585632324,6.991828918457031,0.6678417921066284,-1.3662587404251099,0.03,1.2295682430267334,-0.11873019486665726,0.3176395893096924,0.030216645449399948,0.10840814560651779,-0.11789429932832718,0.9866284728050232,0,0,0,0,0,0,0,0,0,0,0,0,0,0
13.666255950927734,1.0,0.002494335174560547,0.005844645202159882,-1.2099742889404297e-05,0.0024619102478027344,2.0012545585632324,6.991828918457031,0.6678417921066284,-1.3662587404251099,0.03,1.2295682430267334,-0.11873019486665726,0.3176395893096924,0.030216645449399948,0.10840814560651779,-0.11789429932832718,0.9866284728050232,0,0,0,0,0,0,0,0,0,0,0,0,0,0
13.667429685592651,1.0,0.002494335174560547,0.005844645202159882,-1.2099742889404297e-05,0.0024619102478027344,2.0012545585632324,6.991828918457031,0.6678417921066284,-1.3662587404251099,0.03,1.2295682430267334,-0.11873019486665726,0.3176395893096924,0.030216645449399948,0.10840814560651779,-0.11789429932832718,0.9866284728050232,0,0,0,0,0,0,0,0,0,0,0,0,0,0
13.668951034545898,1.0,0.002494335174560547,0.005844645202159882,-1.2099742889404297e-05,0.0024619102478027344,2.0012545585632324,6.991828918457031,0.6678417921066284,-1.3662587404251099,0.03,1.2295682430267334,-0.11873019486665726,0.3176395893096924,0.030216645449399948,0.10840814560651779,-0.11789429932832718,0.9866284728050232,0,0,0,0,0,0,0,0,0,0,0,0,0,0
13.67035698890686,1.0,0.002494335174560547,0.005844645202159882,-1.2099742889404297e-05,0.0024619102478027344,2.0012545585632324,6.991828918457031,0.6678417921066284,-1.3662587404251099,0.03,1.2295682430267334,-0.11873019486665726,0.3176395893096924,0.030216645449399948,0.10840814560651779,-0.11789429932832718,0.9866284728050232,0,0,0,0,0,0,0,0,0,0,0,0,0,0
13.671912670135498,1.0,0.002494335174560547,0.005844645202159882,-1.2099742889404297e-05,0.0024619102478027344,2.0012545585632324,6.991828918457031,0.6678417921066284,-1.3662587404251099,0.03,1.2295682430267334,-0.11873019486665726,0.3176395893096924,0.030216645449399948,0.10840814560651779,-0.11789429932832718,0.9866284728050232,0,0,0,0,0,0,0,0,0,0,0,0,0,0
13.67386269569397,1.0,0.002494335174560547,0.005844645202159882,-1.2099742889404297e-05,0.0024619102478027344,2.0012545585632324,6.991828918457031,0.6678417921066284,-1.3662587404251099,0.03,1.2295682430267334,-0.11873019486665726,0.3176395893096924,0.030216645449399948,0.10840814560651779,-0.11789429932832718,0.9866284728050232,0,0,0,0,0,0,0,0,0,0,0,0,0,0
13.676038265228271,1.0,0.002494335174560547,0.005844645202159882,-1.2099742889404297e-05,0.0024619102478027344,2.0012545585632324,6.991828918457031,0.6678417921066284,-1.3662587404251099,0.03,1.2295682430267334,-0.11873019486665726,0.3176395893096924,0.030216645449399948,0.10840814560651779,-0.11789429932832718,0.9866284728050232,0,0,0,0,0,0,0,0,0,0,0,0,0,0
13.677222967147827,1.0,0.002494335174560547,0.005844645202159882,-1.2099742889404297e-05,0.0024619102478027344,2.0012545585632324,6.991828918457031,0.6678417921066284,-1.3662587404251099,0.03,1.2295682430267334,-0.11873019486665726,0.3176395893096924,0.030216645449399948,0.10840814560651779,-0.11789429932832718,0.9866284728050232,0,0,0,0,0,0,0,0,0,0,0,0,0,0
13.678432703018188,1.0,0.002494335174560547,0.005844645202159882,-1.2099742889404297e-05,0.0024619102478027344,2.0012545585632324,6.991828918457031,0.6678417921066284,-1.3662587404251099,0.03,1.2295682430267334,-0.11873019486665726,0.3176395893096924,0.030216645449399948,0.10840814560651779,-0.11789429932832718,0.9866284728050232,0,0,0,0,0,0,0,0,0,0,0,0,0,0
13.679861545562744,1.0,0.002494335174560547,0.005844645202159882,-1.2099742889404297e-05,0.0024619102478027344,2.0012545585632324,6.991828918457031,0.6678417921066284,-1.3662587404251099,0.03,1.2295682430267334,-0.11873019486665726,0.3176395893096924,0.030216645449399948,0.10840814560651779,-0.11789429932832718,0.9866284728050232,0,0,0,0,0,0,0,0,0,0,0,0,0,0
13.68113374710083,1.0,0.002494335174560547,0.005844645202159882,-1.2099742889404297e-05,0.0024619102478027344,2.0012545585632324,6.991828918457031,0.6678417921066284,-1.3662587404251099,0.03,1.2295682430267334,-0.11873019486665726,0.3176395893096924,0.030216645449399948,0.10840814560651779,-0.11789429932832718,0.9866284728050232,0,0,0,0,0,0,0,0,0,0,0,0,0,0
13.682415246963501,1.0,0.002494335174560547,0.005844645202159882,-1.2099742889404297e-05,0.0024619102478027344,2.0012545585632324,6.991828918457031,0.6678417921066284,-1.3662587404251099,0.03,1.2295682430267334,-0.11873019486665726,0.3176395893096924,0.030216645449399948,0.10840814560651779,-0.11789429932832718,0.9866284728050232,0,0,0,0,0,0,0,0,0,0,0,0,0,0
13.68367075920105,1.0,0.002494335174560547,0.005844645202159882,-1.2099742889404297e-05,0.0024619102478027344,2.0012545585632324,6.991828918457031,0.6678417921066284,-1.3662587404251099,0.03,1.2295682430267334,-0.11873019486665726,0.3176395893096924,0.030216645449399948,0.10840814560651779,-0.11789429932832718,0.9866284728050232,0,0,0,0,0,0,0,0,0,0,0,0,0,0
13.684968709945679,1.0,0.002494335174560547,0.005844645202159882,-1.2099742889404297e-05,0.0024619102478027344,2.0012545585632324,6.991828918457031,0.6678417921066284,-1.3662587404251099,0.03,1.2295682430267334,-0.11873019486665726,0.3176395893096924,0.030216645449399948,0.10840814560651779,-0.11789429932832718,0.9866284728050232,0,0,0,0,0,0,0,0,0,0,0,0,0,0
13.686110019683838,1.0,0.002494335174560547,0.005844645202159882,-1.2099742889404297e-05,0.0024619102478027344,2.0012545585632324,6.991828918457031,0.6678417921066284,-1.3662587404251099,0.03,1.2295682430267334,-0.11873019486665726,0.3176395893096924,0.030216645449399948,0.10840814560651779,-0.11789429932832718,0.9866284728050232,0,0,0,0,0,0,0,0,0,0,0,0,0,0
13.687260627746582,1.0,0.002494335174560547,0.005844645202159882,-1.2099742889404297e-05,0.0024619102478027344,2.0012545585632324,6.991828918457031,0.6678417921066284,-1.3662587404251099,0.03,1.2295682430267334,-0.11873019486665726,0.3176395893096924,0.030216645449399948,0.10840814560651779,-0.11789429932832718,0.9866284728050232,0,0,0,0,0,0,0,0,0,0,0,0,0,0
13.688504457473755,1.0,0.002494335174560547,0.005844645202159882,-1.2099742889404297e-05,0.0024619102478027344,2.0012545585632324,6.991828918457031,0.6678417921066284,-1.3662587404251099,0.03,1.2295682430267334,-0.11873019486665726,0.3176395893096924,0.030216645449399948,0.10840814560651779,-0.11789429932832718,0.9866284728050232,0,0,0,0,0,0,0,0,0,0,0,0,0,0
13.689578533172607,1.0,0.002494335174560547,0.005844645202159882,-1.2099742889404297e-05,0.0024619102478027344,2.0012545585632324,6.991828918457031,0.6678417921066284,-1.3662587404251099,0.03,1.2295682430267334,-0.11873019486665726,0.3176395893096924,0.030216645449399948,0.10840814560651779,-0.11789429932832718,0.9866284728050232,0,0,0,0,0,0,0,0,0,0,0,0,0,0
13.69140076637268,1.0,0.002494335174560547,0.005844645202159882,-1.2099742889404297e-05,0.0024619102478027344,2.0012545585632324,6.991828918457031,0.6678417921066284,-1.3662587404251099,0.03,1.2295682430267334,-0.11873019486665726,0.3176395893096924,0.030216645449399948,0.10840814560651779,-0.11789429932832718,0.9866284728050232,0,0,0,0,0,0,0,0,0,0,0,0,0,0
13.692514181137085,1.0,0.002494335174560547,0.005844645202159882,-1.2099742889404297e-05,0.0024619102478027344,2.0012545585632324,6.991828918457031,0.6678417921066284,-1.3662587404251099,0.03,1.2295682430267334,-0.11873019486665726,0.3176395893096924,0.030216645449399948,0.10840814560651779,-0.11789429932832718,0.9866284728050232,0,0,0,0,0,0,0,0,0,0,0,0,0,0
13.693588495254517,1.0,0.002494335174560547,0.005844645202159882,-1.2099742889404297e-05,0.0024619102478027344,2.0012545585632324,6.991828918457031,0.6678417921066284,-1.3662587404251099,0.03,1.2295682430267334,-0.11873019486665726,0.3176395893096924,0.030216645449399948,0.10840814560651779,-0.11789429932832718,0.9866284728050232,0,0,0,0,0,0,0,0,0,0,0,0,0,0
13.69465970993042,1.0,0.002494335174560547,0.005844645202159882,-1.2099742889404297e-05,0.0024619102478027344,2.0012545585632324,6.991828918457031,0.6678417921066284,-1.3662587404251099,0.03,1.2295682430267334,-0.11873019486665726,0.3176395893096924,0.030216645449399948,0.10840814560651779,-0.11789429932832718,0.9866284728050232,0,0,0,0,0,0,0,0,0,0,0,0,0,0
13.695745468139648,1.0,0.002494335174560547,0.005844645202159882,-1.2099742889404297e-05,0.0024619102478027344,2.0012545585632324,6.991828918457031,0.6678417921066284,-1.3662587404251099,0.03,1.2295682430267334,-0.11873019486665726,0.3176395893096924,0.030216645449399948,0.10840814560651779,-0.11789429932832718,0.9866284728050232,0,0,0,0,0,0,0,0,0,0,0,0,0,0
13.696993827819824,1.0,0.002494335174560547,0.005844645202159882,-1.2099742889404297e-05,0.0024619102478027344,2.0012545585632324,6.991828918457031,0.6678417921066284,-1.3662587404251099,0.03,1.2295682430267334,-0.11873019486665726,0.3176395893096924,0.030216645449399948,0.10840814560651779,-0.11789429932832718,0.9866284728050232,0,0,0,0,0,0,0,0,0,0,0,0,0,0
13.698065996170044,1.0,0.002494335174560547,0.005844645202159882,-1.2099742889404297e-05,0.0024619102478027344,2.0012545585632324,6.991828918457031,0.6678417921066284,-1.3662587404251099,0.03,1.2295682430267334,-0.11873019486665726,0.3176395893096924,0.030216645449399948,0.10840814560651779,-0.11789429932832718,0.9866284728050232,0,0,0,0,0,0,0,0,0,0,0,0,0,0
13.699227809906006,1.0,0.002494335174560547,0.005844645202159882,-1.2099742889404297e-05,0.0024619102478027344,2.0012545585632324,6.991828918457031,0.6678417921066284,-1.3662587404251099,0.03,1.2295682430267334,-0.11873019486665726,0.3176395893096924,0.030216645449399948,0.10840814560651779,-0.11789429932832718,0.9866284728050232,0,0,0,0,0,0,0,0,0,0,0,0,0,0
13.700281858444214,1.0,0.002494335174560547,0.005844645202159882,-1.2099742889404297e-05,0.0024619102478027344,2.0012545585632324,6.991828918457031,0.6678417921066284,-1.3662587404251099,0.03,1.2295682430267334,-0.11873019486665726,0.3176395893096924,0.030216645449399948,0.10840814560651779,-0.11789429932832718,0.9866284728050232,0,0,0,0,0,0,0,0,0,0,0,0,0,0
13.70141863822937,1.0,0.002494335174560547,0.005844645202159882,-1.2099742889404297e-05,0.0024619102478027344,2.0012545585632324,6.991828918457031,0.6678417921066284,-1.3662587404251099,0.03,1.2295682430267334,-0.11873019486665726,0.3176395893096924,0.030216645449399948,0.10840814560651779,-0.11789429932832718,0.9866284728050232,0,0,0,0,0,0,0,0,0,0,0,0,0,0
13.702585458755493,1.0,0.002494335174560547,0.005844645202159882,-1.2099742889404297e-05,0.0024619102478027344,2.0012545585632324,6.991828918457031,0.6678417921066284,-1.3662587404251099,0.03,1.2295682430267334,-0.11873019486665726,0.3176395893096924,0.030216645449399948,0.10840814560651779,-0.11789429932832718,0.9866284728050232,0,0,0,0,0,0,0,0,0,0,0,0,0,0
13.703662157058716,1.0,0.002494335174560547,0.005844645202159882,-1.2099742889404297e-05,0.0024619102478027344,2.0012545585632324,6.991828918457031,0.6678417921066284,-1.3662587404251099,0.03,1.2295682430267334,-0.11873019486665726,0.3176395893096924,0.030216645449399948,0.10840814560651779,-0.11789429932832718,0.9866284728050232,0,0,0,0,0,0,0,0,0,0,0,0,0,0
13.704984903335571,1.0,0.002494335174560547,0.005844645202159882,-1.2099742889404297e-05,0.0024619102478027344,2.0012545585632324,6.991828918457031,0.6678417921066284,-1.3662587404251099,0.03,1.2295682430267334,-0.11873019486665726,0.3176395893096924,0.030216645449399948,0.10840814560651779,-0.11789429932832718,0.9866284728050232,0,0,0,0,0,0,0,0,0,0,0,0,0,0
13.70609736442566,1.0,0.002494335174560547,0.005844645202159882,-1.2099742889404297e-05,0.0024619102478027344,2.0012545585632324,6.991828918457031,0.6678417921066284,-1.3662587404251099,0.03,1.2295682430267334,-0.11873019486665726,0.3176395893096924,0.030216645449399948,0.10840814560651779,-0.11789429932832718,0.9866284728050232,0,0,0,0,0,0,0,0,0,0,0,0,0,0
13.707440853118896,1.0,0.002494335174560547,0.005844645202159882,-1.2099742889404297e-05,0.0024619102478027344,2.0012545585632324,6.991828918457031,0.6678417921066284,-1.3662587404251099,0.03,1.2295682430267334,-0.11873019486665726,0.3176395893096924,0.030216645449399948,0.10840814560651779,-0.11789429932832718,0.9866284728050232,0,0,0,0,0,0,0,0,0,0,0,0,0,0
13.708870887756348,1.0,0.002494335174560547,0.005844645202159882,-1.2099742889404297e-05,0.0024619102478027344,2.0012545585632324,6.991828918457031,0.6678417921066284,-1.3662587404251099,0.03,1.2295682430267334,-0.11873019486665726,0.3176395893096924,0.030216645449399948,0.10840814560651779,-0.11789429932832718,0.9866284728050232,0,0,0,0,0,0,0,0,0,0,0,0,0,0
13.709978580474854,1.0,0.002494335174560547,0.005844645202159882,-1.2099742889404297e-05,0.0024619102478027344,2.0012545585632324,6.991828918457031,0.6678417921066284,-1.3662587404251099,0.03,1.2295682430267334,-0.11873019486665726,0.3176395893096924,0.030216645449399948,0.10840814560651779,-0.11789429932832718,0.9866284728050232,0,0,0,0,0,0,0,0,0,0,0,0,0,0
13.711291790008545,1.0,0.002494335174560547,0.005844645202159882,-1.2099742889404297e-05,0.0024619102478027344,2.0012545585632324,6.991828918457031,0.6678417921066284,-1.3662587404251099,0.03,1.2295682430267334,-0.11873019486665726,0.3176395893096924,0.030216645449399948,0.10840814560651779,-0.11789429932832718,0.9866284728050232,0,0,0,0,0,0,0,0,0,0,0,0,0,0
13.712389469146729,1.0,0.002494335174560547,0.005844645202159882,-1.2099742889404297e-05,0.0024619102478027344,2.0012545585632324,6.991828918457031,0.6678417921066284,-1.3662587404251099,0.03,1.2295682430267334,-0.11873019486665726,0.3176395893096924,0.030216645449399948,0.10840814560651779,-0.11789429932832718,0.9866284728050232,0,0,0,0,0,0,0,0,0,0,0,0,0,0
13.713595390319824,1.0,0.002494335174560547,0.005844645202159882,-1.2099742889404297e-05,0.0024619102478027344,2.0012545585632324,6.991828918457031,0.6678417921066284,-1.3662587404251099,0.03,1.2295682430267334,-0.11873019486665726,0.3176395893096924,0.030216645449399948,0.10840814560651779,-0.11789429932832718,0.9866284728050232,0,0,0,0,0,0,0,0,0,0,0,0,0,0
13.714704990386963,1.0,0.002494335174560547,0.005844645202159882,-1.2099742889404297e-05,0.0024619102478027344,2.0012545585632324,6.991828918457031,0.6678417921066284,-1.3662587404251099,0.03,1.2295682430267334,-0.11873019486665726,0.3176395893096924,0.030216645449399948,0.10840814560651779,-0.11789429932832718,0.9866284728050232,0,0,0,0,0,0,0,0,0,0,0,0,0,0
13.715784549713135,1.0,0.002494335174560547,0.005844645202159882,-1.2099742889404297e-05,0.0024619102478027344,2.0012545585632324,6.991828918457031,0.6678417921066284,-1.3662587404251099,0.03,1.2295682430267334,-0.11873019486665726,0.3176395893096924,0.030216645449399948,0.10840814560651779,-0.11789429932832718,0.9866284728050232,0,0,0,0,0,0,0,0,0,0,0,0,0,0
13.717061996459961,1.0,0.002494335174560547,0.005844645202159882,-1.2099742889404297e-05,0.0024619102478027344,2.0012545585632324,6.991828918457031,0.6678417921066284,-1.3662587404251099,0.03,1.2295682430267334,-0.11873019486665726,0.3176395893096924,0.030216645449399948,0.10840814560651779,-0.11789429932832718,0.9866284728050232,0,0,0,0,0,0,0,0,0,0,0,0,0,0
13.718343257904053,1.0,0.002494335174560547,0.005844645202159882,-1.2099742889404297e-05,0.0024619102478027344,2.0012545585632324,6.991828918457031,0.6678417921066284,-1.3662587404251099,0.03,1.2295682430267334,-0.11873019486665726,0.3176395893096924,0.030216645449399948,0.10840814560651779,-0.11789429932832718,0.9866284728050232,0,0,0,0,0,0,0,0,0,0,0,0,0,0
13.71944284439087,1.0,0.002494335174560547,0.005844645202159882,-1.2099742889404297e-05,0.0024619102478027344,2.0012545585632324,6.991828918457031,0.6678417921066284,-1.3662587404251099,0.03,1.2295682430267334,-0.11873019486665726,0.3176395893096924,0.030216645449399948,0.10840814560651779,-0.11789429932832718,0.9866284728050232,0,0,0,0,0,0,0,0,0,0,0,0,0,0
13.721141338348389,1.0,0.002494335174560547,0.005844645202159882,-1.2099742889404297e-05,0.0024619102478027344,2.0012545585632324,6.991828918457031,0.6678417921066284,-1.3662587404251099,0.03,1.2295682430267334,-0.11873019486665726,0.3176395893096924,0.030216645449399948,0.10840814560651779,-0.11789429932832718,0.9866284728050232,0,0,0,0,0,0,0,0,0,0,0,0,0,0
13.722237825393677,1.0,0.002494335174560547,0.005844645202159882,-1.2099742889404297e-05,0.0024619102478027344,2.0012545585632324,6.991828918457031,0.6678417921066284,-1.3662587404251099,0.03,1.2295682430267334,-0.11873019486665726,0.3176395893096924,0.030216645449399948,0.10840814560651779,-0.11789429932832718,0.9866284728050232,0,0,0,0,0,0,0,0,0,0,0,0,0,0
13.723330974578857,1.0,0.002494335174560547,0.005844645202159882,-1.2099742889404297e-05,0.0024619102478027344,2.0012545585632324,6.991828918457031,0.6678417921066284,-1.3662587404251099,0.03,1.2295682430267334,-0.11873019486665726,0.3176395893096924,0.030216645449399948,0.10840814560651779,-0.11789429932832718,0.9866284728050232,0,0,0,0,0,0,0,0,0,0,0,0,0,0
13.724419355392456,1.0,0.002494335174560547,0.005844645202159882,-1.2099742889404297e-05,0.0024619102478027344,2.0012545585632324,6.991828918457031,0.6678417921066284,-1.3662587404251099,0.03,1.2295682430267334,-0.11873019486665726,0.3176395893096924,0.030216645449399948,0.10840814560651779,-0.11789429932832718,0.9866284728050232,0,0,0,0,0,0,0,0,0,0,0,0,0,0
13.725491523742676,1.0,0.002494335174560547,0.005844645202159882,-1.2099742889404297e-05,0.0024619102478027344,2.0012545585632324,6.991828918457031,0.6678417921066284,-1.3662587404251099,0.03,1.2295682430267334,-0.11873019486665726,0.3176395893096924,0.030216645449399948,0.10840814560651779,-0.11789429932832718,0.9866284728050232,0,0,0,0,0,0,0,0,0,0,0,0,0,0
13.726834774017334,1.0,0.002494335174560547,0.005844645202159882,-1.2099742889404297e-05,0.0024619102478027344,2.0012545585632324,6.991828918457031,0.6678417921066284,-1.3662587404251099,0.03,1.2295682430267334,-0.11873019486665726,0.3176395893096924,0.030216645449399948,0.10840814560651779,-0.11789429932832718,0.9866284728050232,0,0,0,0,0,0,0,0,0,0,0,0,0,0
13.727911472320557,1.0,0.002494335174560547,0.005844645202159882,-1.2099742889404297e-05,0.0024619102478027344,2.0012545585632324,6.991828918457031,0.6678417921066284,-1.3662587404251099,0.03,1.2295682430267334,-0.11873019486665726,0.3176395893096924,0.030216645449399948,0.10840814560651779,-0.11789429932832718,0.9866284728050232,0,0,0,0,0,0,0,0,0,0,0,0,0,0
13.729536533355713,1.0,0.002494335174560547,0.005844645202159882,-1.2099742889404297e-05,0.0024619102478027344,2.0012545585632324,6.991828918457031,0.6678417921066284,-1.3662587404251099,0.03,1.2295682430267334,-0.11873019486665726,0.3176395893096924,0.030216645449399948,0.10840814560651779,-0.11789429932832718,0.9866284728050232,0,0,0,0,0,0,0,0,0,0,0,0,0,0
13.731139421463013,1.0,0.002494335174560547,0.005844645202159882,-1.2099742889404297e-05,0.0024619102478027344,2.0012545585632324,6.991828918457031,0.6678417921066284,-1.3662587404251099,0.03,1.2295682430267334,-0.11873019486665726,0.3176395893096924,0.030216645449399948,0.10840814560651779,-0.11789429932832718,0.9866284728050232,0,0,0,0,0,0,0,0,0,0,0,0,0,0
13.732411623001099,1.0,0.002494335174560547,0.005844645202159882,-1.2099742889404297e-05,0.0024619102478027344,2.0012545585632324,6.991828918457031,0.6678417921066284,-1.3662587404251099,0.03,1.2295682430267334,-0.11873019486665726,0.3176395893096924,0.030216645449399948,0.10840814560651779,-0.11789429932832718,0.9866284728050232,0,0,0,0,0,0,0,0,0,0,0,0,0,0
13.733609914779663,1.0,0.002494335174560547,0.005844645202159882,-1.2099742889404297e-05,0.0024619102478027344,2.0012545585632324,6.991828918457031,0.6678417921066284,-1.3662587404251099,0.03,1.2295682430267334,-0.11873019486665726,0.3176395893096924,0.030216645449399948,0.10840814560651779,-0.11789429932832718,0.9866284728050232,0,0,0,0,0,0,0,0,0,0,0,0,0,0
13.73487377166748,1.0,0.002494335174560547,0.005844645202159882,-1.2099742889404297e-05,0.0024619102478027344,2.0012545585632324,6.991828918457031,0.6678417921066284,-1.3662587404251099,0.03,1.2295682430267334,-0.11873019486665726,0.3176395893096924,0.030216645449399948,0.10840814560651779,-0.11789429932832718,0.9866284728050232,0,0,0,0,0,0,0,0,0,0,0,0,0,0
13.73609733581543,1.0,0.002494335174560547,0.005844645202159882,-1.2099742889404297e-05,0.0024619102478027344,2.0012545585632324,6.991828918457031,0.6678417921066284,-1.3662587404251099,0.03,1.2295682430267334,-0.11873019486665726,0.3176395893096924,0.030216645449399948,0.10840814560651779,-0.11789429932832718,0.9866284728050232,0,0,0,0,0,0,0,0,0,0,0,0,0,0
13.73741102218628,1.0,0.002494335174560547,0.005844645202159882,-1.2099742889404297e-05,0.0024619102478027344,2.0012545585632324,6.991828918457031,0.6678417921066284,-1.3662587404251099,0.03,1.2295682430267334,-0.11873019486665726,0.3176395893096924,0.030216645449399948,0.10840814560651779,-0.11789429932832718,0.9866284728050232,0,0,0,0,0,0,0,0,0,0,0,0,0,0
13.738787651062012,1.0,0.002494335174560547,0.005844645202159882,-1.2099742889404297e-05,0.0024619102478027344,2.0012545585632324,6.991828918457031,0.6678417921066284,-1.3662587404251099,0.03,1.2295682430267334,-0.11873019486665726,0.3176395893096924,0.030216645449399948,0.10840814560651779,-0.11789429932832718,0.9866284728050232,0,0,0,0,0,0,0,0,0,0,0,0,0,0
13.74000358581543,1.0,0.002494335174560547,0.005844645202159882,-1.2099742889404297e-05,0.0024619102478027344,2.0012545585632324,6.991828918457031,0.6678417921066284,-1.3662587404251099,0.03,1.2295682430267334,-0.11873019486665726,0.3176395893096924,0.030216645449399948,0.10840814560651779,-0.11789429932832718,0.9866284728050232,0,0,0,0,0,0,0,0,0,0,0,0,0,0
13.741198778152466,1.0,0.002494335174560547,0.005844645202159882,-1.2099742889404297e-05,0.0024619102478027344,2.0012545585632324,6.991828918457031,0.6678417921066284,-1.3662587404251099,0.03,1.2295682430267334,-0.11873019486665726,0.3176395893096924,0.030216645449399948,0.10840814560651779,-0.11789429932832718,0.9866284728050232,0,0,0,0,0,0,0,0,0,0,0,0,0,0
13.74264931678772,1.0,0.002494335174560547,0.005844645202159882,-1.2099742889404297e-05,0.0024619102478027344,2.0012545585632324,6.991828918457031,0.6678417921066284,-1.3662587404251099,0.03,1.2295682430267334,-0.11873019486665726,0.3176395893096924,0.030216645449399948,0.10840814560651779,-0.11789429932832718,0.9866284728050232,0,0,0,0,0,0,0,0,0,0,0,0,0,0
13.744041919708252,1.0,0.002494335174560547,0.005844645202159882,-1.2099742889404297e-05,0.0024619102478027344,2.0012545585632324,6.991828918457031,0.6678417921066284,-1.3662587404251099,0.03,1.2295682430267334,-0.11873019486665726,0.3176395893096924,0.030216645449399948,0.10840814560651779,-0.11789429932832718,0.9866284728050232,0,0,0,0,0,0,0,0,0,0,0,0,0,0
13.745354175567627,1.0,0.002494335174560547,0.005844645202159882,-1.2099742889404297e-05,0.0024619102478027344,2.0012545585632324,6.991828918457031,0.6678417921066284,-1.3662587404251099,0.03,1.2295682430267334,-0.11873019486665726,0.3176395893096924,0.030216645449399948,0.10840814560651779,-0.11789429932832718,0.9866284728050232,0,0,0,0,0,0,0,0,0,0,0,0,0,0
13.746587038040161,1.0,0.002494335174560547,0.005844645202159882,-1.2099742889404297e-05,0.0024619102478027344,2.0012545585632324,6.991828918457031,0.6678417921066284,-1.3662587404251099,0.03,1.2295682430267334,-0.11873019486665726,0.3176395893096924,0.030216645449399948,0.10840814560651779,-0.11789429932832718,0.9866284728050232,0,0,0,0,0,0,0,0,0,0,0,0,0,0
13.74812650680542,1.0,0.002494335174560547,0.005844645202159882,-1.2099742889404297e-05,0.0024619102478027344,2.0012545585632324,6.991828918457031,0.6678417921066284,-1.3662587404251099,0.03,1.2295682430267334,-0.11873019486665726,0.3176395893096924,0.030216645449399948,0.10840814560651779,-0.11789429932832718,0.9866284728050232,0,0,0,0,0,0,0,0,0,0,0,0,0,0
13.74952483177185,1.0,0.002494335174560547,0.005844645202159882,-1.2099742889404297e-05,0.0024619102478027344,2.0012545585632324,6.991828918457031,0.6678417921066284,-1.3662587404251099,0.03,1.2295682430267334,-0.11873019486665726,0.3176395893096924,0.030216645449399948,0.10840814560651779,-0.11789429932832718,0.9866284728050232,0,0,0,0,0,0,0,0,0,0,0,0,0,0
13.751069784164429,1.0,0.002494335174560547,0.005844645202159882,-1.2099742889404297e-05,0.0024619102478027344,2.0012545585632324,6.991828918457031,0.6678417921066284,-1.3662587404251099,0.03,1.2295682430267334,-0.11873019486665726,0.3176395893096924,0.030216645449399948,0.10840814560651779,-0.11789429932832718,0.9866284728050232,0,0,0,0,0,0,0,0,0,0,0,0,0,0
13.752957344055176,1.0,0.002494335174560547,0.005844645202159882,-1.2099742889404297e-05,0.0024619102478027344,2.0012545585632324,6.991828918457031,0.6678417921066284,-1.3662587404251099,0.03,1.2295682430267334,-0.11873019486665726,0.3176395893096924,0.030216645449399948,0.10840814560651779,-0.11789429932832718,0.9866284728050232,0,0,0,0,0,0,0,0,0,0,0,0,0,0
13.754476547241211,1.0,0.002494335174560547,0.005844645202159882,-1.2099742889404297e-05,0.0024619102478027344,2.0012545585632324,6.991828918457031,0.6678417921066284,-1.3662587404251099,0.03,1.2295682430267334,-0.11873019486665726,0.3176395893096924,0.030216645449399948,0.10840814560651779,-0.11789429932832718,0.9866284728050232,0,0,0,0,0,0,0,0,0,0,0,0,0,0
13.755785703659058,1.0,0.002494335174560547,0.005844645202159882,-1.2099742889404297e-05,0.0024619102478027344,2.0012545585632324,6.991828918457031,0.6678417921066284,-1.3662587404251099,0.03,1.2295682430267334,-0.11873019486665726,0.3176395893096924,0.030216645449399948,0.10840814560651779,-0.11789429932832718,0.9866284728050232,0,0,0,0,0,0,0,0,0,0,0,0,0,0
13.757038354873657,1.0,0.002494335174560547,0.005844645202159882,-1.2099742889404297e-05,0.0024619102478027344,2.0012545585632324,6.991828918457031,0.6678417921066284,-1.3662587404251099,0.03,1.2295682430267334,-0.11873019486665726,0.3176395893096924,0.030216645449399948,0.10840814560651779,-0.11789429932832718,0.9866284728050232,0,0,0,0,0,0,0,0,0,0,0,0,0,0
13.758590936660767,1.0,0.002494335174560547,0.005844645202159882,-1.2099742889404297e-05,0.0024619102478027344,2.0012545585632324,6.991828918457031,0.6678417921066284,-1.3662587404251099,0.03,1.2295682430267334,-0.11873019486665726,0.3176395893096924,0.030216645449399948,0.10840814560651779,-0.11789429932832718,0.9866284728050232,0,0,0,0,0,0,0,0,0,0,0,0,0,0
13.75999903678894,1.0,0.002494335174560547,0.005844645202159882,-1.2099742889404297e-05,0.0024619102478027344,2.0012545585632324,6.991828918457031,0.6678417921066284,-1.3662587404251099,0.03,1.2295682430267334,-0.11873019486665726,0.3176395893096924,0.030216645449399948,0.10840814560651779,-0.11789429932832718,0.9866284728050232,0,0,0,0,0,0,0,0,0,0,0,0,0,0
13.761768817901611,1.0,0.002494335174560547,0.005844645202159882,-1.2099742889404297e-05,0.0024619102478027344,2.0012545585632324,6.991828918457031,0.6678417921066284,-1.3662587404251099,0.03,1.2295682430267334,-0.11873019486665726,0.3176395893096924,0.030216645449399948,0.10840814560651779,-0.11789429932832718,0.9866284728050232,0,0,0,0,0,0,0,0,0,0,0,0,0,0
13.76323390007019,1.0,0.002494335174560547,0.005844645202159882,-1.2099742889404297e-05,0.0024619102478027344,2.0012545585632324,6.991828918457031,0.6678417921066284,-1.3662587404251099,0.03,1.2295682430267334,-0.11873019486665726,0.3176395893096924,0.030216645449399948,0.10840814560651779,-0.11789429932832718,0.9866284728050232,0,0,0,0,0,0,0,0,0,0,0,0,0,0
13.7644362449646,1.0,0.002494335174560547,0.005844645202159882,-1.2099742889404297e-05,0.0024619102478027344,2.0012545585632324,6.991828918457031,0.6678417921066284,-1.3662587404251099,0.03,1.2295682430267334,-0.11873019486665726,0.3176395893096924,0.030216645449399948,0.10840814560651779,-0.11789429932832718,0.9866284728050232,0,0,0,0,0,0,0,0,0,0,0,0,0,0
13.765541553497314,1.0,0.002494335174560547,0.005844645202159882,-1.2099742889404297e-05,0.0024619102478027344,2.0012545585632324,6.991828918457031,0.6678417921066284,-1.3662587404251099,0.03,1.2295682430267334,-0.11873019486665726,0.3176395893096924,0.030216645449399948,0.10840814560651779,-0.11789429932832718,0.9866284728050232,0,0,0,0,0,0,0,0,0,0,0,0,0,0
13.766947269439697,1.0,0.002494335174560547,0.005844645202159882,-1.2099742889404297e-05,0.0024619102478027344,2.0012545585632324,6.991828918457031,0.6678417921066284,-1.3662587404251099,0.03,1.2295682430267334,-0.11873019486665726,0.3176395893096924,0.030216645449399948,0.10840814560651779,-0.11789429932832718,0.9866284728050232,0,0,0,0,0,0,0,0,0,0,0,0,0,0
13.768078565597534,1.0,0.002494335174560547,0.005844645202159882,-1.2099742889404297e-05,0.0024619102478027344,2.0012545585632324,6.991828918457031,0.6678417921066284,-1.3662587404251099,0.03,1.2295682430267334,-0.11873019486665726,0.3176395893096924,0.030216645449399948,0.10840814560651779,-0.11789429932832718,0.9866284728050232,0,0,0,0,0,0,0,0,0,0,0,0,0,0
13.769167184829712,1.0,0.002494335174560547,0.005844645202159882,-1.2099742889404297e-05,0.0024619102478027344,2.0012545585632324,6.991828918457031,0.6678417921066284,-1.3662587404251099,0.03,1.2295682430267334,-0.11873019486665726,0.3176395893096924,0.030216645449399948,0.10840814560651779,-0.11789429932832718,0.9866284728050232,0,0,0,0,0,0,0,0,0,0,0,0,0,0
13.770520448684692,1.0,0.002494335174560547,0.005844645202159882,-1.2099742889404297e-05,0.0024619102478027344,2.0012545585632324,6.991828918457031,0.6678417921066284,-1.3662587404251099,0.03,1.2295682430267334,-0.11873019486665726,0.3176395893096924,0.030216645449399948,0.10840814560651779,-0.11789429932832718,0.9866284728050232,0,0,0,0,0,0,0,0,0,0,0,0,0,0
13.771634578704834,1.0,0.002494335174560547,0.005844645202159882,-1.2099742889404297e-05,0.0024619102478027344,2.0012545585632324,6.991828918457031,0.6678417921066284,-1.3662587404251099,0.03,1.2295682430267334,-0.11873019486665726,0.3176395893096924,0.030216645449399948,0.10840814560651779,-0.11789429932832718,0.9866284728050232,0,0,0,0,0,0,0,0,0,0,0,0,0,0
13.772725582122803,1.0,0.002494335174560547,0.005844645202159882,-1.2099742889404297e-05,0.0024619102478027344,2.0012545585632324,6.991828918457031,0.6678417921066284,-1.3662587404251099,0.03,1.2295682430267334,-0.11873019486665726,0.3176395893096924,0.030216645449399948,0.10840814560651779,-0.11789429932832718,0.9866284728050232,0,0,0,0,0,0,0,0,0,0,0,0,0,0
13.773801803588867,1.0,0.002494335174560547,0.005844645202159882,-1.2099742889404297e-05,0.0024619102478027344,2.0012545585632324,6.991828918457031,0.6678417921066284,-1.3662587404251099,0.03,1.2295682430267334,-0.11873019486665726,0.3176395893096924,0.030216645449399948,0.10840814560651779,-0.11789429932832718,0.9866284728050232,0,0,0,0,0,0,0,0,0,0,0,0,0,0
13.774885892868042,1.0,0.002494335174560547,0.005844645202159882,-1.2099742889404297e-05,0.0024619102478027344,2.0012545585632324,6.991828918457031,0.6678417921066284,-1.3662587404251099,0.03,1.2295682430267334,-0.11873019486665726,0.3176395893096924,0.030216645449399948,0.10840814560651779,-0.11789429932832718,0.9866284728050232,0,0,0,0,0,0,0,0,0,0,0,0,0,0
13.776110410690308,1.0,0.002494335174560547,0.005844645202159882,-1.2099742889404297e-05,0.0024619102478027344,2.0012545585632324,6.991828918457031,0.6678417921066284,-1.3662587404251099,0.03,1.2295682430267334,-0.11873019486665726,0.3176395893096924,0.030216645449399948,0.10840814560651779,-0.11789429932832718,0.9866284728050232,0,0,0,0,0,0,0,0,0,0,0,0,0,0
13.777183055877686,1.0,0.002494335174560547,0.005844645202159882,-1.2099742889404297e-05,0.0024619102478027344,2.0012545585632324,6.991828918457031,0.6678417921066284,-1.3662587404251099,0.03,1.2295682430267334,-0.11873019486665726,0.3176395893096924,0.030216645449399948,0.10840814560651779,-0.11789429932832718,0.9866284728050232,0,0,0,0,0,0,0,0,0,0,0,0,0,0
13.778253078460693,1.0,0.002494335174560547,0.005844645202159882,-1.2099742889404297e-05,0.0024619102478027344,2.0012545585632324,6.991828918457031,0.6678417921066284,-1.3662587404251099,0.03,1.2295682430267334,-0.11873019486665726,0.3176395893096924,0.030216645449399948,0.10840814560651779,-0.11789429932832718,0.9866284728050232,0,0,0,0,0,0,0,0,0,0,0,0,0,0
13.779323816299438,1.0,0.002494335174560547,0.005844645202159882,-1.2099742889404297e-05,0.0024619102478027344,2.0012545585632324,6.991828918457031,0.6678417921066284,-1.3662587404251099,0.03,1.2295682430267334,-0.11873019486665726,0.3176395893096924,0.030216645449399948,0.10840814560651779,-0.11789429932832718,0.9866284728050232,0,0,0,0,0,0,0,0,0,0,0,0,0,0
13.78046178817749,1.0,0.002494335174560547,0.005844645202159882,-1.2099742889404297e-05,0.0024619102478027344,2.0012545585632324,6.991828918457031,0.6678417921066284,-1.3662587404251099,0.03,1.2295682430267334,-0.11873019486665726,0.3176395893096924,0.030216645449399948,0.10840814560651779,-0.11789429932832718,0.9866284728050232,0,0,0,0,0,0,0,0,0,0,0,0,0,0
13.781582355499268,1.0,0.002494335174560547,0.005844645202159882,-1.2099742889404297e-05,0.0024619102478027344,2.0012545585632324,6.991828918457031,0.6678417921066284,-1.3662587404251099,0.03,1.2295682430267334,-0.11873019486665726,0.3176395893096924,0.030216645449399948,0.10840814560651779,-0.11789429932832718,0.9866284728050232,0,0,0,0,0,0,0,0,0,0,0,0,0,0
13.782657384872437,1.0,0.002494335174560547,0.005844645202159882,-1.2099742889404297e-05,0.0024619102478027344,2.0012545585632324,6.991828918457031,0.6678417921066284,-1.3662587404251099,0.03,1.2295682430267334,-0.11873019486665726,0.3176395893096924,0.030216645449399948,0.10840814560651779,-0.11789429932832718,0.9866284728050232,0,0,0,0,0,0,0,0,0,0,0,0,0,0
13.784252166748047,1.0,0.002494335174560547,0.005844645202159882,-1.2099742889404297e-05,0.0024619102478027344,2.0012545585632324,6.991828918457031,0.6678417921066284,-1.3662587404251099,0.03,1.2295682430267334,-0.11873019486665726,0.3176395893096924,0.030216645449399948,0.10840814560651779,-0.11789429932832718,0.9866284728050232,0,0,0,0,0,0,0,0,0,0,0,0,0,0
13.785546064376831,1.0,0.002494335174560547,0.005844645202159882,-1.2099742889404297e-05,0.0024619102478027344,2.0012545585632324,6.991828918457031,0.6678417921066284,-1.3662587404251099,0.03,1.2295682430267334,-0.11873019486665726,0.3176395893096924,0.030216645449399948,0.10840814560651779,-0.11789429932832718,0.9866284728050232,0,0,0,0,0,0,0,0,0,0,0,0,0,0
13.786678552627563,1.0,0.002494335174560547,0.005844645202159882,-1.2099742889404297e-05,0.0024619102478027344,2.0012545585632324,6.991828918457031,0.6678417921066284,-1.3662587404251099,0.03,1.2295682430267334,-0.11873019486665726,0.3176395893096924,0.030216645449399948,0.10840814560651779,-0.11789429932832718,0.9866284728050232,0,0,0,0,0,0,0,0,0,0,0,0,0,0
13.788947343826294,1.0,0.002494335174560547,0.005844645202159882,-1.2099742889404297e-05,0.0024619102478027344,2.0012545585632324,6.991828918457031,0.6678417921066284,-1.3662587404251099,0.03,1.2295682430267334,-0.11873019486665726,0.3176395893096924,0.030216645449399948,0.10840814560651779,-0.11789429932832718,0.9866284728050232,0,0,0,0,0,0,0,0,0,0,0,0,0,0
13.790153980255127,1.0,0.002494335174560547,0.005844645202159882,-1.2099742889404297e-05,0.0024619102478027344,2.0012545585632324,6.991828918457031,0.6678417921066284,-1.3662587404251099,0.03,1.2295682430267334,-0.11873019486665726,0.3176395893096924,0.030216645449399948,0.10840814560651779,-0.11789429932832718,0.9866284728050232,0,0,0,0,0,0,0,0,0,0,0,0,0,0
13.791451454162598,1.0,0.002494335174560547,0.005844645202159882,-1.2099742889404297e-05,0.0024619102478027344,2.0012545585632324,6.991828918457031,0.6678417921066284,-1.3662587404251099,0.03,1.2295682430267334,-0.11873019486665726,0.3176395893096924,0.030216645449399948,0.10840814560651779,-0.11789429932832718,0.9866284728050232,0,0,0,0,0,0,0,0,0,0,0,0,0,0
13.792659521102905,1.0,0.002494335174560547,0.005844645202159882,-1.2099742889404297e-05,0.0024619102478027344,2.0012545585632324,6.991828918457031,0.6678417921066284,-1.3662587404251099,0.03,1.2295682430267334,-0.11873019486665726,0.3176395893096924,0.030216645449399948,0.10840814560651779,-0.11789429932832718,0.9866284728050232,0,0,0,0,0,0,0,0,0,0,0,0,0,0
13.794384956359863,1.0,0.002494335174560547,0.005844645202159882,-1.2099742889404297e-05,0.0024619102478027344,2.0012545585632324,6.991828918457031,0.6678417921066284,-1.3662587404251099,0.03,1.2295682430267334,-0.11873019486665726,0.3176395893096924,0.030216645449399948,0.10840814560651779,-0.11789429932832718,0.9866284728050232,0,0,0,0,0,0,0,0,0,0,0,0,0,0
13.795699119567871,1.0,0.002494335174560547,0.005844645202159882,-1.2099742889404297e-05,0.0024619102478027344,2.0012545585632324,6.991828918457031,0.6678417921066284,-1.3662587404251099,0.03,1.2295682430267334,-0.11873019486665726,0.3176395893096924,0.030216645449399948,0.10840814560651779,-0.11789429932832718,0.9866284728050232,0,0,0,0,0,0,0,0,0,0,0,0,0,0
13.796913146972656,1.0,0.002494335174560547,0.005844645202159882,-1.2099742889404297e-05,0.0024619102478027344,2.0012545585632324,6.991828918457031,0.6678417921066284,-1.3662587404251099,0.03,1.2295682430267334,-0.11873019486665726,0.3176395893096924,0.030216645449399948,0.10840814560651779,-0.11789429932832718,0.9866284728050232,0,0,0,0,0,0,0,0,0,0,0,0,0,0
13.798285007476807,1.0,0.002494335174560547,0.005844645202159882,-1.2099742889404297e-05,0.0024619102478027344,2.0012545585632324,6.991828918457031,0.6678417921066284,-1.3662587404251099,0.03,1.2295682430267334,-0.11873019486665726,0.3176395893096924,0.030216645449399948,0.10840814560651779,-0.11789429932832718,0.9866284728050232,0,0,0,0,0,0,0,0,0,0,0,0,0,0
13.799455642700195,1.0,0.002494335174560547,0.005844645202159882,-1.2099742889404297e-05,0.0024619102478027344,2.0012545585632324,6.991828918457031,0.6678417921066284,-1.3662587404251099,0.03,1.2295682430267334,-0.11873019486665726,0.3176395893096924,0.030216645449399948,0.10840814560651779,-0.11789429932832718,0.9866284728050232,0,0,0,0,0,0,0,0,0,0,0,0,0,0
13.800842523574829,1.0,0.002494335174560547,0.005844645202159882,-1.2099742889404297e-05,0.0024619102478027344,2.0012545585632324,6.991828918457031,0.6678417921066284,-1.3662587404251099,0.03,1.2295682430267334,-0.11873019486665726,0.3176395893096924,0.030216645449399948,0.10840814560651779,-0.11789429932832718,0.9866284728050232,0,0,0,0,0,0,0,0,0,0,0,0,0,0
13.802844047546387,1.0,0.002494335174560547,0.005844645202159882,-1.2099742889404297e-05,0.0024619102478027344,2.0012545585632324,6.991828918457031,0.6678417921066284,-1.3662587404251099,0.03,1.2295682430267334,-0.11873019486665726,0.3176395893096924,0.030216645449399948,0.10840814560651779,-0.11789429932832718,0.9866284728050232,0,0,0,0,0,0,0,0,0,0,0,0,0,0
13.80391788482666,1.0,0.002494335174560547,0.005844645202159882,-1.2099742889404297e-05,0.0024619102478027344,2.0012545585632324,6.991828918457031,0.6678417921066284,-1.3662587404251099,0.03,1.2295682430267334,-0.11873019486665726,0.3176395893096924,0.030216645449399948,0.10840814560651779,-0.11789429932832718,0.9866284728050232,0,0,0,0,0,0,0,0,0,0,0,0,0,0
13.80505084991455,1.0,0.002494335174560547,0.005844645202159882,-1.2099742889404297e-05,0.0024619102478027344,2.0012545585632324,6.991828918457031,0.6678417921066284,-1.3662587404251099,0.03,1.2295682430267334,-0.11873019486665726,0.3176395893096924,0.030216645449399948,0.10840814560651779,-0.11789429932832718,0.9866284728050232,0,0,0,0,0,0,0,0,0,0,0,0,0,0
13.806288242340088,1.0,0.002494335174560547,0.005844645202159882,-1.2099742889404297e-05,0.0024619102478027344,2.0012545585632324,6.991828918457031,0.6678417921066284,-1.3662587404251099,0.03,1.2295682430267334,-0.11873019486665726,0.3176395893096924,0.030216645449399948,0.10840814560651779,-0.11789429932832718,0.9866284728050232,0,0,0,0,0,0,0,0,0,0,0,0,0,0
13.807378768920898,1.0,0.002494335174560547,0.005844645202159882,-1.2099742889404297e-05,0.0024619102478027344,2.0012545585632324,6.991828918457031,0.6678417921066284,-1.3662587404251099,0.03,1.2295682430267334,-0.11873019486665726,0.3176395893096924,0.030216645449399948,0.10840814560651779,-0.11789429932832718,0.9866284728050232,0,0,0,0,0,0,0,0,0,0,0,0,0,0
13.808594703674316,1.0,0.002494335174560547,0.005844645202159882,-1.2099742889404297e-05,0.0024619102478027344,2.0012545585632324,6.991828918457031,0.6678417921066284,-1.3662587404251099,0.03,1.2295682430267334,-0.11873019486665726,0.3176395893096924,0.030216645449399948,0.10840814560651779,-0.11789429932832718,0.9866284728050232,0,0,0,0,0,0,0,0,0,0,0,0,0,0
13.809841871261597,1.0,0.002494335174560547,0.005844645202159882,-1.2099742889404297e-05,0.0024619102478027344,2.0012545585632324,6.991828918457031,0.6678417921066284,-1.3662587404251099,0.03,1.2295682430267334,-0.11873019486665726,0.3176395893096924,0.030216645449399948,0.10840814560651779,-0.11789429932832718,0.9866284728050232,0,0,0,0,0,0,0,0,0,0,0,0,0,0
13.811007261276245,1.0,0.002494335174560547,0.005844645202159882,-1.2099742889404297e-05,0.0024619102478027344,2.0012545585632324,6.991828918457031,0.6678417921066284,-1.3662587404251099,0.03,1.2295682430267334,-0.11873019486665726,0.3176395893096924,0.030216645449399948,0.10840814560651779,-0.11789429932832718,0.9866284728050232,0,0,0,0,0,0,0,0,0,0,0,0,0,0
13.812324047088623,1.0,0.002494335174560547,0.005844645202159882,-1.2099742889404297e-05,0.0024619102478027344,2.0012545585632324,6.991828918457031,0.6678417921066284,-1.3662587404251099,0.03,1.2295682430267334,-0.11873019486665726,0.3176395893096924,0.030216645449399948,0.10840814560651779,-0.11789429932832718,0.9866284728050232,0,0,0,0,0,0,0,0,0,0,0,0,0,0
13.813527345657349,1.0,0.002494335174560547,0.005844645202159882,-1.2099742889404297e-05,0.0024619102478027344,2.0012545585632324,6.991828918457031,0.6678417921066284,-1.3662587404251099,0.03,1.2295682430267334,-0.11873019486665726,0.3176395893096924,0.030216645449399948,0.10840814560651779,-0.11789429932832718,0.9866284728050232,0,0,0,0,0,0,0,0,0,0,0,0,0,0
13.814626216888428,1.0,0.002494335174560547,0.005844645202159882,-1.2099742889404297e-05,0.0024619102478027344,2.0012545585632324,6.991828918457031,0.6678417921066284,-1.3662587404251099,0.03,1.2295682430267334,-0.11873019486665726,0.3176395893096924,0.030216645449399948,0.10840814560651779,-0.11789429932832718,0.9866284728050232,0,0,0,0,0,0,0,0,0,0,0,0,0,0
13.815703630447388,1.0,0.002494335174560547,0.005844645202159882,-1.2099742889404297e-05,0.0024619102478027344,2.0012545585632324,6.991828918457031,0.6678417921066284,-1.3662587404251099,0.03,1.2295682430267334,-0.11873019486665726,0.3176395893096924,0.030216645449399948,0.10840814560651779,-0.11789429932832718,0.9866284728050232,0,0,0,0,0,0,0,0,0,0,0,0,0,0
13.817741870880127,1.0,0.002494335174560547,0.005844645202159882,-1.2099742889404297e-05,0.0024619102478027344,2.0012545585632324,6.991828918457031,0.6678417921066284,-1.3662587404251099,0.03,1.2295682430267334,-0.11873019486665726,0.3176395893096924,0.030216645449399948,0.10840814560651779,-0.11789429932832718,0.9866284728050232,0,0,0,0,0,0,0,0,0,0,0,0,0,0
13.819167137145996,1.0,0.002494335174560547,0.005844645202159882,-1.2099742889404297e-05,0.0024619102478027344,2.0012545585632324,6.991828918457031,0.6678417921066284,-1.3662587404251099,0.03,1.2295682430267334,-0.11873019486665726,0.3176395893096924,0.030216645449399948,0.10840814560651779,-0.11789429932832718,0.9866284728050232,0,0,0,0,0,0,0,0,0,0,0,0,0,0
13.82051420211792,1.0,0.002494335174560547,0.005844645202159882,-1.2099742889404297e-05,0.0024619102478027344,2.0012545585632324,6.991828918457031,0.6678417921066284,-1.3662587404251099,0.03,1.2295682430267334,-0.11873019486665726,0.3176395893096924,0.030216645449399948,0.10840814560651779,-0.11789429932832718,0.9866284728050232,0,0,0,0,0,0,0,0,0,0,0,0,0,0
13.821640253067017,1.0,0.002494335174560547,0.005844645202159882,-1.2099742889404297e-05,0.0024619102478027344,2.0012545585632324,6.991828918457031,0.6678417921066284,-1.3662587404251099,0.03,1.2295682430267334,-0.11873019486665726,0.3176395893096924,0.030216645449399948,0.10840814560651779,-0.11789429932832718,0.9866284728050232,0,0,0,0,0,0,0,0,0,0,0,0,0,0
13.822932243347168,1.0,0.002494335174560547,0.005844645202159882,-1.2099742889404297e-05,0.0024619102478027344,2.0012545585632324,6.991828918457031,0.6678417921066284,-1.3662587404251099,0.03,1.2295682430267334,-0.11873019486665726,0.3176395893096924,0.030216645449399948,0.10840814560651779,-0.11789429932832718,0.9866284728050232,0,0,0,0,0,0,0,0,0,0,0,0,0,0
13.824059963226318,1.0,0.002494335174560547,0.005844645202159882,-1.2099742889404297e-05,0.0024619102478027344,2.0012545585632324,6.991828918457031,0.6678417921066284,-1.3662587404251099,0.03,1.2295682430267334,-0.11873019486665726,0.3176395893096924,0.030216645449399948,0.10840814560651779,-0.11789429932832718,0.9866284728050232,0,0,0,0,0,0,0,0,0,0,0,0,0,0
13.82523250579834,1.0,0.002494335174560547,0.005844645202159882,-1.2099742889404297e-05,0.0024619102478027344,2.0012545585632324,6.991828918457031,0.6678417921066284,-1.3662587404251099,0.03,1.2295682430267334,-0.11873019486665726,0.3176395893096924,0.030216645449399948,0.10840814560651779,-0.11789429932832718,0.9866284728050232,0,0,0,0,0,0,0,0,0,0,0,0,0,0
13.82639193534851,1.0,0.002494335174560547,0.005844645202159882,-1.2099742889404297e-05,0.0024619102478027344,2.0012545585632324,6.991828918457031,0.6678417921066284,-1.3662587404251099,0.03,1.2295682430267334,-0.11873019486665726,0.3176395893096924,0.030216645449399948,0.10840814560651779,-0.11789429932832718,0.9866284728050232,0,0,0,0,0,0,0,0,0,0,0,0,0,0
13.827957153320312,1.0,0.002494335174560547,0.005844645202159882,-1.2099742889404297e-05,0.0024619102478027344,2.0012545585632324,6.991828918457031,0.6678417921066284,-1.3662587404251099,0.03,1.2295682430267334,-0.11873019486665726,0.3176395893096924,0.030216645449399948,0.10840814560651779,-0.11789429932832718,0.9866284728050232,0,0,0,0,0,0,0,0,0,0,0,0,0,0
13.829304933547974,1.0,0.002494335174560547,0.005844645202159882,-1.2099742889404297e-05,0.0024619102478027344,2.0012545585632324,6.991828918457031,0.6678417921066284,-1.3662587404251099,0.03,1.2295682430267334,-0.11873019486665726,0.3176395893096924,0.030216645449399948,0.10840814560651779,-0.11789429932832718,0.9866284728050232,0,0,0,0,0,0,0,0,0,0,0,0,0,0
13.830829381942749,1.0,0.002494335174560547,0.005844645202159882,-1.2099742889404297e-05,0.0024619102478027344,2.0012545585632324,6.991828918457031,0.6678417921066284,-1.3662587404251099,0.03,1.2295682430267334,-0.11873019486665726,0.3176395893096924,0.030216645449399948,0.10840814560651779,-0.11789429932832718,0.9866284728050232,0,0,0,0,0,0,0,0,0,0,0,0,0,0
13.832714319229126,1.0,0.002494335174560547,0.005844645202159882,-1.2099742889404297e-05,0.0024619102478027344,2.0012545585632324,6.991828918457031,0.6678417921066284,-1.3662587404251099,0.03,1.2295682430267334,-0.11873019486665726,0.3176395893096924,0.030216645449399948,0.10840814560651779,-0.11789429932832718,0.9866284728050232,0,0,0,0,0,0,0,0,0,0,0,0,0,0
13.83485460281372,1.0,0.002494335174560547,0.005844645202159882,-1.2099742889404297e-05,0.0024619102478027344,2.0012545585632324,6.991828918457031,0.6678417921066284,-1.3662587404251099,0.03,1.2295682430267334,-0.11873019486665726,0.3176395893096924,0.030216645449399948,0.10840814560651779,-0.11789429932832718,0.9866284728050232,0,0,0,0,0,0,0,0,0,0,0,0,0,0
13.835975885391235,1.0,0.002494335174560547,0.005844645202159882,-1.2099742889404297e-05,0.0024619102478027344,2.0012545585632324,6.991828918457031,0.6678417921066284,-1.3662587404251099,0.03,1.2295682430267334,-0.11873019486665726,0.3176395893096924,0.030216645449399948,0.10840814560651779,-0.11789429932832718,0.9866284728050232,0,0,0,0,0,0,0,0,0,0,0,0,0,0
13.837256908416748,1.0,0.002494335174560547,0.005844645202159882,-1.2099742889404297e-05,0.0024619102478027344,2.0012545585632324,6.991828918457031,0.6678417921066284,-1.3662587404251099,0.03,1.2295682430267334,-0.11873019486665726,0.3176395893096924,0.030216645449399948,0.10840814560651779,-0.11789429932832718,0.9866284728050232,0,0,0,0,0,0,0,0,0,0,0,0,0,0
13.838429927825928,1.0,0.002494335174560547,0.005844645202159882,-1.2099742889404297e-05,0.0024619102478027344,2.0012545585632324,6.991828918457031,0.6678417921066284,-1.3662587404251099,0.03,1.2295682430267334,-0.11873019486665726,0.3176395893096924,0.030216645449399948,0.10840814560651779,-0.11789429932832718,0.9866284728050232,0,0,0,0,0,0,0,0,0,0,0,0,0,0
13.83962082862854,1.0,0.002494335174560547,0.005844645202159882,-1.2099742889404297e-05,0.0024619102478027344,2.0012545585632324,6.991828918457031,0.6678417921066284,-1.3662587404251099,0.03,1.2295682430267334,-0.11873019486665726,0.3176395893096924,0.030216645449399948,0.10840814560651779,-0.11789429932832718,0.9866284728050232,0,0,0,0,0,0,0,0,0,0,0,0,0,0
13.841288089752197,1.0,0.002494335174560547,0.005844645202159882,-1.2099742889404297e-05,0.0024619102478027344,2.0012545585632324,6.991828918457031,0.6678417921066284,-1.3662587404251099,0.03,1.2295682430267334,-0.11873019486665726,0.3176395893096924,0.030216645449399948,0.10840814560651779,-0.11789429932832718,0.9866284728050232,0,0,0,0,0,0,0,0,0,0,0,0,0,0
13.842590093612671,1.0,0.002494335174560547,0.005844645202159882,-1.2099742889404297e-05,0.0024619102478027344,2.0012545585632324,6.991828918457031,0.6678417921066284,-1.3662587404251099,0.03,1.2295682430267334,-0.11873019486665726,0.3176395893096924,0.030216645449399948,0.10840814560651779,-0.11789429932832718,0.9866284728050232,0,0,0,0,0,0,0,0,0,0,0,0,0,0
13.843846559524536,1.0,0.002494335174560547,0.005844645202159882,-1.2099742889404297e-05,0.0024619102478027344,2.0012545585632324,6.991828918457031,0.6678417921066284,-1.3662587404251099,0.03,1.2295682430267334,-0.11873019486665726,0.3176395893096924,0.030216645449399948,0.10840814560651779,-0.11789429932832718,0.9866284728050232,0,0,0,0,0,0,0,0,0,0,0,0,0,0
13.845027446746826,1.0,0.002494335174560547,0.005844645202159882,-1.2099742889404297e-05,0.0024619102478027344,2.0012545585632324,6.991828918457031,0.6678417921066284,-1.3662587404251099,0.03,1.2295682430267334,-0.11873019486665726,0.3176395893096924,0.030216645449399948,0.10840814560651779,-0.11789429932832718,0.9866284728050232,0,0,0,0,0,0,0,0,0,0,0,0,0,0
13.846119165420532,1.0,0.002494335174560547,0.005844645202159882,-1.2099742889404297e-05,0.0024619102478027344,2.0012545585632324,6.991828918457031,0.6678417921066284,-1.3662587404251099,0.03,1.2295682430267334,-0.11873019486665726,0.3176395893096924,0.030216645449399948,0.10840814560651779,-0.11789429932832718,0.9866284728050232,0,0,0,0,0,0,0,0,0,0,0,0,0,0
13.847305536270142,1.0,0.002494335174560547,0.005844645202159882,-1.2099742889404297e-05,0.0024619102478027344,2.0012545585632324,6.991828918457031,0.6678417921066284,-1.3662587404251099,0.03,1.2295682430267334,-0.11873019486665726,0.3176395893096924,0.030216645449399948,0.10840814560651779,-0.11789429932832718,0.9866284728050232,0,0,0,0,0,0,0,0,0,0,0,0,0,0
13.84838080406189,1.0,0.002494335174560547,0.005844645202159882,-1.2099742889404297e-05,0.0024619102478027344,2.0012545585632324,6.991828918457031,0.6678417921066284,-1.3662587404251099,0.03,1.2295682430267334,-0.11873019486665726,0.3176395893096924,0.030216645449399948,0.10840814560651779,-0.11789429932832718,0.9866284728050232,0,0,0,0,0,0,0,0,0,0,0,0,0,0
13.850252628326416,1.0,0.002494335174560547,0.005844645202159882,-1.2099742889404297e-05,0.0024619102478027344,2.0012545585632324,6.991828918457031,0.6678417921066284,-1.3662587404251099,0.03,1.2295682430267334,-0.11873019486665726,0.3176395893096924,0.030216645449399948,0.10840814560651779,-0.11789429932832718,0.9866284728050232,0,0,0,0,0,0,0,0,0,0,0,0,0,0
13.851348161697388,1.0,0.002494335174560547,0.005844645202159882,-1.2099742889404297e-05,0.0024619102478027344,2.0012545585632324,6.991828918457031,0.6678417921066284,-1.3662587404251099,0.03,1.2295682430267334,-0.11873019486665726,0.3176395893096924,0.030216645449399948,0.10840814560651779,-0.11789429932832718,0.9866284728050232,0,0,0,0,0,0,0,0,0,0,0,0,0,0
13.852421522140503,1.0,0.002494335174560547,0.005844645202159882,-1.2099742889404297e-05,0.0024619102478027344,2.0012545585632324,6.991828918457031,0.6678417921066284,-1.3662587404251099,0.03,1.2295682430267334,-0.11873019486665726,0.3176395893096924,0.030216645449399948,0.10840814560651779,-0.11789429932832718,0.9866284728050232,0,0,0,0,0,0,0,0,0,0,0,0,0,0
13.853507995605469,1.0,0.002494335174560547,0.005844645202159882,-1.2099742889404297e-05,0.0024619102478027344,2.0012545585632324,6.991828918457031,0.6678417921066284,-1.3662587404251099,0.03,1.2295682430267334,-0.11873019486665726,0.3176395893096924,0.030216645449399948,0.10840814560651779,-0.11789429932832718,0.9866284728050232,0,0,0,0,0,0,0,0,0,0,0,0,0,0
13.854592323303223,1.0,0.002494335174560547,0.005844645202159882,-1.2099742889404297e-05,0.0024619102478027344,2.0012545585632324,6.991828918457031,0.6678417921066284,-1.3662587404251099,0.03,1.2295682430267334,-0.11873019486665726,0.3176395893096924,0.030216645449399948,0.10840814560651779,-0.11789429932832718,0.9866284728050232,0,0,0,0,0,0,0,0,0,0,0,0,0,0
13.855667114257812,1.0,0.002494335174560547,0.005844645202159882,-1.2099742889404297e-05,0.0024619102478027344,2.0012545585632324,6.991828918457031,0.6678417921066284,-1.3662587404251099,0.03,1.2295682430267334,-0.11873019486665726,0.3176395893096924,0.030216645449399948,0.10840814560651779,-0.11789429932832718,0.9866284728050232,0,0,0,0,0,0,0,0,0,0,0,0,0,0
13.856919050216675,1.0,0.002494335174560547,0.005844645202159882,-1.2099742889404297e-05,0.0024619102478027344,2.0012545585632324,6.991828918457031,0.6678417921066284,-1.3662587404251099,0.03,1.2295682430267334,-0.11873019486665726,0.3176395893096924,0.030216645449399948,0.10840814560651779,-0.11789429932832718,0.9866284728050232,0,0,0,0,0,0,0,0,0,0,0,0,0,0
13.857990264892578,1.0,0.002494335174560547,0.005844645202159882,-1.2099742889404297e-05,0.0024619102478027344,2.0012545585632324,6.991828918457031,0.6678417921066284,-1.3662587404251099,0.03,1.2295682430267334,-0.11873019486665726,0.3176395893096924,0.030216645449399948,0.10840814560651779,-0.11789429932832718,0.9866284728050232,0,0,0,0,0,0,0,0,0,0,0,0,0,0
13.859074115753174,1.0,0.002494335174560547,0.005844645202159882,-1.2099742889404297e-05,0.0024619102478027344,2.0012545585632324,6.991828918457031,0.6678417921066284,-1.3662587404251099,0.03,1.2295682430267334,-0.11873019486665726,0.3176395893096924,0.030216645449399948,0.10840814560651779,-0.11789429932832718,0.9866284728050232,0,0,0,0,0,0,0,0,0,0,0,0,0,0
13.860214233398438,1.0,0.002494335174560547,0.005844645202159882,-1.2099742889404297e-05,0.0024619102478027344,2.0012545585632324,6.991828918457031,0.6678417921066284,-1.3662587404251099,0.03,1.2295682430267334,-0.11873019486665726,0.3176395893096924,0.030216645449399948,0.10840814560651779,-0.11789429932832718,0.9866284728050232,0,0,0,0,0,0,0,0,0,0,0,0,0,0
13.861359119415283,1.0,0.002494335174560547,0.005844645202159882,-1.2099742889404297e-05,0.0024619102478027344,2.0012545585632324,6.991828918457031,0.6678417921066284,-1.3662587404251099,0.03,1.2295682430267334,-0.11873019486665726,0.3176395893096924,0.030216645449399948,0.10840814560651779,-0.11789429932832718,0.9866284728050232,0,0,0,0,0,0,0,0,0,0,0,0,0,0
13.862416505813599,1.0,0.002494335174560547,0.005844645202159882,-1.2099742889404297e-05,0.0024619102478027344,2.0012545585632324,6.991828918457031,0.6678417921066284,-1.3662587404251099,0.03,1.2295682430267334,-0.11873019486665726,0.3176395893096924,0.030216645449399948,0.10840814560651779,-0.11789429932832718,0.9866284728050232,0,0,0,0,0,0,0,0,0,0,0,0,0,0
13.863513469696045,1.0,0.002494335174560547,0.005844645202159882,-1.2099742889404297e-05,0.0024619102478027344,2.0012545585632324,6.991828918457031,0.6678417921066284,-1.3662587404251099,0.03,1.2295682430267334,-0.11873019486665726,0.3176395893096924,0.030216645449399948,0.10840814560651779,-0.11789429932832718,0.9866284728050232,0,0,0,0,0,0,0,0,0,0,0,0,0,0
13.865040302276611,1.0,0.002494335174560547,0.005844645202159882,-1.2099742889404297e-05,0.0024619102478027344,2.0012545585632324,6.991828918457031,0.6678417921066284,-1.3662587404251099,0.03,1.2295682430267334,-0.11873019486665726,0.3176395893096924,0.030216645449399948,0.10840814560651779,-0.11789429932832718,0.9866284728050232,0,0,0,0,0,0,0,0,0,0,0,0,0,0
13.866484642028809,1.0,0.002494335174560547,0.005844645202159882,-1.2099742889404297e-05,0.0024619102478027344,2.0012545585632324,6.991828918457031,0.6678417921066284,-1.3662587404251099,0.03,1.2295682430267334,-0.11873019486665726,0.3176395893096924,0.030216645449399948,0.10840814560651779,-0.11789429932832718,0.9866284728050232,0,0,0,0,0,0,0,0,0,0,0,0,0,0
13.869181632995605,1.0,0.0025038719177246094,0.004274442791938782,-7.849931716918945e-05,0.003460526466369629,2.05599308013916,6.46798849105835,0.7595458626747131,-1.617263674736023,0.03,1.2295682430267334,-0.11873019486665726,0.3176395893096924,0.030216645449399948,0.10840814560651779,-0.11789429932832718,0.9866284728050232,0,0,0,0,0,0,0,0,0,0,0,0,0,0
13.870923280715942,1.0,0.0025038719177246094,0.004274442791938782,-7.849931716918945e-05,0.003460526466369629,2.05599308013916,6.46798849105835,0.7595458626747131,-1.617263674736023,0.03,1.2295682430267334,-0.11873019486665726,0.3176395893096924,0.030216645449399948,0.10840814560651779,-0.11789429932832718,0.9866284728050232,0,0,0,0,0,0,0,0,0,0,0,0,0,0
13.872228145599365,1.0,0.0023627877235412598,0.001992836594581604,-0.0001118779182434082,0.005588650703430176,1.9344464540481567,6.654080867767334,0.7499688267707825,-1.3937480449676514,0.03,1.2293659448623657,-0.11871575564146042,0.3172719478607178,0.028112711384892464,0.1145988255739212,-0.14136065542697906,0.982900857925415,0,0,0,0,0,0,0,0,0,0,0,0,0,0
13.873725891113281,1.0,0.0020861029624938965,-0.0028597116470336914,-7.253885269165039e-05,0.00999516248703003,1.6201355457305908,6.567832946777344,0.6547744274139404,-1.6284213066101074,0.03,1.2293336391448975,-0.11857184022665024,0.3171390891075134,0.03094000741839409,0.11577660590410233,-0.13244985044002533,0.9839184880256653,0,0,0,0,0,0,0,0,0,0,0,0,0,0
13.874879360198975,1.0,0.0020861029624938965,-0.0028597116470336914,-7.253885269165039e-05,0.00999516248703003,1.6201355457305908,6.567832946777344,0.6547744274139404,-1.6284213066101074,0.03,1.2293336391448975,-0.11857184022665024,0.3171390891075134,0.03094000741839409,0.11577660590410233,-0.13244985044002533,0.9839184880256653,0,0,0,0,0,0,0,0,0,0,0,0,0,0
13.876599073410034,1.0,0.0010788440704345703,-0.034398190677165985,-9.894371032714844e-05,0.039196014404296875,1.006103515625,4.646697044372559,0.7272913455963135,-1.550734519958496,0.03,1.2292919158935547,-0.11854968965053558,0.31695258617401123,0.03055620938539505,0.11709446460008621,-0.13467352092266083,0.9834725856781006,0,0,0,0,0,0,0,0,0,0,0,0,0,0
13.878389596939087,1.0,0.0009885430335998535,-0.03868179768323898,-8.356571197509766e-05,0.04295670986175537,0.9102605581283569,4.065634250640869,0.7079502940177917,-1.2505172491073608,0.03,1.2292805910110474,-0.11856965720653534,0.31691691279411316,0.030559692531824112,0.11710532009601593,-0.1344582587480545,0.983500599861145,0,0,0,0,0,0,0,0,0,0,0,0,0,0
13.880152463912964,1.0,0.0009799599647521973,-0.042228810489177704,-0.00010782480239868164,0.04613620042800903,0.9538136124610901,4.276244163513184,0.7294382452964783,-1.568819522857666,0.03,1.2292896509170532,-0.11856238543987274,0.3169478178024292,0.030780591070652008,0.11687661707401276,-0.13314735889434814,0.9836993217468262,0,0,0,0,0,0,0,0,0,0,0,0,0,0
13.882615089416504,1.0,0.0009799599647521973,-0.042228810489177704,-0.00010782480239868164,0.04613620042800903,0.9538136124610901,4.276244163513184,0.7294382452964783,-1.568819522857666,0.03,1.2292896509170532,-0.11856238543987274,0.3169478178024292,0.030780591070652008,0.11687661707401276,-0.13314735889434814,0.9836993217468262,0,0,0,0,0,0,0,0,0,0,0,0,0,0
13.884573459625244,1.0,0.0009186267852783203,-0.04590379446744919,-8.541345596313477e-05,0.04941779375076294,0.8644416332244873,4.071490287780762,0.6971638202667236,-1.6897724866867065,0.03,1.2292988300323486,-0.11852893978357315,0.31700417399406433,0.030605653300881386,0.11680876463651657,-0.13372722268104553,0.9836341142654419,0,0,0,0,0,0,0,0,0,0,0,0,0,0
13.88578748703003,1.0,0.0009756684303283691,-0.05019122362136841,-6.878376007080078e-05,0.05331689119338989,0.9893180131912231,3.404919147491455,0.6974732279777527,-1.319993019104004,0.03,1.2292988300323486,-0.11852893978357315,0.31700417399406433,0.030605653300881386,0.11680876463651657,-0.13372722268104553,0.9836341142654419,0,0,0,0,0,0,0,0,0,0,0,0,0,0
13.88864803314209,1.0,0.0009812712669372559,-0.05092748999595642,-6.473064422607422e-05,0.05475205183029175,0.99562007188797,3.80281925201416,0.6909340620040894,-1.7100412845611572,0.03,1.2292988300323486,-0.11852893978357315,0.31700417399406433,0.030605653300881386,0.11680876463651657,-0.13372722268104553,0.9836341142654419,0,0,0,0,0,0,0,0,0,0,0,0,0,0
13.88974905014038,1.0,0.0009812712669372559,-0.05092748999595642,-6.473064422607422e-05,0.05475205183029175,0.99562007188797,3.80281925201416,0.6909340620040894,-1.7100412845611572,0.03,1.2292988300323486,-0.11852893978357315,0.31700417399406433,0.030605653300881386,0.11680876463651657,-0.13372722268104553,0.9836341142654419,0,0,0,0,0,0,0,0,0,0,0,0,0,0
13.891306400299072,1.0,0.0009793639183044434,-0.05314052104949951,-6.03795051574707e-05,0.056319236755371094,0.989206075668335,2.9722909927368164,0.6842376589775085,-0.5888332724571228,0.03,1.2292988300323486,-0.11852893978357315,0.31700417399406433,0.030605653300881386,0.11680876463651657,-0.13372722268104553,0.9836341142654419,0,0,0,0,0,0,0,0,0,0,0,0,0,0
13.892412185668945,1.0,0.0009477734565734863,-0.06163156032562256,-1.5556812286376953e-05,0.0648772120475769,0.9503531455993652,3.0291929244995117,0.6059144139289856,-0.8296580910682678,0.03,1.2292650938034058,-0.11851542443037033,0.3169809579849243,0.030279330909252167,0.11690279096364975,-0.13536350429058075,0.9834091663360596,0,0,0,0,0,0,0,0,0,0,0,0,0,0
13.893491983413696,1.0,0.0009477734565734863,-0.06163156032562256,-1.5556812286376953e-05,0.0648772120475769,0.9503531455993652,3.0291929244995117,0.6059144139289856,-0.8296580910682678,0.03,1.2292650938034058,-0.11851542443037033,0.3169809579849243,0.030279330909252167,0.11690279096364975,-0.13536350429058075,0.9834091663360596,0,0,0,0,0,0,0,0,0,0,0,0,0,0
13.89476752281189,1.0,0.000979304313659668,-0.06798477470874786,-4.494190216064453e-05,0.07021218538284302,1.0113431215286255,2.4567713737487793,0.6557483673095703,-1.171991229057312,0.03,1.229257583618164,-0.1185314729809761,0.3169257938861847,0.03008730709552765,0.11695855110883713,-0.13558165729045868,0.9833784103393555,0,0,0,0,0,0,0,0,0,0,0,0,0,0
13.896117925643921,2.0,0.001986861228942871,-0.0832677036523819,-0.0012293457984924316,0.08416235446929932,-0.5840693712234497,-1.338569164276123,-0.7323510646820068,1.4724985361099243,0.03,1.2291834354400635,-0.11834514141082764,0.3171106278896332,0.03286287561058998,0.1167982667684555,-0.12632392346858978,0.9845407605171204,0,0,0,0,0,0,0,0,0,0,0,0,0,0
13.897526502609253,2.0,0.006100893020629883,-0.08420626819133759,-0.00587838888168335,0.08437150716781616,-0.6001809239387512,-1.1104086637496948,-0.28121474385261536,0.8118258118629456,0.03,1.229258418083191,-0.11857684701681137,0.31694909930229187,0.02998526394367218,0.1164291650056839,-0.13541370630264282,0.9834675192832947,0,0,0,0,0,0,0,0,0,0,0,0,0,0
13.898634672164917,2.0,0.006100893020629883,-0.08420626819133759,-0.00587838888168335,0.08437150716781616,-0.6001809239387512,-1.1104086637496948,-0.28121474385261536,0.8118258118629456,0.03,1.229258418083191,-0.11857684701681137,0.31694909930229187,0.02998526394367218,0.1164291650056839,-0.13541370630264282,0.9834675192832947,0,0,0,0,0,0,0,0,0,0,0,0,0,0
13.900147676467896,2.0,0.006100893020629883,-0.08420626819133759,-0.00587838888168335,0.08437150716781616,-0.6001809239387512,-1.1104086637496948,-0.28121474385261536,0.8118258118629456,0.03,1.229258418083191,-0.11857684701681137,0.31694909930229187,0.02998526394367218,0.1164291650056839,-0.13541370630264282,0.9834675192832947,0,0,0,0,0,0,0,0,0,0,0,0,0,0
13.90139126777649,2.0,0.006100893020629883,-0.08420626819133759,-0.00587838888168335,0.08437150716781616,-0.6001809239387512,-1.1104086637496948,-0.28121474385261536,0.8118258118629456,0.03,1.229258418083191,-0.11857684701681137,0.31694909930229187,0.02998526394367218,0.1164291650056839,-0.13541370630264282,0.9834675192832947,0,0,0,0,0,0,0,0,0,0,0,0,0,0
13.902471780776978,2.0,0.006100893020629883,-0.08420626819133759,-0.00587838888168335,0.08437150716781616,-0.6001809239387512,-1.1104086637496948,-0.28121474385261536,0.8118258118629456,0.03,1.229258418083191,-0.11857684701681137,0.31694909930229187,0.02998526394367218,0.1164291650056839,-0.13541370630264282,0.9834675192832947,0,0,0,0,0,0,0,0,0,0,0,0,0,0
13.904918193817139,2.0,0.006922006607055664,-0.08372098207473755,-0.007106661796569824,0.0837259292602539,-0.6167333126068115,-0.6431405544281006,0.022214757278561592,0.3726574182510376,0.03,1.229258418083191,-0.11857684701681137,0.31694909930229187,0.02998526394367218,0.1164291650056839,-0.13541370630264282,0.9834675192832947,0,0,0,0,0,0,0,0,0,0,0,0,0,0
13.907060384750366,2.0,0.006922006607055664,-0.08372098207473755,-0.007106661796569824,0.0837259292602539,-0.6167333126068115,-0.6431405544281006,0.022214757278561592,0.3726574182510376,0.03,1.229258418083191,-0.11857684701681137,0.31694909930229187,0.02998526394367218,0.1164291650056839,-0.13541370630264282,0.9834675192832947,0,0,0,0,0,0,0,0,0,0,0,0,0,0
13.90922474861145,2.0,0.009254395961761475,-0.08258701860904694,-0.010289609432220459,0.08206328749656677,-0.2623412311077118,0.44890096783638,1.2660528421401978,-1.017297625541687,0.03,1.229258418083191,-0.11857684701681137,0.31694909930229187,0.02998526394367218,0.1164291650056839,-0.13541370630264282,0.9834675192832947,0,0,0,0,0,0,0,0,0,0,0,0,0,0
13.910442352294922,2.0,0.012981712818145752,-0.0822698324918747,-0.014082491397857666,0.08183373510837555,-0.8990628123283386,0.4204776883125305,0.5167425274848938,-0.9709230661392212,0.03,1.229207158088684,-0.11844222247600555,0.3170052766799927,0.030011065304279327,0.11595470458269119,-0.1317775994539261,0.9840165972709656,0,0,0,0,0,0,0,0,0,0,0,0,0,0
13.91155457496643,2.0,0.012981712818145752,-0.0822698324918747,-0.014082491397857666,0.08183373510837555,-0.8990628123283386,0.4204776883125305,0.5167425274848938,-0.9709230661392212,0.03,1.229207158088684,-0.11844222247600555,0.3170052766799927,0.030011065304279327,0.11595470458269119,-0.1317775994539261,0.9840165972709656,0,0,0,0,0,0,0,0,0,0,0,0,0,0
13.912700891494751,2.0,0.012981712818145752,-0.0822698324918747,-0.014082491397857666,0.08183373510837555,-0.8990628123283386,0.4204776883125305,0.5167425274848938,-0.9709230661392212,0.03,1.229207158088684,-0.11844222247600555,0.3170052766799927,0.030011065304279327,0.11595470458269119,-0.1317775994539261,0.9840165972709656,0,0,0,0,0,0,0,0,0,0,0,0,0,0
13.914154529571533,2.0,0.01368945837020874,-0.08232362568378448,-0.014734864234924316,0.0819287896156311,-1.243629813194275,0.35240066051483154,0.03188450634479523,-0.831649899482727,0.03,1.229207158088684,-0.11844222247600555,0.3170052766799927,0.030011065304279327,0.11595470458269119,-0.1317775994539261,0.9840165972709656,0,0,0,0,0,0,0,0,0,0,0,0,0,0
13.915423393249512,2.0,0.01368945837020874,-0.08232362568378448,-0.014734864234924316,0.0819287896156311,-1.243629813194275,0.35240066051483154,0.03188450634479523,-0.831649899482727,0.03,1.229227066040039,-0.11848269402980804,0.31693533062934875,0.030025653541088104,0.11604329198598862,-0.1313149333000183,0.9840675592422485,0,0,0,0,0,0,0,0,0,0,0,0,0,0
13.916690349578857,2.0,0.01368945837020874,-0.08232362568378448,-0.014734864234924316,0.0819287896156311,-1.243629813194275,0.35240066051483154,0.03188450634479523,-0.831649899482727,0.03,1.229227066040039,-0.11848269402980804,0.31693533062934875,0.030025653541088104,0.11604329198598862,-0.1313149333000183,0.9840675592422485,0,0,0,0,0,0,0,0,0,0,0,0,0,0
13.91781997680664,2.0,0.01368945837020874,-0.08232362568378448,-0.014734864234924316,0.0819287896156311,-1.243629813194275,0.35240066051483154,0.03188450634479523,-0.831649899482727,0.03,1.229227066040039,-0.11848269402980804,0.31693533062934875,0.030025653541088104,0.11604329198598862,-0.1313149333000183,0.9840675592422485,0,0,0,0,0,0,0,0,0,0,0,0,0,0
13.919987201690674,2.0,0.01368945837020874,-0.08232362568378448,-0.014734864234924316,0.0819287896156311,-1.243629813194275,0.35240066051483154,0.03188450634479523,-0.831649899482727,0.03,1.229227066040039,-0.11848269402980804,0.31693533062934875,0.030025653541088104,0.11604329198598862,-0.1313149333000183,0.9840675592422485,0,0,0,0,0,0,0,0,0,0,0,0,0,0
13.921690464019775,2.0,0.01368945837020874,-0.08232362568378448,-0.014734864234924316,0.0819287896156311,-1.243629813194275,0.35240066051483154,0.03188450634479523,-0.831649899482727,0.03,1.229227066040039,-0.11848269402980804,0.31693533062934875,0.030025653541088104,0.11604329198598862,-0.1313149333000183,0.9840675592422485,0,0,0,0,0,0,0,0,0,0,0,0,0,0
13.922770023345947,2.0,0.01368945837020874,-0.08232362568378448,-0.014734864234924316,0.0819287896156311,-1.243629813194275,0.35240066051483154,0.03188450634479523,-0.831649899482727,0.03,1.229227066040039,-0.11848269402980804,0.31693533062934875,0.030025653541088104,0.11604329198598862,-0.1313149333000183,0.9840675592422485,0,0,0,0,0,0,0,0,0,0,0,0,0,0
13.925086736679077,2.0,0.01368945837020874,-0.08232362568378448,-0.014734864234924316,0.0819287896156311,-1.243629813194275,0.35240066051483154,0.03188450634479523,-0.831649899482727,0.03,1.229227066040039,-0.11848269402980804,0.31693533062934875,0.030025653541088104,0.11604329198598862,-0.1313149333000183,0.9840675592422485,0,0,0,0,0,0,0,0,0,0,0,0,0,0
13.926510334014893,2.0,0.01368945837020874,-0.08232362568378448,-0.014734864234924316,0.0819287896156311,-1.243629813194275,0.35240066051483154,0.03188450634479523,-0.831649899482727,0.03,1.229227066040039,-0.11848269402980804,0.31693533062934875,0.030025653541088104,0.11604329198598862,-0.1313149333000183,0.9840675592422485,0,0,0,0,0,0,0,0,0,0,0,0,0,0
13.927851676940918,2.0,0.01368945837020874,-0.08232362568378448,-0.014734864234924316,0.0819287896156311,-1.243629813194275,0.35240066051483154,0.03188450634479523,-0.831649899482727,0.03,1.229227066040039,-0.11848269402980804,0.31693533062934875,0.030025653541088104,0.11604329198598862,-0.1313149333000183,0.9840675592422485,0,0,0,0,0,0,0,0,0,0,0,0,0,0
13.928917646408081,2.0,0.01368945837020874,-0.08232362568378448,-0.014734864234924316,0.0819287896156311,-1.243629813194275,0.35240066051483154,0.03188450634479523,-0.831649899482727,0.03,1.229227066040039,-0.11848269402980804,0.31693533062934875,0.030025653541088104,0.11604329198598862,-0.1313149333000183,0.9840675592422485,0,0,0,0,0,0,0,0,0,0,0,0,0,0
13.93100380897522,2.0,0.014929234981536865,-0.08234864473342896,-0.015875637531280518,0.08202233910560608,-1.0762659311294556,0.3585943281650543,0.451392263174057,-0.7610530257225037,0.03,1.2292364835739136,-0.11855865269899368,0.3168083131313324,0.03067202866077423,0.11595337837934494,-0.12814968824386597,0.9844753742218018,0,0,0,0,0,0,0,0,0,0,0,0,0,0
13.933118104934692,2.0,0.015263617038726807,-0.0823809951543808,-0.016599059104919434,0.08207572996616364,-0.8946094512939453,0.30581340193748474,0.3750933110713959,-0.6874858736991882,0.03,1.229224681854248,-0.11864211410284042,0.31663116812705994,0.028606649488210678,0.11653631180524826,-0.13361483812332153,0.9837418794631958,0,0,0,0,0,0,0,0,0,0,0,0,0,0
13.93532681465149,2.0,0.015902996063232422,-0.08238179981708527,-0.016980350017547607,0.08215150237083435,-0.8047779202461243,0.3357757031917572,0.6412325501441956,-0.6286578178405762,0.03,1.229224681854248,-0.11864211410284042,0.31663116812705994,0.028606649488210678,0.11653631180524826,-0.13361483812332153,0.9837418794631958,0,0,0,0,0,0,0,0,0,0,0,0,0,0
13.93662405014038,2.0,0.017348945140838623,-0.08244270086288452,-0.018256068229675293,0.08226960897445679,-0.916326642036438,0.2917262613773346,0.15246206521987915,-0.5474239587783813,0.03,1.229232907295227,-0.11854562908411026,0.31675416231155396,0.029788052663207054,0.1163705363869667,-0.12878383696079254,0.9843705892562866,0,0,0,0,0,0,0,0,0,0,0,0,0,0
13.937710046768188,2.0,0.017348945140838623,-0.08244270086288452,-0.018256068229675293,0.08226960897445679,-0.916326642036438,0.2917262613773346,0.15246206521987915,-0.5474239587783813,0.03,1.229232907295227,-0.11854562908411026,0.31675416231155396,0.029788052663207054,0.1163705363869667,-0.12878383696079254,0.9843705892562866,0,0,0,0,0,0,0,0,0,0,0,0,0,0
13.93893814086914,2.0,0.017348945140838623,-0.08244270086288452,-0.018256068229675293,0.08226960897445679,-0.916326642036438,0.2917262613773346,0.15246206521987915,-0.5474239587783813,0.03,1.229232907295227,-0.11854562908411026,0.31675416231155396,0.029788052663207054,0.1163705363869667,-0.12878383696079254,0.9843705892562866,0,0,0,0,0,0,0,0,0,0,0,0,0,0
13.942079067230225,2.0,0.017348945140838623,-0.08244270086288452,-0.018256068229675293,0.08226960897445679,-0.916326642036438,0.2917262613773346,0.15246206521987915,-0.5474239587783813,0.03,1.229232907295227,-0.11854562908411026,0.31675416231155396,0.029788052663207054,0.1163705363869667,-0.12878383696079254,0.9843705892562866,0,0,0,0,0,0,0,0,0,0,0,0,0,0
13.943176507949829,2.0,0.017348945140838623,-0.08244270086288452,-0.018256068229675293,0.08226960897445679,-0.916326642036438,0.2917262613773346,0.15246206521987915,-0.5474239587783813,0.03,1.229232907295227,-0.11854562908411026,0.31675416231155396,0.029788052663207054,0.1163705363869667,-0.12878383696079254,0.9843705892562866,0,0,0,0,0,0,0,0,0,0,0,0,0,0
13.944392919540405,2.0,0.017348945140838623,-0.08244270086288452,-0.018256068229675293,0.08226960897445679,-0.916326642036438,0.2917262613773346,0.15246206521987915,-0.5474239587783813,0.03,1.229232907295227,-0.11854562908411026,0.31675416231155396,0.029788052663207054,0.1163705363869667,-0.12878383696079254,0.9843705892562866,0,0,0,0,0,0,0,0,0,0,0,0,0,0
13.945565223693848,2.0,0.017348945140838623,-0.08244270086288452,-0.018256068229675293,0.08226960897445679,-0.916326642036438,0.2917262613773346,0.15246206521987915,-0.5474239587783813,0.03,1.229232907295227,-0.11854562908411026,0.31675416231155396,0.029788052663207054,0.1163705363869667,-0.12878383696079254,0.9843705892562866,0,0,0,0,0,0,0,0,0,0,0,0,0,0
13.946879625320435,2.0,0.06192684918642044,-0.08250132203102112,-0.06689262390136719,0.08242642879486084,-5.059896469116211,0.46536701917648315,-0.018072644248604774,-0.7135260701179504,0.03,1.229232907295227,-0.11854562908411026,0.31675416231155396,0.029788052663207054,0.1163705363869667,-0.12878383696079254,0.9843705892562866,0,0,0,0,0,0,0,0,0,0,0,0,0,0
13.948389530181885,2.0,0.0645814761519432,-0.08250100910663605,-0.06961679458618164,0.08244726061820984,-5.1249098777771,0.4808006286621094,0.2451040893793106,-0.7294512987136841,0.03,1.2292745113372803,-0.11866338551044464,0.31667616963386536,0.02950688637793064,0.11661913990974426,-0.12864738702774048,0.9843674302101135,0,0,0,0,0,0,0,0,0,0,0,0,0,0
13.949670553207397,2.0,0.06648620963096619,-0.08249892294406891,-0.07171675562858582,0.08244064450263977,-5.169072151184082,0.48967301845550537,0.44467684626579285,-0.7515326738357544,0.03,1.2292046546936035,-0.1185820922255516,0.3166300058364868,0.02820619009435177,0.1169198751449585,-0.1328606754541397,0.9838100671768188,0,0,0,0,0,0,0,0,0,0,0,0,0,0
13.951199293136597,2.0,0.06869691610336304,-0.08250176906585693,-0.07363185286521912,0.08244635164737701,-5.576770782470703,0.492413192987442,-0.2225835770368576,-0.7552913427352905,0.03,1.2292046546936035,-0.1185820922255516,0.3166300058364868,0.02820619009435177,0.1169198751449585,-0.1328606754541397,0.9838100671768188,0,0,0,0,0,0,0,0,0,0,0,0,0,0
13.95236587524414,2.0,0.06869691610336304,-0.08250176906585693,-0.07363185286521912,0.08244635164737701,-5.576770782470703,0.492413192987442,-0.2225835770368576,-0.7552913427352905,0.03,1.2292046546936035,-0.1185820922255516,0.3166300058364868,0.02820619009435177,0.1169198751449585,-0.1328606754541397,0.9838100671768188,0,0,0,0,0,0,0,0,0,0,0,0,0,0
13.953645467758179,2.0,0.06869691610336304,-0.08250176906585693,-0.07363185286521912,0.08244635164737701,-5.576770782470703,0.492413192987442,-0.2225835770368576,-0.7552913427352905,0.03,1.2292046546936035,-0.1185820922255516,0.3166300058364868,0.02820619009435177,0.1169198751449585,-0.1328606754541397,0.9838100671768188,0,0,0,0,0,0,0,0,0,0,0,0,0,0
13.955336093902588,2.0,0.06869691610336304,-0.08250176906585693,-0.07363185286521912,0.08244635164737701,-5.576770782470703,0.492413192987442,-0.2225835770368576,-0.7552913427352905,0.03,1.2292046546936035,-0.1185820922255516,0.3166300058364868,0.02820619009435177,0.1169198751449585,-0.1328606754541397,0.9838100671768188,0,0,0,0,0,0,0,0,0,0,0,0,0,0
13.956575632095337,2.0,0.06869691610336304,-0.08250176906585693,-0.07363185286521912,0.08244635164737701,-5.576770782470703,0.492413192987442,-0.2225835770368576,-0.7552913427352905,0.03,1.2292046546936035,-0.1185820922255516,0.3166300058364868,0.02820619009435177,0.1169198751449585,-0.1328606754541397,0.9838100671768188,0,0,0,0,0,0,0,0,0,0,0,0,0,0
13.958653450012207,2.0,0.06869691610336304,-0.08250176906585693,-0.07363185286521912,0.08244635164737701,-5.576770782470703,0.492413192987442,-0.2225835770368576,-0.7552913427352905,0.03,1.2292046546936035,-0.1185820922255516,0.3166300058364868,0.02820619009435177,0.1169198751449585,-0.1328606754541397,0.9838100671768188,0,0,0,0,0,0,0,0,0,0,0,0,0,0
13.959921836853027,2.0,0.06869691610336304,-0.08250176906585693,-0.07363185286521912,0.08244635164737701,-5.576770782470703,0.492413192987442,-0.2225835770368576,-0.7552913427352905,0.03,1.2292046546936035,-0.1185820922255516,0.3166300058364868,0.02820619009435177,0.1169198751449585,-0.1328606754541397,0.9838100671768188,0,0,0,0,0,0,0,0,0,0,0,0,0,0
13.960978031158447,2.0,0.06869691610336304,-0.08250176906585693,-0.07363185286521912,0.08244635164737701,-5.576770782470703,0.492413192987442,-0.2225835770368576,-0.7552913427352905,0.03,1.2292046546936035,-0.1185820922255516,0.3166300058364868,0.02820619009435177,0.1169198751449585,-0.1328606754541397,0.9838100671768188,0,0,0,0,0,0,0,0,0,0,0,0,0,0
13.962401866912842,2.0,0.06869691610336304,-0.08250176906585693,-0.07363185286521912,0.08244635164737701,-5.576770782470703,0.492413192987442,-0.2225835770368576,-0.7552913427352905,0.03,1.2292046546936035,-0.1185820922255516,0.3166300058364868,0.02820619009435177,0.1169198751449585,-0.1328606754541397,0.9838100671768188,0,0,0,0,0,0,0,0,0,0,0,0,0,0
13.963479995727539,2.0,0.06869691610336304,-0.08250176906585693,-0.07363185286521912,0.08244635164737701,-5.576770782470703,0.492413192987442,-0.2225835770368576,-0.7552913427352905,0.03,1.2292046546936035,-0.1185820922255516,0.3166300058364868,0.02820619009435177,0.1169198751449585,-0.1328606754541397,0.9838100671768188,0,0,0,0,0,0,0,0,0,0,0,0,0,0
13.964552879333496,2.0,0.06869691610336304,-0.08250176906585693,-0.07363185286521912,0.08244635164737701,-5.576770782470703,0.492413192987442,-0.2225835770368576,-0.7552913427352905,0.03,1.2292046546936035,-0.1185820922255516,0.3166300058364868,0.02820619009435177,0.1169198751449585,-0.1328606754541397,0.9838100671768188,0,0,0,0,0,0,0,0,0,0,0,0,0,0
13.965626001358032,2.0,0.06869691610336304,-0.08250176906585693,-0.07363185286521912,0.08244635164737701,-5.576770782470703,0.492413192987442,-0.2225835770368576,-0.7552913427352905,0.03,1.2292046546936035,-0.1185820922255516,0.3166300058364868,0.02820619009435177,0.1169198751449585,-0.1328606754541397,0.9838100671768188,0,0,0,0,0,0,0,0,0,0,0,0,0,0
13.966878175735474,2.0,0.06869691610336304,-0.08250176906585693,-0.07363185286521912,0.08244635164737701,-5.576770782470703,0.492413192987442,-0.2225835770368576,-0.7552913427352905,0.03,1.2292046546936035,-0.1185820922255516,0.3166300058364868,0.02820619009435177,0.1169198751449585,-0.1328606754541397,0.9838100671768188,0,0,0,0,0,0,0,0,0,0,0,0,0,0
13.967942476272583,2.0,0.06869691610336304,-0.08250176906585693,-0.07363185286521912,0.08244635164737701,-5.576770782470703,0.492413192987442,-0.2225835770368576,-0.7552913427352905,0.03,1.2292046546936035,-0.1185820922255516,0.3166300058364868,0.02820619009435177,0.1169198751449585,-0.1328606754541397,0.9838100671768188,0,0,0,0,0,0,0,0,0,0,0,0,0,0
13.969207525253296,3.0,0.06967978179454803,-0.0825013816356659,-0.07467955350875854,0.08244627714157104,-5.799108505249023,0.5011813044548035,-0.30927062034606934,-0.760587215423584,0.03,1.2292046546936035,-0.1185820922255516,0.3166300058364868,0.02820619009435177,0.1169198751449585,-0.1328606754541397,0.9838100671768188,0,0,0,0,0,0,0,0,0,0,0,0,0,0
13.970285654067993,3.0,0.07055231928825378,-0.08152364194393158,-0.07582348585128784,0.0818900465965271,-4.489654064178467,-2.1826400756835938,1.371287226676941,2.5295519828796387,0.03,1.229188323020935,-0.11867626011371613,0.31656742095947266,0.02785150706768036,0.11711914092302322,-0.13337868452072144,0.9837263226509094,0,0,0,0,0,0,0,0,0,0,0,0,0,0
13.97136640548706,3.0,0.07055231928825378,-0.08152364194393158,-0.07582348585128784,0.0818900465965271,-4.489654064178467,-2.1826400756835938,1.371287226676941,2.5295519828796387,0.03,1.229188323020935,-0.11867626011371613,0.31656742095947266,0.02785150706768036,0.11711914092302322,-0.13337868452072144,0.9837263226509094,0,0,0,0,0,0,0,0,0,0,0,0,0,0
13.972639560699463,3.0,0.07055231928825378,-0.08152364194393158,-0.07582348585128784,0.0818900465965271,-4.489654064178467,-2.1826400756835938,1.371287226676941,2.5295519828796387,0.03,1.229188323020935,-0.11867626011371613,0.31656742095947266,0.02785150706768036,0.11711914092302322,-0.13337868452072144,0.9837263226509094,0,0,0,0,0,0,0,0,0,0,0,0,0,0
13.973705768585205,3.0,0.07055231928825378,-0.08152364194393158,-0.07582348585128784,0.0818900465965271,-4.489654064178467,-2.1826400756835938,1.371287226676941,2.5295519828796387,0.03,1.229188323020935,-0.11867626011371613,0.31656742095947266,0.02785150706768036,0.11711914092302322,-0.13337868452072144,0.9837263226509094,0,0,0,0,0,0,0,0,0,0,0,0,0,0
13.975029706954956,3.0,0.07055231928825378,-0.08152364194393158,-0.07582348585128784,0.0818900465965271,-4.489654064178467,-2.1826400756835938,1.371287226676941,2.5295519828796387,0.03,1.229188323020935,-0.11867626011371613,0.31656742095947266,0.02785150706768036,0.11711914092302322,-0.13337868452072144,0.9837263226509094,0,0,0,0,0,0,0,0,0,0,0,0,0,0
13.976256608963013,3.0,0.07055231928825378,-0.08152364194393158,-0.07582348585128784,0.0818900465965271,-4.489654064178467,-2.1826400756835938,1.371287226676941,2.5295519828796387,0.03,1.229188323020935,-0.11867626011371613,0.31656742095947266,0.02785150706768036,0.11711914092302322,-0.13337868452072144,0.9837263226509094,0,0,0,0,0,0,0,0,0,0,0,0,0,0
13.977670907974243,3.0,0.07055231928825378,-0.08152364194393158,-0.07582348585128784,0.0818900465965271,-4.489654064178467,-2.1826400756835938,1.371287226676941,2.5295519828796387,0.03,1.229188323020935,-0.11867626011371613,0.31656742095947266,0.02785150706768036,0.11711914092302322,-0.13337868452072144,0.9837263226509094,0,0,0,0,0,0,0,0,0,0,0,0,0,0
13.979263067245483,3.0,0.07055231928825378,-0.08152364194393158,-0.07582348585128784,0.0818900465965271,-4.489654064178467,-2.1826400756835938,1.371287226676941,2.5295519828796387,0.03,1.229188323020935,-0.11867626011371613,0.31656742095947266,0.02785150706768036,0.11711914092302322,-0.13337868452072144,0.9837263226509094,0,0,0,0,0,0,0,0,0,0,0,0,0,0
13.986600637435913,3.0,0.07056229561567307,-0.07999834418296814,-0.0756041407585144,0.08038491010665894,-3.477588415145874,-3.7114803791046143,1.9732770919799805,3.822275400161743,0.03,1.2291948795318604,-0.11872272193431854,0.3165399730205536,0.027625499293208122,0.11721134185791016,-0.13357283174991608,0.983695387840271,0,0,0,0,0,0,0,0,0,0,0,0,0,0
13.987634658813477,3.0,0.07040099799633026,-0.07734797149896622,-0.07454457879066467,0.07704088091850281,-2.431732177734375,-5.497989177703857,1.985170602798462,4.590408802032471,0.03,1.2291948795318604,-0.11872272193431854,0.3165399730205536,0.027625499293208122,0.11721134185791016,-0.13357283174991608,0.983695387840271,0,0,0,0,0,0,0,0,0,0,0,0,0,0
13.988766431808472,3.0,0.07030799984931946,-0.0746840387582779,-0.07357069849967957,0.0732315182685852,-1.8303372859954834,-5.273926258087158,1.8286848068237305,3.1306896209716797,0.03,1.2291948795318604,-0.11872272193431854,0.3165399730205536,0.027625499293208122,0.11721134185791016,-0.13357283174991608,0.983695387840271,0,0,0,0,0,0,0,0,0,0,0,0,0,0
13.99016547203064,3.0,0.07030799984931946,-0.0746840387582779,-0.07357069849967957,0.0732315182685852,-1.8303372859954834,-5.273926258087158,1.8286848068237305,3.1306896209716797,0.03,1.2291948795318604,-0.11872272193431854,0.3165399730205536,0.027625499293208122,0.11721134185791016,-0.13357283174991608,0.983695387840271,0,0,0,0,0,0,0,0,0,0,0,0,0,0
13.992759227752686,3.0,0.07030799984931946,-0.0746840387582779,-0.07357069849967957,0.0732315182685852,-1.8303372859954834,-5.273926258087158,1.8286848068237305,3.1306896209716797,0.03,1.2291948795318604,-0.11872272193431854,0.3165399730205536,0.027625499293208122,0.11721134185791016,-0.13357283174991608,0.983695387840271,0,0,0,0,0,0,0,0,0,0,0,0,0,0
13.99382472038269,3.0,0.07030799984931946,-0.0746840387582779,-0.07357069849967957,0.0732315182685852,-1.8303372859954834,-5.273926258087158,1.8286848068237305,3.1306896209716797,0.03,1.2291948795318604,-0.11872272193431854,0.3165399730205536,0.027625499293208122,0.11721134185791016,-0.13357283174991608,0.983695387840271,0,0,0,0,0,0,0,0,0,0,0,0,0,0
13.994922637939453,3.0,0.07018978893756866,-0.07175491750240326,-0.07241645455360413,0.06895315647125244,-1.240564227104187,-5.421346664428711,1.49514901638031,2.071197509765625,0.03,1.2291948795318604,-0.11872272193431854,0.3165399730205536,0.027625499293208122,0.11721134185791016,-0.13357283174991608,0.983695387840271,0,0,0,0,0,0,0,0,0,0,0,0,0,0
13.996186017990112,3.0,0.07018978893756866,-0.07175491750240326,-0.07241645455360413,0.06895315647125244,-1.240564227104187,-5.421346664428711,1.49514901638031,2.071197509765625,0.03,1.2292838096618652,-0.11882803589105606,0.3166721761226654,0.024745682254433632,0.11527590453624725,-0.14038778841495514,0.983051598072052,0,0,0,0,0,0,0,0,0,0,0,0,0,0
13.997334241867065,3.0,0.07018978893756866,-0.07175491750240326,-0.07241645455360413,0.06895315647125244,-1.240564227104187,-5.421346664428711,1.49514901638031,2.071197509765625,0.03,1.2294163703918457,-0.119003064930439,0.3167974650859833,0.02151111513376236,0.11269161105155945,-0.14592017233371735,0.9826216101646423,0,0,0,0,0,0,0,0,0,0,0,0,0,0
13.999342918395996,3.0,0.07018978893756866,-0.07175491750240326,-0.07241645455360413,0.06895315647125244,-1.240564227104187,-5.421346664428711,1.49514901638031,2.071197509765625,0.03,1.2294163703918457,-0.119003064930439,0.3167974650859833,0.02151111513376236,0.11269161105155945,-0.14592017233371735,0.9826216101646423,0,0,0,0,0,0,0,0,0,0,0,0,0,0
14.00100064277649,3.0,0.06915838271379471,-0.06304936110973358,-0.06875613331794739,0.05748724937438965,-0.7214869856834412,-4.592936038970947,-0.12243837118148804,-0.9002167582511902,0.03,1.2294163703918457,-0.119003064930439,0.3167974650859833,0.02151111513376236,0.11269161105155945,-0.14592017233371735,0.9826216101646423,0,0,0,0,0,0,0,0,0,0,0,0,0,0
14.00246262550354,3.0,0.06907900422811508,-0.061697423458099365,-0.06826275587081909,0.055936455726623535,-0.4883579611778259,-4.943206310272217,-0.17616373300552368,-0.5387639999389648,0.03,1.2294163703918457,-0.119003064930439,0.3167974650859833,0.02151111513376236,0.11269161105155945,-0.14592017233371735,0.9826216101646423,0,0,0,0,0,0,0,0,0,0,0,0,0,0
14.003828048706055,3.0,0.0681196004152298,-0.05360409617424011,-0.06667506694793701,0.04861682653427124,-0.08094419538974762,-4.615006923675537,0.12750016152858734,-0.23089341819286346,0.03,1.2295968532562256,-0.11868277937173843,0.31712377071380615,0.027401847764849663,0.10533645749092102,-0.10651423782110214,0.9883360266685486,0,0,0,0,0,0,0,0,0,0,0,0,0,0
14.004981517791748,3.0,0.0679381936788559,-0.05225927382707596,-0.06653428077697754,0.04743891954421997,0.003038030117750168,-4.533693313598633,0.18974262475967407,-0.08784401416778564,0.03,1.2295968532562256,-0.11868277937173843,0.31712377071380615,0.027401847764849663,0.10533645749092102,-0.10651423782110214,0.9883360266685486,0,0,0,0,0,0,0,0,0,0,0,0,0,0
14.006065607070923,3.0,0.0679381936788559,-0.05225927382707596,-0.06653428077697754,0.04743891954421997,0.003038030117750168,-4.533693313598633,0.18974262475967407,-0.08784401416778564,0.03,1.2295968532562256,-0.11868277937173843,0.31712377071380615,0.027401847764849663,0.10533645749092102,-0.10651423782110214,0.9883360266685486,0,0,0,0,0,0,0,0,0,0,0,0,0,0
14.007166385650635,3.0,0.0679381936788559,-0.05225927382707596,-0.06653428077697754,0.04743891954421997,0.003038030117750168,-4.533693313598633,0.18974262475967407,-0.08784401416778564,0.03,1.2295968532562256,-0.11868277937173843,0.31712377071380615,0.027401847764849663,0.10533645749092102,-0.10651423782110214,0.9883360266685486,0,0,0,0,0,0,0,0,0,0,0,0,0,0
14.008615493774414,3.0,0.0679381936788559,-0.05225927382707596,-0.06653428077697754,0.04743891954421997,0.003038030117750168,-4.533693313598633,0.18974262475967407,-0.08784401416778564,0.03,1.2295968532562256,-0.11868277937173843,0.31712377071380615,0.027401847764849663,0.10533645749092102,-0.10651423782110214,0.9883360266685486,0,0,0,0,0,0,0,0,0,0,0,0,0,0
14.010438680648804,3.0,0.06719896197319031,-0.04500371962785721,-0.06620138883590698,0.04097408056259155,0.4522949755191803,-5.176543712615967,0.9756983518600464,1.3528729677200317,0.03,1.2297766208648682,-0.11899340897798538,0.31742575764656067,0.024090206250548363,0.10260675847530365,-0.11571753025054932,0.9876745939254761,0,0,0,0,0,0,0,0,0,0,0,0,0,0
14.011741876602173,3.0,0.06697510927915573,-0.0418526753783226,-0.0660172700881958,0.038039207458496094,0.5798636078834534,-5.182203769683838,1.135923981666565,1.5187288522720337,0.03,1.2297766208648682,-0.11899340897798538,0.31742575764656067,0.024090206250548363,0.10260675847530365,-0.11571753025054932,0.9876745939254761,0,0,0,0,0,0,0,0,0,0,0,0,0,0
14.012901306152344,3.0,0.06697510927915573,-0.0418526753783226,-0.0660172700881958,0.038039207458496094,0.5798636078834534,-5.182203769683838,1.135923981666565,1.5187288522720337,0.03,1.2297766208648682,-0.11899340897798538,0.31742575764656067,0.024090206250548363,0.10260675847530365,-0.11571753025054932,0.9876745939254761,0,0,0,0,0,0,0,0,0,0,0,0,0,0
14.015437841415405,3.0,0.06697510927915573,-0.0418526753783226,-0.0660172700881958,0.038039207458496094,0.5798636078834534,-5.182203769683838,1.135923981666565,1.5187288522720337,0.03,1.2297766208648682,-0.11899340897798538,0.31742575764656067,0.024090206250548363,0.10260675847530365,-0.11571753025054932,0.9876745939254761,0,0,0,0,0,0,0,0,0,0,0,0,0,0
14.016634225845337,3.0,0.06697510927915573,-0.0418526753783226,-0.0660172700881958,0.038039207458496094,0.5798636078834534,-5.182203769683838,1.135923981666565,1.5187288522720337,0.03,1.2297766208648682,-0.11899340897798538,0.31742575764656067,0.024090206250548363,0.10260675847530365,-0.11571753025054932,0.9876745939254761,0,0,0,0,0,0,0,0,0,0,0,0,0,0
14.0178382396698,3.0,0.06697510927915573,-0.0418526753783226,-0.0660172700881958,0.038039207458496094,0.5798636078834534,-5.182203769683838,1.135923981666565,1.5187288522720337,0.03,1.2297766208648682,-0.11899340897798538,0.31742575764656067,0.024090206250548363,0.10260675847530365,-0.11571753025054932,0.9876745939254761,0,0,0,0,0,0,0,0,0,0,0,0,0,0
14.019014120101929,3.0,0.06697510927915573,-0.0418526753783226,-0.0660172700881958,0.038039207458496094,0.5798636078834534,-5.182203769683838,1.135923981666565,1.5187288522720337,0.03,1.2297766208648682,-0.11899340897798538,0.31742575764656067,0.024090206250548363,0.10260675847530365,-0.11571753025054932,0.9876745939254761,0,0,0,0,0,0,0,0,0,0,0,0,0,0
14.021082162857056,3.0,0.06697510927915573,-0.0418526753783226,-0.0660172700881958,0.038039207458496094,0.5798636078834534,-5.182203769683838,1.135923981666565,1.5187288522720337,0.03,1.2297766208648682,-0.11899340897798538,0.31742575764656067,0.024090206250548363,0.10260675847530365,-0.11571753025054932,0.9876745939254761,0,0,0,0,0,0,0,0,0,0,0,0,0,0
14.022146940231323,3.0,0.06697510927915573,-0.0418526753783226,-0.0660172700881958,0.038039207458496094,0.5798636078834534,-5.182203769683838,1.135923981666565,1.5187288522720337,0.03,1.2297766208648682,-0.11899340897798538,0.31742575764656067,0.024090206250548363,0.10260675847530365,-0.11571753025054932,0.9876745939254761,0,0,0,0,0,0,0,0,0,0,0,0,0,0
14.02325701713562,3.0,0.06697510927915573,-0.0418526753783226,-0.0660172700881958,0.038039207458496094,0.5798636078834534,-5.182203769683838,1.135923981666565,1.5187288522720337,0.03,1.2297766208648682,-0.11899340897798538,0.31742575764656067,0.024090206250548363,0.10260675847530365,-0.11571753025054932,0.9876745939254761,0,0,0,0,0,0,0,0,0,0,0,0,0,0
14.024649858474731,3.0,0.06697510927915573,-0.0418526753783226,-0.0660172700881958,0.038039207458496094,0.5798636078834534,-5.182203769683838,1.135923981666565,1.5187288522720337,0.03,1.2297766208648682,-0.11899340897798538,0.31742575764656067,0.024090206250548363,0.10260675847530365,-0.11571753025054932,0.9876745939254761,0,0,0,0,0,0,0,0,0,0,0,0,0,0
14.028631210327148,3.0,0.06638873368501663,-0.03515993058681488,-0.06531482934951782,0.03094691038131714,0.6148834824562073,-5.8498358726501465,1.0928868055343628,1.6637072563171387,0.03,1.2297708988189697,-0.11918830126523972,0.317670077085495,0.020717915147542953,0.1004369705915451,-0.1352883279323578,0.9854848384857178,0,0,0,0,0,0,0,0,0,0,0,0,0,0
14.02975344657898,3.0,0.06638873368501663,-0.03515993058681488,-0.06531482934951782,0.03094691038131714,0.6148834824562073,-5.8498358726501465,1.0928868055343628,1.6637072563171387,0.03,1.2297708988189697,-0.11918830126523972,0.317670077085495,0.020717915147542953,0.1004369705915451,-0.1352883279323578,0.9854848384857178,0,0,0,0,0,0,0,0,0,0,0,0,0,0
14.030842781066895,3.0,0.06638873368501663,-0.03515993058681488,-0.06531482934951782,0.03094691038131714,0.6148834824562073,-5.8498358726501465,1.0928868055343628,1.6637072563171387,0.03,1.2297708988189697,-0.11918830126523972,0.317670077085495,0.020717915147542953,0.1004369705915451,-0.1352883279323578,0.9854848384857178,0,0,0,0,0,0,0,0,0,0,0,0,0,0
14.03346848487854,3.0,0.06638873368501663,-0.03515993058681488,-0.06531482934951782,0.03094691038131714,0.6148834824562073,-5.8498358726501465,1.0928868055343628,1.6637072563171387,0.03,1.2297708988189697,-0.11918830126523972,0.317670077085495,0.020717915147542953,0.1004369705915451,-0.1352883279323578,0.9854848384857178,0,0,0,0,0,0,0,0,0,0,0,0,0,0
14.035017728805542,3.0,0.06638873368501663,-0.03515993058681488,-0.06531482934951782,0.03094691038131714,0.6148834824562073,-5.8498358726501465,1.0928868055343628,1.6637072563171387,0.03,1.2297708988189697,-0.11918830126523972,0.317670077085495,0.020717915147542953,0.1004369705915451,-0.1352883279323578,0.9854848384857178,0,0,0,0,0,0,0,0,0,0,0,0,0,0
14.036489009857178,3.0,0.06638873368501663,-0.03515993058681488,-0.06531482934951782,0.03094691038131714,0.6148834824562073,-5.8498358726501465,1.0928868055343628,1.6637072563171387,0.03,1.2297708988189697,-0.11918830126523972,0.317670077085495,0.020717915147542953,0.1004369705915451,-0.1352883279323578,0.9854848384857178,0,0,0,0,0,0,0,0,0,0,0,0,0,0
14.038130760192871,3.0,0.06638873368501663,-0.03515993058681488,-0.06531482934951782,0.03094691038131714,0.6148834824562073,-5.8498358726501465,1.0928868055343628,1.6637072563171387,0.03,1.2297708988189697,-0.11918830126523972,0.317670077085495,0.020717915147542953,0.1004369705915451,-0.1352883279323578,0.9854848384857178,0,0,0,0,0,0,0,0,0,0,0,0,0,0
14.039710283279419,3.0,0.06638873368501663,-0.03515993058681488,-0.06531482934951782,0.03094691038131714,0.6148834824562073,-5.8498358726501465,1.0928868055343628,1.6637072563171387,0.03,1.2297708988189697,-0.11918830126523972,0.317670077085495,0.020717915147542953,0.1004369705915451,-0.1352883279323578,0.9854848384857178,0,0,0,0,0,0,0,0,0,0,0,0,0,0
14.042489290237427,3.0,0.06638873368501663,-0.03515993058681488,-0.06531482934951782,0.03094691038131714,0.6148834824562073,-5.8498358726501465,1.0928868055343628,1.6637072563171387,0.03,1.2297708988189697,-0.11918830126523972,0.317670077085495,0.020717915147542953,0.1004369705915451,-0.1352883279323578,0.9854848384857178,0,0,0,0,0,0,0,0,0,0,0,0,0,0
14.043949604034424,3.0,0.06638873368501663,-0.03515993058681488,-0.06531482934951782,0.03094691038131714,0.6148834824562073,-5.8498358726501465,1.0928868055343628,1.6637072563171387,0.03,1.2297708988189697,-0.11918830126523972,0.317670077085495,0.020717915147542953,0.1004369705915451,-0.1352883279323578,0.9854848384857178,0,0,0,0,0,0,0,0,0,0,0,0,0,0
14.045192956924438,3.0,0.06638873368501663,-0.03515993058681488,-0.06531482934951782,0.03094691038131714,0.6148834824562073,-5.8498358726501465,1.0928868055343628,1.6637072563171387,0.03,1.2297708988189697,-0.11918830126523972,0.317670077085495,0.020717915147542953,0.1004369705915451,-0.1352883279323578,0.9854848384857178,0,0,0,0,0,0,0,0,0,0,0,0,0,0
14.046406030654907,3.0,0.06638873368501663,-0.03515993058681488,-0.06531482934951782,0.03094691038131714,0.6148834824562073,-5.8498358726501465,1.0928868055343628,1.6637072563171387,0.03,1.2297708988189697,-0.11918830126523972,0.317670077085495,0.020717915147542953,0.1004369705915451,-0.1352883279323578,0.9854848384857178,0,0,0,0,0,0,0,0,0,0,0,0,0,0
14.047911643981934,3.0,0.06638873368501663,-0.03515993058681488,-0.06531482934951782,0.03094691038131714,0.6148834824562073,-5.8498358726501465,1.0928868055343628,1.6637072563171387,0.03,1.2297708988189697,-0.11918830126523972,0.317670077085495,0.020717915147542953,0.1004369705915451,-0.1352883279323578,0.9854848384857178,0,0,0,0,0,0,0,0,0,0,0,0,0,0
14.049538612365723,3.0,0.06638873368501663,-0.03515993058681488,-0.06531482934951782,0.03094691038131714,0.6148834824562073,-5.8498358726501465,1.0928868055343628,1.6637072563171387,0.03,1.2297708988189697,-0.11918830126523972,0.317670077085495,0.020717915147542953,0.1004369705915451,-0.1352883279323578,0.9854848384857178,0,0,0,0,0,0,0,0,0,0,0,0,0,0
14.050706624984741,3.0,0.06638873368501663,-0.03515993058681488,-0.06531482934951782,0.03094691038131714,0.6148834824562073,-5.8498358726501465,1.0928868055343628,1.6637072563171387,0.03,1.2297708988189697,-0.11918830126523972,0.317670077085495,0.020717915147542953,0.1004369705915451,-0.1352883279323578,0.9854848384857178,0,0,0,0,0,0,0,0,0,0,0,0,0,0
14.051811218261719,3.0,0.06638873368501663,-0.03515993058681488,-0.06531482934951782,0.03094691038131714,0.6148834824562073,-5.8498358726501465,1.0928868055343628,1.6637072563171387,0.03,1.2297708988189697,-0.11918830126523972,0.317670077085495,0.020717915147542953,0.1004369705915451,-0.1352883279323578,0.9854848384857178,0,0,0,0,0,0,0,0,0,0,0,0,0,0
14.053893089294434,3.0,0.06638873368501663,-0.03515993058681488,-0.06531482934951782,0.03094691038131714,0.6148834824562073,-5.8498358726501465,1.0928868055343628,1.6637072563171387,0.03,1.2297708988189697,-0.11918830126523972,0.317670077085495,0.020717915147542953,0.1004369705915451,-0.1352883279323578,0.9854848384857178,0,0,0,0,0,0,0,0,0,0,0,0,0,0
14.056784868240356,3.0,0.06621348857879639,-0.033956073224544525,-0.06518477201461792,0.029598891735076904,0.6047095060348511,-6.560117721557617,1.1251364946365356,2.1227025985717773,0.03,1.2297708988189697,-0.11918830126523972,0.317670077085495,0.020717915147542953,0.1004369705915451,-0.1352883279323578,0.9854848384857178,0,0,0,0,0,0,0,0,0,0,0,0,0,0
14.058618307113647,3.0,0.06517595797777176,-0.023943819105625153,-0.06401360034942627,0.019658446311950684,0.1692068725824356,-5.28973388671875,0.6626044511795044,1.1995978355407715,0.03,1.2297096252441406,-0.11928119510412216,0.31817826628685,0.022737212479114532,0.09426353126764297,-0.11519017815589905,0.9885993599891663,0,0,0,0,0,0,0,0,0,0,0,0,0,0
14.05974268913269,3.0,0.06517595797777176,-0.023943819105625153,-0.06401360034942627,0.019658446311950684,0.1692068725824356,-5.28973388671875,0.6626044511795044,1.1995978355407715,0.03,1.2297096252441406,-0.11928119510412216,0.31817826628685,0.022737212479114532,0.09426353126764297,-0.11519017815589905,0.9885993599891663,0,0,0,0,0,0,0,0,0,0,0,0,0,0
14.060834169387817,3.0,0.06517595797777176,-0.023943819105625153,-0.06401360034942627,0.019658446311950684,0.1692068725824356,-5.28973388671875,0.6626044511795044,1.1995978355407715,0.03,1.2297096252441406,-0.11928119510412216,0.31817826628685,0.022737212479114532,0.09426353126764297,-0.11519017815589905,0.9885993599891663,0,0,0,0,0,0,0,0,0,0,0,0,0,0
14.06189513206482,3.0,0.06517595797777176,-0.023943819105625153,-0.06401360034942627,0.019658446311950684,0.1692068725824356,-5.28973388671875,0.6626044511795044,1.1995978355407715,0.03,1.2297096252441406,-0.11928119510412216,0.31817826628685,0.022737212479114532,0.09426353126764297,-0.11519017815589905,0.9885993599891663,0,0,0,0,0,0,0,0,0,0,0,0,0,0
14.062974214553833,3.0,0.06517595797777176,-0.023943819105625153,-0.06401360034942627,0.019658446311950684,0.1692068725824356,-5.28973388671875,0.6626044511795044,1.1995978355407715,0.03,1.2297096252441406,-0.11928119510412216,0.31817826628685,0.022737212479114532,0.09426353126764297,-0.11519017815589905,0.9885993599891663,0,0,0,0,0,0,0,0,0,0,0,0,0,0
14.064274072647095,3.0,0.06517595797777176,-0.023943819105625153,-0.06401360034942627,0.019658446311950684,0.1692068725824356,-5.28973388671875,0.6626044511795044,1.1995978355407715,0.03,1.2297096252441406,-0.11928119510412216,0.31817826628685,0.022737212479114532,0.09426353126764297,-0.11519017815589905,0.9885993599891663,0,0,0,0,0,0,0,0,0,0,0,0,0,0
14.066031694412231,3.0,0.06517595797777176,-0.023943819105625153,-0.06401360034942627,0.019658446311950684,0.1692068725824356,-5.28973388671875,0.6626044511795044,1.1995978355407715,0.03,1.2297096252441406,-0.11928119510412216,0.31817826628685,0.022737212479114532,0.09426353126764297,-0.11519017815589905,0.9885993599891663,0,0,0,0,0,0,0,0,0,0,0,0,0,0
14.06718921661377,3.0,0.06517595797777176,-0.023943819105625153,-0.06401360034942627,0.019658446311950684,0.1692068725824356,-5.28973388671875,0.6626044511795044,1.1995978355407715,0.03,1.2297096252441406,-0.11928119510412216,0.31817826628685,0.022737212479114532,0.09426353126764297,-0.11519017815589905,0.9885993599891663,0,0,0,0,0,0,0,0,0,0,0,0,0,0
14.068311929702759,3.0,0.06517595797777176,-0.023943819105625153,-0.06401360034942627,0.019658446311950684,0.1692068725824356,-5.28973388671875,0.6626044511795044,1.1995978355407715,0.03,1.2297096252441406,-0.11928119510412216,0.31817826628685,0.022737212479114532,0.09426353126764297,-0.11519017815589905,0.9885993599891663,0,0,0,0,0,0,0,0,0,0,0,0,0,0
14.070069313049316,3.0,0.06517595797777176,-0.023943819105625153,-0.06401360034942627,0.019658446311950684,0.1692068725824356,-5.28973388671875,0.6626044511795044,1.1995978355407715,0.03,1.2297096252441406,-0.11928119510412216,0.31817826628685,0.022737212479114532,0.09426353126764297,-0.11519017815589905,0.9885993599891663,0,0,0,0,0,0,0,0,0,0,0,0,0,0
14.07116413116455,3.0,0.06517595797777176,-0.023943819105625153,-0.06401360034942627,0.019658446311950684,0.1692068725824356,-5.28973388671875,0.6626044511795044,1.1995978355407715,0.03,1.2297096252441406,-0.11928119510412216,0.31817826628685,0.022737212479114532,0.09426353126764297,-0.11519017815589905,0.9885993599891663,0,0,0,0,0,0,0,0,0,0,0,0,0,0
14.07307243347168,3.0,0.06517595797777176,-0.023943819105625153,-0.06401360034942627,0.019658446311950684,0.1692068725824356,-5.28973388671875,0.6626044511795044,1.1995978355407715,0.03,1.2297096252441406,-0.11928119510412216,0.31817826628685,0.022737212479114532,0.09426353126764297,-0.11519017815589905,0.9885993599891663,0,0,0,0,0,0,0,0,0,0,0,0,0,0
14.075772523880005,3.0,0.06517595797777176,-0.023943819105625153,-0.06401360034942627,0.019658446311950684,0.1692068725824356,-5.28973388671875,0.6626044511795044,1.1995978355407715,0.03,1.2297096252441406,-0.11928119510412216,0.31817826628685,0.022737212479114532,0.09426353126764297,-0.11519017815589905,0.9885993599891663,0,0,0,0,0,0,0,0,0,0,0,0,0,0
14.077800035476685,3.0,0.06517595797777176,-0.023943819105625153,-0.06401360034942627,0.019658446311950684,0.1692068725824356,-5.28973388671875,0.6626044511795044,1.1995978355407715,0.03,1.2297096252441406,-0.11928119510412216,0.31817826628685,0.022737212479114532,0.09426353126764297,-0.11519017815589905,0.9885993599891663,0,0,0,0,0,0,0,0,0,0,0,0,0,0
14.079132795333862,3.0,0.06482752412557602,-0.020566701889038086,-0.06373763084411621,0.016414642333984375,0.2256511151790619,-5.941886901855469,0.6414340138435364,1.8501042127609253,0.03,1.2297096252441406,-0.11928119510412216,0.31817826628685,0.022737212479114532,0.09426353126764297,-0.11519017815589905,0.9885993599891663,0,0,0,0,0,0,0,0,0,0,0,0,0,0
14.081183671951294,3.0,0.0641564428806305,-0.011815905570983887,-0.0632634162902832,0.008242368698120117,-0.10318432748317719,-5.82711935043335,0.5122425556182861,2.1295831203460693,0.03,1.2298059463500977,-0.11934986710548401,0.31854739785194397,0.024722695350646973,0.09268215298652649,-0.1008981317281723,0.9902617931365967,0,0,0,0,0,0,0,0,0,0,0,0,0,0
14.082545518875122,3.0,0.0641564428806305,-0.011815905570983887,-0.0632634162902832,0.008242368698120117,-0.10318432748317719,-5.82711935043335,0.5122425556182861,2.1295831203460693,0.03,1.2298059463500977,-0.11934986710548401,0.31854739785194397,0.024722695350646973,0.09268215298652649,-0.1008981317281723,0.9902617931365967,0,0,0,0,0,0,0,0,0,0,0,0,0,0
14.083833694458008,3.0,0.0641564428806305,-0.011815905570983887,-0.0632634162902832,0.008242368698120117,-0.10318432748317719,-5.82711935043335,0.5122425556182861,2.1295831203460693,0.03,1.2298059463500977,-0.11934986710548401,0.31854739785194397,0.024722695350646973,0.09268215298652649,-0.1008981317281723,0.9902617931365967,0,0,0,0,0,0,0,0,0,0,0,0,0,0
14.086095333099365,3.0,0.0641564428806305,-0.011815905570983887,-0.0632634162902832,0.008242368698120117,-0.10318432748317719,-5.82711935043335,0.5122425556182861,2.1295831203460693,0.03,1.2298059463500977,-0.11934986710548401,0.31854739785194397,0.024722695350646973,0.09268215298652649,-0.1008981317281723,0.9902617931365967,0,0,0,0,0,0,0,0,0,0,0,0,0,0
14.087253093719482,3.0,0.0641564428806305,-0.011815905570983887,-0.0632634162902832,0.008242368698120117,-0.10318432748317719,-5.82711935043335,0.5122425556182861,2.1295831203460693,0.03,1.2298059463500977,-0.11934986710548401,0.31854739785194397,0.024722695350646973,0.09268215298652649,-0.1008981317281723,0.9902617931365967,0,0,0,0,0,0,0,0,0,0,0,0,0,0
14.088427305221558,3.0,0.0641564428806305,-0.011815905570983887,-0.0632634162902832,0.008242368698120117,-0.10318432748317719,-5.82711935043335,0.5122425556182861,2.1295831203460693,0.03,1.2298059463500977,-0.11934986710548401,0.31854739785194397,0.024722695350646973,0.09268215298652649,-0.1008981317281723,0.9902617931365967,0,0,0,0,0,0,0,0,0,0,0,0,0,0
14.08980393409729,3.0,0.0641564428806305,-0.011815905570983887,-0.0632634162902832,0.008242368698120117,-0.10318432748317719,-5.82711935043335,0.5122425556182861,2.1295831203460693,0.03,1.2298059463500977,-0.11934986710548401,0.31854739785194397,0.024722695350646973,0.09268215298652649,-0.1008981317281723,0.9902617931365967,0,0,0,0,0,0,0,0,0,0,0,0,0,0
14.090912580490112,3.0,0.0641564428806305,-0.011815905570983887,-0.0632634162902832,0.008242368698120117,-0.10318432748317719,-5.82711935043335,0.5122425556182861,2.1295831203460693,0.03,1.2298059463500977,-0.11934986710548401,0.31854739785194397,0.024722695350646973,0.09268215298652649,-0.1008981317281723,0.9902617931365967,0,0,0,0,0,0,0,0,0,0,0,0,0,0
14.092133045196533,3.0,0.0641564428806305,-0.011815905570983887,-0.0632634162902832,0.008242368698120117,-0.10318432748317719,-5.82711935043335,0.5122425556182861,2.1295831203460693,0.03,1.2298059463500977,-0.11934986710548401,0.31854739785194397,0.024722695350646973,0.09268215298652649,-0.1008981317281723,0.9902617931365967,0,0,0,0,0,0,0,0,0,0,0,0,0,0
14.094193696975708,3.0,0.06387105584144592,-0.001368798315525055,-0.06302869319915771,-0.0020632147789001465,-0.3493964374065399,-6.168911933898926,0.32063791155815125,2.4447145462036133,0.03,1.2298686504364014,-0.119510717689991,0.31869766116142273,0.023896705359220505,0.09101218730211258,-0.09619823098182678,0.9909044504165649,0,0,0,0,0,0,0,0,0,0,0,0,0,0
14.095529079437256,3.0,0.06377626955509186,-0.0007141903042793274,-0.06302779912948608,-0.002763092517852783,-0.48966941237449646,-6.25320291519165,0.2796808183193207,2.4123780727386475,0.03,1.2298686504364014,-0.119510717689991,0.31869766116142273,0.023896705359220505,0.09101218730211258,-0.09619823098182678,0.9909044504165649,0,0,0,0,0,0,0,0,0,0,0,0,0,0
14.097076892852783,3.0,0.06371525675058365,0.002473577857017517,-0.06302165985107422,-0.0061599016189575195,-0.5599658489227295,-6.551724910736084,0.22056268155574799,2.4880285263061523,0.03,1.2298686504364014,-0.119510717689991,0.31869766116142273,0.023896705359220505,0.09101218730211258,-0.09619823098182678,0.9909044504165649,0,0,0,0,0,0,0,0,0,0,0,0,0,0
14.098313808441162,3.0,0.06369265913963318,0.007336065173149109,-0.06311458349227905,-0.011891543865203857,-0.7691733241081238,-7.319638729095459,0.10668106377124786,2.09297776222229,0.03,1.22982656955719,-0.11955485492944717,0.3188321888446808,0.022012613713741302,0.08952859044075012,-0.09992890805006027,0.9907140731811523,0,0,0,0,0,0,0,0,0,0,0,0,0,0
14.099425554275513,3.0,0.06372465193271637,0.010666444897651672,-0.06315594911575317,-0.015164494514465332,-0.8777809739112854,-7.774312973022461,-0.0520348846912384,2.7015843391418457,0.03,1.22982656955719,-0.11955485492944717,0.3188321888446808,0.022012613713741302,0.08952859044075012,-0.09992890805006027,0.9907140731811523,0,0,0,0,0,0,0,0,0,0,0,0,0,0
14.101085186004639,3.0,0.06372465193271637,0.010666444897651672,-0.06315594911575317,-0.015164494514465332,-0.8777809739112854,-7.774312973022461,-0.0520348846912384,2.7015843391418457,0.03,1.22982656955719,-0.11955485492944717,0.3188321888446808,0.022012613713741302,0.08952859044075012,-0.09992890805006027,0.9907140731811523,0,0,0,0,0,0,0,0,0,0,0,0,0,0
14.102216720581055,3.0,0.06372465193271637,0.010666444897651672,-0.06315594911575317,-0.015164494514465332,-0.8777809739112854,-7.774312973022461,-0.0520348846912384,2.7015843391418457,0.03,1.22982656955719,-0.11955485492944717,0.3188321888446808,0.022012613713741302,0.08952859044075012,-0.09992890805006027,0.9907140731811523,0,0,0,0,0,0,0,0,0,0,0,0,0,0
14.103423118591309,3.0,0.06372465193271637,0.010666444897651672,-0.06315594911575317,-0.015164494514465332,-0.8777809739112854,-7.774312973022461,-0.0520348846912384,2.7015843391418457,0.03,1.22982656955719,-0.11955485492944717,0.3188321888446808,0.022012613713741302,0.08952859044075012,-0.09992890805006027,0.9907140731811523,0,0,0,0,0,0,0,0,0,0,0,0,0,0
14.104612350463867,3.0,0.06372465193271637,0.010666444897651672,-0.06315594911575317,-0.015164494514465332,-0.8777809739112854,-7.774312973022461,-0.0520348846912384,2.7015843391418457,0.03,1.22982656955719,-0.11955485492944717,0.3188321888446808,0.022012613713741302,0.08952859044075012,-0.09992890805006027,0.9907140731811523,0,0,0,0,0,0,0,0,0,0,0,0,0,0
14.105879783630371,3.0,0.06372465193271637,0.010666444897651672,-0.06315594911575317,-0.015164494514465332,-0.8777809739112854,-7.774312973022461,-0.0520348846912384,2.7015843391418457,0.03,1.22982656955719,-0.11955485492944717,0.3188321888446808,0.022012613713741302,0.08952859044075012,-0.09992890805006027,0.9907140731811523,0,0,0,0,0,0,0,0,0,0,0,0,0,0
14.107076406478882,3.0,0.06372465193271637,0.010666444897651672,-0.06315594911575317,-0.015164494514465332,-0.8777809739112854,-7.774312973022461,-0.0520348846912384,2.7015843391418457,0.03,1.22982656955719,-0.11955485492944717,0.3188321888446808,0.022012613713741302,0.08952859044075012,-0.09992890805006027,0.9907140731811523,0,0,0,0,0,0,0,0,0,0,0,0,0,0
14.10823106765747,3.0,0.06372465193271637,0.010666444897651672,-0.06315594911575317,-0.015164494514465332,-0.8777809739112854,-7.774312973022461,-0.0520348846912384,2.7015843391418457,0.03,1.22982656955719,-0.11955485492944717,0.3188321888446808,0.022012613713741302,0.08952859044075012,-0.09992890805006027,0.9907140731811523,0,0,0,0,0,0,0,0,0,0,0,0,0,0
14.110105037689209,3.0,0.06382739543914795,0.01549944281578064,-0.06346601247787476,-0.021256864070892334,-1.1740295886993408,-9.505936622619629,-0.12851199507713318,3.2499639987945557,0.03,1.229705810546875,-0.11981207877397537,0.31900453567504883,0.020198559388518333,0.08665405958890915,-0.1118878498673439,0.9897293448448181,0,0,0,0,0,0,0,0,0,0,0,0,0,0
14.111926555633545,3.0,0.06382739543914795,0.01549944281578064,-0.06346601247787476,-0.021256864070892334,-1.1740295886993408,-9.505936622619629,-0.12851199507713318,3.2499639987945557,0.03,1.229705810546875,-0.11981207877397537,0.31900453567504883,0.020198559388518333,0.08665405958890915,-0.1118878498673439,0.9897293448448181,0,0,0,0,0,0,0,0,0,0,0,0,0,0
14.113637924194336,3.0,0.06382739543914795,0.01549944281578064,-0.06346601247787476,-0.021256864070892334,-1.1740295886993408,-9.505936622619629,-0.12851199507713318,3.2499639987945557,0.03,1.229705810546875,-0.11981207877397537,0.31900453567504883,0.020198559388518333,0.08665405958890915,-0.1118878498673439,0.9897293448448181,0,0,0,0,0,0,0,0,0,0,0,0,0,0
14.116462707519531,3.0,0.06382739543914795,0.01549944281578064,-0.06346601247787476,-0.021256864070892334,-1.1740295886993408,-9.505936622619629,-0.12851199507713318,3.2499639987945557,0.03,1.229705810546875,-0.11981207877397537,0.31900453567504883,0.020198559388518333,0.08665405958890915,-0.1118878498673439,0.9897293448448181,0,0,0,0,0,0,0,0,0,0,0,0,0,0
14.117617845535278,3.0,0.06382739543914795,0.01549944281578064,-0.06346601247787476,-0.021256864070892334,-1.1740295886993408,-9.505936622619629,-0.12851199507713318,3.2499639987945557,0.03,1.229705810546875,-0.11981207877397537,0.31900453567504883,0.020198559388518333,0.08665405958890915,-0.1118878498673439,0.9897293448448181,0,0,0,0,0,0,0,0,0,0,0,0,0,0
14.11892557144165,3.0,0.06382739543914795,0.01549944281578064,-0.06346601247787476,-0.021256864070892334,-1.1740295886993408,-9.505936622619629,-0.12851199507713318,3.2499639987945557,0.03,1.229705810546875,-0.11981207877397537,0.31900453567504883,0.020198559388518333,0.08665405958890915,-0.1118878498673439,0.9897293448448181,0,0,0,0,0,0,0,0,0,0,0,0,0,0
14.12009859085083,3.0,0.06382739543914795,0.01549944281578064,-0.06346601247787476,-0.021256864070892334,-1.1740295886993408,-9.505936622619629,-0.12851199507713318,3.2499639987945557,0.03,1.229705810546875,-0.11981207877397537,0.31900453567504883,0.020198559388518333,0.08665405958890915,-0.1118878498673439,0.9897293448448181,0,0,0,0,0,0,0,0,0,0,0,0,0,0
14.12193751335144,3.0,0.06382739543914795,0.01549944281578064,-0.06346601247787476,-0.021256864070892334,-1.1740295886993408,-9.505936622619629,-0.12851199507713318,3.2499639987945557,0.03,1.229705810546875,-0.11981207877397537,0.31900453567504883,0.020198559388518333,0.08665405958890915,-0.1118878498673439,0.9897293448448181,0,0,0,0,0,0,0,0,0,0,0,0,0,0
14.123042106628418,3.0,0.06382739543914795,0.01549944281578064,-0.06346601247787476,-0.021256864070892334,-1.1740295886993408,-9.505936622619629,-0.12851199507713318,3.2499639987945557,0.03,1.229705810546875,-0.11981207877397537,0.31900453567504883,0.020198559388518333,0.08665405958890915,-0.1118878498673439,0.9897293448448181,0,0,0,0,0,0,0,0,0,0,0,0,0,0
14.124127864837646,3.0,0.06382739543914795,0.01549944281578064,-0.06346601247787476,-0.021256864070892334,-1.1740295886993408,-9.505936622619629,-0.12851199507713318,3.2499639987945557,0.03,1.229705810546875,-0.11981207877397537,0.31900453567504883,0.020198559388518333,0.08665405958890915,-0.1118878498673439,0.9897293448448181,0,0,0,0,0,0,0,0,0,0,0,0,0,0
14.12760043144226,3.0,0.06382739543914795,0.01549944281578064,-0.06346601247787476,-0.021256864070892334,-1.1740295886993408,-9.505936622619629,-0.12851199507713318,3.2499639987945557,0.03,1.229705810546875,-0.11981207877397537,0.31900453567504883,0.020198559388518333,0.08665405958890915,-0.1118878498673439,0.9897293448448181,0,0,0,0,0,0,0,0,0,0,0,0,0,0
14.12985348701477,3.0,0.06382739543914795,0.01549944281578064,-0.06346601247787476,-0.021256864070892334,-1.1740295886993408,-9.505936622619629,-0.12851199507713318,3.2499639987945557,0.03,1.229705810546875,-0.11981207877397537,0.31900453567504883,0.020198559388518333,0.08665405958890915,-0.1118878498673439,0.9897293448448181,0,0,0,0,0,0,0,0,0,0,0,0,0,0
14.131134271621704,3.0,0.06382739543914795,0.01549944281578064,-0.06346601247787476,-0.021256864070892334,-1.1740295886993408,-9.505936622619629,-0.12851199507713318,3.2499639987945557,0.03,1.229705810546875,-0.11981207877397537,0.31900453567504883,0.020198559388518333,0.08665405958890915,-0.1118878498673439,0.9897293448448181,0,0,0,0,0,0,0,0,0,0,0,0,0,0
14.134819984436035,3.0,0.06386510282754898,0.018452167510986328,-0.06358647346496582,-0.025037765502929688,-1.4880263805389404,-10.277563095092773,-0.3830123543739319,3.2707087993621826,0.03,1.2297186851501465,-0.11984927952289581,0.31911489367485046,0.0208665132522583,0.08432677388191223,-0.11249152570962906,0.9898480772972107,0,0,0,0,0,0,0,0,0,0,0,0,0,0
14.136331558227539,3.0,0.06386510282754898,0.018452167510986328,-0.06358647346496582,-0.025037765502929688,-1.4880263805389404,-10.277563095092773,-0.3830123543739319,3.2707087993621826,0.03,1.2297186851501465,-0.11984927952289581,0.31911489367485046,0.0208665132522583,0.08432677388191223,-0.11249152570962906,0.9898480772972107,0,0,0,0,0,0,0,0,0,0,0,0,0,0
14.137552976608276,3.0,0.06390444189310074,0.020554319024086,-0.06370317935943604,-0.02753680944442749,-1.728994369506836,-11.080479621887207,-0.5525475740432739,3.7917654514312744,0.03,1.2296414375305176,-0.11979547142982483,0.31949934363365173,0.019436653703451157,0.08086815476417542,-0.10899266600608826,0.9905570149421692,0,0,0,0,0,0,0,0,0,0,0,0,0,0
14.1388099193573,3.0,0.06390444189310074,0.020554319024086,-0.06370317935943604,-0.02753680944442749,-1.728994369506836,-11.080479621887207,-0.5525475740432739,3.7917654514312744,0.03,1.2296414375305176,-0.11979547142982483,0.31949934363365173,0.019436653703451157,0.08086815476417542,-0.10899266600608826,0.9905570149421692,0,0,0,0,0,0,0,0,0,0,0,0,0,0
14.139957189559937,3.0,0.06390444189310074,0.020554319024086,-0.06370317935943604,-0.02753680944442749,-1.728994369506836,-11.080479621887207,-0.5525475740432739,3.7917654514312744,0.03,1.2296414375305176,-0.11979547142982483,0.31949934363365173,0.019436653703451157,0.08086815476417542,-0.10899266600608826,0.9905570149421692,0,0,0,0,0,0,0,0,0,0,0,0,0,0
14.14124345779419,3.0,0.06390444189310074,0.020554319024086,-0.06370317935943604,-0.02753680944442749,-1.728994369506836,-11.080479621887207,-0.5525475740432739,3.7917654514312744,0.03,1.2296414375305176,-0.11979547142982483,0.31949934363365173,0.019436653703451157,0.08086815476417542,-0.10899266600608826,0.9905570149421692,0,0,0,0,0,0,0,0,0,0,0,0,0,0
14.144639492034912,3.0,0.06390444189310074,0.020554319024086,-0.06370317935943604,-0.02753680944442749,-1.728994369506836,-11.080479621887207,-0.5525475740432739,3.7917654514312744,0.03,1.2296414375305176,-0.11979547142982483,0.31949934363365173,0.019436653703451157,0.08086815476417542,-0.10899266600608826,0.9905570149421692,0,0,0,0,0,0,0,0,0,0,0,0,0,0
14.14601182937622,3.0,0.06397393345832825,0.02320563793182373,-0.06397098302841187,-0.030866146087646484,-1.9717167615890503,-11.565608024597168,-0.5971325635910034,3.5460915565490723,0.03,1.2296414375305176,-0.11979547142982483,0.31949934363365173,0.019436653703451157,0.08086815476417542,-0.10899266600608826,0.9905570149421692,0,0,0,0,0,0,0,0,0,0,0,0,0,0
14.14726710319519,3.0,0.06397393345832825,0.02320563793182373,-0.06397098302841187,-0.030866146087646484,-1.9717167615890503,-11.565608024597168,-0.5971325635910034,3.5460915565490723,0.03,1.2296414375305176,-0.11979547142982483,0.31949934363365173,0.019436653703451157,0.08086815476417542,-0.10899266600608826,0.9905570149421692,0,0,0,0,0,0,0,0,0,0,0,0,0,0
14.148654222488403,3.0,0.06397393345832825,0.02320563793182373,-0.06397098302841187,-0.030866146087646484,-1.9717167615890503,-11.565608024597168,-0.5971325635910034,3.5460915565490723,0.03,1.2296414375305176,-0.11979547142982483,0.31949934363365173,0.019436653703451157,0.08086815476417542,-0.10899266600608826,0.9905570149421692,0,0,0,0,0,0,0,0,0,0,0,0,0,0
14.15108871459961,3.0,0.06447385251522064,0.04048320651054382,-0.06610971689224243,-0.04876506328582764,-4.142090320587158,-12.580248832702637,-1.2201374769210815,4.230024337768555,0.03,1.2296658754348755,-0.12003529816865921,0.3200596570968628,0.01447877287864685,0.07747764140367508,-0.12331008166074753,0.9892331957817078,0,0,0,0,0,0,0,0,0,0,0,0,0,0
14.152640104293823,3.0,0.06447385251522064,0.04048320651054382,-0.06610971689224243,-0.04876506328582764,-4.142090320587158,-12.580248832702637,-1.2201374769210815,4.230024337768555,0.03,1.2296658754348755,-0.12003529816865921,0.3200596570968628,0.01447877287864685,0.07747764140367508,-0.12331008166074753,0.9892331957817078,0,0,0,0,0,0,0,0,0,0,0,0,0,0
14.153834342956543,3.0,0.06447385251522064,0.04048320651054382,-0.06610971689224243,-0.04876506328582764,-4.142090320587158,-12.580248832702637,-1.2201374769210815,4.230024337768555,0.03,1.2296658754348755,-0.12003529816865921,0.3200596570968628,0.01447877287864685,0.07747764140367508,-0.12331008166074753,0.9892331957817078,0,0,0,0,0,0,0,0,0,0,0,0,0,0
14.155142307281494,3.0,0.06447385251522064,0.04048320651054382,-0.06610971689224243,-0.04876506328582764,-4.142090320587158,-12.580248832702637,-1.2201374769210815,4.230024337768555,0.03,1.2296658754348755,-0.12003529816865921,0.3200596570968628,0.01447877287864685,0.07747764140367508,-0.12331008166074753,0.9892331957817078,0,0,0,0,0,0,0,0,0,0,0,0,0,0
14.156216621398926,3.0,0.06447385251522064,0.04048320651054382,-0.06610971689224243,-0.04876506328582764,-4.142090320587158,-12.580248832702637,-1.2201374769210815,4.230024337768555,0.03,1.2296658754348755,-0.12003529816865921,0.3200596570968628,0.01447877287864685,0.07747764140367508,-0.12331008166074753,0.9892331957817078,0,0,0,0,0,0,0,0,0,0,0,0,0,0
14.157331466674805,3.0,0.06447385251522064,0.04048320651054382,-0.06610971689224243,-0.04876506328582764,-4.142090320587158,-12.580248832702637,-1.2201374769210815,4.230024337768555,0.03,1.2296658754348755,-0.12003529816865921,0.3200596570968628,0.01447877287864685,0.07747764140367508,-0.12331008166074753,0.9892331957817078,0,0,0,0,0,0,0,0,0,0,0,0,0,0
14.158557891845703,3.0,0.06447385251522064,0.04048320651054382,-0.06610971689224243,-0.04876506328582764,-4.142090320587158,-12.580248832702637,-1.2201374769210815,4.230024337768555,0.03,1.2296658754348755,-0.12003529816865921,0.3200596570968628,0.01447877287864685,0.07747764140367508,-0.12331008166074753,0.9892331957817078,0,0,0,0,0,0,0,0,0,0,0,0,0,0
14.159616947174072,3.0,0.06447385251522064,0.04048320651054382,-0.06610971689224243,-0.04876506328582764,-4.142090320587158,-12.580248832702637,-1.2201374769210815,4.230024337768555,0.03,1.2296658754348755,-0.12003529816865921,0.3200596570968628,0.01447877287864685,0.07747764140367508,-0.12331008166074753,0.9892331957817078,0,0,0,0,0,0,0,0,0,0,0,0,0,0
14.160696744918823,3.0,0.06447385251522064,0.04048320651054382,-0.06610971689224243,-0.04876506328582764,-4.142090320587158,-12.580248832702637,-1.2201374769210815,4.230024337768555,0.03,1.2296658754348755,-0.12003529816865921,0.3200596570968628,0.01447877287864685,0.07747764140367508,-0.12331008166074753,0.9892331957817078,0,0,0,0,0,0,0,0,0,0,0,0,0,0
14.16178560256958,3.0,0.06447385251522064,0.04048320651054382,-0.06610971689224243,-0.04876506328582764,-4.142090320587158,-12.580248832702637,-1.2201374769210815,4.230024337768555,0.03,1.2296658754348755,-0.12003529816865921,0.3200596570968628,0.01447877287864685,0.07747764140367508,-0.12331008166074753,0.9892331957817078,0,0,0,0,0,0,0,0,0,0,0,0,0,0
14.162869453430176,3.0,0.06447385251522064,0.04048320651054382,-0.06610971689224243,-0.04876506328582764,-4.142090320587158,-12.580248832702637,-1.2201374769210815,4.230024337768555,0.03,1.2296658754348755,-0.12003529816865921,0.3200596570968628,0.01447877287864685,0.07747764140367508,-0.12331008166074753,0.9892331957817078,0,0,0,0,0,0,0,0,0,0,0,0,0,0
14.164534330368042,3.0,0.06447385251522064,0.04048320651054382,-0.06610971689224243,-0.04876506328582764,-4.142090320587158,-12.580248832702637,-1.2201374769210815,4.230024337768555,0.03,1.2296658754348755,-0.12003529816865921,0.3200596570968628,0.01447877287864685,0.07747764140367508,-0.12331008166074753,0.9892331957817078,0,0,0,0,0,0,0,0,0,0,0,0,0,0
14.165886640548706,3.0,0.06447385251522064,0.04048320651054382,-0.06610971689224243,-0.04876506328582764,-4.142090320587158,-12.580248832702637,-1.2201374769210815,4.230024337768555,0.03,1.2296658754348755,-0.12003529816865921,0.3200596570968628,0.01447877287864685,0.07747764140367508,-0.12331008166074753,0.9892331957817078,0,0,0,0,0,0,0,0,0,0,0,0,0,0
14.166976690292358,3.0,0.06447385251522064,0.04048320651054382,-0.06610971689224243,-0.04876506328582764,-4.142090320587158,-12.580248832702637,-1.2201374769210815,4.230024337768555,0.03,1.2296658754348755,-0.12003529816865921,0.3200596570968628,0.01447877287864685,0.07747764140367508,-0.12331008166074753,0.9892331957817078,0,0,0,0,0,0,0,0,0,0,0,0,0,0
14.168514490127563,3.0,0.06447385251522064,0.04048320651054382,-0.06610971689224243,-0.04876506328582764,-4.142090320587158,-12.580248832702637,-1.2201374769210815,4.230024337768555,0.03,1.2296658754348755,-0.12003529816865921,0.3200596570968628,0.01447877287864685,0.07747764140367508,-0.12331008166074753,0.9892331957817078,0,0,0,0,0,0,0,0,0,0,0,0,0,0
14.17048716545105,3.0,0.06447385251522064,0.04048320651054382,-0.06610971689224243,-0.04876506328582764,-4.142090320587158,-12.580248832702637,-1.2201374769210815,4.230024337768555,0.03,1.2296658754348755,-0.12003529816865921,0.3200596570968628,0.01447877287864685,0.07747764140367508,-0.12331008166074753,0.9892331957817078,0,0,0,0,0,0,0,0,0,0,0,0,0,0
14.171908140182495,3.0,0.06447385251522064,0.04048320651054382,-0.06610971689224243,-0.04876506328582764,-4.142090320587158,-12.580248832702637,-1.2201374769210815,4.230024337768555,0.03,1.2296658754348755,-0.12003529816865921,0.3200596570968628,0.01447877287864685,0.07747764140367508,-0.12331008166074753,0.9892331957817078,0,0,0,0,0,0,0,0,0,0,0,0,0,0
14.17313551902771,3.0,0.06447385251522064,0.04048320651054382,-0.06610971689224243,-0.04876506328582764,-4.142090320587158,-12.580248832702637,-1.2201374769210815,4.230024337768555,0.03,1.2296658754348755,-0.12003529816865921,0.3200596570968628,0.01447877287864685,0.07747764140367508,-0.12331008166074753,0.9892331957817078,0,0,0,0,0,0,0,0,0,0,0,0,0,0
14.174912214279175,3.0,0.06447385251522064,0.04048320651054382,-0.06610971689224243,-0.04876506328582764,-4.142090320587158,-12.580248832702637,-1.2201374769210815,4.230024337768555,0.03,1.2296658754348755,-0.12003529816865921,0.3200596570968628,0.01447877287864685,0.07747764140367508,-0.12331008166074753,0.9892331957817078,0,0,0,0,0,0,0,0,0,0,0,0,0,0
14.176148176193237,3.0,0.06447385251522064,0.04048320651054382,-0.06610971689224243,-0.04876506328582764,-4.142090320587158,-12.580248832702637,-1.2201374769210815,4.230024337768555,0.03,1.2296658754348755,-0.12003529816865921,0.3200596570968628,0.01447877287864685,0.07747764140367508,-0.12331008166074753,0.9892331957817078,0,0,0,0,0,0,0,0,0,0,0,0,0,0
14.177298784255981,3.0,0.06447385251522064,0.04048320651054382,-0.06610971689224243,-0.04876506328582764,-4.142090320587158,-12.580248832702637,-1.2201374769210815,4.230024337768555,0.03,1.2296658754348755,-0.12003529816865921,0.3200596570968628,0.01447877287864685,0.07747764140367508,-0.12331008166074753,0.9892331957817078,0,0,0,0,0,0,0,0,0,0,0,0,0,0
14.1790132522583,3.0,0.06447385251522064,0.04048320651054382,-0.06610971689224243,-0.04876506328582764,-4.142090320587158,-12.580248832702637,-1.2201374769210815,4.230024337768555,0.03,1.2296658754348755,-0.12003529816865921,0.3200596570968628,0.01447877287864685,0.07747764140367508,-0.12331008166074753,0.9892331957817078,0,0,0,0,0,0,0,0,0,0,0,0,0,0
14.180598974227905,3.0,0.06447385251522064,0.04048320651054382,-0.06610971689224243,-0.04876506328582764,-4.142090320587158,-12.580248832702637,-1.2201374769210815,4.230024337768555,0.03,1.2296658754348755,-0.12003529816865921,0.3200596570968628,0.01447877287864685,0.07747764140367508,-0.12331008166074753,0.9892331957817078,0,0,0,0,0,0,0,0,0,0,0,0,0,0
14.18190312385559,3.0,0.06447385251522064,0.04048320651054382,-0.06610971689224243,-0.04876506328582764,-4.142090320587158,-12.580248832702637,-1.2201374769210815,4.230024337768555,0.03,1.2296658754348755,-0.12003529816865921,0.3200596570968628,0.01447877287864685,0.07747764140367508,-0.12331008166074753,0.9892331957817078,0,0,0,0,0,0,0,0,0,0,0,0,0,0
14.183100700378418,3.0,0.06447385251522064,0.04048320651054382,-0.06610971689224243,-0.04876506328582764,-4.142090320587158,-12.580248832702637,-1.2201374769210815,4.230024337768555,0.03,1.2296658754348755,-0.12003529816865921,0.3200596570968628,0.01447877287864685,0.07747764140367508,-0.12331008166074753,0.9892331957817078,0,0,0,0,0,0,0,0,0,0,0,0,0,0
14.186083555221558,3.0,0.06447385251522064,0.04048320651054382,-0.06610971689224243,-0.04876506328582764,-4.142090320587158,-12.580248832702637,-1.2201374769210815,4.230024337768555,0.03,1.2296658754348755,-0.12003529816865921,0.3200596570968628,0.01447877287864685,0.07747764140367508,-0.12331008166074753,0.9892331957817078,0,0,0,0,0,0,0,0,0,0,0,0,0,0
14.187203884124756,3.0,0.06447385251522064,0.04048320651054382,-0.06610971689224243,-0.04876506328582764,-4.142090320587158,-12.580248832702637,-1.2201374769210815,4.230024337768555,0.03,1.2296658754348755,-0.12003529816865921,0.3200596570968628,0.01447877287864685,0.07747764140367508,-0.12331008166074753,0.9892331957817078,0,0,0,0,0,0,0,0,0,0,0,0,0,0
14.188265085220337,3.0,0.06447385251522064,0.04048320651054382,-0.06610971689224243,-0.04876506328582764,-4.142090320587158,-12.580248832702637,-1.2201374769210815,4.230024337768555,0.03,1.2296658754348755,-0.12003529816865921,0.3200596570968628,0.01447877287864685,0.07747764140367508,-0.12331008166074753,0.9892331957817078,0,0,0,0,0,0,0,0,0,0,0,0,0,0
14.189348697662354,3.0,0.06447385251522064,0.04048320651054382,-0.06610971689224243,-0.04876506328582764,-4.142090320587158,-12.580248832702637,-1.2201374769210815,4.230024337768555,0.03,1.2296658754348755,-0.12003529816865921,0.3200596570968628,0.01447877287864685,0.07747764140367508,-0.12331008166074753,0.9892331957817078,0,0,0,0,0,0,0,0,0,0,0,0,0,0
14.190560340881348,3.0,0.06447385251522064,0.04048320651054382,-0.06610971689224243,-0.04876506328582764,-4.142090320587158,-12.580248832702637,-1.2201374769210815,4.230024337768555,0.03,1.2296658754348755,-0.12003529816865921,0.3200596570968628,0.01447877287864685,0.07747764140367508,-0.12331008166074753,0.9892331957817078,0,0,0,0,0,0,0,0,0,0,0,0,0,0
14.191648721694946,3.0,0.06447385251522064,0.04048320651054382,-0.06610971689224243,-0.04876506328582764,-4.142090320587158,-12.580248832702637,-1.2201374769210815,4.230024337768555,0.03,1.2296658754348755,-0.12003529816865921,0.3200596570968628,0.01447877287864685,0.07747764140367508,-0.12331008166074753,0.9892331957817078,0,0,0,0,0,0,0,0,0,0,0,0,0,0
14.192817449569702,3.0,0.06447385251522064,0.04048320651054382,-0.06610971689224243,-0.04876506328582764,-4.142090320587158,-12.580248832702637,-1.2201374769210815,4.230024337768555,0.03,1.2296658754348755,-0.12003529816865921,0.3200596570968628,0.01447877287864685,0.07747764140367508,-0.12331008166074753,0.9892331957817078,0,0,0,0,0,0,0,0,0,0,0,0,0,0
14.19420313835144,3.0,0.06447385251522064,0.04048320651054382,-0.06610971689224243,-0.04876506328582764,-4.142090320587158,-12.580248832702637,-1.2201374769210815,4.230024337768555,0.03,1.2296658754348755,-0.12003529816865921,0.3200596570968628,0.01447877287864685,0.07747764140367508,-0.12331008166074753,0.9892331957817078,0,0,0,0,0,0,0,0,0,0,0,0,0,0
14.198074340820312,3.0,0.06447385251522064,0.04048320651054382,-0.06610971689224243,-0.04876506328582764,-4.142090320587158,-12.580248832702637,-1.2201374769210815,4.230024337768555,0.03,1.2296658754348755,-0.12003529816865921,0.3200596570968628,0.01447877287864685,0.07747764140367508,-0.12331008166074753,0.9892331957817078,0,0,0,0,0,0,0,0,0,0,0,0,0,0
14.20000958442688,3.0,0.06458813697099686,0.043154701590538025,-0.0664864182472229,-0.05082571506500244,-4.6510443687438965,-12.942991256713867,-1.4768251180648804,5.318093776702881,0.03,1.2296658754348755,-0.12003529816865921,0.3200596570968628,0.01447877287864685,0.07747764140367508,-0.12331008166074753,0.9892331957817078,0,0,0,0,0,0,0,0,0,0,0,0,0,0
14.201504230499268,3.0,0.06515567004680634,0.04962703585624695,-0.06772157549858093,-0.056446373462677,-5.659726142883301,-14.07813549041748,-2.007017135620117,6.974610328674316,0.03,1.229124903678894,-0.12015001475811005,0.3215430974960327,0.011017016135156155,0.06617625802755356,-0.11432866752147675,0.9911752343177795,0,0,0,0,0,0,0,0,0,0,0,0,0,0
14.204164743423462,3.0,0.06664961576461792,0.05909918248653412,-0.06979528069496155,-0.06526583433151245,-7.163854598999023,-15.770317077636719,-3.0304858684539795,8.795186996459961,0.03,1.229124903678894,-0.12015001475811005,0.3215430974960327,0.011017016135156155,0.06617625802755356,-0.11432866752147675,0.9911752343177795,0,0,0,0,0,0,0,0,0,0,0,0,0,0
14.206003904342651,3.0,0.06664961576461792,0.05909918248653412,-0.06979528069496155,-0.06526583433151245,-7.163854598999023,-15.770317077636719,-3.0304858684539795,8.795186996459961,0.03,1.229124903678894,-0.12015001475811005,0.3215430974960327,0.011017016135156155,0.06617625802755356,-0.11432866752147675,0.9911752343177795,0,0,0,0,0,0,0,0,0,0,0,0,0,0
14.207911729812622,3.0,0.06664961576461792,0.05909918248653412,-0.06979528069496155,-0.06526583433151245,-7.163854598999023,-15.770317077636719,-3.0304858684539795,8.795186996459961,0.03,1.2287770509719849,-0.12031205743551254,0.321959525346756,0.012710659764707088,0.06310199201107025,-0.10835503786802292,0.9920260906219482,0,0,0,0,0,0,0,0,0,0,0,0,0,0
14.210187196731567,3.0,0.06675288081169128,0.059654876589775085,-0.07001852989196777,-0.06586557626724243,-7.494555950164795,-16.446422576904297,-3.3425235748291016,9.343878746032715,0.03,1.2281532287597656,-0.11986083537340164,0.32277724146842957,0.005822064355015755,0.058660075068473816,-0.1332070380449295,0.9893335700035095,0,0,0,0,0,0,0,0,0,0,0,0,0,0
14.213392496109009,4.0,0.06693577021360397,0.06762510538101196,-0.06975841522216797,-0.07302254438400269,-2.582467555999756,-15.33597469329834,-0.14822304248809814,8.938834190368652,0.03,1.2275338172912598,-0.11994572728872299,0.32344892621040344,0.0005100083071738482,0.05464104190468788,-0.15879639983177185,0.9857981204986572,0,0,0,0,0,0,0,0,0,0,0,0,0,0
14.214653491973877,4.0,0.06254732608795166,0.07014377415180206,-0.06417495012283325,-0.07508039474487305,2.7109336853027344,-13.564802169799805,4.988753795623779,7.482849597930908,0.03,1.2275338172912598,-0.11994572728872299,0.32344892621040344,0.0005100083071738482,0.05464104190468788,-0.15879639983177185,0.9857981204986572,0,0,0,0,0,0,0,0,0,0,0,0,0,0
14.216542720794678,4.0,0.05610961839556694,0.07307103276252747,-0.05560863018035889,-0.07722121477127075,8.28907299041748,-11.193303108215332,8.539605140686035,6.185401439666748,0.03,1.2275338172912598,-0.11994572728872299,0.32344892621040344,0.0005100083071738482,0.05464104190468788,-0.15879639983177185,0.9857981204986572,0,0,0,0,0,0,0,0,0,0,0,0,0,0
14.217880249023438,4.0,0.05610961839556694,0.07307103276252747,-0.05560863018035889,-0.07722121477127075,8.28907299041748,-11.193303108215332,8.539605140686035,6.185401439666748,0.03,1.2275338172912598,-0.11994572728872299,0.32344892621040344,0.0005100083071738482,0.05464104190468788,-0.15879639983177185,0.9857981204986572,0,0,0,0,0,0,0,0,0,0,0,0,0,0
14.219118356704712,4.0,0.052409205585718155,0.07360668480396271,-0.051471590995788574,-0.07781517505645752,7.809938907623291,-11.15098762512207,7.8654890060424805,5.502107620239258,0.03,1.227146863937378,-0.11967544257640839,0.32382699847221375,0.00558495381847024,0.05181210860610008,-0.11862954497337341,0.9915701746940613,0,0,0,0,0,0,0,0,0,0,0,0,0,0
14.220675945281982,4.0,0.04877122864127159,0.07473759353160858,-0.047425150871276855,-0.07887023687362671,7.873147010803223,-9.867181777954102,7.957474708557129,4.274306774139404,0.03,1.226894497871399,-0.11984661966562271,0.32437577843666077,0.00837851781398058,0.04960086569190025,-0.11909609287977219,0.9916076064109802,0,0,0,0,0,0,0,0,0,0,0,0,0,0
14.222468137741089,4.0,0.04877122864127159,0.07473759353160858,-0.047425150871276855,-0.07887023687362671,7.873147010803223,-9.867181777954102,7.957474708557129,4.274306774139404,0.03,1.226894497871399,-0.11984661966562271,0.32437577843666077,0.00837851781398058,0.04960086569190025,-0.11909609287977219,0.9916076064109802,0,0,0,0,0,0,0,0,0,0,0,0,0,0
14.223557472229004,4.0,0.04877122864127159,0.07473759353160858,-0.047425150871276855,-0.07887023687362671,7.873147010803223,-9.867181777954102,7.957474708557129,4.274306774139404,0.03,1.226894497871399,-0.11984661966562271,0.32437577843666077,0.00837851781398058,0.04960086569190025,-0.11909609287977219,0.9916076064109802,0,0,0,0,0,0,0,0,0,0,0,0,0,0
14.226187229156494,4.0,0.04877122864127159,0.07473759353160858,-0.047425150871276855,-0.07887023687362671,7.873147010803223,-9.867181777954102,7.957474708557129,4.274306774139404,0.03,1.226894497871399,-0.11984661966562271,0.32437577843666077,0.00837851781398058,0.04960086569190025,-0.11909609287977219,0.9916076064109802,0,0,0,0,0,0,0,0,0,0,0,0,0,0
14.228090286254883,4.0,0.04877122864127159,0.07473759353160858,-0.047425150871276855,-0.07887023687362671,7.873147010803223,-9.867181777954102,7.957474708557129,4.274306774139404,0.03,1.226894497871399,-0.11984661966562271,0.32437577843666077,0.00837851781398058,0.04960086569190025,-0.11909609287977219,0.9916076064109802,0,0,0,0,0,0,0,0,0,0,0,0,0,0
14.23030710220337,4.0,0.04877122864127159,0.07473759353160858,-0.047425150871276855,-0.07887023687362671,7.873147010803223,-9.867181777954102,7.957474708557129,4.274306774139404,0.03,1.226894497871399,-0.11984661966562271,0.32437577843666077,0.00837851781398058,0.04960086569190025,-0.11909609287977219,0.9916076064109802,0,0,0,0,0,0,0,0,0,0,0,0,0,0
14.232838153839111,4.0,0.04877122864127159,0.07473759353160858,-0.047425150871276855,-0.07887023687362671,7.873147010803223,-9.867181777954102,7.957474708557129,4.274306774139404,0.03,1.226894497871399,-0.11984661966562271,0.32437577843666077,0.00837851781398058,0.04960086569190025,-0.11909609287977219,0.9916076064109802,0,0,0,0,0,0,0,0,0,0,0,0,0,0
14.233935832977295,4.0,0.04877122864127159,0.07473759353160858,-0.047425150871276855,-0.07887023687362671,7.873147010803223,-9.867181777954102,7.957474708557129,4.274306774139404,0.03,1.226894497871399,-0.11984661966562271,0.32437577843666077,0.00837851781398058,0.04960086569190025,-0.11909609287977219,0.9916076064109802,0,0,0,0,0,0,0,0,0,0,0,0,0,0
14.235435485839844,4.0,0.04877122864127159,0.07473759353160858,-0.047425150871276855,-0.07887023687362671,7.873147010803223,-9.867181777954102,7.957474708557129,4.274306774139404,0.03,1.226894497871399,-0.11984661966562271,0.32437577843666077,0.00837851781398058,0.04960086569190025,-0.11909609287977219,0.9916076064109802,0,0,0,0,0,0,0,0,0,0,0,0,0,0
14.2369065284729,4.0,0.04877122864127159,0.07473759353160858,-0.047425150871276855,-0.07887023687362671,7.873147010803223,-9.867181777954102,7.957474708557129,4.274306774139404,0.03,1.226894497871399,-0.11984661966562271,0.32437577843666077,0.00837851781398058,0.04960086569190025,-0.11909609287977219,0.9916076064109802,0,0,0,0,0,0,0,0,0,0,0,0,0,0
14.238284349441528,4.0,0.04877122864127159,0.07473759353160858,-0.047425150871276855,-0.07887023687362671,7.873147010803223,-9.867181777954102,7.957474708557129,4.274306774139404,0.03,1.226894497871399,-0.11984661966562271,0.32437577843666077,0.00837851781398058,0.04960086569190025,-0.11909609287977219,0.9916076064109802,0,0,0,0,0,0,0,0,0,0,0,0,0,0
14.240491151809692,4.0,0.04877122864127159,0.07473759353160858,-0.047425150871276855,-0.07887023687362671,7.873147010803223,-9.867181777954102,7.957474708557129,4.274306774139404,0.03,1.226894497871399,-0.11984661966562271,0.32437577843666077,0.00837851781398058,0.04960086569190025,-0.11909609287977219,0.9916076064109802,0,0,0,0,0,0,0,0,0,0,0,0,0,0
14.241752624511719,4.0,0.0396498441696167,0.07716155052185059,-0.03722351789474487,-0.08081501722335815,7.453404903411865,-7.74462890625,6.564382553100586,2.689055919647217,0.03,1.2269575595855713,-0.11956119537353516,0.3253796100616455,0.012583031319081783,0.04613550752401352,-0.11159352213144302,0.9926027059555054,0,0,0,0,0,0,0,0,0,0,0,0,0,0
14.243302583694458,4.0,0.03170335292816162,0.07903079688549042,-0.02856653928756714,-0.08227026462554932,6.143287658691406,-6.055449485778809,4.4906110763549805,1.4367339611053467,0.03,1.2269575595855713,-0.11956119537353516,0.3253796100616455,0.012583031319081783,0.04613550752401352,-0.11159352213144302,0.9926027059555054,0,0,0,0,0,0,0,0,0,0,0,0,0,0
14.244552373886108,4.0,0.025746285915374756,0.0807543694972992,-0.02016812562942505,-0.08346116542816162,7.03713846206665,-5.054668426513672,2.6829028129577637,0.7276200652122498,0.03,1.2269575595855713,-0.11956119537353516,0.3253796100616455,0.012583031319081783,0.04613550752401352,-0.11159352213144302,0.9926027059555054,0,0,0,0,0,0,0,0,0,0,0,0,0,0
14.245689392089844,4.0,0.025746285915374756,0.0807543694972992,-0.02016812562942505,-0.08346116542816162,7.03713846206665,-5.054668426513672,2.6829028129577637,0.7276200652122498,0.03,1.2269575595855713,-0.11956119537353516,0.3253796100616455,0.012583031319081783,0.04613550752401352,-0.11159352213144302,0.9926027059555054,0,0,0,0,0,0,0,0,0,0,0,0,0,0
14.246780157089233,4.0,0.025746285915374756,0.0807543694972992,-0.02016812562942505,-0.08346116542816162,7.03713846206665,-5.054668426513672,2.6829028129577637,0.7276200652122498,0.03,1.2269575595855713,-0.11956119537353516,0.3253796100616455,0.012583031319081783,0.04613550752401352,-0.11159352213144302,0.9926027059555054,0,0,0,0,0,0,0,0,0,0,0,0,0,0
14.248109340667725,4.0,0.025746285915374756,0.0807543694972992,-0.02016812562942505,-0.08346116542816162,7.03713846206665,-5.054668426513672,2.6829028129577637,0.7276200652122498,0.03,1.2269575595855713,-0.11956119537353516,0.3253796100616455,0.012583031319081783,0.04613550752401352,-0.11159352213144302,0.9926027059555054,0,0,0,0,0,0,0,0,0,0,0,0,0,0
14.25216555595398,4.0,0.025746285915374756,0.0807543694972992,-0.02016812562942505,-0.08346116542816162,7.03713846206665,-5.054668426513672,2.6829028129577637,0.7276200652122498,0.03,1.2269575595855713,-0.11956119537353516,0.3253796100616455,0.012583031319081783,0.04613550752401352,-0.11159352213144302,0.9926027059555054,0,0,0,0,0,0,0,0,0,0,0,0,0,0
14.253413915634155,4.0,0.022582650184631348,0.08099322021007538,-0.01836836338043213,-0.08360964059829712,5.870256423950195,-4.739109039306641,3.3117079734802246,0.5979787111282349,0.03,1.2271794080734253,-0.1195342019200325,0.32555708289146423,0.01611008495092392,0.04394548758864403,-0.09437050670385361,0.9944362640380859,0,0,0,0,0,0,0,0,0,0,0,0,0,0
14.254673719406128,4.0,0.022582650184631348,0.08099322021007538,-0.01836836338043213,-0.08360964059829712,5.870256423950195,-4.739109039306641,3.3117079734802246,0.5979787111282349,0.03,1.2271794080734253,-0.1195342019200325,0.32555708289146423,0.01611008495092392,0.04394548758864403,-0.09437050670385361,0.9944362640380859,0,0,0,0,0,0,0,0,0,0,0,0,0,0
14.25844430923462,1.0,0.0022219419479370117,0.08455875515937805,0.0024303197860717773,-0.0845828652381897,-0.006068569608032703,2.833467721939087,-2.3487017154693604,-4.622024059295654,0.03,1.2276277542114258,-0.11963535100221634,0.3257664740085602,0.013033759780228138,0.04287446290254593,-0.11427570134401321,0.9924378991127014,0,0,0,0,0,0,0,0,0,0,0,0,0,0
14.259613037109375,1.0,0.001656651496887207,0.08374488353729248,0.0026911497116088867,-0.08324122428894043,0.350445955991745,3.4465086460113525,-1.9092761278152466,-4.912347793579102,0.03,1.2276277542114258,-0.11963535100221634,0.3257664740085602,0.013033759780228138,0.04287446290254593,-0.11427570134401321,0.9924378991127014,0,0,0,0,0,0,0,0,0,0,0,0,0,0
14.260674476623535,1.0,0.001656651496887207,0.08374488353729248,0.0026911497116088867,-0.08324122428894043,0.350445955991745,3.4465086460113525,-1.9092761278152466,-4.912347793579102,0.03,1.2276277542114258,-0.11963535100221634,0.3257664740085602,0.013033759780228138,0.04287446290254593,-0.11427570134401321,0.9924378991127014,0,0,0,0,0,0,0,0,0,0,0,0,0,0
14.261753559112549,1.0,0.001656651496887207,0.08374488353729248,0.0026911497116088867,-0.08324122428894043,0.350445955991745,3.4465086460113525,-1.9092761278152466,-4.912347793579102,0.03,1.2276277542114258,-0.11963535100221634,0.3257664740085602,0.013033759780228138,0.04287446290254593,-0.11427570134401321,0.9924378991127014,0,0,0,0,0,0,0,0,0,0,0,0,0,0
14.263123512268066,1.0,0.001713573932647705,0.08324708044528961,0.0024663805961608887,-0.0824347734451294,0.5709813237190247,4.30940580368042,-1.7209917306900024,-4.4735612869262695,0.03,1.2276277542114258,-0.11963535100221634,0.3257664740085602,0.013033759780228138,0.04287446290254593,-0.11427570134401321,0.9924378991127014,0,0,0,0,0,0,0,0,0,0,0,0,0,0
14.264308452606201,1.0,0.001713573932647705,0.08324708044528961,0.0024663805961608887,-0.0824347734451294,0.5709813237190247,4.30940580368042,-1.7209917306900024,-4.4735612869262695,0.03,1.2285548448562622,-0.12004905194044113,0.3257409632205963,0.015539884567260742,0.044916633516550064,-0.12406470626592636,0.9911352396011353,0,0,0,0,0,0,0,0,0,0,0,0,0,0
14.265394687652588,1.0,0.001713573932647705,0.08324708044528961,0.0024663805961608887,-0.0824347734451294,0.5709813237190247,4.30940580368042,-1.7209917306900024,-4.4735612869262695,0.03,1.2285548448562622,-0.12004905194044113,0.3257409632205963,0.015539884567260742,0.044916633516550064,-0.12406470626592636,0.9911352396011353,0,0,0,0,0,0,0,0,0,0,0,0,0,0
14.26645827293396,1.0,0.001713573932647705,0.08324708044528961,0.0024663805961608887,-0.0824347734451294,0.5709813237190247,4.30940580368042,-1.7209917306900024,-4.4735612869262695,0.03,1.2285548448562622,-0.12004905194044113,0.3257409632205963,0.015539884567260742,0.044916633516550064,-0.12406470626592636,0.9911352396011353,0,0,0,0,0,0,0,0,0,0,0,0,0,0
14.267539501190186,1.0,0.001713573932647705,0.08324708044528961,0.0024663805961608887,-0.0824347734451294,0.5709813237190247,4.30940580368042,-1.7209917306900024,-4.4735612869262695,0.03,1.2285548448562622,-0.12004905194044113,0.3257409632205963,0.015539884567260742,0.044916633516550064,-0.12406470626592636,0.9911352396011353,0,0,0,0,0,0,0,0,0,0,0,0,0,0
14.268684148788452,1.0,0.001713573932647705,0.08324708044528961,0.0024663805961608887,-0.0824347734451294,0.5709813237190247,4.30940580368042,-1.7209917306900024,-4.4735612869262695,0.03,1.2285548448562622,-0.12004905194044113,0.3257409632205963,0.015539884567260742,0.044916633516550064,-0.12406470626592636,0.9911352396011353,0,0,0,0,0,0,0,0,0,0,0,0,0,0
14.26983904838562,1.0,0.001713573932647705,0.08324708044528961,0.0024663805961608887,-0.0824347734451294,0.5709813237190247,4.30940580368042,-1.7209917306900024,-4.4735612869262695,0.03,1.2285548448562622,-0.12004905194044113,0.3257409632205963,0.015539884567260742,0.044916633516550064,-0.12406470626592636,0.9911352396011353,0,0,0,0,0,0,0,0,0,0,0,0,0,0
14.27090311050415,1.0,0.001713573932647705,0.08324708044528961,0.0024663805961608887,-0.0824347734451294,0.5709813237190247,4.30940580368042,-1.7209917306900024,-4.4735612869262695,0.03,1.2285548448562622,-0.12004905194044113,0.3257409632205963,0.015539884567260742,0.044916633516550064,-0.12406470626592636,0.9911352396011353,0,0,0,0,0,0,0,0,0,0,0,0,0,0
14.272220134735107,1.0,0.001713573932647705,0.08324708044528961,0.0024663805961608887,-0.0824347734451294,0.5709813237190247,4.30940580368042,-1.7209917306900024,-4.4735612869262695,0.03,1.2285548448562622,-0.12004905194044113,0.3257409632205963,0.015539884567260742,0.044916633516550064,-0.12406470626592636,0.9911352396011353,0,0,0,0,0,0,0,0,0,0,0,0,0,0
14.273820877075195,1.0,0.001713573932647705,0.08324708044528961,0.0024663805961608887,-0.0824347734451294,0.5709813237190247,4.30940580368042,-1.7209917306900024,-4.4735612869262695,0.03,1.2285548448562622,-0.12004905194044113,0.3257409632205963,0.015539884567260742,0.044916633516550064,-0.12406470626592636,0.9911352396011353,0,0,0,0,0,0,0,0,0,0,0,0,0,0
14.279769897460938,1.0,0.001713573932647705,0.08324708044528961,0.0024663805961608887,-0.0824347734451294,0.5709813237190247,4.30940580368042,-1.7209917306900024,-4.4735612869262695,0.03,1.2289090156555176,-0.12018517404794693,0.32510241866111755,0.01476733386516571,0.04701630026102066,-0.12384369224309921,0.9910773038864136,0,0,0,0,0,0,0,0,0,0,0,0,0,0
14.280879020690918,1.0,0.001713573932647705,0.08324708044528961,0.0024663805961608887,-0.0824347734451294,0.5709813237190247,4.30940580368042,-1.7209917306900024,-4.4735612869262695,0.03,1.229190468788147,-0.12031685560941696,0.32436704635620117,0.014824864454567432,0.049630057066679,-0.11268384009599686,0.9922799468040466,0,0,0,0,0,0,0,0,0,0,0,0,0,0
14.282057046890259,1.0,0.001713573932647705,0.08324708044528961,0.0024663805961608887,-0.0824347734451294,0.5709813237190247,4.30940580368042,-1.7209917306900024,-4.4735612869262695,0.03,1.229696273803711,-0.12045662850141525,0.32380297780036926,0.01462070643901825,0.05453675240278244,-0.12297509610652924,0.9908022880554199,0,0,0,0,0,0,0,0,0,0,0,0,0,0
14.283236980438232,1.0,0.001713573932647705,0.08324708044528961,0.0024663805961608887,-0.0824347734451294,0.5709813237190247,4.30940580368042,-1.7209917306900024,-4.4735612869262695,0.03,1.229696273803711,-0.12045662850141525,0.32380297780036926,0.01462070643901825,0.05453675240278244,-0.12297509610652924,0.9908022880554199,0,0,0,0,0,0,0,0,0,0,0,0,0,0
14.284523487091064,1.0,0.001713573932647705,0.08324708044528961,0.0024663805961608887,-0.0824347734451294,0.5709813237190247,4.30940580368042,-1.7209917306900024,-4.4735612869262695,0.03,1.229825496673584,-0.12018094211816788,0.32319363951683044,0.013113066554069519,0.058214910328388214,-0.14297762513160706,0.9879253506660461,0,0,0,0,0,0,0,0,0,0,0,0,0,0
14.285669565200806,1.0,0.001713573932647705,0.08324708044528961,0.0024663805961608887,-0.0824347734451294,0.5709813237190247,4.30940580368042,-1.7209917306900024,-4.4735612869262695,0.03,1.229825496673584,-0.12018094211816788,0.32319363951683044,0.013113066554069519,0.058214910328388214,-0.14297762513160706,0.9879253506660461,0,0,0,0,0,0,0,0,0,0,0,0,0,0
14.287662982940674,1.0,0.001713573932647705,0.08324708044528961,0.0024663805961608887,-0.0824347734451294,0.5709813237190247,4.30940580368042,-1.7209917306900024,-4.4735612869262695,0.03,1.229825496673584,-0.12018094211816788,0.32319363951683044,0.013113066554069519,0.058214910328388214,-0.14297762513160706,0.9879253506660461,0,0,0,0,0,0,0,0,0,0,0,0,0,0
14.289015769958496,1.0,0.001713573932647705,0.08324708044528961,0.0024663805961608887,-0.0824347734451294,0.5709813237190247,4.30940580368042,-1.7209917306900024,-4.4735612869262695,0.03,1.229825496673584,-0.12018094211816788,0.32319363951683044,0.013113066554069519,0.058214910328388214,-0.14297762513160706,0.9879253506660461,0,0,0,0,0,0,0,0,0,0,0,0,0,0
14.290158987045288,1.0,0.001713573932647705,0.08324708044528961,0.0024663805961608887,-0.0824347734451294,0.5709813237190247,4.30940580368042,-1.7209917306900024,-4.4735612869262695,0.03,1.230133056640625,-0.12042543292045593,0.3226974904537201,0.015132952481508255,0.062175001949071884,-0.1431589424610138,0.9876289367675781,0,0,0,0,0,0,0,0,0,0,0,0,0,0
14.291378259658813,1.0,0.001713573932647705,0.08324708044528961,0.0024663805961608887,-0.0824347734451294,0.5709813237190247,4.30940580368042,-1.7209917306900024,-4.4735612869262695,0.03,1.230133056640625,-0.12042543292045593,0.3226974904537201,0.015132952481508255,0.062175001949071884,-0.1431589424610138,0.9876289367675781,0,0,0,0,0,0,0,0,0,0,0,0,0,0
14.292560577392578,1.0,0.001713573932647705,0.08324708044528961,0.0024663805961608887,-0.0824347734451294,0.5709813237190247,4.30940580368042,-1.7209917306900024,-4.4735612869262695,0.03,1.230133056640625,-0.12042543292045593,0.3226974904537201,0.015132952481508255,0.062175001949071884,-0.1431589424610138,0.9876289367675781,0,0,0,0,0,0,0,0,0,0,0,0,0,0
14.29447078704834,1.0,0.001713573932647705,0.08324708044528961,0.0024663805961608887,-0.0824347734451294,0.5709813237190247,4.30940580368042,-1.7209917306900024,-4.4735612869262695,0.03,1.230133056640625,-0.12042543292045593,0.3226974904537201,0.015132952481508255,0.062175001949071884,-0.1431589424610138,0.9876289367675781,0,0,0,0,0,0,0,0,0,0,0,0,0,0
14.295545816421509,1.0,0.001713573932647705,0.08324708044528961,0.0024663805961608887,-0.0824347734451294,0.5709813237190247,4.30940580368042,-1.7209917306900024,-4.4735612869262695,0.03,1.230133056640625,-0.12042543292045593,0.3226974904537201,0.015132952481508255,0.062175001949071884,-0.1431589424610138,0.9876289367675781,0,0,0,0,0,0,0,0,0,0,0,0,0,0
14.296654462814331,1.0,0.001713573932647705,0.08324708044528961,0.0024663805961608887,-0.0824347734451294,0.5709813237190247,4.30940580368042,-1.7209917306900024,-4.4735612869262695,0.03,1.230133056640625,-0.12042543292045593,0.3226974904537201,0.015132952481508255,0.062175001949071884,-0.1431589424610138,0.9876289367675781,0,0,0,0,0,0,0,0,0,0,0,0,0,0
14.297865629196167,1.0,0.001713573932647705,0.08324708044528961,0.0024663805961608887,-0.0824347734451294,0.5709813237190247,4.30940580368042,-1.7209917306900024,-4.4735612869262695,0.03,1.230133056640625,-0.12042543292045593,0.3226974904537201,0.015132952481508255,0.062175001949071884,-0.1431589424610138,0.9876289367675781,0,0,0,0,0,0,0,0,0,0,0,0,0,0
14.299237966537476,1.0,0.001713573932647705,0.08324708044528961,0.0024663805961608887,-0.0824347734451294,0.5709813237190247,4.30940580368042,-1.7209917306900024,-4.4735612869262695,0.03,1.230133056640625,-0.12042543292045593,0.3226974904537201,0.015132952481508255,0.062175001949071884,-0.1431589424610138,0.9876289367675781,0,0,0,0,0,0,0,0,0,0,0,0,0,0
14.30123257637024,1.0,0.001713573932647705,0.08324708044528961,0.0024663805961608887,-0.0824347734451294,0.5709813237190247,4.30940580368042,-1.7209917306900024,-4.4735612869262695,0.03,1.2304162979125977,-0.12050517648458481,0.3221563994884491,0.017804473638534546,0.06725168228149414,-0.13931377232074738,0.9878015518188477,0,0,0,0,0,0,0,0,0,0,0,0,0,0
14.30275845527649,1.0,0.001713573932647705,0.08324708044528961,0.0024663805961608887,-0.0824347734451294,0.5709813237190247,4.30940580368042,-1.7209917306900024,-4.4735612869262695,0.03,1.2304162979125977,-0.12050517648458481,0.3221563994884491,0.017804473638534546,0.06725168228149414,-0.13931377232074738,0.9878015518188477,0,0,0,0,0,0,0,0,0,0,0,0,0,0
14.3038649559021,1.0,0.001713573932647705,0.08324708044528961,0.0024663805961608887,-0.0824347734451294,0.5709813237190247,4.30940580368042,-1.7209917306900024,-4.4735612869262695,0.03,1.2304162979125977,-0.12050517648458481,0.3221563994884491,0.017804473638534546,0.06725168228149414,-0.13931377232074738,0.9878015518188477,0,0,0,0,0,0,0,0,0,0,0,0,0,0
14.305210828781128,1.0,0.001713573932647705,0.08324708044528961,0.0024663805961608887,-0.0824347734451294,0.5709813237190247,4.30940580368042,-1.7209917306900024,-4.4735612869262695,0.03,1.2304162979125977,-0.12050517648458481,0.3221563994884491,0.017804473638534546,0.06725168228149414,-0.13931377232074738,0.9878015518188477,0,0,0,0,0,0,0,0,0,0,0,0,0,0
14.306542873382568,1.0,0.001713573932647705,0.08324708044528961,0.0024663805961608887,-0.0824347734451294,0.5709813237190247,4.30940580368042,-1.7209917306900024,-4.4735612869262695,0.03,1.2304162979125977,-0.12050517648458481,0.3221563994884491,0.017804473638534546,0.06725168228149414,-0.13931377232074738,0.9878015518188477,0,0,0,0,0,0,0,0,0,0,0,0,0,0
14.307815313339233,1.0,0.001713573932647705,0.08324708044528961,0.0024663805961608887,-0.0824347734451294,0.5709813237190247,4.30940580368042,-1.7209917306900024,-4.4735612869262695,0.03,1.2304162979125977,-0.12050517648458481,0.3221563994884491,0.017804473638534546,0.06725168228149414,-0.13931377232074738,0.9878015518188477,0,0,0,0,0,0,0,0,0,0,0,0,0,0
14.309143781661987,1.0,0.001713573932647705,0.08324708044528961,0.0024663805961608887,-0.0824347734451294,0.5709813237190247,4.30940580368042,-1.7209917306900024,-4.4735612869262695,0.03,1.230482578277588,-0.12061011046171188,0.3213777542114258,0.01667460985481739,0.0704028308391571,-0.14435479044914246,0.98687744140625,0,0,0,0,0,0,0,0,0,0,0,0,0,0
14.310413360595703,1.0,0.001713573932647705,0.08324708044528961,0.0024663805961608887,-0.0824347734451294,0.5709813237190247,4.30940580368042,-1.7209917306900024,-4.4735612869262695,0.03,1.230482578277588,-0.12061011046171188,0.3213777542114258,0.01667460985481739,0.0704028308391571,-0.14435479044914246,0.98687744140625,0,0,0,0,0,0,0,0,0,0,0,0,0,0
14.311809539794922,1.0,0.001713573932647705,0.08324708044528961,0.0024663805961608887,-0.0824347734451294,0.5709813237190247,4.30940580368042,-1.7209917306900024,-4.4735612869262695,0.03,1.230482578277588,-0.12061011046171188,0.3213777542114258,0.01667460985481739,0.0704028308391571,-0.14435479044914246,0.98687744140625,0,0,0,0,0,0,0,0,0,0,0,0,0,0
14.313314437866211,1.0,0.001713573932647705,0.08324708044528961,0.0024663805961608887,-0.0824347734451294,0.5709813237190247,4.30940580368042,-1.7209917306900024,-4.4735612869262695,0.03,1.230482578277588,-0.12061011046171188,0.3213777542114258,0.01667460985481739,0.0704028308391571,-0.14435479044914246,0.98687744140625,0,0,0,0,0,0,0,0,0,0,0,0,0,0
14.31448769569397,1.0,0.001713573932647705,0.08324708044528961,0.0024663805961608887,-0.0824347734451294,0.5709813237190247,4.30940580368042,-1.7209917306900024,-4.4735612869262695,0.03,1.230482578277588,-0.12061011046171188,0.3213777542114258,0.01667460985481739,0.0704028308391571,-0.14435479044914246,0.98687744140625,0,0,0,0,0,0,0,0,0,0,0,0,0,0
14.31575632095337,1.0,0.001713573932647705,0.08324708044528961,0.0024663805961608887,-0.0824347734451294,0.5709813237190247,4.30940580368042,-1.7209917306900024,-4.4735612869262695,0.03,1.230482578277588,-0.12061011046171188,0.3213777542114258,0.01667460985481739,0.0704028308391571,-0.14435479044914246,0.98687744140625,0,0,0,0,0,0,0,0,0,0,0,0,0,0
14.317150115966797,1.0,0.001713573932647705,0.08324708044528961,0.0024663805961608887,-0.0824347734451294,0.5709813237190247,4.30940580368042,-1.7209917306900024,-4.4735612869262695,0.03,1.230482578277588,-0.12061011046171188,0.3213777542114258,0.01667460985481739,0.0704028308391571,-0.14435479044914246,0.98687744140625,0,0,0,0,0,0,0,0,0,0,0,0,0,0
14.318315267562866,1.0,0.001713573932647705,0.08324708044528961,0.0024663805961608887,-0.0824347734451294,0.5709813237190247,4.30940580368042,-1.7209917306900024,-4.4735612869262695,0.03,1.2304091453552246,-0.12034989893436432,0.32067811489105225,0.01914745382964611,0.07688020914793015,-0.1386023759841919,0.9871739149093628,0,0,0,0,0,0,0,0,0,0,0,0,0,0
14.319374084472656,1.0,0.001713573932647705,0.08324708044528961,0.0024663805961608887,-0.0824347734451294,0.5709813237190247,4.30940580368042,-1.7209917306900024,-4.4735612869262695,0.03,1.2304091453552246,-0.12034989893436432,0.32067811489105225,0.01914745382964611,0.07688020914793015,-0.1386023759841919,0.9871739149093628,0,0,0,0,0,0,0,0,0,0,0,0,0,0
14.320459842681885,1.0,0.001713573932647705,0.08324708044528961,0.0024663805961608887,-0.0824347734451294,0.5709813237190247,4.30940580368042,-1.7209917306900024,-4.4735612869262695,0.03,1.2304091453552246,-0.12034989893436432,0.32067811489105225,0.01914745382964611,0.07688020914793015,-0.1386023759841919,0.9871739149093628,0,0,0,0,0,0,0,0,0,0,0,0,0,0
14.321622610092163,1.0,0.001713573932647705,0.08324708044528961,0.0024663805961608887,-0.0824347734451294,0.5709813237190247,4.30940580368042,-1.7209917306900024,-4.4735612869262695,0.03,1.2304091453552246,-0.12034989893436432,0.32067811489105225,0.01914745382964611,0.07688020914793015,-0.1386023759841919,0.9871739149093628,0,0,0,0,0,0,0,0,0,0,0,0,0,0
14.323129177093506,1.0,0.001713573932647705,0.08324708044528961,0.0024663805961608887,-0.0824347734451294,0.5709813237190247,4.30940580368042,-1.7209917306900024,-4.4735612869262695,0.03,1.2304091453552246,-0.12034989893436432,0.32067811489105225,0.01914745382964611,0.07688020914793015,-0.1386023759841919,0.9871739149093628,0,0,0,0,0,0,0,0,0,0,0,0,0,0
14.324760913848877,1.0,0.001713573932647705,0.08324708044528961,0.0024663805961608887,-0.0824347734451294,0.5709813237190247,4.30940580368042,-1.7209917306900024,-4.4735612869262695,0.03,1.2304091453552246,-0.12034989893436432,0.32067811489105225,0.01914745382964611,0.07688020914793015,-0.1386023759841919,0.9871739149093628,0,0,0,0,0,0,0,0,0,0,0,0,0,0
14.326776027679443,1.0,0.001713573932647705,0.08324708044528961,0.0024663805961608887,-0.0824347734451294,0.5709813237190247,4.30940580368042,-1.7209917306900024,-4.4735612869262695,0.03,1.2304091453552246,-0.12034989893436432,0.32067811489105225,0.01914745382964611,0.07688020914793015,-0.1386023759841919,0.9871739149093628,0,0,0,0,0,0,0,0,0,0,0,0,0,0
14.328174352645874,1.0,0.001713573932647705,0.08324708044528961,0.0024663805961608887,-0.0824347734451294,0.5709813237190247,4.30940580368042,-1.7209917306900024,-4.4735612869262695,0.03,1.2304091453552246,-0.12034989893436432,0.32067811489105225,0.01914745382964611,0.07688020914793015,-0.1386023759841919,0.9871739149093628,0,0,0,0,0,0,0,0,0,0,0,0,0,0
14.329877138137817,1.0,0.001713573932647705,0.08324708044528961,0.0024663805961608887,-0.0824347734451294,0.5709813237190247,4.30940580368042,-1.7209917306900024,-4.4735612869262695,0.03,1.2304091453552246,-0.12034989893436432,0.32067811489105225,0.01914745382964611,0.07688020914793015,-0.1386023759841919,0.9871739149093628,0,0,0,0,0,0,0,0,0,0,0,0,0,0
14.331417560577393,1.0,0.001713573932647705,0.08324708044528961,0.0024663805961608887,-0.0824347734451294,0.5709813237190247,4.30940580368042,-1.7209917306900024,-4.4735612869262695,0.03,1.2304091453552246,-0.12034989893436432,0.32067811489105225,0.01914745382964611,0.07688020914793015,-0.1386023759841919,0.9871739149093628,0,0,0,0,0,0,0,0,0,0,0,0,0,0
14.332617044448853,1.0,0.001713573932647705,0.08324708044528961,0.0024663805961608887,-0.0824347734451294,0.5709813237190247,4.30940580368042,-1.7209917306900024,-4.4735612869262695,0.03,1.2304091453552246,-0.12034989893436432,0.32067811489105225,0.01914745382964611,0.07688020914793015,-0.1386023759841919,0.9871739149093628,0,0,0,0,0,0,0,0,0,0,0,0,0,0
14.333786010742188,1.0,0.001713573932647705,0.08324708044528961,0.0024663805961608887,-0.0824347734451294,0.5709813237190247,4.30940580368042,-1.7209917306900024,-4.4735612869262695,0.03,1.2304091453552246,-0.12034989893436432,0.32067811489105225,0.01914745382964611,0.07688020914793015,-0.1386023759841919,0.9871739149093628,0,0,0,0,0,0,0,0,0,0,0,0,0,0
14.335155248641968,1.0,0.001713573932647705,0.08324708044528961,0.0024663805961608887,-0.0824347734451294,0.5709813237190247,4.30940580368042,-1.7209917306900024,-4.4735612869262695,0.03,1.2304091453552246,-0.12034989893436432,0.32067811489105225,0.01914745382964611,0.07688020914793015,-0.1386023759841919,0.9871739149093628,0,0,0,0,0,0,0,0,0,0,0,0,0,0
14.336305618286133,1.0,0.001713573932647705,0.08324708044528961,0.0024663805961608887,-0.0824347734451294,0.5709813237190247,4.30940580368042,-1.7209917306900024,-4.4735612869262695,0.03,1.2304091453552246,-0.12034989893436432,0.32067811489105225,0.01914745382964611,0.07688020914793015,-0.1386023759841919,0.9871739149093628,0,0,0,0,0,0,0,0,0,0,0,0,0,0
14.337465763092041,1.0,0.001713573932647705,0.08324708044528961,0.0024663805961608887,-0.0824347734451294,0.5709813237190247,4.30940580368042,-1.7209917306900024,-4.4735612869262695,0.03,1.2304091453552246,-0.12034989893436432,0.32067811489105225,0.01914745382964611,0.07688020914793015,-0.1386023759841919,0.9871739149093628,0,0,0,0,0,0,0,0,0,0,0,0,0,0
14.338653802871704,1.0,0.001713573932647705,0.08324708044528961,0.0024663805961608887,-0.0824347734451294,0.5709813237190247,4.30940580368042,-1.7209917306900024,-4.4735612869262695,0.03,1.2304091453552246,-0.12034989893436432,0.32067811489105225,0.01914745382964611,0.07688020914793015,-0.1386023759841919,0.9871739149093628,0,0,0,0,0,0,0,0,0,0,0,0,0,0
14.339770555496216,1.0,0.001713573932647705,0.08324708044528961,0.0024663805961608887,-0.0824347734451294,0.5709813237190247,4.30940580368042,-1.7209917306900024,-4.4735612869262695,0.03,1.2304091453552246,-0.12034989893436432,0.32067811489105225,0.01914745382964611,0.07688020914793015,-0.1386023759841919,0.9871739149093628,0,0,0,0,0,0,0,0,0,0,0,0,0,0
14.34141993522644,1.0,0.001713573932647705,0.08324708044528961,0.0024663805961608887,-0.0824347734451294,0.5709813237190247,4.30940580368042,-1.7209917306900024,-4.4735612869262695,0.03,1.2304091453552246,-0.12034989893436432,0.32067811489105225,0.01914745382964611,0.07688020914793015,-0.1386023759841919,0.9871739149093628,0,0,0,0,0,0,0,0,0,0,0,0,0,0
14.342544317245483,1.0,0.001713573932647705,0.08324708044528961,0.0024663805961608887,-0.0824347734451294,0.5709813237190247,4.30940580368042,-1.7209917306900024,-4.4735612869262695,0.03,1.2304091453552246,-0.12034989893436432,0.32067811489105225,0.01914745382964611,0.07688020914793015,-0.1386023759841919,0.9871739149093628,0,0,0,0,0,0,0,0,0,0,0,0,0,0
14.344359397888184,1.0,0.001713573932647705,0.08324708044528961,0.0024663805961608887,-0.0824347734451294,0.5709813237190247,4.30940580368042,-1.7209917306900024,-4.4735612869262695,0.03,1.2304091453552246,-0.12034989893436432,0.32067811489105225,0.01914745382964611,0.07688020914793015,-0.1386023759841919,0.9871739149093628,0,0,0,0,0,0,0,0,0,0,0,0,0,0
14.345433950424194,1.0,0.001713573932647705,0.08324708044528961,0.0024663805961608887,-0.0824347734451294,0.5709813237190247,4.30940580368042,-1.7209917306900024,-4.4735612869262695,0.03,1.2304091453552246,-0.12034989893436432,0.32067811489105225,0.01914745382964611,0.07688020914793015,-0.1386023759841919,0.9871739149093628,0,0,0,0,0,0,0,0,0,0,0,0,0,0
14.347195863723755,1.0,0.001810610294342041,0.08295603096485138,0.0022825002670288086,-0.08206409215927124,0.8431150913238525,4.634707927703857,-1.1053544282913208,-5.857804775238037,0.03,1.2303775548934937,-0.12052079290151596,0.32013827562332153,0.019563501700758934,0.08214876800775528,-0.14305052161216736,0.9861061573028564,0,0,0,0,0,0,0,0,0,0,0,0,0,0
14.348289489746094,1.0,0.001810610294342041,0.08295603096485138,0.0022825002670288086,-0.08206409215927124,0.8431150913238525,4.634707927703857,-1.1053544282913208,-5.857804775238037,0.03,1.2303775548934937,-0.12052079290151596,0.32013827562332153,0.019563501700758934,0.08214876800775528,-0.14305052161216736,0.9861061573028564,0,0,0,0,0,0,0,0,0,0,0,0,0,0
14.34936237335205,1.0,0.001810610294342041,0.08295603096485138,0.0022825002670288086,-0.08206409215927124,0.8431150913238525,4.634707927703857,-1.1053544282913208,-5.857804775238037,0.03,1.2303775548934937,-0.12052079290151596,0.32013827562332153,0.019563501700758934,0.08214876800775528,-0.14305052161216736,0.9861061573028564,0,0,0,0,0,0,0,0,0,0,0,0,0,0
14.350713729858398,1.0,0.001810610294342041,0.08295603096485138,0.0022825002670288086,-0.08206409215927124,0.8431150913238525,4.634707927703857,-1.1053544282913208,-5.857804775238037,0.03,1.2303775548934937,-0.12052079290151596,0.32013827562332153,0.019563501700758934,0.08214876800775528,-0.14305052161216736,0.9861061573028564,0,0,0,0,0,0,0,0,0,0,0,0,0,0
14.351789951324463,1.0,0.001810610294342041,0.08295603096485138,0.0022825002670288086,-0.08206409215927124,0.8431150913238525,4.634707927703857,-1.1053544282913208,-5.857804775238037,0.03,1.2303775548934937,-0.12052079290151596,0.32013827562332153,0.019563501700758934,0.08214876800775528,-0.14305052161216736,0.9861061573028564,0,0,0,0,0,0,0,0,0,0,0,0,0,0
14.352883577346802,1.0,0.001810610294342041,0.08295603096485138,0.0022825002670288086,-0.08206409215927124,0.8431150913238525,4.634707927703857,-1.1053544282913208,-5.857804775238037,0.03,1.2303775548934937,-0.12052079290151596,0.32013827562332153,0.019563501700758934,0.08214876800775528,-0.14305052161216736,0.9861061573028564,0,0,0,0,0,0,0,0,0,0,0,0,0,0
14.353987216949463,1.0,0.001810610294342041,0.08295603096485138,0.0022825002670288086,-0.08206409215927124,0.8431150913238525,4.634707927703857,-1.1053544282913208,-5.857804775238037,0.03,1.2303775548934937,-0.12052079290151596,0.32013827562332153,0.019563501700758934,0.08214876800775528,-0.14305052161216736,0.9861061573028564,0,0,0,0,0,0,0,0,0,0,0,0,0,0
14.355059146881104,1.0,0.001810610294342041,0.08295603096485138,0.0022825002670288086,-0.08206409215927124,0.8431150913238525,4.634707927703857,-1.1053544282913208,-5.857804775238037,0.03,1.2303775548934937,-0.12052079290151596,0.32013827562332153,0.019563501700758934,0.08214876800775528,-0.14305052161216736,0.9861061573028564,0,0,0,0,0,0,0,0,0,0,0,0,0,0
14.35809063911438,1.0,0.003783583641052246,0.030606389045715332,-0.00038939714431762695,-0.021094083786010742,2.855029582977295,7.652052879333496,0.894209623336792,-1.5657527446746826,0.03,1.2303775548934937,-0.12052079290151596,0.32013827562332153,0.019563501700758934,0.08214876800775528,-0.14305052161216736,0.9861061573028564,0,0,0,0,0,0,0,0,0,0,0,0,0,0
14.359196424484253,1.0,0.003783583641052246,0.030606389045715332,-0.00038939714431762695,-0.021094083786010742,2.855029582977295,7.652052879333496,0.894209623336792,-1.5657527446746826,0.03,1.2303775548934937,-0.12052079290151596,0.32013827562332153,0.019563501700758934,0.08214876800775528,-0.14305052161216736,0.9861061573028564,0,0,0,0,0,0,0,0,0,0,0,0,0,0
14.360262632369995,1.0,0.003783583641052246,0.030606389045715332,-0.00038939714431762695,-0.021094083786010742,2.855029582977295,7.652052879333496,0.894209623336792,-1.5657527446746826,0.03,1.2303775548934937,-0.12052079290151596,0.32013827562332153,0.019563501700758934,0.08214876800775528,-0.14305052161216736,0.9861061573028564,0,0,0,0,0,0,0,0,0,0,0,0,0,0
14.361948013305664,1.0,0.0036728978157043457,0.02872331440448761,-0.0003077983856201172,-0.019133687019348145,2.7459325790405273,8.443142890930176,0.8114133477210999,-1.8695467710494995,0.03,1.2303775548934937,-0.12052079290151596,0.32013827562332153,0.019563501700758934,0.08214876800775528,-0.14305052161216736,0.9861061573028564,0,0,0,0,0,0,0,0,0,0,0,0,0,0
14.36397910118103,1.0,0.003580152988433838,0.02524949610233307,-9.882450103759766e-05,-0.015269279479980469,2.7040131092071533,7.6648406982421875,0.5881848931312561,-0.6749693751335144,0.03,1.230251431465149,-0.12033738940954208,0.3196467459201813,0.023548396304249763,0.08849193900823593,-0.1422952115535736,0.9855793714523315,0,0,0,0,0,0,0,0,0,0,0,0,0,0
14.365558862686157,1.0,0.003580152988433838,0.02524949610233307,-9.882450103759766e-05,-0.015269279479980469,2.7040131092071533,7.6648406982421875,0.5881848931312561,-0.6749693751335144,0.03,1.230251431465149,-0.12033738940954208,0.3196467459201813,0.023548396304249763,0.08849193900823593,-0.1422952115535736,0.9855793714523315,0,0,0,0,0,0,0,0,0,0,0,0,0,0
14.368957757949829,1.0,0.003580152988433838,0.02524949610233307,-9.882450103759766e-05,-0.015269279479980469,2.7040131092071533,7.6648406982421875,0.5881848931312561,-0.6749693751335144,0.03,1.230251431465149,-0.12033738940954208,0.3196467459201813,0.023548396304249763,0.08849193900823593,-0.1422952115535736,0.9855793714523315,0,0,0,0,0,0,0,0,0,0,0,0,0,0
14.370270013809204,1.0,0.003580152988433838,0.02524949610233307,-9.882450103759766e-05,-0.015269279479980469,2.7040131092071533,7.6648406982421875,0.5881848931312561,-0.6749693751335144,0.03,1.229859471321106,-0.12003249675035477,0.3182215392589569,0.025627555325627327,0.09983748197555542,-0.13933593034744263,0.9848660826683044,0,0,0,0,0,0,0,0,0,0,0,0,0,0
14.37160348892212,1.0,0.003580152988433838,0.02524949610233307,-9.882450103759766e-05,-0.015269279479980469,2.7040131092071533,7.6648406982421875,0.5881848931312561,-0.6749693751335144,0.03,1.229859471321106,-0.12003249675035477,0.3182215392589569,0.025627555325627327,0.09983748197555542,-0.13933593034744263,0.9848660826683044,0,0,0,0,0,0,0,0,0,0,0,0,0,0
14.37288761138916,1.0,0.003580152988433838,0.02524949610233307,-9.882450103759766e-05,-0.015269279479980469,2.7040131092071533,7.6648406982421875,0.5881848931312561,-0.6749693751335144,0.03,1.229859471321106,-0.12003249675035477,0.3182215392589569,0.025627555325627327,0.09983748197555542,-0.13933593034744263,0.9848660826683044,0,0,0,0,0,0,0,0,0,0,0,0,0,0
14.374102115631104,1.0,0.003580152988433838,0.02524949610233307,-9.882450103759766e-05,-0.015269279479980469,2.7040131092071533,7.6648406982421875,0.5881848931312561,-0.6749693751335144,0.03,1.229859471321106,-0.12003249675035477,0.3182215392589569,0.025627555325627327,0.09983748197555542,-0.13933593034744263,0.9848660826683044,0,0,0,0,0,0,0,0,0,0,0,0,0,0
14.375428199768066,1.0,0.003580152988433838,0.02524949610233307,-9.882450103759766e-05,-0.015269279479980469,2.7040131092071533,7.6648406982421875,0.5881848931312561,-0.6749693751335144,0.03,1.229859471321106,-0.12003249675035477,0.3182215392589569,0.025627555325627327,0.09983748197555542,-0.13933593034744263,0.9848660826683044,0,0,0,0,0,0,0,0,0,0,0,0,0,0
14.37653660774231,1.0,0.003580152988433838,0.02524949610233307,-9.882450103759766e-05,-0.015269279479980469,2.7040131092071533,7.6648406982421875,0.5881848931312561,-0.6749693751335144,0.03,1.229859471321106,-0.12003249675035477,0.3182215392589569,0.025627555325627327,0.09983748197555542,-0.13933593034744263,0.9848660826683044,0,0,0,0,0,0,0,0,0,0,0,0,0,0
14.377708435058594,1.0,0.003580152988433838,0.02524949610233307,-9.882450103759766e-05,-0.015269279479980469,2.7040131092071533,7.6648406982421875,0.5881848931312561,-0.6749693751335144,0.03,1.229859471321106,-0.12003249675035477,0.3182215392589569,0.025627555325627327,0.09983748197555542,-0.13933593034744263,0.9848660826683044,0,0,0,0,0,0,0,0,0,0,0,0,0,0
14.378823041915894,1.0,0.003580152988433838,0.02524949610233307,-9.882450103759766e-05,-0.015269279479980469,2.7040131092071533,7.6648406982421875,0.5881848931312561,-0.6749693751335144,0.03,1.229859471321106,-0.12003249675035477,0.3182215392589569,0.025627555325627327,0.09983748197555542,-0.13933593034744263,0.9848660826683044,0,0,0,0,0,0,0,0,0,0,0,0,0,0
14.379940748214722,1.0,0.003580152988433838,0.02524949610233307,-9.882450103759766e-05,-0.015269279479980469,2.7040131092071533,7.6648406982421875,0.5881848931312561,-0.6749693751335144,0.03,1.229859471321106,-0.12003249675035477,0.3182215392589569,0.025627555325627327,0.09983748197555542,-0.13933593034744263,0.9848660826683044,0,0,0,0,0,0,0,0,0,0,0,0,0,0
14.381157636642456,1.0,0.003580152988433838,0.02524949610233307,-9.882450103759766e-05,-0.015269279479980469,2.7040131092071533,7.6648406982421875,0.5881848931312561,-0.6749693751335144,0.03,1.229859471321106,-0.12003249675035477,0.3182215392589569,0.025627555325627327,0.09983748197555542,-0.13933593034744263,0.9848660826683044,0,0,0,0,0,0,0,0,0,0,0,0,0,0
14.383129358291626,1.0,0.003580152988433838,0.02524949610233307,-9.882450103759766e-05,-0.015269279479980469,2.7040131092071533,7.6648406982421875,0.5881848931312561,-0.6749693751335144,0.03,1.229859471321106,-0.12003249675035477,0.3182215392589569,0.025627555325627327,0.09983748197555542,-0.13933593034744263,0.9848660826683044,0,0,0,0,0,0,0,0,0,0,0,0,0,0
14.384205341339111,1.0,0.003580152988433838,0.02524949610233307,-9.882450103759766e-05,-0.015269279479980469,2.7040131092071533,7.6648406982421875,0.5881848931312561,-0.6749693751335144,0.03,1.229859471321106,-0.12003249675035477,0.3182215392589569,0.025627555325627327,0.09983748197555542,-0.13933593034744263,0.9848660826683044,0,0,0,0,0,0,0,0,0,0,0,0,0,0
14.385412454605103,1.0,0.003580152988433838,0.02524949610233307,-9.882450103759766e-05,-0.015269279479980469,2.7040131092071533,7.6648406982421875,0.5881848931312561,-0.6749693751335144,0.03,1.2294374704360962,-0.1196422204375267,0.3169993758201599,0.024913515895605087,0.11559358239173889,-0.1561102271080017,0.9806361198425293,0,0,0,0,0,0,0,0,0,0,0,0,0,0
14.386554479598999,1.0,0.003580152988433838,0.02524949610233307,-9.882450103759766e-05,-0.015269279479980469,2.7040131092071533,7.6648406982421875,0.5881848931312561,-0.6749693751335144,0.03,1.2294374704360962,-0.1196422204375267,0.3169993758201599,0.024913515895605087,0.11559358239173889,-0.1561102271080017,0.9806361198425293,0,0,0,0,0,0,0,0,0,0,0,0,0,0
14.387766599655151,1.0,0.003580152988433838,0.02524949610233307,-9.882450103759766e-05,-0.015269279479980469,2.7040131092071533,7.6648406982421875,0.5881848931312561,-0.6749693751335144,0.03,1.2294374704360962,-0.1196422204375267,0.3169993758201599,0.024913515895605087,0.11559358239173889,-0.1561102271080017,0.9806361198425293,0,0,0,0,0,0,0,0,0,0,0,0,0,0
14.389324188232422,1.0,0.003580152988433838,0.02524949610233307,-9.882450103759766e-05,-0.015269279479980469,2.7040131092071533,7.6648406982421875,0.5881848931312561,-0.6749693751335144,0.03,1.2294374704360962,-0.1196422204375267,0.3169993758201599,0.024913515895605087,0.11559358239173889,-0.1561102271080017,0.9806361198425293,0,0,0,0,0,0,0,0,0,0,0,0,0,0
14.390490531921387,1.0,0.003580152988433838,0.02524949610233307,-9.882450103759766e-05,-0.015269279479980469,2.7040131092071533,7.6648406982421875,0.5881848931312561,-0.6749693751335144,0.03,1.2294374704360962,-0.1196422204375267,0.3169993758201599,0.024913515895605087,0.11559358239173889,-0.1561102271080017,0.9806361198425293,0,0,0,0,0,0,0,0,0,0,0,0,0,0
14.391581535339355,1.0,0.003580152988433838,0.02524949610233307,-9.882450103759766e-05,-0.015269279479980469,2.7040131092071533,7.6648406982421875,0.5881848931312561,-0.6749693751335144,0.03,1.2294374704360962,-0.1196422204375267,0.3169993758201599,0.024913515895605087,0.11559358239173889,-0.1561102271080017,0.9806361198425293,0,0,0,0,0,0,0,0,0,0,0,0,0,0
14.392671823501587,1.0,0.003580152988433838,0.02524949610233307,-9.882450103759766e-05,-0.015269279479980469,2.7040131092071533,7.6648406982421875,0.5881848931312561,-0.6749693751335144,0.03,1.2294374704360962,-0.1196422204375267,0.3169993758201599,0.024913515895605087,0.11559358239173889,-0.1561102271080017,0.9806361198425293,0,0,0,0,0,0,0,0,0,0,0,0,0,0
14.393864393234253,1.0,0.003580152988433838,0.02524949610233307,-9.882450103759766e-05,-0.015269279479980469,2.7040131092071533,7.6648406982421875,0.5881848931312561,-0.6749693751335144,0.03,1.2294374704360962,-0.1196422204375267,0.3169993758201599,0.024913515895605087,0.11559358239173889,-0.1561102271080017,0.9806361198425293,0,0,0,0,0,0,0,0,0,0,0,0,0,0
14.395395994186401,1.0,0.003580152988433838,0.02524949610233307,-9.882450103759766e-05,-0.015269279479980469,2.7040131092071533,7.6648406982421875,0.5881848931312561,-0.6749693751335144,0.03,1.2294374704360962,-0.1196422204375267,0.3169993758201599,0.024913515895605087,0.11559358239173889,-0.1561102271080017,0.9806361198425293,0,0,0,0,0,0,0,0,0,0,0,0,0,0
14.396509408950806,1.0,0.003580152988433838,0.02524949610233307,-9.882450103759766e-05,-0.015269279479980469,2.7040131092071533,7.6648406982421875,0.5881848931312561,-0.6749693751335144,0.03,1.2294374704360962,-0.1196422204375267,0.3169993758201599,0.024913515895605087,0.11559358239173889,-0.1561102271080017,0.9806361198425293,0,0,0,0,0,0,0,0,0,0,0,0,0,0
14.397655725479126,1.0,0.003580152988433838,0.02524949610233307,-9.882450103759766e-05,-0.015269279479980469,2.7040131092071533,7.6648406982421875,0.5881848931312561,-0.6749693751335144,0.03,1.2294374704360962,-0.1196422204375267,0.3169993758201599,0.024913515895605087,0.11559358239173889,-0.1561102271080017,0.9806361198425293,0,0,0,0,0,0,0,0,0,0,0,0,0,0
14.398982763290405,1.0,0.003580152988433838,0.02524949610233307,-9.882450103759766e-05,-0.015269279479980469,2.7040131092071533,7.6648406982421875,0.5881848931312561,-0.6749693751335144,0.03,1.2294374704360962,-0.1196422204375267,0.3169993758201599,0.024913515895605087,0.11559358239173889,-0.1561102271080017,0.9806361198425293,0,0,0,0,0,0,0,0,0,0,0,0,0,0
14.400113344192505,1.0,0.003580152988433838,0.02524949610233307,-9.882450103759766e-05,-0.015269279479980469,2.7040131092071533,7.6648406982421875,0.5881848931312561,-0.6749693751335144,0.03,1.2294374704360962,-0.1196422204375267,0.3169993758201599,0.024913515895605087,0.11559358239173889,-0.1561102271080017,0.9806361198425293,0,0,0,0,0,0,0,0,0,0,0,0,0,0
14.401407957077026,1.0,0.003580152988433838,0.02524949610233307,-9.882450103759766e-05,-0.015269279479980469,2.7040131092071533,7.6648406982421875,0.5881848931312561,-0.6749693751335144,0.03,1.2294374704360962,-0.1196422204375267,0.3169993758201599,0.024913515895605087,0.11559358239173889,-0.1561102271080017,0.9806361198425293,0,0,0,0,0,0,0,0,0,0,0,0,0,0
14.402596473693848,1.0,0.003580152988433838,0.02524949610233307,-9.882450103759766e-05,-0.015269279479980469,2.7040131092071533,7.6648406982421875,0.5881848931312561,-0.6749693751335144,0.03,1.2294374704360962,-0.1196422204375267,0.3169993758201599,0.024913515895605087,0.11559358239173889,-0.1561102271080017,0.9806361198425293,0,0,0,0,0,0,0,0,0,0,0,0,0,0
14.404111385345459,1.0,0.003580152988433838,0.02524949610233307,-9.882450103759766e-05,-0.015269279479980469,2.7040131092071533,7.6648406982421875,0.5881848931312561,-0.6749693751335144,0.03,1.2294374704360962,-0.1196422204375267,0.3169993758201599,0.024913515895605087,0.11559358239173889,-0.1561102271080017,0.9806361198425293,0,0,0,0,0,0,0,0,0,0,0,0,0,0
14.405492782592773,1.0,0.003580152988433838,0.02524949610233307,-9.882450103759766e-05,-0.015269279479980469,2.7040131092071533,7.6648406982421875,0.5881848931312561,-0.6749693751335144,0.03,1.2294374704360962,-0.1196422204375267,0.3169993758201599,0.024913515895605087,0.11559358239173889,-0.1561102271080017,0.9806361198425293,0,0,0,0,0,0,0,0,0,0,0,0,0,0
14.407516956329346,1.0,0.0018135905265808105,-0.011093273758888245,-4.3332576751708984e-05,0.019259750843048096,1.3660247325897217,7.339936256408691,0.6531119346618652,-1.129689335823059,0.03,1.2294374704360962,-0.1196422204375267,0.3169993758201599,0.024913515895605087,0.11559358239173889,-0.1561102271080017,0.9806361198425293,0,0,0,0,0,0,0,0,0,0,0,0,0,0
14.408586502075195,1.0,0.0018135905265808105,-0.011093273758888245,-4.3332576751708984e-05,0.019259750843048096,1.3660247325897217,7.339936256408691,0.6531119346618652,-1.129689335823059,0.03,1.2294374704360962,-0.1196422204375267,0.3169993758201599,0.024913515895605087,0.11559358239173889,-0.1561102271080017,0.9806361198425293,0,0,0,0,0,0,0,0,0,0,0,0,0,0
14.412116527557373,1.0,0.0018135905265808105,-0.011093273758888245,-4.3332576751708984e-05,0.019259750843048096,1.3660247325897217,7.339936256408691,0.6531119346618652,-1.129689335823059,0.03,1.2294374704360962,-0.1196422204375267,0.3169993758201599,0.024913515895605087,0.11559358239173889,-0.1561102271080017,0.9806361198425293,0,0,0,0,0,0,0,0,0,0,0,0,0,0
14.4132981300354,1.0,0.0018135905265808105,-0.011093273758888245,-4.3332576751708984e-05,0.019259750843048096,1.3660247325897217,7.339936256408691,0.6531119346618652,-1.129689335823059,0.03,1.2294374704360962,-0.1196422204375267,0.3169993758201599,0.024913515895605087,0.11559358239173889,-0.1561102271080017,0.9806361198425293,0,0,0,0,0,0,0,0,0,0,0,0,0,0
14.41534161567688,1.0,0.0018135905265808105,-0.011093273758888245,-4.3332576751708984e-05,0.019259750843048096,1.3660247325897217,7.339936256408691,0.6531119346618652,-1.129689335823059,0.03,1.2294374704360962,-0.1196422204375267,0.3169993758201599,0.024913515895605087,0.11559358239173889,-0.1561102271080017,0.9806361198425293,0,0,0,0,0,0,0,0,0,0,0,0,0,0
14.41730523109436,1.0,0.0018135905265808105,-0.011093273758888245,-4.3332576751708984e-05,0.019259750843048096,1.3660247325897217,7.339936256408691,0.6531119346618652,-1.129689335823059,0.03,1.2294374704360962,-0.1196422204375267,0.3169993758201599,0.024913515895605087,0.11559358239173889,-0.1561102271080017,0.9806361198425293,0,0,0,0,0,0,0,0,0,0,0,0,0,0
14.418573379516602,1.0,0.0018135905265808105,-0.011093273758888245,-4.3332576751708984e-05,0.019259750843048096,1.3660247325897217,7.339936256408691,0.6531119346618652,-1.129689335823059,0.03,1.2294374704360962,-0.1196422204375267,0.3169993758201599,0.024913515895605087,0.11559358239173889,-0.1561102271080017,0.9806361198425293,0,0,0,0,0,0,0,0,0,0,0,0,0,0
14.4204580783844,1.0,0.0018135905265808105,-0.011093273758888245,-4.3332576751708984e-05,0.019259750843048096,1.3660247325897217,7.339936256408691,0.6531119346618652,-1.129689335823059,0.03,1.2294374704360962,-0.1196422204375267,0.3169993758201599,0.024913515895605087,0.11559358239173889,-0.1561102271080017,0.9806361198425293,0,0,0,0,0,0,0,0,0,0,0,0,0,0
14.421585321426392,1.0,0.0018135905265808105,-0.011093273758888245,-4.3332576751708984e-05,0.019259750843048096,1.3660247325897217,7.339936256408691,0.6531119346618652,-1.129689335823059,0.03,1.2294374704360962,-0.1196422204375267,0.3169993758201599,0.024913515895605087,0.11559358239173889,-0.1561102271080017,0.9806361198425293,0,0,0,0,0,0,0,0,0,0,0,0,0,0
14.422708749771118,1.0,0.0018135905265808105,-0.011093273758888245,-4.3332576751708984e-05,0.019259750843048096,1.3660247325897217,7.339936256408691,0.6531119346618652,-1.129689335823059,0.03,1.2294374704360962,-0.1196422204375267,0.3169993758201599,0.024913515895605087,0.11559358239173889,-0.1561102271080017,0.9806361198425293,0,0,0,0,0,0,0,0,0,0,0,0,0,0
14.423890590667725,1.0,0.0018135905265808105,-0.011093273758888245,-4.3332576751708984e-05,0.019259750843048096,1.3660247325897217,7.339936256408691,0.6531119346618652,-1.129689335823059,0.03,1.2294374704360962,-0.1196422204375267,0.3169993758201599,0.024913515895605087,0.11559358239173889,-0.1561102271080017,0.9806361198425293,0,0,0,0,0,0,0,0,0,0,0,0,0,0
14.425328254699707,1.0,0.0018135905265808105,-0.011093273758888245,-4.3332576751708984e-05,0.019259750843048096,1.3660247325897217,7.339936256408691,0.6531119346618652,-1.129689335823059,0.03,1.2294374704360962,-0.1196422204375267,0.3169993758201599,0.024913515895605087,0.11559358239173889,-0.1561102271080017,0.9806361198425293,0,0,0,0,0,0,0,0,0,0,0,0,0,0
14.426477670669556,1.0,0.0018135905265808105,-0.011093273758888245,-4.3332576751708984e-05,0.019259750843048096,1.3660247325897217,7.339936256408691,0.6531119346618652,-1.129689335823059,0.03,1.2294374704360962,-0.1196422204375267,0.3169993758201599,0.024913515895605087,0.11559358239173889,-0.1561102271080017,0.9806361198425293,0,0,0,0,0,0,0,0,0,0,0,0,0,0
14.42776608467102,1.0,0.0017719268798828125,-0.01614721119403839,-0.00017434358596801758,0.02467256784439087,1.4354068040847778,5.742644786834717,0.8193029761314392,0.6575098633766174,0.03,1.2294374704360962,-0.1196422204375267,0.3169993758201599,0.024913515895605087,0.11559358239173889,-0.1561102271080017,0.9806361198425293,0,0,0,0,0,0,0,0,0,0,0,0,0,0
14.429251909255981,1.0,0.0011802315711975098,-0.030631788074970245,-0.00010406970977783203,0.036330223083496094,0.887792706489563,4.216585636138916,0.7261130213737488,-0.7353770136833191,0.03,1.2292500734329224,-0.11944061517715454,0.31654390692710876,0.03099104017019272,0.1182284951210022,-0.135296031832695,0.9832378029823303,0,0,0,0,0,0,0,0,0,0,0,0,0,0
14.430371046066284,1.0,0.0011802315711975098,-0.030631788074970245,-0.00010406970977783203,0.036330223083496094,0.887792706489563,4.216585636138916,0.7261130213737488,-0.7353770136833191,0.03,1.2292500734329224,-0.11944061517715454,0.31654390692710876,0.03099104017019272,0.1182284951210022,-0.135296031832695,0.9832378029823303,0,0,0,0,0,0,0,0,0,0,0,0,0,0
14.431546926498413,1.0,0.0011802315711975098,-0.030631788074970245,-0.00010406970977783203,0.036330223083496094,0.887792706489563,4.216585636138916,0.7261130213737488,-0.7353770136833191,0.03,1.2292500734329224,-0.11944061517715454,0.31654390692710876,0.03099104017019272,0.1182284951210022,-0.135296031832695,0.9832378029823303,0,0,0,0,0,0,0,0,0,0,0,0,0,0
14.433125972747803,1.0,0.0011576414108276367,-0.03283941000699997,-0.00010603666305541992,0.03795689344406128,0.924606442451477,3.872063159942627,0.7193970680236816,-0.6538815498352051,0.03,1.2292500734329224,-0.11944061517715454,0.31654390692710876,0.03099104017019272,0.1182284951210022,-0.135296031832695,0.9832378029823303,0,0,0,0,0,0,0,0,0,0,0,0,0,0
14.43490743637085,1.0,0.001031339168548584,-0.03778909891843796,-4.190206527709961e-05,0.041498005390167236,0.9176626205444336,4.106106758117676,0.6532877683639526,-1.9281525611877441,0.03,1.2292426824569702,-0.11923651397228241,0.3165827989578247,0.03342019394040108,0.11867694556713104,-0.12571489810943604,0.9843752384185791,0,0,0,0,0,0,0,0,0,0,0,0,0,0
14.436151504516602,1.0,0.001031339168548584,-0.03778909891843796,-4.190206527709961e-05,0.041498005390167236,0.9176626205444336,4.106106758117676,0.6532877683639526,-1.9281525611877441,0.03,1.2292426824569702,-0.11923651397228241,0.3165827989578247,0.03342019394040108,0.11867694556713104,-0.12571489810943604,0.9843752384185791,0,0,0,0,0,0,0,0,0,0,0,0,0,0
14.437556743621826,1.0,0.001031339168548584,-0.03778909891843796,-4.190206527709961e-05,0.041498005390167236,0.9176626205444336,4.106106758117676,0.6532877683639526,-1.9281525611877441,0.03,1.2292388677597046,-0.1193450391292572,0.316494882106781,0.03384171798825264,0.11816230416297913,-0.12197595089673996,0.9848930835723877,0,0,0,0,0,0,0,0,0,0,0,0,0,0
14.43866515159607,1.0,0.001031339168548584,-0.03778909891843796,-4.190206527709961e-05,0.041498005390167236,0.9176626205444336,4.106106758117676,0.6532877683639526,-1.9281525611877441,0.03,1.2292388677597046,-0.1193450391292572,0.316494882106781,0.03384171798825264,0.11816230416297913,-0.12197595089673996,0.9848930835723877,0,0,0,0,0,0,0,0,0,0,0,0,0,0
14.43982219696045,1.0,0.001031339168548584,-0.03778909891843796,-4.190206527709961e-05,0.041498005390167236,0.9176626205444336,4.106106758117676,0.6532877683639526,-1.9281525611877441,0.03,1.2292388677597046,-0.1193450391292572,0.316494882106781,0.03384171798825264,0.11816230416297913,-0.12197595089673996,0.9848930835723877,0,0,0,0,0,0,0,0,0,0,0,0,0,0
14.440923929214478,1.0,0.001031339168548584,-0.03778909891843796,-4.190206527709961e-05,0.041498005390167236,0.9176626205444336,4.106106758117676,0.6532877683639526,-1.9281525611877441,0.03,1.2292388677597046,-0.1193450391292572,0.316494882106781,0.03384171798825264,0.11816230416297913,-0.12197595089673996,0.9848930835723877,0,0,0,0,0,0,0,0,0,0,0,0,0,0
14.442012310028076,1.0,0.001031339168548584,-0.03778909891843796,-4.190206527709961e-05,0.041498005390167236,0.9176626205444336,4.106106758117676,0.6532877683639526,-1.9281525611877441,0.03,1.2292388677597046,-0.1193450391292572,0.316494882106781,0.03384171798825264,0.11816230416297913,-0.12197595089673996,0.9848930835723877,0,0,0,0,0,0,0,0,0,0,0,0,0,0
14.443385124206543,1.0,0.001031339168548584,-0.03778909891843796,-4.190206527709961e-05,0.041498005390167236,0.9176626205444336,4.106106758117676,0.6532877683639526,-1.9281525611877441,0.03,1.2292388677597046,-0.1193450391292572,0.316494882106781,0.03384171798825264,0.11816230416297913,-0.12197595089673996,0.9848930835723877,0,0,0,0,0,0,0,0,0,0,0,0,0,0
14.44444489479065,1.0,0.001031339168548584,-0.03778909891843796,-4.190206527709961e-05,0.041498005390167236,0.9176626205444336,4.106106758117676,0.6532877683639526,-1.9281525611877441,0.03,1.2292388677597046,-0.1193450391292572,0.316494882106781,0.03384171798825264,0.11816230416297913,-0.12197595089673996,0.9848930835723877,0,0,0,0,0,0,0,0,0,0,0,0,0,0
14.445528268814087,1.0,0.001031339168548584,-0.03778909891843796,-4.190206527709961e-05,0.041498005390167236,0.9176626205444336,4.106106758117676,0.6532877683639526,-1.9281525611877441,0.03,1.2292388677597046,-0.1193450391292572,0.316494882106781,0.03384171798825264,0.11816230416297913,-0.12197595089673996,0.9848930835723877,0,0,0,0,0,0,0,0,0,0,0,0,0,0
14.44672417640686,1.0,0.001031339168548584,-0.03778909891843796,-4.190206527709961e-05,0.041498005390167236,0.9176626205444336,4.106106758117676,0.6532877683639526,-1.9281525611877441,0.03,1.2292388677597046,-0.1193450391292572,0.316494882106781,0.03384171798825264,0.11816230416297913,-0.12197595089673996,0.9848930835723877,0,0,0,0,0,0,0,0,0,0,0,0,0,0
14.448155164718628,1.0,0.001031339168548584,-0.03778909891843796,-4.190206527709961e-05,0.041498005390167236,0.9176626205444336,4.106106758117676,0.6532877683639526,-1.9281525611877441,0.03,1.2292388677597046,-0.1193450391292572,0.316494882106781,0.03384171798825264,0.11816230416297913,-0.12197595089673996,0.9848930835723877,0,0,0,0,0,0,0,0,0,0,0,0,0,0
14.44938588142395,1.0,0.001031339168548584,-0.03778909891843796,-4.190206527709961e-05,0.041498005390167236,0.9176626205444336,4.106106758117676,0.6532877683639526,-1.9281525611877441,0.03,1.2292388677597046,-0.1193450391292572,0.316494882106781,0.03384171798825264,0.11816230416297913,-0.12197595089673996,0.9848930835723877,0,0,0,0,0,0,0,0,0,0,0,0,0,0
14.450453758239746,1.0,0.001031339168548584,-0.03778909891843796,-4.190206527709961e-05,0.041498005390167236,0.9176626205444336,4.106106758117676,0.6532877683639526,-1.9281525611877441,0.03,1.2292232513427734,-0.11943460255861282,0.3164294362068176,0.03440644592046738,0.1179828941822052,-0.11828925460577011,0.9853445887565613,0,0,0,0,0,0,0,0,0,0,0,0,0,0
14.45155644416809,1.0,0.001031339168548584,-0.03778909891843796,-4.190206527709961e-05,0.041498005390167236,0.9176626205444336,4.106106758117676,0.6532877683639526,-1.9281525611877441,0.03,1.2292174100875854,-0.11934889853000641,0.31652024388313293,0.03412475809454918,0.11808577179908752,-0.11988990753889084,0.9851486682891846,0,0,0,0,0,0,0,0,0,0,0,0,0,0
14.453693628311157,1.0,0.001031339168548584,-0.03778909891843796,-4.190206527709961e-05,0.041498005390167236,0.9176626205444336,4.106106758117676,0.6532877683639526,-1.9281525611877441,0.03,1.2292174100875854,-0.11934889853000641,0.31652024388313293,0.03412475809454918,0.11808577179908752,-0.11988990753889084,0.9851486682891846,0,0,0,0,0,0,0,0,0,0,0,0,0,0
14.45548939704895,1.0,0.001031339168548584,-0.03778909891843796,-4.190206527709961e-05,0.041498005390167236,0.9176626205444336,4.106106758117676,0.6532877683639526,-1.9281525611877441,0.03,1.2292174100875854,-0.11934889853000641,0.31652024388313293,0.03412475809454918,0.11808577179908752,-0.11988990753889084,0.9851486682891846,0,0,0,0,0,0,0,0,0,0,0,0,0,0
14.458804845809937,1.0,0.001031339168548584,-0.03778909891843796,-4.190206527709961e-05,0.041498005390167236,0.9176626205444336,4.106106758117676,0.6532877683639526,-1.9281525611877441,0.03,1.2292174100875854,-0.11934889853000641,0.31652024388313293,0.03412475809454918,0.11808577179908752,-0.11988990753889084,0.9851486682891846,0,0,0,0,0,0,0,0,0,0,0,0,0,0
14.460188388824463,1.0,0.001031339168548584,-0.03778909891843796,-4.190206527709961e-05,0.041498005390167236,0.9176626205444336,4.106106758117676,0.6532877683639526,-1.9281525611877441,0.03,1.2292174100875854,-0.11934889853000641,0.31652024388313293,0.03412475809454918,0.11808577179908752,-0.11988990753889084,0.9851486682891846,0,0,0,0,0,0,0,0,0,0,0,0,0,0
14.461442708969116,1.0,0.001031339168548584,-0.03778909891843796,-4.190206527709961e-05,0.041498005390167236,0.9176626205444336,4.106106758117676,0.6532877683639526,-1.9281525611877441,0.03,1.2292174100875854,-0.11934889853000641,0.31652024388313293,0.03412475809454918,0.11808577179908752,-0.11988990753889084,0.9851486682891846,0,0,0,0,0,0,0,0,0,0,0,0,0,0
14.463040590286255,1.0,0.001031339168548584,-0.03778909891843796,-4.190206527709961e-05,0.041498005390167236,0.9176626205444336,4.106106758117676,0.6532877683639526,-1.9281525611877441,0.03,1.2292174100875854,-0.11934889853000641,0.31652024388313293,0.03412475809454918,0.11808577179908752,-0.11988990753889084,0.9851486682891846,0,0,0,0,0,0,0,0,0,0,0,0,0,0
14.465270280838013,1.0,0.001031339168548584,-0.03778909891843796,-4.190206527709961e-05,0.041498005390167236,0.9176626205444336,4.106106758117676,0.6532877683639526,-1.9281525611877441,0.03,1.2292174100875854,-0.11934889853000641,0.31652024388313293,0.03412475809454918,0.11808577179908752,-0.11988990753889084,0.9851486682891846,0,0,0,0,0,0,0,0,0,0,0,0,0,0
14.466556787490845,1.0,0.001031339168548584,-0.03778909891843796,-4.190206527709961e-05,0.041498005390167236,0.9176626205444336,4.106106758117676,0.6532877683639526,-1.9281525611877441,0.03,1.2292174100875854,-0.11934889853000641,0.31652024388313293,0.03412475809454918,0.11808577179908752,-0.11988990753889084,0.9851486682891846,0,0,0,0,0,0,0,0,0,0,0,0,0,0
14.46769642829895,1.0,0.001031339168548584,-0.03778909891843796,-4.190206527709961e-05,0.041498005390167236,0.9176626205444336,4.106106758117676,0.6532877683639526,-1.9281525611877441,0.03,1.2292174100875854,-0.11934889853000641,0.31652024388313293,0.03412475809454918,0.11808577179908752,-0.11988990753889084,0.9851486682891846,0,0,0,0,0,0,0,0,0,0,0,0,0,0
14.469035148620605,1.0,0.001031339168548584,-0.03778909891843796,-4.190206527709961e-05,0.041498005390167236,0.9176626205444336,4.106106758117676,0.6532877683639526,-1.9281525611877441,0.03,1.2292174100875854,-0.11934889853000641,0.31652024388313293,0.03412475809454918,0.11808577179908752,-0.11988990753889084,0.9851486682891846,0,0,0,0,0,0,0,0,0,0,0,0,0,0
14.471060276031494,1.0,0.001031339168548584,-0.03778909891843796,-4.190206527709961e-05,0.041498005390167236,0.9176626205444336,4.106106758117676,0.6532877683639526,-1.9281525611877441,0.03,1.2292174100875854,-0.11934889853000641,0.31652024388313293,0.03412475809454918,0.11808577179908752,-0.11988990753889084,0.9851486682891846,0,0,0,0,0,0,0,0,0,0,0,0,0,0
14.472148895263672,1.0,0.001031339168548584,-0.03778909891843796,-4.190206527709961e-05,0.041498005390167236,0.9176626205444336,4.106106758117676,0.6532877683639526,-1.9281525611877441,0.03,1.2292174100875854,-0.11934889853000641,0.31652024388313293,0.03412475809454918,0.11808577179908752,-0.11988990753889084,0.9851486682891846,0,0,0,0,0,0,0,0,0,0,0,0,0,0
14.473340272903442,1.0,0.001031339168548584,-0.03778909891843796,-4.190206527709961e-05,0.041498005390167236,0.9176626205444336,4.106106758117676,0.6532877683639526,-1.9281525611877441,0.03,1.2292174100875854,-0.11934889853000641,0.31652024388313293,0.03412475809454918,0.11808577179908752,-0.11988990753889084,0.9851486682891846,0,0,0,0,0,0,0,0,0,0,0,0,0,0
14.47442102432251,1.0,0.001031339168548584,-0.03778909891843796,-4.190206527709961e-05,0.041498005390167236,0.9176626205444336,4.106106758117676,0.6532877683639526,-1.9281525611877441,0.03,1.2292174100875854,-0.11934889853000641,0.31652024388313293,0.03412475809454918,0.11808577179908752,-0.11988990753889084,0.9851486682891846,0,0,0,0,0,0,0,0,0,0,0,0,0,0
14.475682735443115,1.0,0.001031339168548584,-0.03778909891843796,-4.190206527709961e-05,0.041498005390167236,0.9176626205444336,4.106106758117676,0.6532877683639526,-1.9281525611877441,0.03,1.2292174100875854,-0.11934889853000641,0.31652024388313293,0.03412475809454918,0.11808577179908752,-0.11988990753889084,0.9851486682891846,0,0,0,0,0,0,0,0,0,0,0,0,0,0
14.476903676986694,1.0,0.001031339168548584,-0.03778909891843796,-4.190206527709961e-05,0.041498005390167236,0.9176626205444336,4.106106758117676,0.6532877683639526,-1.9281525611877441,0.03,1.2292174100875854,-0.11934889853000641,0.31652024388313293,0.03412475809454918,0.11808577179908752,-0.11988990753889084,0.9851486682891846,0,0,0,0,0,0,0,0,0,0,0,0,0,0
14.479427099227905,1.0,0.001031339168548584,-0.03778909891843796,-4.190206527709961e-05,0.041498005390167236,0.9176626205444336,4.106106758117676,0.6532877683639526,-1.9281525611877441,0.03,1.2292174100875854,-0.11934889853000641,0.31652024388313293,0.03412475809454918,0.11808577179908752,-0.11988990753889084,0.9851486682891846,0,0,0,0,0,0,0,0,0,0,0,0,0,0
14.480494499206543,1.0,0.001031339168548584,-0.03778909891843796,-4.190206527709961e-05,0.041498005390167236,0.9176626205444336,4.106106758117676,0.6532877683639526,-1.9281525611877441,0.03,1.2292174100875854,-0.11934889853000641,0.31652024388313293,0.03412475809454918,0.11808577179908752,-0.11988990753889084,0.9851486682891846,0,0,0,0,0,0,0,0,0,0,0,0,0,0
14.4823317527771,1.0,0.001031339168548584,-0.03778909891843796,-4.190206527709961e-05,0.041498005390167236,0.9176626205444336,4.106106758117676,0.6532877683639526,-1.9281525611877441,0.03,1.2292174100875854,-0.11934889853000641,0.31652024388313293,0.03412475809454918,0.11808577179908752,-0.11988990753889084,0.9851486682891846,0,0,0,0,0,0,0,0,0,0,0,0,0,0
14.48366665840149,1.0,0.001031339168548584,-0.03778909891843796,-4.190206527709961e-05,0.041498005390167236,0.9176626205444336,4.106106758117676,0.6532877683639526,-1.9281525611877441,0.03,1.2292119264602661,-0.11922401934862137,0.31659963726997375,0.03462229296565056,0.11802870035171509,-0.11931231617927551,0.9852081537246704,0,0,0,0,0,0,0,0,0,0,0,0,0,0
14.4848792552948,1.0,0.001031339168548584,-0.03778909891843796,-4.190206527709961e-05,0.041498005390167236,0.9176626205444336,4.106106758117676,0.6532877683639526,-1.9281525611877441,0.03,1.2292054891586304,-0.11918888986110687,0.3166157901287079,0.034776557236909866,0.11802180111408234,-0.1191156730055809,0.9852273464202881,0,0,0,0,0,0,0,0,0,0,0,0,0,0
14.486085176467896,1.0,0.001031339168548584,-0.03778909891843796,-4.190206527709961e-05,0.041498005390167236,0.9176626205444336,4.106106758117676,0.6532877683639526,-1.9281525611877441,0.03,1.2292054891586304,-0.11918888986110687,0.3166157901287079,0.034776557236909866,0.11802180111408234,-0.1191156730055809,0.9852273464202881,0,0,0,0,0,0,0,0,0,0,0,0,0,0
14.487679719924927,1.0,0.001031339168548584,-0.03778909891843796,-4.190206527709961e-05,0.041498005390167236,0.9176626205444336,4.106106758117676,0.6532877683639526,-1.9281525611877441,0.03,1.2292054891586304,-0.11918888986110687,0.3166157901287079,0.034776557236909866,0.11802180111408234,-0.1191156730055809,0.9852273464202881,0,0,0,0,0,0,0,0,0,0,0,0,0,0
14.490083932876587,1.0,0.001031339168548584,-0.03778909891843796,-4.190206527709961e-05,0.041498005390167236,0.9176626205444336,4.106106758117676,0.6532877683639526,-1.9281525611877441,0.03,1.2292054891586304,-0.11918888986110687,0.3166157901287079,0.034776557236909866,0.11802180111408234,-0.1191156730055809,0.9852273464202881,0,0,0,0,0,0,0,0,0,0,0,0,0,0
14.491361618041992,1.0,0.001031339168548584,-0.03778909891843796,-4.190206527709961e-05,0.041498005390167236,0.9176626205444336,4.106106758117676,0.6532877683639526,-1.9281525611877441,0.03,1.2292054891586304,-0.11918888986110687,0.3166157901287079,0.034776557236909866,0.11802180111408234,-0.1191156730055809,0.9852273464202881,0,0,0,0,0,0,0,0,0,0,0,0,0,0
14.493505716323853,1.0,0.001031339168548584,-0.03778909891843796,-4.190206527709961e-05,0.041498005390167236,0.9176626205444336,4.106106758117676,0.6532877683639526,-1.9281525611877441,0.03,1.2292054891586304,-0.11918888986110687,0.3166157901287079,0.034776557236909866,0.11802180111408234,-0.1191156730055809,0.9852273464202881,0,0,0,0,0,0,0,0,0,0,0,0,0,0
14.495516538619995,1.0,0.001031339168548584,-0.03778909891843796,-4.190206527709961e-05,0.041498005390167236,0.9176626205444336,4.106106758117676,0.6532877683639526,-1.9281525611877441,0.03,1.2291934490203857,-0.11923191696405411,0.31655022501945496,0.03450523316860199,0.11807005852460861,-0.12003195285797119,0.9851198792457581,0,0,0,0,0,0,0,0,0,0,0,0,0,0
14.496581792831421,1.0,0.001031339168548584,-0.03778909891843796,-4.190206527709961e-05,0.041498005390167236,0.9176626205444336,4.106106758117676,0.6532877683639526,-1.9281525611877441,0.03,1.2291502952575684,-0.11931974440813065,0.3164861500263214,0.03302578255534172,0.11815347522497177,-0.12490381300449371,0.9845547676086426,0,0,0,0,0,0,0,0,0,0,0,0,0,0
14.499467134475708,1.0,0.001031339168548584,-0.03778909891843796,-4.190206527709961e-05,0.041498005390167236,0.9176626205444336,4.106106758117676,0.6532877683639526,-1.9281525611877441,0.03,1.2291502952575684,-0.11931974440813065,0.3164861500263214,0.03302578255534172,0.11815347522497177,-0.12490381300449371,0.9845547676086426,0,0,0,0,0,0,0,0,0,0,0,0,0,0
14.501147985458374,1.0,0.001031339168548584,-0.03778909891843796,-4.190206527709961e-05,0.041498005390167236,0.9176626205444336,4.106106758117676,0.6532877683639526,-1.9281525611877441,0.03,1.2291502952575684,-0.11931974440813065,0.3164861500263214,0.03302578255534172,0.11815347522497177,-0.12490381300449371,0.9845547676086426,0,0,0,0,0,0,0,0,0,0,0,0,0,0
14.50287389755249,1.0,0.001031339168548584,-0.03778909891843796,-4.190206527709961e-05,0.041498005390167236,0.9176626205444336,4.106106758117676,0.6532877683639526,-1.9281525611877441,0.03,1.2291502952575684,-0.11931974440813065,0.3164861500263214,0.03302578255534172,0.11815347522497177,-0.12490381300449371,0.9845547676086426,0,0,0,0,0,0,0,0,0,0,0,0,0,0
14.504297494888306,1.0,0.001031339168548584,-0.03778909891843796,-4.190206527709961e-05,0.041498005390167236,0.9176626205444336,4.106106758117676,0.6532877683639526,-1.9281525611877441,0.03,1.2291502952575684,-0.11931974440813065,0.3164861500263214,0.03302578255534172,0.11815347522497177,-0.12490381300449371,0.9845547676086426,0,0,0,0,0,0,0,0,0,0,0,0,0,0
14.505554914474487,1.0,0.001031339168548584,-0.03778909891843796,-4.190206527709961e-05,0.041498005390167236,0.9176626205444336,4.106106758117676,0.6532877683639526,-1.9281525611877441,0.03,1.2291502952575684,-0.11931974440813065,0.3164861500263214,0.03302578255534172,0.11815347522497177,-0.12490381300449371,0.9845547676086426,0,0,0,0,0,0,0,0,0,0,0,0,0,0
14.50724482536316,1.0,0.001031339168548584,-0.03778909891843796,-4.190206527709961e-05,0.041498005390167236,0.9176626205444336,4.106106758117676,0.6532877683639526,-1.9281525611877441,0.03,1.2291502952575684,-0.11931974440813065,0.3164861500263214,0.03302578255534172,0.11815347522497177,-0.12490381300449371,0.9845547676086426,0,0,0,0,0,0,0,0,0,0,0,0,0,0
14.509663343429565,1.0,0.001031339168548584,-0.03778909891843796,-4.190206527709961e-05,0.041498005390167236,0.9176626205444336,4.106106758117676,0.6532877683639526,-1.9281525611877441,0.03,1.2291502952575684,-0.11931974440813065,0.3164861500263214,0.03302578255534172,0.11815347522497177,-0.12490381300449371,0.9845547676086426,0,0,0,0,0,0,0,0,0,0,0,0,0,0
14.5108323097229,1.0,0.001031339168548584,-0.03778909891843796,-4.190206527709961e-05,0.041498005390167236,0.9176626205444336,4.106106758117676,0.6532877683639526,-1.9281525611877441,0.03,1.2291502952575684,-0.11931974440813065,0.3164861500263214,0.03302578255534172,0.11815347522497177,-0.12490381300449371,0.9845547676086426,0,0,0,0,0,0,0,0,0,0,0,0,0,0
14.511956930160522,1.0,0.001031339168548584,-0.03778909891843796,-4.190206527709961e-05,0.041498005390167236,0.9176626205444336,4.106106758117676,0.6532877683639526,-1.9281525611877441,0.03,1.2291502952575684,-0.11931974440813065,0.3164861500263214,0.03302578255534172,0.11815347522497177,-0.12490381300449371,0.9845547676086426,0,0,0,0,0,0,0,0,0,0,0,0,0,0
14.51350712776184,1.0,0.001031339168548584,-0.03778909891843796,-4.190206527709961e-05,0.041498005390167236,0.9176626205444336,4.106106758117676,0.6532877683639526,-1.9281525611877441,0.03,1.2291502952575684,-0.11931974440813065,0.3164861500263214,0.03302578255534172,0.11815347522497177,-0.12490381300449371,0.9845547676086426,0,0,0,0,0,0,0,0,0,0,0,0,0,0
14.514880657196045,1.0,0.001031339168548584,-0.03778909891843796,-4.190206527709961e-05,0.041498005390167236,0.9176626205444336,4.106106758117676,0.6532877683639526,-1.9281525611877441,0.03,1.229215145111084,-0.11927921324968338,0.31662896275520325,0.03373770788311958,0.11779196560382843,-0.12346615642309189,0.9847553372383118,0,0,0,0,0,0,0,0,0,0,0,0,0,0
14.517857551574707,1.0,0.001031339168548584,-0.03778909891843796,-4.190206527709961e-05,0.041498005390167236,0.9176626205444336,4.106106758117676,0.6532877683639526,-1.9281525611877441,0.03,1.2292864322662354,-0.11936289817094803,0.31671810150146484,0.03353236988186836,0.11800398677587509,-0.12675932049751282,0.9843184351921082,0,0,0,0,0,0,0,0,0,0,0,0,0,0
14.518935441970825,1.0,0.001031339168548584,-0.03778909891843796,-4.190206527709961e-05,0.041498005390167236,0.9176626205444336,4.106106758117676,0.6532877683639526,-1.9281525611877441,0.03,1.2292864322662354,-0.11936289817094803,0.31671810150146484,0.03353236988186836,0.11800398677587509,-0.12675932049751282,0.9843184351921082,0,0,0,0,0,0,0,0,0,0,0,0,0,0
14.522016286849976,1.0,0.001031339168548584,-0.03778909891843796,-4.190206527709961e-05,0.041498005390167236,0.9176626205444336,4.106106758117676,0.6532877683639526,-1.9281525611877441,0.03,1.2292864322662354,-0.11936289817094803,0.31671810150146484,0.03353236988186836,0.11800398677587509,-0.12675932049751282,0.9843184351921082,0,0,0,0,0,0,0,0,0,0,0,0,0,0
14.523439168930054,1.0,0.001031339168548584,-0.03778909891843796,-4.190206527709961e-05,0.041498005390167236,0.9176626205444336,4.106106758117676,0.6532877683639526,-1.9281525611877441,0.03,1.2292864322662354,-0.11936289817094803,0.31671810150146484,0.03353236988186836,0.11800398677587509,-0.12675932049751282,0.9843184351921082,0,0,0,0,0,0,0,0,0,0,0,0,0,0
14.524863243103027,1.0,0.001031339168548584,-0.03778909891843796,-4.190206527709961e-05,0.041498005390167236,0.9176626205444336,4.106106758117676,0.6532877683639526,-1.9281525611877441,0.03,1.2292864322662354,-0.11936289817094803,0.31671810150146484,0.03353236988186836,0.11800398677587509,-0.12675932049751282,0.9843184351921082,0,0,0,0,0,0,0,0,0,0,0,0,0,0
14.526261329650879,1.0,0.001031339168548584,-0.03778909891843796,-4.190206527709961e-05,0.041498005390167236,0.9176626205444336,4.106106758117676,0.6532877683639526,-1.9281525611877441,0.03,1.2292864322662354,-0.11936289817094803,0.31671810150146484,0.03353236988186836,0.11800398677587509,-0.12675932049751282,0.9843184351921082,0,0,0,0,0,0,0,0,0,0,0,0,0,0
14.527722358703613,1.0,0.001031339168548584,-0.03778909891843796,-4.190206527709961e-05,0.041498005390167236,0.9176626205444336,4.106106758117676,0.6532877683639526,-1.9281525611877441,0.03,1.2292864322662354,-0.11936289817094803,0.31671810150146484,0.03353236988186836,0.11800398677587509,-0.12675932049751282,0.9843184351921082,0,0,0,0,0,0,0,0,0,0,0,0,0,0
14.528971433639526,1.0,0.001031339168548584,-0.03778909891843796,-4.190206527709961e-05,0.041498005390167236,0.9176626205444336,4.106106758117676,0.6532877683639526,-1.9281525611877441,0.03,1.2292864322662354,-0.11936289817094803,0.31671810150146484,0.03353236988186836,0.11800398677587509,-0.12675932049751282,0.9843184351921082,0,0,0,0,0,0,0,0,0,0,0,0,0,0
14.5300874710083,1.0,0.001031339168548584,-0.03778909891843796,-4.190206527709961e-05,0.041498005390167236,0.9176626205444336,4.106106758117676,0.6532877683639526,-1.9281525611877441,0.03,1.2292864322662354,-0.11936289817094803,0.31671810150146484,0.03353236988186836,0.11800398677587509,-0.12675932049751282,0.9843184351921082,0,0,0,0,0,0,0,0,0,0,0,0,0,0
14.531240463256836,1.0,0.001031339168548584,-0.03778909891843796,-4.190206527709961e-05,0.041498005390167236,0.9176626205444336,4.106106758117676,0.6532877683639526,-1.9281525611877441,0.03,1.2292864322662354,-0.11936289817094803,0.31671810150146484,0.03353236988186836,0.11800398677587509,-0.12675932049751282,0.9843184351921082,0,0,0,0,0,0,0,0,0,0,0,0,0,0
14.53233814239502,1.0,0.001031339168548584,-0.03778909891843796,-4.190206527709961e-05,0.041498005390167236,0.9176626205444336,4.106106758117676,0.6532877683639526,-1.9281525611877441,0.03,1.2292864322662354,-0.11936289817094803,0.31671810150146484,0.03353236988186836,0.11800398677587509,-0.12675932049751282,0.9843184351921082,0,0,0,0,0,0,0,0,0,0,0,0,0,0
14.533422470092773,1.0,0.001031339168548584,-0.03778909891843796,-4.190206527709961e-05,0.041498005390167236,0.9176626205444336,4.106106758117676,0.6532877683639526,-1.9281525611877441,0.03,1.2292864322662354,-0.11936289817094803,0.31671810150146484,0.03353236988186836,0.11800398677587509,-0.12675932049751282,0.9843184351921082,0,0,0,0,0,0,0,0,0,0,0,0,0,0
14.534482479095459,1.0,0.001031339168548584,-0.03778909891843796,-4.190206527709961e-05,0.041498005390167236,0.9176626205444336,4.106106758117676,0.6532877683639526,-1.9281525611877441,0.03,1.2292864322662354,-0.11936289817094803,0.31671810150146484,0.03353236988186836,0.11800398677587509,-0.12675932049751282,0.9843184351921082,0,0,0,0,0,0,0,0,0,0,0,0,0,0
14.535667419433594,1.0,0.001031339168548584,-0.03778909891843796,-4.190206527709961e-05,0.041498005390167236,0.9176626205444336,4.106106758117676,0.6532877683639526,-1.9281525611877441,0.03,1.2292864322662354,-0.11936289817094803,0.31671810150146484,0.03353236988186836,0.11800398677587509,-0.12675932049751282,0.9843184351921082,0,0,0,0,0,0,0,0,0,0,0,0,0,0
14.536952257156372,1.0,0.001031339168548584,-0.03778909891843796,-4.190206527709961e-05,0.041498005390167236,0.9176626205444336,4.106106758117676,0.6532877683639526,-1.9281525611877441,0.03,1.2292864322662354,-0.11936289817094803,0.31671810150146484,0.03353236988186836,0.11800398677587509,-0.12675932049751282,0.9843184351921082,0,0,0,0,0,0,0,0,0,0,0,0,0,0
14.53801155090332,1.0,0.001031339168548584,-0.03778909891843796,-4.190206527709961e-05,0.041498005390167236,0.9176626205444336,4.106106758117676,0.6532877683639526,-1.9281525611877441,0.03,1.2292864322662354,-0.11936289817094803,0.31671810150146484,0.03353236988186836,0.11800398677587509,-0.12675932049751282,0.9843184351921082,0,0,0,0,0,0,0,0,0,0,0,0,0,0
14.539092779159546,1.0,0.001031339168548584,-0.03778909891843796,-4.190206527709961e-05,0.041498005390167236,0.9176626205444336,4.106106758117676,0.6532877683639526,-1.9281525611877441,0.03,1.2292864322662354,-0.11936289817094803,0.31671810150146484,0.03353236988186836,0.11800398677587509,-0.12675932049751282,0.9843184351921082,0,0,0,0,0,0,0,0,0,0,0,0,0,0
14.540299892425537,1.0,0.001031339168548584,-0.03778909891843796,-4.190206527709961e-05,0.041498005390167236,0.9176626205444336,4.106106758117676,0.6532877683639526,-1.9281525611877441,0.03,1.2292864322662354,-0.11936289817094803,0.31671810150146484,0.03353236988186836,0.11800398677587509,-0.12675932049751282,0.9843184351921082,0,0,0,0,0,0,0,0,0,0,0,0,0,0
14.541545867919922,1.0,0.001031339168548584,-0.03778909891843796,-4.190206527709961e-05,0.041498005390167236,0.9176626205444336,4.106106758117676,0.6532877683639526,-1.9281525611877441,0.03,1.2292864322662354,-0.11936289817094803,0.31671810150146484,0.03353236988186836,0.11800398677587509,-0.12675932049751282,0.9843184351921082,0,0,0,0,0,0,0,0,0,0,0,0,0,0
14.542635679244995,1.0,0.001031339168548584,-0.03778909891843796,-4.190206527709961e-05,0.041498005390167236,0.9176626205444336,4.106106758117676,0.6532877683639526,-1.9281525611877441,0.03,1.2292864322662354,-0.11936289817094803,0.31671810150146484,0.03353236988186836,0.11800398677587509,-0.12675932049751282,0.9843184351921082,0,0,0,0,0,0,0,0,0,0,0,0,0,0
14.544295310974121,1.0,0.001031339168548584,-0.03778909891843796,-4.190206527709961e-05,0.041498005390167236,0.9176626205444336,4.106106758117676,0.6532877683639526,-1.9281525611877441,0.03,1.2292864322662354,-0.11936289817094803,0.31671810150146484,0.03353236988186836,0.11800398677587509,-0.12675932049751282,0.9843184351921082,0,0,0,0,0,0,0,0,0,0,0,0,0,0
14.546587944030762,1.0,0.001031339168548584,-0.03778909891843796,-4.190206527709961e-05,0.041498005390167236,0.9176626205444336,4.106106758117676,0.6532877683639526,-1.9281525611877441,0.03,1.2292864322662354,-0.11936289817094803,0.31671810150146484,0.03353236988186836,0.11800398677587509,-0.12675932049751282,0.9843184351921082,0,0,0,0,0,0,0,0,0,0,0,0,0,0
14.548714637756348,1.0,0.001031339168548584,-0.03778909891843796,-4.190206527709961e-05,0.041498005390167236,0.9176626205444336,4.106106758117676,0.6532877683639526,-1.9281525611877441,0.03,1.2292864322662354,-0.11936289817094803,0.31671810150146484,0.03353236988186836,0.11800398677587509,-0.12675932049751282,0.9843184351921082,0,0,0,0,0,0,0,0,0,0,0,0,0,0
14.550511837005615,1.0,0.001031339168548584,-0.03778909891843796,-4.190206527709961e-05,0.041498005390167236,0.9176626205444336,4.106106758117676,0.6532877683639526,-1.9281525611877441,0.03,1.2292864322662354,-0.11936289817094803,0.31671810150146484,0.03353236988186836,0.11800398677587509,-0.12675932049751282,0.9843184351921082,0,0,0,0,0,0,0,0,0,0,0,0,0,0
14.551819801330566,1.0,0.001031339168548584,-0.03778909891843796,-4.190206527709961e-05,0.041498005390167236,0.9176626205444336,4.106106758117676,0.6532877683639526,-1.9281525611877441,0.03,1.2292864322662354,-0.11936289817094803,0.31671810150146484,0.03353236988186836,0.11800398677587509,-0.12675932049751282,0.9843184351921082,0,0,0,0,0,0,0,0,0,0,0,0,0,0
14.552990436553955,1.0,0.001031339168548584,-0.03778909891843796,-4.190206527709961e-05,0.041498005390167236,0.9176626205444336,4.106106758117676,0.6532877683639526,-1.9281525611877441,0.03,1.2292864322662354,-0.11936289817094803,0.31671810150146484,0.03353236988186836,0.11800398677587509,-0.12675932049751282,0.9843184351921082,0,0,0,0,0,0,0,0,0,0,0,0,0,0
14.554239273071289,1.0,0.001031339168548584,-0.03778909891843796,-4.190206527709961e-05,0.041498005390167236,0.9176626205444336,4.106106758117676,0.6532877683639526,-1.9281525611877441,0.03,1.2292864322662354,-0.11936289817094803,0.31671810150146484,0.03353236988186836,0.11800398677587509,-0.12675932049751282,0.9843184351921082,0,0,0,0,0,0,0,0,0,0,0,0,0,0
14.555559396743774,1.0,0.001031339168548584,-0.03778909891843796,-4.190206527709961e-05,0.041498005390167236,0.9176626205444336,4.106106758117676,0.6532877683639526,-1.9281525611877441,0.03,1.2292864322662354,-0.11936289817094803,0.31671810150146484,0.03353236988186836,0.11800398677587509,-0.12675932049751282,0.9843184351921082,0,0,0,0,0,0,0,0,0,0,0,0,0,0
14.557147979736328,1.0,0.001031339168548584,-0.03778909891843796,-4.190206527709961e-05,0.041498005390167236,0.9176626205444336,4.106106758117676,0.6532877683639526,-1.9281525611877441,0.03,1.2292864322662354,-0.11936289817094803,0.31671810150146484,0.03353236988186836,0.11800398677587509,-0.12675932049751282,0.9843184351921082,0,0,0,0,0,0,0,0,0,0,0,0,0,0
14.558571338653564,1.0,0.001031339168548584,-0.03778909891843796,-4.190206527709961e-05,0.041498005390167236,0.9176626205444336,4.106106758117676,0.6532877683639526,-1.9281525611877441,0.03,1.2292864322662354,-0.11936289817094803,0.31671810150146484,0.03353236988186836,0.11800398677587509,-0.12675932049751282,0.9843184351921082,0,0,0,0,0,0,0,0,0,0,0,0,0,0
14.559915542602539,1.0,0.001031339168548584,-0.03778909891843796,-4.190206527709961e-05,0.041498005390167236,0.9176626205444336,4.106106758117676,0.6532877683639526,-1.9281525611877441,0.03,1.2292864322662354,-0.11936289817094803,0.31671810150146484,0.03353236988186836,0.11800398677587509,-0.12675932049751282,0.9843184351921082,0,0,0,0,0,0,0,0,0,0,0,0,0,0
14.561084270477295,1.0,0.001031339168548584,-0.03778909891843796,-4.190206527709961e-05,0.041498005390167236,0.9176626205444336,4.106106758117676,0.6532877683639526,-1.9281525611877441,0.03,1.2292864322662354,-0.11936289817094803,0.31671810150146484,0.03353236988186836,0.11800398677587509,-0.12675932049751282,0.9843184351921082,0,0,0,0,0,0,0,0,0,0,0,0,0,0
14.562169790267944,1.0,0.001031339168548584,-0.03778909891843796,-4.190206527709961e-05,0.041498005390167236,0.9176626205444336,4.106106758117676,0.6532877683639526,-1.9281525611877441,0.03,1.2292864322662354,-0.11936289817094803,0.31671810150146484,0.03353236988186836,0.11800398677587509,-0.12675932049751282,0.9843184351921082,0,0,0,0,0,0,0,0,0,0,0,0,0,0
14.563350439071655,1.0,0.001031339168548584,-0.03778909891843796,-4.190206527709961e-05,0.041498005390167236,0.9176626205444336,4.106106758117676,0.6532877683639526,-1.9281525611877441,0.03,1.2292864322662354,-0.11936289817094803,0.31671810150146484,0.03353236988186836,0.11800398677587509,-0.12675932049751282,0.9843184351921082,0,0,0,0,0,0,0,0,0,0,0,0,0,0
14.564428806304932,1.0,0.001031339168548584,-0.03778909891843796,-4.190206527709961e-05,0.041498005390167236,0.9176626205444336,4.106106758117676,0.6532877683639526,-1.9281525611877441,0.03,1.2292864322662354,-0.11936289817094803,0.31671810150146484,0.03353236988186836,0.11800398677587509,-0.12675932049751282,0.9843184351921082,0,0,0,0,0,0,0,0,0,0,0,0,0,0
14.565673589706421,1.0,0.001031339168548584,-0.03778909891843796,-4.190206527709961e-05,0.041498005390167236,0.9176626205444336,4.106106758117676,0.6532877683639526,-1.9281525611877441,0.03,1.2292864322662354,-0.11936289817094803,0.31671810150146484,0.03353236988186836,0.11800398677587509,-0.12675932049751282,0.9843184351921082,0,0,0,0,0,0,0,0,0,0,0,0,0,0
14.566859722137451,1.0,0.001031339168548584,-0.03778909891843796,-4.190206527709961e-05,0.041498005390167236,0.9176626205444336,4.106106758117676,0.6532877683639526,-1.9281525611877441,0.03,1.2292864322662354,-0.11936289817094803,0.31671810150146484,0.03353236988186836,0.11800398677587509,-0.12675932049751282,0.9843184351921082,0,0,0,0,0,0,0,0,0,0,0,0,0,0
14.568029403686523,1.0,0.001031339168548584,-0.03778909891843796,-4.190206527709961e-05,0.041498005390167236,0.9176626205444336,4.106106758117676,0.6532877683639526,-1.9281525611877441,0.03,1.2292864322662354,-0.11936289817094803,0.31671810150146484,0.03353236988186836,0.11800398677587509,-0.12675932049751282,0.9843184351921082,0,0,0,0,0,0,0,0,0,0,0,0,0,0
14.56917405128479,1.0,0.001031339168548584,-0.03778909891843796,-4.190206527709961e-05,0.041498005390167236,0.9176626205444336,4.106106758117676,0.6532877683639526,-1.9281525611877441,0.03,1.2292864322662354,-0.11936289817094803,0.31671810150146484,0.03353236988186836,0.11800398677587509,-0.12675932049751282,0.9843184351921082,0,0,0,0,0,0,0,0,0,0,0,0,0,0
14.57053804397583,1.0,0.001031339168548584,-0.03778909891843796,-4.190206527709961e-05,0.041498005390167236,0.9176626205444336,4.106106758117676,0.6532877683639526,-1.9281525611877441,0.03,1.2292864322662354,-0.11936289817094803,0.31671810150146484,0.03353236988186836,0.11800398677587509,-0.12675932049751282,0.9843184351921082,0,0,0,0,0,0,0,0,0,0,0,0,0,0
14.57173466682434,1.0,0.001031339168548584,-0.03778909891843796,-4.190206527709961e-05,0.041498005390167236,0.9176626205444336,4.106106758117676,0.6532877683639526,-1.9281525611877441,0.03,1.2292864322662354,-0.11936289817094803,0.31671810150146484,0.03353236988186836,0.11800398677587509,-0.12675932049751282,0.9843184351921082,0,0,0,0,0,0,0,0,0,0,0,0,0,0
14.572956800460815,1.0,0.001031339168548584,-0.03778909891843796,-4.190206527709961e-05,0.041498005390167236,0.9176626205444336,4.106106758117676,0.6532877683639526,-1.9281525611877441,0.03,1.2292864322662354,-0.11936289817094803,0.31671810150146484,0.03353236988186836,0.11800398677587509,-0.12675932049751282,0.9843184351921082,0,0,0,0,0,0,0,0,0,0,0,0,0,0
14.574509382247925,1.0,0.001031339168548584,-0.03778909891843796,-4.190206527709961e-05,0.041498005390167236,0.9176626205444336,4.106106758117676,0.6532877683639526,-1.9281525611877441,0.03,1.2292864322662354,-0.11936289817094803,0.31671810150146484,0.03353236988186836,0.11800398677587509,-0.12675932049751282,0.9843184351921082,0,0,0,0,0,0,0,0,0,0,0,0,0,0
14.57574725151062,1.0,0.001031339168548584,-0.03778909891843796,-4.190206527709961e-05,0.041498005390167236,0.9176626205444336,4.106106758117676,0.6532877683639526,-1.9281525611877441,0.03,1.2292864322662354,-0.11936289817094803,0.31671810150146484,0.03353236988186836,0.11800398677587509,-0.12675932049751282,0.9843184351921082,0,0,0,0,0,0,0,0,0,0,0,0,0,0
14.576861143112183,1.0,0.001031339168548584,-0.03778909891843796,-4.190206527709961e-05,0.041498005390167236,0.9176626205444336,4.106106758117676,0.6532877683639526,-1.9281525611877441,0.03,1.2292864322662354,-0.11936289817094803,0.31671810150146484,0.03353236988186836,0.11800398677587509,-0.12675932049751282,0.9843184351921082,0,0,0,0,0,0,0,0,0,0,0,0,0,0
14.579588651657104,1.0,0.001031339168548584,-0.03778909891843796,-4.190206527709961e-05,0.041498005390167236,0.9176626205444336,4.106106758117676,0.6532877683639526,-1.9281525611877441,0.03,1.2292864322662354,-0.11936289817094803,0.31671810150146484,0.03353236988186836,0.11800398677587509,-0.12675932049751282,0.9843184351921082,0,0,0,0,0,0,0,0,0,0,0,0,0,0
14.580979585647583,1.0,0.001031339168548584,-0.03778909891843796,-4.190206527709961e-05,0.041498005390167236,0.9176626205444336,4.106106758117676,0.6532877683639526,-1.9281525611877441,0.03,1.2292864322662354,-0.11936289817094803,0.31671810150146484,0.03353236988186836,0.11800398677587509,-0.12675932049751282,0.9843184351921082,0,0,0,0,0,0,0,0,0,0,0,0,0,0
14.58232831954956,1.0,0.001031339168548584,-0.03778909891843796,-4.190206527709961e-05,0.041498005390167236,0.9176626205444336,4.106106758117676,0.6532877683639526,-1.9281525611877441,0.03,1.2292864322662354,-0.11936289817094803,0.31671810150146484,0.03353236988186836,0.11800398677587509,-0.12675932049751282,0.9843184351921082,0,0,0,0,0,0,0,0,0,0,0,0,0,0
14.583677530288696,1.0,0.0009195804595947266,-0.05156567692756653,-4.13060188293457e-05,0.05412304401397705,0.8063192963600159,3.556025266647339,0.6491193771362305,-1.8519662618637085,0.03,1.2292864322662354,-0.11936289817094803,0.31671810150146484,0.03353236988186836,0.11800398677587509,-0.12675932049751282,0.9843184351921082,0,0,0,0,0,0,0,0,0,0,0,0,0,0
14.586986780166626,1.0,0.0009301900863647461,-0.0545283704996109,-4.404783248901367e-05,0.05730032920837402,0.8251583576202393,3.1922218799591064,0.6652300953865051,-1.1310924291610718,0.03,1.229185700416565,-0.11936727911233902,0.316472589969635,0.031303904950618744,0.11755732446908951,-0.12899912893772125,0.984154224395752,0,0,0,0,0,0,0,0,0,0,0,0,0,0
14.588053464889526,1.0,0.0009443163871765137,-0.06476373225450516,-4.13060188293457e-05,0.06746137142181396,0.8348560333251953,2.590055465698242,0.612488865852356,-0.7606937885284424,0.03,1.229185700416565,-0.11936727911233902,0.316472589969635,0.031303904950618744,0.11755732446908951,-0.12899912893772125,0.984154224395752,0,0,0,0,0,0,0,0,0,0,0,0,0,0
14.591284036636353,1.0,0.0009443163871765137,-0.06476373225450516,-4.13060188293457e-05,0.06746137142181396,0.8348560333251953,2.590055465698242,0.612488865852356,-0.7606937885284424,0.03,1.229185700416565,-0.11936727911233902,0.316472589969635,0.031303904950618744,0.11755732446908951,-0.12899912893772125,0.984154224395752,0,0,0,0,0,0,0,0,0,0,0,0,0,0
14.593560457229614,2.0,0.008126616477966309,-0.08312588930130005,-0.008148372173309326,0.08308380842208862,-0.6888527274131775,-0.007289165630936623,0.07810615003108978,-0.37537509202957153,0.03,1.229185700416565,-0.11936727911233902,0.316472589969635,0.031303904950618744,0.11755732446908951,-0.12899912893772125,0.984154224395752,0,0,0,0,0,0,0,0,0,0,0,0,0,0
14.594659805297852,2.0,0.008663535118103027,-0.08285917341709137,-0.00926971435546875,0.08273734152317047,-0.7793740034103394,0.24981608986854553,0.44442105293273926,-0.6789979338645935,0.03,1.229185700416565,-0.11936727911233902,0.316472589969635,0.031303904950618744,0.11755732446908951,-0.12899912893772125,0.984154224395752,0,0,0,0,0,0,0,0,0,0,0,0,0,0
14.59659457206726,2.0,0.009455502033233643,-0.08264806866645813,-0.009994983673095703,0.082315593957901,-0.7010067701339722,0.3027758300304413,0.509494960308075,-0.954595148563385,0.03,1.229185700416565,-0.11936727911233902,0.316472589969635,0.031303904950618744,0.11755732446908951,-0.12899912893772125,0.984154224395752,0,0,0,0,0,0,0,0,0,0,0,0,0,0
14.598822832107544,2.0,0.009929180145263672,-0.0825469046831131,-0.010657846927642822,0.08217278122901917,-1.1003550291061401,0.3361978530883789,0.5914916396141052,-0.9484199285507202,0.03,1.229185700416565,-0.11936727911233902,0.316472589969635,0.031303904950618744,0.11755732446908951,-0.12899912893772125,0.984154224395752,0,0,0,0,0,0,0,0,0,0,0,0,0,0
14.602499008178711,2.0,0.012639522552490234,-0.08237624168395996,-0.013876020908355713,0.08209852874279022,-1.1044095754623413,0.32782885432243347,0.5426598787307739,-0.7261390089988708,0.03,1.2292040586471558,-0.11931959539651871,0.3164590895175934,0.031790804117918015,0.11748410761356354,-0.12484142929315567,0.9846834540367126,0,0,0,0,0,0,0,0,0,0,0,0,0,0
14.604061603546143,2.0,0.014531612396240234,-0.08242924511432648,-0.01576942205429077,0.08220508694648743,-1.116359829902649,0.2913933992385864,0.45460227131843567,-0.6565557718276978,0.03,1.2292040586471558,-0.11931959539651871,0.3164590895175934,0.031790804117918015,0.11748410761356354,-0.12484142929315567,0.9846834540367126,0,0,0,0,0,0,0,0,0,0,0,0,0,0
14.60612440109253,2.0,0.016405224800109863,-0.08250445127487183,-0.01757025718688965,0.08239094913005829,-1.235862374305725,0.22210544347763062,0.24482205510139465,-0.5133347511291504,0.03,1.2292040586471558,-0.11931959539651871,0.3164590895175934,0.031790804117918015,0.11748410761356354,-0.12484142929315567,0.9846834540367126,0,0,0,0,0,0,0,0,0,0,0,0,0,0
14.607449293136597,2.0,0.016405224800109863,-0.08250445127487183,-0.01757025718688965,0.08239094913005829,-1.235862374305725,0.22210544347763062,0.24482205510139465,-0.5133347511291504,0.03,1.2292040586471558,-0.11931959539651871,0.3164590895175934,0.031790804117918015,0.11748410761356354,-0.12484142929315567,0.9846834540367126,0,0,0,0,0,0,0,0,0,0,0,0,0,0
14.608887195587158,2.0,0.016405224800109863,-0.08250445127487183,-0.01757025718688965,0.08239094913005829,-1.235862374305725,0.22210544347763062,0.24482205510139465,-0.5133347511291504,0.03,1.2292040586471558,-0.11931959539651871,0.3164590895175934,0.031790804117918015,0.11748410761356354,-0.12484142929315567,0.9846834540367126,0,0,0,0,0,0,0,0,0,0,0,0,0,0
14.610707998275757,2.0,0.016405224800109863,-0.08250445127487183,-0.01757025718688965,0.08239094913005829,-1.235862374305725,0.22210544347763062,0.24482205510139465,-0.5133347511291504,0.03,1.2292040586471558,-0.11931959539651871,0.3164590895175934,0.031790804117918015,0.11748410761356354,-0.12484142929315567,0.9846834540367126,0,0,0,0,0,0,0,0,0,0,0,0,0,0
14.612987518310547,2.0,0.016405224800109863,-0.08250445127487183,-0.01757025718688965,0.08239094913005829,-1.235862374305725,0.22210544347763062,0.24482205510139465,-0.5133347511291504,0.03,1.2292040586471558,-0.11931959539651871,0.3164590895175934,0.031790804117918015,0.11748410761356354,-0.12484142929315567,0.9846834540367126,0,0,0,0,0,0,0,0,0,0,0,0,0,0
14.614262342453003,2.0,0.01790642738342285,-0.08245383203029633,-0.018838703632354736,0.0823860764503479,-1.108698844909668,0.33343368768692017,0.09384384006261826,-0.564739465713501,0.03,1.229270577430725,-0.11936292052268982,0.31652066111564636,0.032452795654535294,0.11735695600509644,-0.12153912335634232,0.9850900769233704,0,0,0,0,0,0,0,0,0,0,0,0,0,0
14.61540699005127,2.0,0.019732534885406494,-0.08243890106678009,-0.020636022090911865,0.08236159384250641,-1.4949496984481812,0.32075124979019165,-0.22462458908557892,-0.555596649646759,0.03,1.2292472124099731,-0.11949045956134796,0.3163670599460602,0.033327553421258926,0.11718280613422394,-0.11705844849348068,0.9856241345405579,0,0,0,0,0,0,0,0,0,0,0,0,0,0
14.616708517074585,2.0,0.02135169506072998,-0.08243988454341888,-0.022027671337127686,0.0823231041431427,-1.55739426612854,0.31724750995635986,-0.08705735206604004,-0.6494969129562378,0.03,1.2292276620864868,-0.1193518191576004,0.31645214557647705,0.03208490088582039,0.11754338443279266,-0.12203765660524368,0.9850183129310608,0,0,0,0,0,0,0,0,0,0,0,0,0,0
14.617774486541748,2.0,0.022916018962860107,-0.08243973553180695,-0.023859500885009766,0.08232404291629791,-1.6761631965637207,0.31856676936149597,-0.18506692349910736,-0.6320456862449646,0.03,1.2292276620864868,-0.1193518191576004,0.31645214557647705,0.03208490088582039,0.11754338443279266,-0.12203765660524368,0.9850183129310608,0,0,0,0,0,0,0,0,0,0,0,0,0,0
14.619402647018433,2.0,0.022916018962860107,-0.08243973553180695,-0.023859500885009766,0.08232404291629791,-1.6761631965637207,0.31856676936149597,-0.18506692349910736,-0.6320456862449646,0.03,1.2292276620864868,-0.1193518191576004,0.31645214557647705,0.03208490088582039,0.11754338443279266,-0.12203765660524368,0.9850183129310608,0,0,0,0,0,0,0,0,0,0,0,0,0,0
14.620652675628662,2.0,0.022916018962860107,-0.08243973553180695,-0.023859500885009766,0.08232404291629791,-1.6761631965637207,0.31856676936149597,-0.18506692349910736,-0.6320456862449646,0.03,1.2292276620864868,-0.1193518191576004,0.31645214557647705,0.03208490088582039,0.11754338443279266,-0.12203765660524368,0.9850183129310608,0,0,0,0,0,0,0,0,0,0,0,0,0,0
14.62192678451538,2.0,0.022916018962860107,-0.08243973553180695,-0.023859500885009766,0.08232404291629791,-1.6761631965637207,0.31856676936149597,-0.18506692349910736,-0.6320456862449646,0.03,1.2292276620864868,-0.1193518191576004,0.31645214557647705,0.03208490088582039,0.11754338443279266,-0.12203765660524368,0.9850183129310608,0,0,0,0,0,0,0,0,0,0,0,0,0,0
14.623021602630615,2.0,0.022916018962860107,-0.08243973553180695,-0.023859500885009766,0.08232404291629791,-1.6761631965637207,0.31856676936149597,-0.18506692349910736,-0.6320456862449646,0.03,1.2292276620864868,-0.1193518191576004,0.31645214557647705,0.03208490088582039,0.11754338443279266,-0.12203765660524368,0.9850183129310608,0,0,0,0,0,0,0,0,0,0,0,0,0,0
14.624127626419067,2.0,0.022916018962860107,-0.08243973553180695,-0.023859500885009766,0.08232404291629791,-1.6761631965637207,0.31856676936149597,-0.18506692349910736,-0.6320456862449646,0.03,1.2292276620864868,-0.1193518191576004,0.31645214557647705,0.03208490088582039,0.11754338443279266,-0.12203765660524368,0.9850183129310608,0,0,0,0,0,0,0,0,0,0,0,0,0,0
14.625272989273071,2.0,0.022916018962860107,-0.08243973553180695,-0.023859500885009766,0.08232404291629791,-1.6761631965637207,0.31856676936149597,-0.18506692349910736,-0.6320456862449646,0.03,1.2292276620864868,-0.1193518191576004,0.31645214557647705,0.03208490088582039,0.11754338443279266,-0.12203765660524368,0.9850183129310608,0,0,0,0,0,0,0,0,0,0,0,0,0,0
14.62636685371399,2.0,0.022916018962860107,-0.08243973553180695,-0.023859500885009766,0.08232404291629791,-1.6761631965637207,0.31856676936149597,-0.18506692349910736,-0.6320456862449646,0.03,1.2292300462722778,-0.11949421465396881,0.31632018089294434,0.03319581225514412,0.11736635863780975,-0.11679248511791229,0.9856382012367249,0,0,0,0,0,0,0,0,0,0,0,0,0,0
14.62764048576355,2.0,0.022916018962860107,-0.08243973553180695,-0.023859500885009766,0.08232404291629791,-1.6761631965637207,0.31856676936149597,-0.18506692349910736,-0.6320456862449646,0.03,1.2292300462722778,-0.11949421465396881,0.31632018089294434,0.03319581225514412,0.11736635863780975,-0.11679248511791229,0.9856382012367249,0,0,0,0,0,0,0,0,0,0,0,0,0,0
14.628832340240479,2.0,0.022916018962860107,-0.08243973553180695,-0.023859500885009766,0.08232404291629791,-1.6761631965637207,0.31856676936149597,-0.18506692349910736,-0.6320456862449646,0.03,1.2292300462722778,-0.11949421465396881,0.31632018089294434,0.03319581225514412,0.11736635863780975,-0.11679248511791229,0.9856382012367249,0,0,0,0,0,0,0,0,0,0,0,0,0,0
14.629915952682495,2.0,0.022916018962860107,-0.08243973553180695,-0.023859500885009766,0.08232404291629791,-1.6761631965637207,0.31856676936149597,-0.18506692349910736,-0.6320456862449646,0.03,1.2292300462722778,-0.11949421465396881,0.31632018089294434,0.03319581225514412,0.11736635863780975,-0.11679248511791229,0.9856382012367249,0,0,0,0,0,0,0,0,0,0,0,0,0,0
14.63100552558899,2.0,0.022916018962860107,-0.08243973553180695,-0.023859500885009766,0.08232404291629791,-1.6761631965637207,0.31856676936149597,-0.18506692349910736,-0.6320456862449646,0.03,1.2292300462722778,-0.11949421465396881,0.31632018089294434,0.03319581225514412,0.11736635863780975,-0.11679248511791229,0.9856382012367249,0,0,0,0,0,0,0,0,0,0,0,0,0,0
14.63209581375122,2.0,0.022916018962860107,-0.08243973553180695,-0.023859500885009766,0.08232404291629791,-1.6761631965637207,0.31856676936149597,-0.18506692349910736,-0.6320456862449646,0.03,1.2292300462722778,-0.11949421465396881,0.31632018089294434,0.03319581225514412,0.11736635863780975,-0.11679248511791229,0.9856382012367249,0,0,0,0,0,0,0,0,0,0,0,0,0,0
14.633301734924316,2.0,0.022916018962860107,-0.08243973553180695,-0.023859500885009766,0.08232404291629791,-1.6761631965637207,0.31856676936149597,-0.18506692349910736,-0.6320456862449646,0.03,1.2292300462722778,-0.11949421465396881,0.31632018089294434,0.03319581225514412,0.11736635863780975,-0.11679248511791229,0.9856382012367249,0,0,0,0,0,0,0,0,0,0,0,0,0,0
14.634451150894165,2.0,0.022916018962860107,-0.08243973553180695,-0.023859500885009766,0.08232404291629791,-1.6761631965637207,0.31856676936149597,-0.18506692349910736,-0.6320456862449646,0.03,1.2292300462722778,-0.11949421465396881,0.31632018089294434,0.03319581225514412,0.11736635863780975,-0.11679248511791229,0.9856382012367249,0,0,0,0,0,0,0,0,0,0,0,0,0,0
14.635666847229004,2.0,0.022916018962860107,-0.08243973553180695,-0.023859500885009766,0.08232404291629791,-1.6761631965637207,0.31856676936149597,-0.18506692349910736,-0.6320456862449646,0.03,1.2292300462722778,-0.11949421465396881,0.31632018089294434,0.03319581225514412,0.11736635863780975,-0.11679248511791229,0.9856382012367249,0,0,0,0,0,0,0,0,0,0,0,0,0,0
14.63713812828064,2.0,0.022916018962860107,-0.08243973553180695,-0.023859500885009766,0.08232404291629791,-1.6761631965637207,0.31856676936149597,-0.18506692349910736,-0.6320456862449646,0.03,1.2292300462722778,-0.11949421465396881,0.31632018089294434,0.03319581225514412,0.11736635863780975,-0.11679248511791229,0.9856382012367249,0,0,0,0,0,0,0,0,0,0,0,0,0,0
14.638686418533325,2.0,0.022916018962860107,-0.08243973553180695,-0.023859500885009766,0.08232404291629791,-1.6761631965637207,0.31856676936149597,-0.18506692349910736,-0.6320456862449646,0.03,1.2292300462722778,-0.11949421465396881,0.31632018089294434,0.03319581225514412,0.11736635863780975,-0.11679248511791229,0.9856382012367249,0,0,0,0,0,0,0,0,0,0,0,0,0,0
14.640128374099731,2.0,0.022916018962860107,-0.08243973553180695,-0.023859500885009766,0.08232404291629791,-1.6761631965637207,0.31856676936149597,-0.18506692349910736,-0.6320456862449646,0.03,1.2292300462722778,-0.11949421465396881,0.31632018089294434,0.03319581225514412,0.11736635863780975,-0.11679248511791229,0.9856382012367249,0,0,0,0,0,0,0,0,0,0,0,0,0,0
14.641266822814941,2.0,0.022916018962860107,-0.08243973553180695,-0.023859500885009766,0.08232404291629791,-1.6761631965637207,0.31856676936149597,-0.18506692349910736,-0.6320456862449646,0.03,1.2292300462722778,-0.11949421465396881,0.31632018089294434,0.03319581225514412,0.11736635863780975,-0.11679248511791229,0.9856382012367249,0,0,0,0,0,0,0,0,0,0,0,0,0,0
14.64389967918396,2.0,0.022916018962860107,-0.08243973553180695,-0.023859500885009766,0.08232404291629791,-1.6761631965637207,0.31856676936149597,-0.18506692349910736,-0.6320456862449646,0.03,1.2292300462722778,-0.11949421465396881,0.31632018089294434,0.03319581225514412,0.11736635863780975,-0.11679248511791229,0.9856382012367249,0,0,0,0,0,0,0,0,0,0,0,0,0,0
14.645146369934082,2.0,0.022916018962860107,-0.08243973553180695,-0.023859500885009766,0.08232404291629791,-1.6761631965637207,0.31856676936149597,-0.18506692349910736,-0.6320456862449646,0.03,1.2292300462722778,-0.11949421465396881,0.31632018089294434,0.03319581225514412,0.11736635863780975,-0.11679248511791229,0.9856382012367249,0,0,0,0,0,0,0,0,0,0,0,0,0,0
14.646254301071167,2.0,0.022916018962860107,-0.08243973553180695,-0.023859500885009766,0.08232404291629791,-1.6761631965637207,0.31856676936149597,-0.18506692349910736,-0.6320456862449646,0.03,1.2292300462722778,-0.11949421465396881,0.31632018089294434,0.03319581225514412,0.11736635863780975,-0.11679248511791229,0.9856382012367249,0,0,0,0,0,0,0,0,0,0,0,0,0,0
14.647796630859375,2.0,0.022916018962860107,-0.08243973553180695,-0.023859500885009766,0.08232404291629791,-1.6761631965637207,0.31856676936149597,-0.18506692349910736,-0.6320456862449646,0.03,1.2292300462722778,-0.11949421465396881,0.31632018089294434,0.03319581225514412,0.11736635863780975,-0.11679248511791229,0.9856382012367249,0,0,0,0,0,0,0,0,0,0,0,0,0,0
14.650212526321411,2.0,0.022916018962860107,-0.08243973553180695,-0.023859500885009766,0.08232404291629791,-1.6761631965637207,0.31856676936149597,-0.18506692349910736,-0.6320456862449646,0.03,1.2292300462722778,-0.11949421465396881,0.31632018089294434,0.03319581225514412,0.11736635863780975,-0.11679248511791229,0.9856382012367249,0,0,0,0,0,0,0,0,0,0,0,0,0,0
14.651502132415771,2.0,0.022916018962860107,-0.08243973553180695,-0.023859500885009766,0.08232404291629791,-1.6761631965637207,0.31856676936149597,-0.18506692349910736,-0.6320456862449646,0.03,1.2292300462722778,-0.11949421465396881,0.31632018089294434,0.03319581225514412,0.11736635863780975,-0.11679248511791229,0.9856382012367249,0,0,0,0,0,0,0,0,0,0,0,0,0,0
14.653837442398071,2.0,0.022916018962860107,-0.08243973553180695,-0.023859500885009766,0.08232404291629791,-1.6761631965637207,0.31856676936149597,-0.18506692349910736,-0.6320456862449646,0.03,1.2292300462722778,-0.11949421465396881,0.31632018089294434,0.03319581225514412,0.11736635863780975,-0.11679248511791229,0.9856382012367249,0,0,0,0,0,0,0,0,0,0,0,0,0,0
14.655859231948853,2.0,0.022916018962860107,-0.08243973553180695,-0.023859500885009766,0.08232404291629791,-1.6761631965637207,0.31856676936149597,-0.18506692349910736,-0.6320456862449646,0.03,1.2292300462722778,-0.11949421465396881,0.31632018089294434,0.03319581225514412,0.11736635863780975,-0.11679248511791229,0.9856382012367249,0,0,0,0,0,0,0,0,0,0,0,0,0,0
14.656954050064087,2.0,0.022916018962860107,-0.08243973553180695,-0.023859500885009766,0.08232404291629791,-1.6761631965637207,0.31856676936149597,-0.18506692349910736,-0.6320456862449646,0.03,1.2292300462722778,-0.11949421465396881,0.31632018089294434,0.03319581225514412,0.11736635863780975,-0.11679248511791229,0.9856382012367249,0,0,0,0,0,0,0,0,0,0,0,0,0,0
14.658087253570557,2.0,0.022916018962860107,-0.08243973553180695,-0.023859500885009766,0.08232404291629791,-1.6761631965637207,0.31856676936149597,-0.18506692349910736,-0.6320456862449646,0.03,1.2292300462722778,-0.11949421465396881,0.31632018089294434,0.03319581225514412,0.11736635863780975,-0.11679248511791229,0.9856382012367249,0,0,0,0,0,0,0,0,0,0,0,0,0,0
14.65930461883545,2.0,0.022916018962860107,-0.08243973553180695,-0.023859500885009766,0.08232404291629791,-1.6761631965637207,0.31856676936149597,-0.18506692349910736,-0.6320456862449646,0.03,1.2292300462722778,-0.11949421465396881,0.31632018089294434,0.03319581225514412,0.11736635863780975,-0.11679248511791229,0.9856382012367249,0,0,0,0,0,0,0,0,0,0,0,0,0,0
14.660391330718994,2.0,0.022916018962860107,-0.08243973553180695,-0.023859500885009766,0.08232404291629791,-1.6761631965637207,0.31856676936149597,-0.18506692349910736,-0.6320456862449646,0.03,1.2292300462722778,-0.11949421465396881,0.31632018089294434,0.03319581225514412,0.11736635863780975,-0.11679248511791229,0.9856382012367249,0,0,0,0,0,0,0,0,0,0,0,0,0,0
14.66149377822876,2.0,0.022916018962860107,-0.08243973553180695,-0.023859500885009766,0.08232404291629791,-1.6761631965637207,0.31856676936149597,-0.18506692349910736,-0.6320456862449646,0.03,1.2292300462722778,-0.11949421465396881,0.31632018089294434,0.03319581225514412,0.11736635863780975,-0.11679248511791229,0.9856382012367249,0,0,0,0,0,0,0,0,0,0,0,0,0,0
14.662825107574463,2.0,0.022916018962860107,-0.08243973553180695,-0.023859500885009766,0.08232404291629791,-1.6761631965637207,0.31856676936149597,-0.18506692349910736,-0.6320456862449646,0.03,1.2292300462722778,-0.11949421465396881,0.31632018089294434,0.03319581225514412,0.11736635863780975,-0.11679248511791229,0.9856382012367249,0,0,0,0,0,0,0,0,0,0,0,0,0,0
14.664106607437134,2.0,0.022916018962860107,-0.08243973553180695,-0.023859500885009766,0.08232404291629791,-1.6761631965637207,0.31856676936149597,-0.18506692349910736,-0.6320456862449646,0.03,1.2292300462722778,-0.11949421465396881,0.31632018089294434,0.03319581225514412,0.11736635863780975,-0.11679248511791229,0.9856382012367249,0,0,0,0,0,0,0,0,0,0,0,0,0,0
14.665256023406982,2.0,0.022916018962860107,-0.08243973553180695,-0.023859500885009766,0.08232404291629791,-1.6761631965637207,0.31856676936149597,-0.18506692349910736,-0.6320456862449646,0.03,1.2292300462722778,-0.11949421465396881,0.31632018089294434,0.03319581225514412,0.11736635863780975,-0.11679248511791229,0.9856382012367249,0,0,0,0,0,0,0,0,0,0,0,0,0,0
14.667449951171875,2.0,0.022916018962860107,-0.08243973553180695,-0.023859500885009766,0.08232404291629791,-1.6761631965637207,0.31856676936149597,-0.18506692349910736,-0.6320456862449646,0.03,1.2292300462722778,-0.11949421465396881,0.31632018089294434,0.03319581225514412,0.11736635863780975,-0.11679248511791229,0.9856382012367249,0,0,0,0,0,0,0,0,0,0,0,0,0,0
14.668558359146118,2.0,0.022916018962860107,-0.08243973553180695,-0.023859500885009766,0.08232404291629791,-1.6761631965637207,0.31856676936149597,-0.18506692349910736,-0.6320456862449646,0.03,1.2292300462722778,-0.11949421465396881,0.31632018089294434,0.03319581225514412,0.11736635863780975,-0.11679248511791229,0.9856382012367249,0,0,0,0,0,0,0,0,0,0,0,0,0,0
14.6707763671875,2.0,0.022916018962860107,-0.08243973553180695,-0.023859500885009766,0.08232404291629791,-1.6761631965637207,0.31856676936149597,-0.18506692349910736,-0.6320456862449646,0.03,1.2292300462722778,-0.11949421465396881,0.31632018089294434,0.03319581225514412,0.11736635863780975,-0.11679248511791229,0.9856382012367249,0,0,0,0,0,0,0,0,0,0,0,0,0,0
14.672051906585693,2.0,0.022916018962860107,-0.08243973553180695,-0.023859500885009766,0.08232404291629791,-1.6761631965637207,0.31856676936149597,-0.18506692349910736,-0.6320456862449646,0.03,1.2292633056640625,-0.1193975880742073,0.3164442181587219,0.033155638724565506,0.1173064187169075,-0.11644303798675537,0.9856880903244019,0,0,0,0,0,0,0,0,0,0,0,0,0,0
14.673479080200195,2.0,0.022916018962860107,-0.08243973553180695,-0.023859500885009766,0.08232404291629791,-1.6761631965637207,0.31856676936149597,-0.18506692349910736,-0.6320456862449646,0.03,1.2292633056640625,-0.1193975880742073,0.3164442181587219,0.033155638724565506,0.1173064187169075,-0.11644303798675537,0.9856880903244019,0,0,0,0,0,0,0,0,0,0,0,0,0,0
14.674794912338257,2.0,0.022916018962860107,-0.08243973553180695,-0.023859500885009766,0.08232404291629791,-1.6761631965637207,0.31856676936149597,-0.18506692349910736,-0.6320456862449646,0.03,1.2292633056640625,-0.1193975880742073,0.3164442181587219,0.033155638724565506,0.1173064187169075,-0.11644303798675537,0.9856880903244019,0,0,0,0,0,0,0,0,0,0,0,0,0,0
14.675929307937622,2.0,0.022916018962860107,-0.08243973553180695,-0.023859500885009766,0.08232404291629791,-1.6761631965637207,0.31856676936149597,-0.18506692349910736,-0.6320456862449646,0.03,1.2292633056640625,-0.1193975880742073,0.3164442181587219,0.033155638724565506,0.1173064187169075,-0.11644303798675537,0.9856880903244019,0,0,0,0,0,0,0,0,0,0,0,0,0,0
14.677085876464844,2.0,0.022916018962860107,-0.08243973553180695,-0.023859500885009766,0.08232404291629791,-1.6761631965637207,0.31856676936149597,-0.18506692349910736,-0.6320456862449646,0.03,1.2292633056640625,-0.1193975880742073,0.3164442181587219,0.033155638724565506,0.1173064187169075,-0.11644303798675537,0.9856880903244019,0,0,0,0,0,0,0,0,0,0,0,0,0,0
14.678355932235718,2.0,0.022916018962860107,-0.08243973553180695,-0.023859500885009766,0.08232404291629791,-1.6761631965637207,0.31856676936149597,-0.18506692349910736,-0.6320456862449646,0.03,1.2292633056640625,-0.1193975880742073,0.3164442181587219,0.033155638724565506,0.1173064187169075,-0.11644303798675537,0.9856880903244019,0,0,0,0,0,0,0,0,0,0,0,0,0,0
14.679437160491943,2.0,0.022916018962860107,-0.08243973553180695,-0.023859500885009766,0.08232404291629791,-1.6761631965637207,0.31856676936149597,-0.18506692349910736,-0.6320456862449646,0.03,1.2292428016662598,-0.11941783130168915,0.316407710313797,0.03281643986701965,0.11746741831302643,-0.11790744215250015,0.9855062365531921,0,0,0,0,0,0,0,0,0,0,0,0,0,0
14.682105541229248,2.0,0.022916018962860107,-0.08243973553180695,-0.023859500885009766,0.08232404291629791,-1.6761631965637207,0.31856676936149597,-0.18506692349910736,-0.6320456862449646,0.03,1.2292428016662598,-0.11941783130168915,0.316407710313797,0.03281643986701965,0.11746741831302643,-0.11790744215250015,0.9855062365531921,0,0,0,0,0,0,0,0,0,0,0,0,0,0
14.683736324310303,2.0,0.022916018962860107,-0.08243973553180695,-0.023859500885009766,0.08232404291629791,-1.6761631965637207,0.31856676936149597,-0.18506692349910736,-0.6320456862449646,0.03,1.2292428016662598,-0.11941783130168915,0.316407710313797,0.03281643986701965,0.11746741831302643,-0.11790744215250015,0.9855062365531921,0,0,0,0,0,0,0,0,0,0,0,0,0,0
14.685348272323608,2.0,0.022916018962860107,-0.08243973553180695,-0.023859500885009766,0.08232404291629791,-1.6761631965637207,0.31856676936149597,-0.18506692349910736,-0.6320456862449646,0.03,1.2292428016662598,-0.11941783130168915,0.316407710313797,0.03281643986701965,0.11746741831302643,-0.11790744215250015,0.9855062365531921,0,0,0,0,0,0,0,0,0,0,0,0,0,0
14.686826467514038,2.0,0.022916018962860107,-0.08243973553180695,-0.023859500885009766,0.08232404291629791,-1.6761631965637207,0.31856676936149597,-0.18506692349910736,-0.6320456862449646,0.03,1.2292428016662598,-0.11941783130168915,0.316407710313797,0.03281643986701965,0.11746741831302643,-0.11790744215250015,0.9855062365531921,0,0,0,0,0,0,0,0,0,0,0,0,0,0
14.689153671264648,2.0,0.022916018962860107,-0.08243973553180695,-0.023859500885009766,0.08232404291629791,-1.6761631965637207,0.31856676936149597,-0.18506692349910736,-0.6320456862449646,0.03,1.2292428016662598,-0.11941783130168915,0.316407710313797,0.03281643986701965,0.11746741831302643,-0.11790744215250015,0.9855062365531921,0,0,0,0,0,0,0,0,0,0,0,0,0,0
14.69084620475769,2.0,0.038884103298187256,-0.08244810998439789,-0.04050058126449585,0.08236899971961975,-2.5584335327148438,0.38083821535110474,-0.37999802827835083,-0.6660011410713196,0.03,1.2292428016662598,-0.11941783130168915,0.316407710313797,0.03281643986701965,0.11746741831302643,-0.11790744215250015,0.9855062365531921,0,0,0,0,0,0,0,0,0,0,0,0,0,0
14.692728996276855,2.0,0.038884103298187256,-0.08244810998439789,-0.04050058126449585,0.08236899971961975,-2.5584335327148438,0.38083821535110474,-0.37999802827835083,-0.6660011410713196,0.03,1.2292428016662598,-0.11941783130168915,0.316407710313797,0.03281643986701965,0.11746741831302643,-0.11790744215250015,0.9855062365531921,0,0,0,0,0,0,0,0,0,0,0,0,0,0
14.694282531738281,2.0,0.038884103298187256,-0.08244810998439789,-0.04050058126449585,0.08236899971961975,-2.5584335327148438,0.38083821535110474,-0.37999802827835083,-0.6660011410713196,0.03,1.2292428016662598,-0.11941783130168915,0.316407710313797,0.03281643986701965,0.11746741831302643,-0.11790744215250015,0.9855062365531921,0,0,0,0,0,0,0,0,0,0,0,0,0,0
14.695735216140747,2.0,0.038884103298187256,-0.08244810998439789,-0.04050058126449585,0.08236899971961975,-2.5584335327148438,0.38083821535110474,-0.37999802827835083,-0.6660011410713196,0.03,1.2292428016662598,-0.11941783130168915,0.316407710313797,0.03281643986701965,0.11746741831302643,-0.11790744215250015,0.9855062365531921,0,0,0,0,0,0,0,0,0,0,0,0,0,0
14.69702696800232,2.0,0.038884103298187256,-0.08244810998439789,-0.04050058126449585,0.08236899971961975,-2.5584335327148438,0.38083821535110474,-0.37999802827835083,-0.6660011410713196,0.03,1.2292428016662598,-0.11941783130168915,0.316407710313797,0.03281643986701965,0.11746741831302643,-0.11790744215250015,0.9855062365531921,0,0,0,0,0,0,0,0,0,0,0,0,0,0
14.698197603225708,2.0,0.038884103298187256,-0.08244810998439789,-0.04050058126449585,0.08236899971961975,-2.5584335327148438,0.38083821535110474,-0.37999802827835083,-0.6660011410713196,0.03,1.2292428016662598,-0.11941783130168915,0.316407710313797,0.03281643986701965,0.11746741831302643,-0.11790744215250015,0.9855062365531921,0,0,0,0,0,0,0,0,0,0,0,0,0,0
14.699811697006226,2.0,0.038884103298187256,-0.08244810998439789,-0.04050058126449585,0.08236899971961975,-2.5584335327148438,0.38083821535110474,-0.37999802827835083,-0.6660011410713196,0.03,1.2292428016662598,-0.11941783130168915,0.316407710313797,0.03281643986701965,0.11746741831302643,-0.11790744215250015,0.9855062365531921,0,0,0,0,0,0,0,0,0,0,0,0,0,0
14.700924158096313,2.0,0.038884103298187256,-0.08244810998439789,-0.04050058126449585,0.08236899971961975,-2.5584335327148438,0.38083821535110474,-0.37999802827835083,-0.6660011410713196,0.03,1.2292428016662598,-0.11941783130168915,0.316407710313797,0.03281643986701965,0.11746741831302643,-0.11790744215250015,0.9855062365531921,0,0,0,0,0,0,0,0,0,0,0,0,0,0
14.703084945678711,2.0,0.038884103298187256,-0.08244810998439789,-0.04050058126449585,0.08236899971961975,-2.5584335327148438,0.38083821535110474,-0.37999802827835083,-0.6660011410713196,0.03,1.2292428016662598,-0.11941783130168915,0.316407710313797,0.03281643986701965,0.11746741831302643,-0.11790744215250015,0.9855062365531921,0,0,0,0,0,0,0,0,0,0,0,0,0,0
14.704566717147827,2.0,0.038884103298187256,-0.08244810998439789,-0.04050058126449585,0.08236899971961975,-2.5584335327148438,0.38083821535110474,-0.37999802827835083,-0.6660011410713196,0.03,1.2292428016662598,-0.11941783130168915,0.316407710313797,0.03281643986701965,0.11746741831302643,-0.11790744215250015,0.9855062365531921,0,0,0,0,0,0,0,0,0,0,0,0,0,0
14.70600938796997,2.0,0.038884103298187256,-0.08244810998439789,-0.04050058126449585,0.08236899971961975,-2.5584335327148438,0.38083821535110474,-0.37999802827835083,-0.6660011410713196,0.03,1.2292428016662598,-0.11941783130168915,0.316407710313797,0.03281643986701965,0.11746741831302643,-0.11790744215250015,0.9855062365531921,0,0,0,0,0,0,0,0,0,0,0,0,0,0
14.707109928131104,2.0,0.038884103298187256,-0.08244810998439789,-0.04050058126449585,0.08236899971961975,-2.5584335327148438,0.38083821535110474,-0.37999802827835083,-0.6660011410713196,0.03,1.2292428016662598,-0.11941783130168915,0.316407710313797,0.03281643986701965,0.11746741831302643,-0.11790744215250015,0.9855062365531921,0,0,0,0,0,0,0,0,0,0,0,0,0,0
14.708215236663818,2.0,0.038884103298187256,-0.08244810998439789,-0.04050058126449585,0.08236899971961975,-2.5584335327148438,0.38083821535110474,-0.37999802827835083,-0.6660011410713196,0.03,1.2292428016662598,-0.11941783130168915,0.316407710313797,0.03281643986701965,0.11746741831302643,-0.11790744215250015,0.9855062365531921,0,0,0,0,0,0,0,0,0,0,0,0,0,0
14.70937466621399,2.0,0.038884103298187256,-0.08244810998439789,-0.04050058126449585,0.08236899971961975,-2.5584335327148438,0.38083821535110474,-0.37999802827835083,-0.6660011410713196,0.03,1.2292428016662598,-0.11941783130168915,0.316407710313797,0.03281643986701965,0.11746741831302643,-0.11790744215250015,0.9855062365531921,0,0,0,0,0,0,0,0,0,0,0,0,0,0
14.710456609725952,2.0,0.038884103298187256,-0.08244810998439789,-0.04050058126449585,0.08236899971961975,-2.5584335327148438,0.38083821535110474,-0.37999802827835083,-0.6660011410713196,0.03,1.2292428016662598,-0.11941783130168915,0.316407710313797,0.03281643986701965,0.11746741831302643,-0.11790744215250015,0.9855062365531921,0,0,0,0,0,0,0,0,0,0,0,0,0,0
14.71169924736023,2.0,0.038884103298187256,-0.08244810998439789,-0.04050058126449585,0.08236899971961975,-2.5584335327148438,0.38083821535110474,-0.37999802827835083,-0.6660011410713196,0.03,1.2292428016662598,-0.11941783130168915,0.316407710313797,0.03281643986701965,0.11746741831302643,-0.11790744215250015,0.9855062365531921,0,0,0,0,0,0,0,0,0,0,0,0,0,0
14.712782859802246,2.0,0.038884103298187256,-0.08244810998439789,-0.04050058126449585,0.08236899971961975,-2.5584335327148438,0.38083821535110474,-0.37999802827835083,-0.6660011410713196,0.03,1.2292428016662598,-0.11941783130168915,0.316407710313797,0.03281643986701965,0.11746741831302643,-0.11790744215250015,0.9855062365531921,0,0,0,0,0,0,0,0,0,0,0,0,0,0
14.713870286941528,2.0,0.038884103298187256,-0.08244810998439789,-0.04050058126449585,0.08236899971961975,-2.5584335327148438,0.38083821535110474,-0.37999802827835083,-0.6660011410713196,0.03,1.2292428016662598,-0.11941783130168915,0.316407710313797,0.03281643986701965,0.11746741831302643,-0.11790744215250015,0.9855062365531921,0,0,0,0,0,0,0,0,0,0,0,0,0,0
14.715128421783447,2.0,0.038884103298187256,-0.08244810998439789,-0.04050058126449585,0.08236899971961975,-2.5584335327148438,0.38083821535110474,-0.37999802827835083,-0.6660011410713196,0.03,1.2292428016662598,-0.11941783130168915,0.316407710313797,0.03281643986701965,0.11746741831302643,-0.11790744215250015,0.9855062365531921,0,0,0,0,0,0,0,0,0,0,0,0,0,0
14.716290712356567,2.0,0.038884103298187256,-0.08244810998439789,-0.04050058126449585,0.08236899971961975,-2.5584335327148438,0.38083821535110474,-0.37999802827835083,-0.6660011410713196,0.03,1.2292428016662598,-0.11941783130168915,0.316407710313797,0.03281643986701965,0.11746741831302643,-0.11790744215250015,0.9855062365531921,0,0,0,0,0,0,0,0,0,0,0,0,0,0
14.717546463012695,2.0,0.038884103298187256,-0.08244810998439789,-0.04050058126449585,0.08236899971961975,-2.5584335327148438,0.38083821535110474,-0.37999802827835083,-0.6660011410713196,0.03,1.2292428016662598,-0.11941783130168915,0.316407710313797,0.03281643986701965,0.11746741831302643,-0.11790744215250015,0.9855062365531921,0,0,0,0,0,0,0,0,0,0,0,0,0,0
14.718897104263306,2.0,0.038884103298187256,-0.08244810998439789,-0.04050058126449585,0.08236899971961975,-2.5584335327148438,0.38083821535110474,-0.37999802827835083,-0.6660011410713196,0.03,1.2292428016662598,-0.11941783130168915,0.316407710313797,0.03281643986701965,0.11746741831302643,-0.11790744215250015,0.9855062365531921,0,0,0,0,0,0,0,0,0,0,0,0,0,0
14.723114252090454,2.0,0.03938645124435425,-0.0824398547410965,-0.04105699062347412,0.08238528668880463,-2.642425537109375,0.4030766189098358,-0.4117066562175751,-0.6374292969703674,0.03,1.2292428016662598,-0.11941783130168915,0.316407710313797,0.03281643986701965,0.11746741831302643,-0.11790744215250015,0.9855062365531921,0,0,0,0,0,0,0,0,0,0,0,0,0,0
14.725027799606323,2.0,0.03938645124435425,-0.0824398547410965,-0.04105699062347412,0.08238528668880463,-2.642425537109375,0.4030766189098358,-0.4117066562175751,-0.6374292969703674,0.03,1.2292428016662598,-0.11941783130168915,0.316407710313797,0.03281643986701965,0.11746741831302643,-0.11790744215250015,0.9855062365531921,0,0,0,0,0,0,0,0,0,0,0,0,0,0
14.726788759231567,2.0,0.03938645124435425,-0.0824398547410965,-0.04105699062347412,0.08238528668880463,-2.642425537109375,0.4030766189098358,-0.4117066562175751,-0.6374292969703674,0.03,1.2292428016662598,-0.11941783130168915,0.316407710313797,0.03281643986701965,0.11746741831302643,-0.11790744215250015,0.9855062365531921,0,0,0,0,0,0,0,0,0,0,0,0,0,0
14.72801685333252,2.0,0.03938645124435425,-0.0824398547410965,-0.04105699062347412,0.08238528668880463,-2.642425537109375,0.4030766189098358,-0.4117066562175751,-0.6374292969703674,0.03,1.2292428016662598,-0.11941783130168915,0.316407710313797,0.03281643986701965,0.11746741831302643,-0.11790744215250015,0.9855062365531921,0,0,0,0,0,0,0,0,0,0,0,0,0,0
14.729290246963501,2.0,0.04345971345901489,-0.0825013518333435,-0.04660379886627197,0.0823778510093689,-3.550157070159912,0.36628457903862,0.10557886213064194,-0.7157043814659119,0.03,1.2292428016662598,-0.11941783130168915,0.316407710313797,0.03281643986701965,0.11746741831302643,-0.11790744215250015,0.9855062365531921,0,0,0,0,0,0,0,0,0,0,0,0,0,0
14.730448722839355,2.0,0.04345971345901489,-0.0825013518333435,-0.04660379886627197,0.0823778510093689,-3.550157070159912,0.36628457903862,0.10557886213064194,-0.7157043814659119,0.03,1.2292124032974243,-0.11948446929454803,0.3162941038608551,0.03332139551639557,0.1174096018075943,-0.11528761684894562,0.9858059883117676,0,0,0,0,0,0,0,0,0,0,0,0,0,0
14.732329607009888,2.0,0.05001790076494217,-0.08250060677528381,-0.053702712059020996,0.08238551020622253,-3.9295406341552734,0.4021017849445343,0.055375076830387115,-0.7163857817649841,0.03,1.229217767715454,-0.11946172267198563,0.31629741191864014,0.03343174606561661,0.11752666532993317,-0.11348586529493332,0.9859973192214966,0,0,0,0,0,0,0,0,0,0,0,0,0,0
14.733904600143433,2.0,0.05001790076494217,-0.08250060677528381,-0.053702712059020996,0.08238551020622253,-3.9295406341552734,0.4021017849445343,0.055375076830387115,-0.7163857817649841,0.03,1.229217767715454,-0.11946172267198563,0.31629741191864014,0.03343174606561661,0.11752666532993317,-0.11348586529493332,0.9859973192214966,0,0,0,0,0,0,0,0,0,0,0,0,0,0
14.735429763793945,2.0,0.05001790076494217,-0.08250060677528381,-0.053702712059020996,0.08238551020622253,-3.9295406341552734,0.4021017849445343,0.055375076830387115,-0.7163857817649841,0.03,1.229217767715454,-0.11946172267198563,0.31629741191864014,0.03343174606561661,0.11752666532993317,-0.11348586529493332,0.9859973192214966,0,0,0,0,0,0,0,0,0,0,0,0,0,0
14.736815929412842,2.0,0.05001790076494217,-0.08250060677528381,-0.053702712059020996,0.08238551020622253,-3.9295406341552734,0.4021017849445343,0.055375076830387115,-0.7163857817649841,0.03,1.229217767715454,-0.11946172267198563,0.31629741191864014,0.03343174606561661,0.11752666532993317,-0.11348586529493332,0.9859973192214966,0,0,0,0,0,0,0,0,0,0,0,0,0,0
14.738122463226318,2.0,0.05001790076494217,-0.08250060677528381,-0.053702712059020996,0.08238551020622253,-3.9295406341552734,0.4021017849445343,0.055375076830387115,-0.7163857817649841,0.03,1.229217767715454,-0.11946172267198563,0.31629741191864014,0.03343174606561661,0.11752666532993317,-0.11348586529493332,0.9859973192214966,0,0,0,0,0,0,0,0,0,0,0,0,0,0
14.739315271377563,2.0,0.05001790076494217,-0.08250060677528381,-0.053702712059020996,0.08238551020622253,-3.9295406341552734,0.4021017849445343,0.055375076830387115,-0.7163857817649841,0.03,1.229217767715454,-0.11946172267198563,0.31629741191864014,0.03343174606561661,0.11752666532993317,-0.11348586529493332,0.9859973192214966,0,0,0,0,0,0,0,0,0,0,0,0,0,0
14.740435123443604,2.0,0.05001790076494217,-0.08250060677528381,-0.053702712059020996,0.08238551020622253,-3.9295406341552734,0.4021017849445343,0.055375076830387115,-0.7163857817649841,0.03,1.229217767715454,-0.11946172267198563,0.31629741191864014,0.03343174606561661,0.11752666532993317,-0.11348586529493332,0.9859973192214966,0,0,0,0,0,0,0,0,0,0,0,0,0,0
14.741590976715088,2.0,0.05001790076494217,-0.08250060677528381,-0.053702712059020996,0.08238551020622253,-3.9295406341552734,0.4021017849445343,0.055375076830387115,-0.7163857817649841,0.03,1.229217767715454,-0.11946172267198563,0.31629741191864014,0.03343174606561661,0.11752666532993317,-0.11348586529493332,0.9859973192214966,0,0,0,0,0,0,0,0,0,0,0,0,0,0
14.74267864227295,2.0,0.05001790076494217,-0.08250060677528381,-0.053702712059020996,0.08238551020622253,-3.9295406341552734,0.4021017849445343,0.055375076830387115,-0.7163857817649841,0.03,1.229217767715454,-0.11946172267198563,0.31629741191864014,0.03343174606561661,0.11752666532993317,-0.11348586529493332,0.9859973192214966,0,0,0,0,0,0,0,0,0,0,0,0,0,0
14.743767261505127,2.0,0.05001790076494217,-0.08250060677528381,-0.053702712059020996,0.08238551020622253,-3.9295406341552734,0.4021017849445343,0.055375076830387115,-0.7163857817649841,0.03,1.229217767715454,-0.11946172267198563,0.31629741191864014,0.03343174606561661,0.11752666532993317,-0.11348586529493332,0.9859973192214966,0,0,0,0,0,0,0,0,0,0,0,0,0,0
14.744885921478271,2.0,0.05001790076494217,-0.08250060677528381,-0.053702712059020996,0.08238551020622253,-3.9295406341552734,0.4021017849445343,0.055375076830387115,-0.7163857817649841,0.03,1.229217767715454,-0.11946172267198563,0.31629741191864014,0.03343174606561661,0.11752666532993317,-0.11348586529493332,0.9859973192214966,0,0,0,0,0,0,0,0,0,0,0,0,0,0
14.746094942092896,2.0,0.05001790076494217,-0.08250060677528381,-0.053702712059020996,0.08238551020622253,-3.9295406341552734,0.4021017849445343,0.055375076830387115,-0.7163857817649841,0.03,1.229217767715454,-0.11946172267198563,0.31629741191864014,0.03343174606561661,0.11752666532993317,-0.11348586529493332,0.9859973192214966,0,0,0,0,0,0,0,0,0,0,0,0,0,0
14.74739670753479,2.0,0.05001790076494217,-0.08250060677528381,-0.053702712059020996,0.08238551020622253,-3.9295406341552734,0.4021017849445343,0.055375076830387115,-0.7163857817649841,0.03,1.229217767715454,-0.11946172267198563,0.31629741191864014,0.03343174606561661,0.11752666532993317,-0.11348586529493332,0.9859973192214966,0,0,0,0,0,0,0,0,0,0,0,0,0,0
14.752143144607544,2.0,0.05001790076494217,-0.08250060677528381,-0.053702712059020996,0.08238551020622253,-3.9295406341552734,0.4021017849445343,0.055375076830387115,-0.7163857817649841,0.03,1.229217767715454,-0.11946172267198563,0.31629741191864014,0.03343174606561661,0.11752666532993317,-0.11348586529493332,0.9859973192214966,0,0,0,0,0,0,0,0,0,0,0,0,0,0
14.753777027130127,2.0,0.05001790076494217,-0.08250060677528381,-0.053702712059020996,0.08238551020622253,-3.9295406341552734,0.4021017849445343,0.055375076830387115,-0.7163857817649841,0.03,1.229217767715454,-0.11946172267198563,0.31629741191864014,0.03343174606561661,0.11752666532993317,-0.11348586529493332,0.9859973192214966,0,0,0,0,0,0,0,0,0,0,0,0,0,0
14.754992008209229,2.0,0.05001790076494217,-0.08250060677528381,-0.053702712059020996,0.08238551020622253,-3.9295406341552734,0.4021017849445343,0.055375076830387115,-0.7163857817649841,0.03,1.229217767715454,-0.11946172267198563,0.31629741191864014,0.03343174606561661,0.11752666532993317,-0.11348586529493332,0.9859973192214966,0,0,0,0,0,0,0,0,0,0,0,0,0,0
14.756118535995483,2.0,0.05001790076494217,-0.08250060677528381,-0.053702712059020996,0.08238551020622253,-3.9295406341552734,0.4021017849445343,0.055375076830387115,-0.7163857817649841,0.03,1.229217767715454,-0.11946172267198563,0.31629741191864014,0.03343174606561661,0.11752666532993317,-0.11348586529493332,0.9859973192214966,0,0,0,0,0,0,0,0,0,0,0,0,0,0
14.757269859313965,2.0,0.05001790076494217,-0.08250060677528381,-0.053702712059020996,0.08238551020622253,-3.9295406341552734,0.4021017849445343,0.055375076830387115,-0.7163857817649841,0.03,1.229217767715454,-0.11946172267198563,0.31629741191864014,0.03343174606561661,0.11752666532993317,-0.11348586529493332,0.9859973192214966,0,0,0,0,0,0,0,0,0,0,0,0,0,0
14.759238481521606,2.0,0.05001790076494217,-0.08250060677528381,-0.053702712059020996,0.08238551020622253,-3.9295406341552734,0.4021017849445343,0.055375076830387115,-0.7163857817649841,0.03,1.229217767715454,-0.11946172267198563,0.31629741191864014,0.03343174606561661,0.11752666532993317,-0.11348586529493332,0.9859973192214966,0,0,0,0,0,0,0,0,0,0,0,0,0,0
14.760424613952637,2.0,0.05001790076494217,-0.08250060677528381,-0.053702712059020996,0.08238551020622253,-3.9295406341552734,0.4021017849445343,0.055375076830387115,-0.7163857817649841,0.03,1.229217767715454,-0.11946172267198563,0.31629741191864014,0.03343174606561661,0.11752666532993317,-0.11348586529493332,0.9859973192214966,0,0,0,0,0,0,0,0,0,0,0,0,0,0
14.76155161857605,2.0,0.05001790076494217,-0.08250060677528381,-0.053702712059020996,0.08238551020622253,-3.9295406341552734,0.4021017849445343,0.055375076830387115,-0.7163857817649841,0.03,1.229217767715454,-0.11946172267198563,0.31629741191864014,0.03343174606561661,0.11752666532993317,-0.11348586529493332,0.9859973192214966,0,0,0,0,0,0,0,0,0,0,0,0,0,0
14.762680768966675,2.0,0.05001790076494217,-0.08250060677528381,-0.053702712059020996,0.08238551020622253,-3.9295406341552734,0.4021017849445343,0.055375076830387115,-0.7163857817649841,0.03,1.229217767715454,-0.11946172267198563,0.31629741191864014,0.03343174606561661,0.11752666532993317,-0.11348586529493332,0.9859973192214966,0,0,0,0,0,0,0,0,0,0,0,0,0,0
14.763763427734375,2.0,0.05001790076494217,-0.08250060677528381,-0.053702712059020996,0.08238551020622253,-3.9295406341552734,0.4021017849445343,0.055375076830387115,-0.7163857817649841,0.03,1.229217767715454,-0.11946172267198563,0.31629741191864014,0.03343174606561661,0.11752666532993317,-0.11348586529493332,0.9859973192214966,0,0,0,0,0,0,0,0,0,0,0,0,0,0
14.764829635620117,2.0,0.05001790076494217,-0.08250060677528381,-0.053702712059020996,0.08238551020622253,-3.9295406341552734,0.4021017849445343,0.055375076830387115,-0.7163857817649841,0.03,1.229217767715454,-0.11946172267198563,0.31629741191864014,0.03343174606561661,0.11752666532993317,-0.11348586529493332,0.9859973192214966,0,0,0,0,0,0,0,0,0,0,0,0,0,0
14.767657279968262,2.0,0.05001790076494217,-0.08250060677528381,-0.053702712059020996,0.08238551020622253,-3.9295406341552734,0.4021017849445343,0.055375076830387115,-0.7163857817649841,0.03,1.229217767715454,-0.11946172267198563,0.31629741191864014,0.03343174606561661,0.11752666532993317,-0.11348586529493332,0.9859973192214966,0,0,0,0,0,0,0,0,0,0,0,0,0,0
14.769204378128052,2.0,0.05001790076494217,-0.08250060677528381,-0.053702712059020996,0.08238551020622253,-3.9295406341552734,0.4021017849445343,0.055375076830387115,-0.7163857817649841,0.03,1.2292464971542358,-0.119486503303051,0.31624874472618103,0.03240419179201126,0.11767472326755524,-0.11818241328001022,0.9854620695114136,0,0,0,0,0,0,0,0,0,0,0,0,0,0
14.770481824874878,2.0,0.05001790076494217,-0.08250060677528381,-0.053702712059020996,0.08238551020622253,-3.9295406341552734,0.4021017849445343,0.055375076830387115,-0.7163857817649841,0.03,1.2292464971542358,-0.119486503303051,0.31624874472618103,0.03240419179201126,0.11767472326755524,-0.11818241328001022,0.9854620695114136,0,0,0,0,0,0,0,0,0,0,0,0,0,0
14.77344274520874,2.0,0.05001790076494217,-0.08250060677528381,-0.053702712059020996,0.08238551020622253,-3.9295406341552734,0.4021017849445343,0.055375076830387115,-0.7163857817649841,0.03,1.2292464971542358,-0.119486503303051,0.31624874472618103,0.03240419179201126,0.11767472326755524,-0.11818241328001022,0.9854620695114136,0,0,0,0,0,0,0,0,0,0,0,0,0,0
14.776639938354492,2.0,0.052739787846803665,-0.08251577615737915,-0.05639958381652832,0.08238524198532104,-4.1961493492126465,0.39229193329811096,-0.2048252820968628,-0.7312831282615662,0.03,1.2292464971542358,-0.119486503303051,0.31624874472618103,0.03240419179201126,0.11767472326755524,-0.11818241328001022,0.9854620695114136,0,0,0,0,0,0,0,0,0,0,0,0,0,0
14.778359413146973,2.0,0.058016031980514526,-0.08249670267105103,-0.06218397617340088,0.08238834142684937,-4.715291976928711,0.4694744050502777,-0.43016862869262695,-0.70570307970047,0.03,1.2292519807815552,-0.11950521916151047,0.3161836564540863,0.032585643231868744,0.1176796704530716,-0.11692071706056595,0.9856060147285461,0,0,0,0,0,0,0,0,0,0,0,0,0,0
14.780009746551514,2.0,0.058861903846263885,-0.08249738812446594,-0.06316035985946655,0.08238844573497772,-4.7353901863098145,0.466158002614975,0.004655002616345882,-0.7669234275817871,0.03,1.2292379140853882,-0.11950799822807312,0.3162163496017456,0.032709863036870956,0.1177903562784195,-0.11588340997695923,0.9857112765312195,0,0,0,0,0,0,0,0,0,0,0,0,0,0
14.781663179397583,2.0,0.06260713934898376,-0.08250080049037933,-0.06721439957618713,0.08238494396209717,-4.996777534484863,0.45494359731674194,0.4720904231071472,-0.7829784154891968,0.03,1.2292274236679077,-0.11943201720714569,0.3163143992424011,0.03349366411566734,0.11782994866371155,-0.11137723177671432,0.9861995577812195,0,0,0,0,0,0,0,0,0,0,0,0,0,0
14.782875776290894,2.0,0.06366434693336487,-0.08250096440315247,-0.06841704249382019,0.0823994129896164,-5.081587791442871,0.45855847001075745,0.19910968840122223,-0.7603760957717896,0.03,1.229212760925293,-0.11944231390953064,0.3162047863006592,0.033553171902894974,0.11798813939094543,-0.11148006469011307,0.9861668944358826,0,0,0,0,0,0,0,0,0,0,0,0,0,0
14.784745216369629,2.0,0.06604781746864319,-0.08250068128108978,-0.07086855173110962,0.08244664967060089,-5.3115410804748535,0.4866527020931244,0.06588796526193619,-0.7444391250610352,0.03,1.229212760925293,-0.11944231390953064,0.3162047863006592,0.033553171902894974,0.11798813939094543,-0.11148006469011307,0.9861668944358826,0,0,0,0,0,0,0,0,0,0,0,0,0,0
14.78614854812622,2.0,0.06604781746864319,-0.08250068128108978,-0.07086855173110962,0.08244664967060089,-5.3115410804748535,0.4866527020931244,0.06588796526193619,-0.7444391250610352,0.03,1.229212760925293,-0.11944231390953064,0.3162047863006592,0.033553171902894974,0.11798813939094543,-0.11148006469011307,0.9861668944358826,0,0,0,0,0,0,0,0,0,0,0,0,0,0
14.787535190582275,2.0,0.06604781746864319,-0.08250068128108978,-0.07086855173110962,0.08244664967060089,-5.3115410804748535,0.4866527020931244,0.06588796526193619,-0.7444391250610352,0.03,1.229212760925293,-0.11944231390953064,0.3162047863006592,0.033553171902894974,0.11798813939094543,-0.11148006469011307,0.9861668944358826,0,0,0,0,0,0,0,0,0,0,0,0,0,0
14.788982152938843,2.0,0.06604781746864319,-0.08250068128108978,-0.07086855173110962,0.08244664967060089,-5.3115410804748535,0.4866527020931244,0.06588796526193619,-0.7444391250610352,0.03,1.229212760925293,-0.11944231390953064,0.3162047863006592,0.033553171902894974,0.11798813939094543,-0.11148006469011307,0.9861668944358826,0,0,0,0,0,0,0,0,0,0,0,0,0,0
14.790182113647461,3.0,0.0693805068731308,-0.08250372111797333,-0.07408681511878967,0.08244358003139496,-5.752410888671875,0.48559772968292236,-0.42476874589920044,-0.7609754800796509,0.03,1.229212760925293,-0.11944231390953064,0.3162047863006592,0.033553171902894974,0.11798813939094543,-0.11148006469011307,0.9861668944358826,0,0,0,0,0,0,0,0,0,0,0,0,0,0
14.791832447052002,3.0,0.07067369669675827,-0.08253209292888641,-0.07554885745048523,0.08244659006595612,-4.881499767303467,-1.289322853088379,0.7137501239776611,0.9552187919616699,0.03,1.2291511297225952,-0.1194738820195198,0.3162243068218231,0.03195296600461006,0.11836109310388565,-0.11524870246648788,0.9857420921325684,0,0,0,0,0,0,0,0,0,0,0,0,0,0
14.793011903762817,3.0,0.07078628242015839,-0.08078333735466003,-0.0760079026222229,0.08120924234390259,-3.9609084129333496,-2.6654207706451416,1.8299906253814697,2.9024529457092285,0.03,1.2291457653045654,-0.1195056363940239,0.3162553906440735,0.03164660558104515,0.11855696886777878,-0.11645334959030151,0.9855868816375732,0,0,0,0,0,0,0,0,0,0,0,0,0,0
14.794103860855103,3.0,0.07076738774776459,-0.08012443035840988,-0.07588869333267212,0.08059726655483246,-3.699615001678467,-3.0302178859710693,1.947235345840454,2.5536396503448486,0.03,1.2291457653045654,-0.1195056363940239,0.3162553906440735,0.03164660558104515,0.11855696886777878,-0.11645334959030151,0.9855868816375732,0,0,0,0,0,0,0,0,0,0,0,0,0,0
14.79620885848999,3.0,0.07076738774776459,-0.08012443035840988,-0.07588869333267212,0.08059726655483246,-3.699615001678467,-3.0302178859710693,1.947235345840454,2.5536396503448486,0.03,1.2291457653045654,-0.1195056363940239,0.3162553906440735,0.03164660558104515,0.11855696886777878,-0.11645334959030151,0.9855868816375732,0,0,0,0,0,0,0,0,0,0,0,0,0,0
14.797397136688232,3.0,0.07076738774776459,-0.08012443035840988,-0.07588869333267212,0.08059726655483246,-3.699615001678467,-3.0302178859710693,1.947235345840454,2.5536396503448486,0.03,1.2291457653045654,-0.1195056363940239,0.3162553906440735,0.03164660558104515,0.11855696886777878,-0.11645334959030151,0.9855868816375732,0,0,0,0,0,0,0,0,0,0,0,0,0,0
14.798874378204346,3.0,0.07076738774776459,-0.08012443035840988,-0.07588869333267212,0.08059726655483246,-3.699615001678467,-3.0302178859710693,1.947235345840454,2.5536396503448486,0.03,1.2291457653045654,-0.1195056363940239,0.3162553906440735,0.03164660558104515,0.11855696886777878,-0.11645334959030151,0.9855868816375732,0,0,0,0,0,0,0,0,0,0,0,0,0,0
14.799977779388428,3.0,0.07076738774776459,-0.08012443035840988,-0.07588869333267212,0.08059726655483246,-3.699615001678467,-3.0302178859710693,1.947235345840454,2.5536396503448486,0.03,1.2291457653045654,-0.1195056363940239,0.3162553906440735,0.03164660558104515,0.11855696886777878,-0.11645334959030151,0.9855868816375732,0,0,0,0,0,0,0,0,0,0,0,0,0,0
14.80113935470581,3.0,0.07076738774776459,-0.08012443035840988,-0.07588869333267212,0.08059726655483246,-3.699615001678467,-3.0302178859710693,1.947235345840454,2.5536396503448486,0.03,1.2291457653045654,-0.1195056363940239,0.3162553906440735,0.03164660558104515,0.11855696886777878,-0.11645334959030151,0.9855868816375732,0,0,0,0,0,0,0,0,0,0,0,0,0,0
14.802205562591553,3.0,0.07076738774776459,-0.08012443035840988,-0.07588869333267212,0.08059726655483246,-3.699615001678467,-3.0302178859710693,1.947235345840454,2.5536396503448486,0.03,1.2294270992279053,-0.1200752928853035,0.31633707880973816,0.022503290325403214,0.11486285924911499,-0.1487940102815628,0.9819167256355286,0,0,0,0,0,0,0,0,0,0,0,0,0,0
14.80330777168274,3.0,0.07076738774776459,-0.08012443035840988,-0.07588869333267212,0.08059726655483246,-3.699615001678467,-3.0302178859710693,1.947235345840454,2.5536396503448486,0.03,1.2294270992279053,-0.1200752928853035,0.31633707880973816,0.022503290325403214,0.11486285924911499,-0.1487940102815628,0.9819167256355286,0,0,0,0,0,0,0,0,0,0,0,0,0,0
14.80438780784607,3.0,0.07076738774776459,-0.08012443035840988,-0.07588869333267212,0.08059726655483246,-3.699615001678467,-3.0302178859710693,1.947235345840454,2.5536396503448486,0.03,1.2294270992279053,-0.1200752928853035,0.31633707880973816,0.022503290325403214,0.11486285924911499,-0.1487940102815628,0.9819167256355286,0,0,0,0,0,0,0,0,0,0,0,0,0,0
14.805510997772217,3.0,0.07076738774776459,-0.08012443035840988,-0.07588869333267212,0.08059726655483246,-3.699615001678467,-3.0302178859710693,1.947235345840454,2.5536396503448486,0.03,1.2294270992279053,-0.1200752928853035,0.31633707880973816,0.022503290325403214,0.11486285924911499,-0.1487940102815628,0.9819167256355286,0,0,0,0,0,0,0,0,0,0,0,0,0,0
14.806593656539917,3.0,0.07076738774776459,-0.08012443035840988,-0.07588869333267212,0.08059726655483246,-3.699615001678467,-3.0302178859710693,1.947235345840454,2.5536396503448486,0.03,1.2294270992279053,-0.1200752928853035,0.31633707880973816,0.022503290325403214,0.11486285924911499,-0.1487940102815628,0.9819167256355286,0,0,0,0,0,0,0,0,0,0,0,0,0,0
14.807681798934937,3.0,0.07076738774776459,-0.08012443035840988,-0.07588869333267212,0.08059726655483246,-3.699615001678467,-3.0302178859710693,1.947235345840454,2.5536396503448486,0.03,1.2294270992279053,-0.1200752928853035,0.31633707880973816,0.022503290325403214,0.11486285924911499,-0.1487940102815628,0.9819167256355286,0,0,0,0,0,0,0,0,0,0,0,0,0,0
14.80877137184143,3.0,0.07076738774776459,-0.08012443035840988,-0.07588869333267212,0.08059726655483246,-3.699615001678467,-3.0302178859710693,1.947235345840454,2.5536396503448486,0.03,1.2294270992279053,-0.1200752928853035,0.31633707880973816,0.022503290325403214,0.11486285924911499,-0.1487940102815628,0.9819167256355286,0,0,0,0,0,0,0,0,0,0,0,0,0,0
14.809878587722778,3.0,0.07076738774776459,-0.08012443035840988,-0.07588869333267212,0.08059726655483246,-3.699615001678467,-3.0302178859710693,1.947235345840454,2.5536396503448486,0.03,1.2294270992279053,-0.1200752928853035,0.31633707880973816,0.022503290325403214,0.11486285924911499,-0.1487940102815628,0.9819167256355286,0,0,0,0,0,0,0,0,0,0,0,0,0,0
14.811024188995361,3.0,0.07076738774776459,-0.08012443035840988,-0.07588869333267212,0.08059726655483246,-3.699615001678467,-3.0302178859710693,1.947235345840454,2.5536396503448486,0.03,1.2294270992279053,-0.1200752928853035,0.31633707880973816,0.022503290325403214,0.11486285924911499,-0.1487940102815628,0.9819167256355286,0,0,0,0,0,0,0,0,0,0,0,0,0,0
14.812321901321411,3.0,0.07076738774776459,-0.08012443035840988,-0.07588869333267212,0.08059726655483246,-3.699615001678467,-3.0302178859710693,1.947235345840454,2.5536396503448486,0.03,1.2294270992279053,-0.1200752928853035,0.31633707880973816,0.022503290325403214,0.11486285924911499,-0.1487940102815628,0.9819167256355286,0,0,0,0,0,0,0,0,0,0,0,0,0,0
14.814499616622925,3.0,0.07076738774776459,-0.08012443035840988,-0.07588869333267212,0.08059726655483246,-3.699615001678467,-3.0302178859710693,1.947235345840454,2.5536396503448486,0.03,1.2294270992279053,-0.1200752928853035,0.31633707880973816,0.022503290325403214,0.11486285924911499,-0.1487940102815628,0.9819167256355286,0,0,0,0,0,0,0,0,0,0,0,0,0,0
14.816344261169434,3.0,0.07076738774776459,-0.08012443035840988,-0.07588869333267212,0.08059726655483246,-3.699615001678467,-3.0302178859710693,1.947235345840454,2.5536396503448486,0.03,1.2295655012130737,-0.12000337243080139,0.3167068362236023,0.021260395646095276,0.11237151175737381,-0.15177708864212036,0.9817761778831482,0,0,0,0,0,0,0,0,0,0,0,0,0,0
14.817758798599243,3.0,0.07076738774776459,-0.08012443035840988,-0.07588869333267212,0.08059726655483246,-3.699615001678467,-3.0302178859710693,1.947235345840454,2.5536396503448486,0.03,1.2297754287719727,-0.12013505399227142,0.317074716091156,0.023571234196424484,0.10877659171819687,-0.13944168388843536,0.9839553833007812,0,0,0,0,0,0,0,0,0,0,0,0,0,0
14.818898439407349,3.0,0.07076738774776459,-0.08012443035840988,-0.07588869333267212,0.08059726655483246,-3.699615001678467,-3.0302178859710693,1.947235345840454,2.5536396503448486,0.03,1.2297754287719727,-0.12013505399227142,0.317074716091156,0.023571234196424484,0.10877659171819687,-0.13944168388843536,0.9839553833007812,0,0,0,0,0,0,0,0,0,0,0,0,0,0
14.821228981018066,3.0,0.07076738774776459,-0.08012443035840988,-0.07588869333267212,0.08059726655483246,-3.699615001678467,-3.0302178859710693,1.947235345840454,2.5536396503448486,0.03,1.2297754287719727,-0.12013505399227142,0.317074716091156,0.023571234196424484,0.10877659171819687,-0.13944168388843536,0.9839553833007812,0,0,0,0,0,0,0,0,0,0,0,0,0,0
14.823015213012695,3.0,0.07076738774776459,-0.08012443035840988,-0.07588869333267212,0.08059726655483246,-3.699615001678467,-3.0302178859710693,1.947235345840454,2.5536396503448486,0.03,1.2299162149429321,-0.12011174857616425,0.31721585988998413,0.028126271441578865,0.10367520898580551,-0.10599005967378616,0.988547682762146,0,0,0,0,0,0,0,0,0,0,0,0,0,0
14.824434280395508,3.0,0.07076738774776459,-0.08012443035840988,-0.07588869333267212,0.08059726655483246,-3.699615001678467,-3.0302178859710693,1.947235345840454,2.5536396503448486,0.03,1.2299162149429321,-0.12011174857616425,0.31721585988998413,0.028126271441578865,0.10367520898580551,-0.10599005967378616,0.988547682762146,0,0,0,0,0,0,0,0,0,0,0,0,0,0
14.825777530670166,3.0,0.07076738774776459,-0.08012443035840988,-0.07588869333267212,0.08059726655483246,-3.699615001678467,-3.0302178859710693,1.947235345840454,2.5536396503448486,0.03,1.2299162149429321,-0.12011174857616425,0.31721585988998413,0.028126271441578865,0.10367520898580551,-0.10599005967378616,0.988547682762146,0,0,0,0,0,0,0,0,0,0,0,0,0,0
14.826969861984253,3.0,0.07076738774776459,-0.08012443035840988,-0.07588869333267212,0.08059726655483246,-3.699615001678467,-3.0302178859710693,1.947235345840454,2.5536396503448486,0.03,1.2299162149429321,-0.12011174857616425,0.31721585988998413,0.028126271441578865,0.10367520898580551,-0.10599005967378616,0.988547682762146,0,0,0,0,0,0,0,0,0,0,0,0,0,0
14.829320669174194,3.0,0.07076738774776459,-0.08012443035840988,-0.07588869333267212,0.08059726655483246,-3.699615001678467,-3.0302178859710693,1.947235345840454,2.5536396503448486,0.03,1.2299162149429321,-0.12011174857616425,0.31721585988998413,0.028126271441578865,0.10367520898580551,-0.10599005967378616,0.988547682762146,0,0,0,0,0,0,0,0,0,0,0,0,0,0
14.830673694610596,3.0,0.07076738774776459,-0.08012443035840988,-0.07588869333267212,0.08059726655483246,-3.699615001678467,-3.0302178859710693,1.947235345840454,2.5536396503448486,0.03,1.2299162149429321,-0.12011174857616425,0.31721585988998413,0.028126271441578865,0.10367520898580551,-0.10599005967378616,0.988547682762146,0,0,0,0,0,0,0,0,0,0,0,0,0,0
14.831815958023071,3.0,0.07076738774776459,-0.08012443035840988,-0.07588869333267212,0.08059726655483246,-3.699615001678467,-3.0302178859710693,1.947235345840454,2.5536396503448486,0.03,1.2299162149429321,-0.12011174857616425,0.31721585988998413,0.028126271441578865,0.10367520898580551,-0.10599005967378616,0.988547682762146,0,0,0,0,0,0,0,0,0,0,0,0,0,0
14.833332061767578,3.0,0.07076738774776459,-0.08012443035840988,-0.07588869333267212,0.08059726655483246,-3.699615001678467,-3.0302178859710693,1.947235345840454,2.5536396503448486,0.03,1.2299162149429321,-0.12011174857616425,0.31721585988998413,0.028126271441578865,0.10367520898580551,-0.10599005967378616,0.988547682762146,0,0,0,0,0,0,0,0,0,0,0,0,0,0
14.83446216583252,3.0,0.07076738774776459,-0.08012443035840988,-0.07588869333267212,0.08059726655483246,-3.699615001678467,-3.0302178859710693,1.947235345840454,2.5536396503448486,0.03,1.2299162149429321,-0.12011174857616425,0.31721585988998413,0.028126271441578865,0.10367520898580551,-0.10599005967378616,0.988547682762146,0,0,0,0,0,0,0,0,0,0,0,0,0,0
14.8356032371521,3.0,0.07076738774776459,-0.08012443035840988,-0.07588869333267212,0.08059726655483246,-3.699615001678467,-3.0302178859710693,1.947235345840454,2.5536396503448486,0.03,1.2299162149429321,-0.12011174857616425,0.31721585988998413,0.028126271441578865,0.10367520898580551,-0.10599005967378616,0.988547682762146,0,0,0,0,0,0,0,0,0,0,0,0,0,0
14.836666584014893,3.0,0.07076738774776459,-0.08012443035840988,-0.07588869333267212,0.08059726655483246,-3.699615001678467,-3.0302178859710693,1.947235345840454,2.5536396503448486,0.03,1.2299162149429321,-0.12011174857616425,0.31721585988998413,0.028126271441578865,0.10367520898580551,-0.10599005967378616,0.988547682762146,0,0,0,0,0,0,0,0,0,0,0,0,0,0
14.837753772735596,3.0,0.07076738774776459,-0.08012443035840988,-0.07588869333267212,0.08059726655483246,-3.699615001678467,-3.0302178859710693,1.947235345840454,2.5536396503448486,0.03,1.2299162149429321,-0.12011174857616425,0.31721585988998413,0.028126271441578865,0.10367520898580551,-0.10599005967378616,0.988547682762146,0,0,0,0,0,0,0,0,0,0,0,0,0,0
14.838945865631104,3.0,0.07076738774776459,-0.08012443035840988,-0.07588869333267212,0.08059726655483246,-3.699615001678467,-3.0302178859710693,1.947235345840454,2.5536396503448486,0.03,1.2299162149429321,-0.12011174857616425,0.31721585988998413,0.028126271441578865,0.10367520898580551,-0.10599005967378616,0.988547682762146,0,0,0,0,0,0,0,0,0,0,0,0,0,0
14.84046196937561,3.0,0.07076738774776459,-0.08012443035840988,-0.07588869333267212,0.08059726655483246,-3.699615001678467,-3.0302178859710693,1.947235345840454,2.5536396503448486,0.03,1.2299162149429321,-0.12011174857616425,0.31721585988998413,0.028126271441578865,0.10367520898580551,-0.10599005967378616,0.988547682762146,0,0,0,0,0,0,0,0,0,0,0,0,0,0
14.841756105422974,3.0,0.07076738774776459,-0.08012443035840988,-0.07588869333267212,0.08059726655483246,-3.699615001678467,-3.0302178859710693,1.947235345840454,2.5536396503448486,0.03,1.2299162149429321,-0.12011174857616425,0.31721585988998413,0.028126271441578865,0.10367520898580551,-0.10599005967378616,0.988547682762146,0,0,0,0,0,0,0,0,0,0,0,0,0,0
14.843871593475342,3.0,0.07076738774776459,-0.08012443035840988,-0.07588869333267212,0.08059726655483246,-3.699615001678467,-3.0302178859710693,1.947235345840454,2.5536396503448486,0.03,1.2299162149429321,-0.12011174857616425,0.31721585988998413,0.028126271441578865,0.10367520898580551,-0.10599005967378616,0.988547682762146,0,0,0,0,0,0,0,0,0,0,0,0,0,0
14.845593690872192,3.0,0.06912994384765625,-0.060478612780570984,-0.06763985753059387,0.05481898784637451,-0.3364633321762085,-4.793688774108887,-0.4946978688240051,-0.607864260673523,0.03,1.2299162149429321,-0.12011174857616425,0.31721585988998413,0.028126271441578865,0.10367520898580551,-0.10599005967378616,0.988547682762146,0,0,0,0,0,0,0,0,0,0,0,0,0,0
14.848654985427856,3.0,0.06912994384765625,-0.060478612780570984,-0.06763985753059387,0.05481898784637451,-0.3364633321762085,-4.793688774108887,-0.4946978688240051,-0.607864260673523,0.03,1.2299162149429321,-0.12011174857616425,0.31721585988998413,0.028126271441578865,0.10367520898580551,-0.10599005967378616,0.988547682762146,0,0,0,0,0,0,0,0,0,0,0,0,0,0
14.850961208343506,3.0,0.06912994384765625,-0.060478612780570984,-0.06763985753059387,0.05481898784637451,-0.3364633321762085,-4.793688774108887,-0.4946978688240051,-0.607864260673523,0.03,1.2299162149429321,-0.12011174857616425,0.31721585988998413,0.028126271441578865,0.10367520898580551,-0.10599005967378616,0.988547682762146,0,0,0,0,0,0,0,0,0,0,0,0,0,0
14.852168321609497,3.0,0.06912994384765625,-0.060478612780570984,-0.06763985753059387,0.05481898784637451,-0.3364633321762085,-4.793688774108887,-0.4946978688240051,-0.607864260673523,0.03,1.2299162149429321,-0.12011174857616425,0.31721585988998413,0.028126271441578865,0.10367520898580551,-0.10599005967378616,0.988547682762146,0,0,0,0,0,0,0,0,0,0,0,0,0,0
14.853255033493042,3.0,0.06912994384765625,-0.060478612780570984,-0.06763985753059387,0.05481898784637451,-0.3364633321762085,-4.793688774108887,-0.4946978688240051,-0.607864260673523,0.03,1.2299162149429321,-0.12011174857616425,0.31721585988998413,0.028126271441578865,0.10367520898580551,-0.10599005967378616,0.988547682762146,0,0,0,0,0,0,0,0,0,0,0,0,0,0
14.85491132736206,3.0,0.06912994384765625,-0.060478612780570984,-0.06763985753059387,0.05481898784637451,-0.3364633321762085,-4.793688774108887,-0.4946978688240051,-0.607864260673523,0.03,1.2299162149429321,-0.12011174857616425,0.31721585988998413,0.028126271441578865,0.10367520898580551,-0.10599005967378616,0.988547682762146,0,0,0,0,0,0,0,0,0,0,0,0,0,0
14.856224060058594,3.0,0.06912994384765625,-0.060478612780570984,-0.06763985753059387,0.05481898784637451,-0.3364633321762085,-4.793688774108887,-0.4946978688240051,-0.607864260673523,0.03,1.2299162149429321,-0.12011174857616425,0.31721585988998413,0.028126271441578865,0.10367520898580551,-0.10599005967378616,0.988547682762146,0,0,0,0,0,0,0,0,0,0,0,0,0,0
14.857285022735596,3.0,0.06799256801605225,-0.05198840796947479,-0.06629645824432373,0.046814560890197754,-0.04065192863345146,-4.446153163909912,0.011190165765583515,-0.2759283185005188,0.03,1.2298808097839355,-0.1203950047492981,0.3174251317977905,0.02866920828819275,0.09979984909296036,-0.10272778570652008,0.9892750978469849,0,0,0,0,0,0,0,0,0,0,0,0,0,0
14.858627080917358,3.0,0.06766581535339355,-0.04934889078140259,-0.0661965012550354,0.044635891914367676,0.01384665071964264,-5.020269393920898,0.4959275722503662,0.9087835550308228,0.03,1.2298808097839355,-0.1203950047492981,0.3174251317977905,0.02866920828819275,0.09979984909296036,-0.10272778570652008,0.9892750978469849,0,0,0,0,0,0,0,0,0,0,0,0,0,0
14.861337184906006,3.0,0.06766581535339355,-0.04934889078140259,-0.0661965012550354,0.044635891914367676,0.01384665071964264,-5.020269393920898,0.4959275722503662,0.9087835550308228,0.03,1.2298808097839355,-0.1203950047492981,0.3174251317977905,0.02866920828819275,0.09979984909296036,-0.10272778570652008,0.9892750978469849,0,0,0,0,0,0,0,0,0,0,0,0,0,0
14.862787246704102,3.0,0.06766581535339355,-0.04934889078140259,-0.0661965012550354,0.044635891914367676,0.01384665071964264,-5.020269393920898,0.4959275722503662,0.9087835550308228,0.03,1.2298808097839355,-0.1203950047492981,0.3174251317977905,0.02866920828819275,0.09979984909296036,-0.10272778570652008,0.9892750978469849,0,0,0,0,0,0,0,0,0,0,0,0,0,0
14.865890741348267,3.0,0.06766581535339355,-0.04934889078140259,-0.0661965012550354,0.044635891914367676,0.01384665071964264,-5.020269393920898,0.4959275722503662,0.9087835550308228,0.03,1.2298808097839355,-0.1203950047492981,0.3174251317977905,0.02866920828819275,0.09979984909296036,-0.10272778570652008,0.9892750978469849,0,0,0,0,0,0,0,0,0,0,0,0,0,0
14.867493152618408,3.0,0.06766581535339355,-0.04934889078140259,-0.0661965012550354,0.044635891914367676,0.01384665071964264,-5.020269393920898,0.4959275722503662,0.9087835550308228,0.03,1.2298808097839355,-0.1203950047492981,0.3174251317977905,0.02866920828819275,0.09979984909296036,-0.10272778570652008,0.9892750978469849,0,0,0,0,0,0,0,0,0,0,0,0,0,0
14.869024276733398,3.0,0.06766581535339355,-0.04934889078140259,-0.0661965012550354,0.044635891914367676,0.01384665071964264,-5.020269393920898,0.4959275722503662,0.9087835550308228,0.03,1.2298808097839355,-0.1203950047492981,0.3174251317977905,0.02866920828819275,0.09979984909296036,-0.10272778570652008,0.9892750978469849,0,0,0,0,0,0,0,0,0,0,0,0,0,0
14.870125770568848,3.0,0.06766581535339355,-0.04934889078140259,-0.0661965012550354,0.044635891914367676,0.01384665071964264,-5.020269393920898,0.4959275722503662,0.9087835550308228,0.03,1.2298808097839355,-0.1203950047492981,0.3174251317977905,0.02866920828819275,0.09979984909296036,-0.10272778570652008,0.9892750978469849,0,0,0,0,0,0,0,0,0,0,0,0,0,0
14.871530294418335,3.0,0.06714737415313721,-0.04391203820705414,-0.0661081075668335,0.039598941802978516,0.34697452187538147,-5.0895094871521,0.9969437122344971,1.1461089849472046,0.03,1.2298808097839355,-0.1203950047492981,0.3174251317977905,0.02866920828819275,0.09979984909296036,-0.10272778570652008,0.9892750978469849,0,0,0,0,0,0,0,0,0,0,0,0,0,0
14.875778436660767,3.0,0.06639513373374939,-0.034658029675483704,-0.06537926197052002,0.030005276203155518,0.6590498089790344,-6.43282413482666,1.2247297763824463,1.7840481996536255,0.03,1.2299224138259888,-0.1204281598329544,0.31770414113998413,0.027417102828621864,0.09751089662313461,-0.10564997792243958,0.9892309904098511,0,0,0,0,0,0,0,0,0,0,0,0,0,0
14.8774094581604,3.0,0.066254623234272,-0.03336121141910553,-0.0652739405632019,0.028673112392425537,0.5790881514549255,-6.141069412231445,1.2458500862121582,1.4571722745895386,0.03,1.2299821376800537,-0.1205071210861206,0.3180302679538727,0.02426622249186039,0.09506192058324814,-0.11292174458503723,0.9887482523918152,0,0,0,0,0,0,0,0,0,0,0,0,0,0
14.878706216812134,3.0,0.06535809487104416,-0.0244503915309906,-0.06419634819030762,0.020015597343444824,0.32968664169311523,-5.579723358154297,0.7792119979858398,1.2179001569747925,0.03,1.2299821376800537,-0.1205071210861206,0.3180302679538727,0.02426622249186039,0.09506192058324814,-0.11292174458503723,0.9887482523918152,0,0,0,0,0,0,0,0,0,0,0,0,0,0
14.8801429271698,3.0,0.06535809487104416,-0.0244503915309906,-0.06419634819030762,0.020015597343444824,0.32968664169311523,-5.579723358154297,0.7792119979858398,1.2179001569747925,0.03,1.2299821376800537,-0.1205071210861206,0.3180302679538727,0.02426622249186039,0.09506192058324814,-0.11292174458503723,0.9887482523918152,0,0,0,0,0,0,0,0,0,0,0,0,0,0
14.881676435470581,3.0,0.06535809487104416,-0.0244503915309906,-0.06419634819030762,0.020015597343444824,0.32968664169311523,-5.579723358154297,0.7792119979858398,1.2179001569747925,0.03,1.2299821376800537,-0.1205071210861206,0.3180302679538727,0.02426622249186039,0.09506192058324814,-0.11292174458503723,0.9887482523918152,0,0,0,0,0,0,0,0,0,0,0,0,0,0
14.882983207702637,3.0,0.06535809487104416,-0.0244503915309906,-0.06419634819030762,0.020015597343444824,0.32968664169311523,-5.579723358154297,0.7792119979858398,1.2179001569747925,0.03,1.2299821376800537,-0.1205071210861206,0.3180302679538727,0.02426622249186039,0.09506192058324814,-0.11292174458503723,0.9887482523918152,0,0,0,0,0,0,0,0,0,0,0,0,0,0
14.884483098983765,3.0,0.06535809487104416,-0.0244503915309906,-0.06419634819030762,0.020015597343444824,0.32968664169311523,-5.579723358154297,0.7792119979858398,1.2179001569747925,0.03,1.2299821376800537,-0.1205071210861206,0.3180302679538727,0.02426622249186039,0.09506192058324814,-0.11292174458503723,0.9887482523918152,0,0,0,0,0,0,0,0,0,0,0,0,0,0
14.885812282562256,3.0,0.06535809487104416,-0.0244503915309906,-0.06419634819030762,0.020015597343444824,0.32968664169311523,-5.579723358154297,0.7792119979858398,1.2179001569747925,0.03,1.2299821376800537,-0.1205071210861206,0.3180302679538727,0.02426622249186039,0.09506192058324814,-0.11292174458503723,0.9887482523918152,0,0,0,0,0,0,0,0,0,0,0,0,0,0
14.886979341506958,3.0,0.06535809487104416,-0.0244503915309906,-0.06419634819030762,0.020015597343444824,0.32968664169311523,-5.579723358154297,0.7792119979858398,1.2179001569747925,0.03,1.2299821376800537,-0.1205071210861206,0.3180302679538727,0.02426622249186039,0.09506192058324814,-0.11292174458503723,0.9887482523918152,0,0,0,0,0,0,0,0,0,0,0,0,0,0
14.890942096710205,3.0,0.06489548087120056,-0.020366892218589783,-0.063784658908844,0.016002357006072998,0.07982491701841354,-6.057281494140625,0.6250905394554138,1.6556370258331299,0.03,1.2299864292144775,-0.12054429948329926,0.31835052371025085,0.020797982811927795,0.09207408875226974,-0.11803648620843887,0.9885126352310181,0,0,0,0,0,0,0,0,0,0,0,0,0,0
14.892263889312744,3.0,0.06489548087120056,-0.020366892218589783,-0.063784658908844,0.016002357006072998,0.07982491701841354,-6.057281494140625,0.6250905394554138,1.6556370258331299,0.03,1.2299864292144775,-0.12054429948329926,0.31835052371025085,0.020797982811927795,0.09207408875226974,-0.11803648620843887,0.9885126352310181,0,0,0,0,0,0,0,0,0,0,0,0,0,0
14.893386602401733,3.0,0.06489548087120056,-0.020366892218589783,-0.063784658908844,0.016002357006072998,0.07982491701841354,-6.057281494140625,0.6250905394554138,1.6556370258331299,0.03,1.2299864292144775,-0.12054429948329926,0.31835052371025085,0.020797982811927795,0.09207408875226974,-0.11803648620843887,0.9885126352310181,0,0,0,0,0,0,0,0,0,0,0,0,0,0
14.894477605819702,3.0,0.06489548087120056,-0.020366892218589783,-0.063784658908844,0.016002357006072998,0.07982491701841354,-6.057281494140625,0.6250905394554138,1.6556370258331299,0.03,1.2299864292144775,-0.12054429948329926,0.31835052371025085,0.020797982811927795,0.09207408875226974,-0.11803648620843887,0.9885126352310181,0,0,0,0,0,0,0,0,0,0,0,0,0,0
14.895566463470459,3.0,0.06489548087120056,-0.020366892218589783,-0.063784658908844,0.016002357006072998,0.07982491701841354,-6.057281494140625,0.6250905394554138,1.6556370258331299,0.03,1.2299864292144775,-0.12054429948329926,0.31835052371025085,0.020797982811927795,0.09207408875226974,-0.11803648620843887,0.9885126352310181,0,0,0,0,0,0,0,0,0,0,0,0,0,0
14.896791458129883,3.0,0.06489548087120056,-0.020366892218589783,-0.063784658908844,0.016002357006072998,0.07982491701841354,-6.057281494140625,0.6250905394554138,1.6556370258331299,0.03,1.2299864292144775,-0.12054429948329926,0.31835052371025085,0.020797982811927795,0.09207408875226974,-0.11803648620843887,0.9885126352310181,0,0,0,0,0,0,0,0,0,0,0,0,0,0
14.897883176803589,3.0,0.06489548087120056,-0.020366892218589783,-0.063784658908844,0.016002357006072998,0.07982491701841354,-6.057281494140625,0.6250905394554138,1.6556370258331299,0.03,1.2299864292144775,-0.12054429948329926,0.31835052371025085,0.020797982811927795,0.09207408875226974,-0.11803648620843887,0.9885126352310181,0,0,0,0,0,0,0,0,0,0,0,0,0,0
14.899056911468506,3.0,0.06489548087120056,-0.020366892218589783,-0.063784658908844,0.016002357006072998,0.07982491701841354,-6.057281494140625,0.6250905394554138,1.6556370258331299,0.03,1.2299864292144775,-0.12054429948329926,0.31835052371025085,0.020797982811927795,0.09207408875226974,-0.11803648620843887,0.9885126352310181,0,0,0,0,0,0,0,0,0,0,0,0,0,0
14.90015721321106,3.0,0.06489548087120056,-0.020366892218589783,-0.063784658908844,0.016002357006072998,0.07982491701841354,-6.057281494140625,0.6250905394554138,1.6556370258331299,0.03,1.2299864292144775,-0.12054429948329926,0.31835052371025085,0.020797982811927795,0.09207408875226974,-0.11803648620843887,0.9885126352310181,0,0,0,0,0,0,0,0,0,0,0,0,0,0
14.901247024536133,3.0,0.06489548087120056,-0.020366892218589783,-0.063784658908844,0.016002357006072998,0.07982491701841354,-6.057281494140625,0.6250905394554138,1.6556370258331299,0.03,1.2299864292144775,-0.12054429948329926,0.31835052371025085,0.020797982811927795,0.09207408875226974,-0.11803648620843887,0.9885126352310181,0,0,0,0,0,0,0,0,0,0,0,0,0,0
14.902516603469849,3.0,0.06489548087120056,-0.020366892218589783,-0.063784658908844,0.016002357006072998,0.07982491701841354,-6.057281494140625,0.6250905394554138,1.6556370258331299,0.03,1.2299864292144775,-0.12054429948329926,0.31835052371025085,0.020797982811927795,0.09207408875226974,-0.11803648620843887,0.9885126352310181,0,0,0,0,0,0,0,0,0,0,0,0,0,0
14.903837203979492,3.0,0.06489548087120056,-0.020366892218589783,-0.063784658908844,0.016002357006072998,0.07982491701841354,-6.057281494140625,0.6250905394554138,1.6556370258331299,0.03,1.2299864292144775,-0.12054429948329926,0.31835052371025085,0.020797982811927795,0.09207408875226974,-0.11803648620843887,0.9885126352310181,0,0,0,0,0,0,0,0,0,0,0,0,0,0
14.905056715011597,3.0,0.06489548087120056,-0.020366892218589783,-0.063784658908844,0.016002357006072998,0.07982491701841354,-6.057281494140625,0.6250905394554138,1.6556370258331299,0.03,1.2299864292144775,-0.12054429948329926,0.31835052371025085,0.020797982811927795,0.09207408875226974,-0.11803648620843887,0.9885126352310181,0,0,0,0,0,0,0,0,0,0,0,0,0,0
14.90661096572876,3.0,0.06473608314990997,-0.018328353762626648,-0.06364220380783081,0.013964712619781494,0.06452163308858871,-6.2532501220703125,0.6281887292861938,1.7961405515670776,0.03,1.2299864292144775,-0.12054429948329926,0.31835052371025085,0.020797982811927795,0.09207408875226974,-0.11803648620843887,0.9885126352310181,0,0,0,0,0,0,0,0,0,0,0,0,0,0
14.909590721130371,3.0,0.06383785605430603,0.00037332624197006226,-0.06320077180862427,-0.004237949848175049,-0.5104769468307495,-6.364459037780762,0.4740406274795532,2.3321776390075684,0.03,1.2299408912658691,-0.1203819215297699,0.31850147247314453,0.017852455377578735,0.09071645140647888,-0.12848931550979614,0.9873917102813721,0,0,0,0,0,0,0,0,0,0,0,0,0,0
14.917967319488525,3.0,0.06383785605430603,0.00037332624197006226,-0.06320077180862427,-0.004237949848175049,-0.5104769468307495,-6.364459037780762,0.4740406274795532,2.3321776390075684,0.03,1.2299408912658691,-0.1203819215297699,0.31850147247314453,0.017852455377578735,0.09071645140647888,-0.12848931550979614,0.9873917102813721,0,0,0,0,0,0,0,0,0,0,0,0,0,0
14.91917085647583,3.0,0.06383785605430603,0.00037332624197006226,-0.06320077180862427,-0.004237949848175049,-0.5104769468307495,-6.364459037780762,0.4740406274795532,2.3321776390075684,0.03,1.2299408912658691,-0.1203819215297699,0.31850147247314453,0.017852455377578735,0.09071645140647888,-0.12848931550979614,0.9873917102813721,0,0,0,0,0,0,0,0,0,0,0,0,0,0
14.920906782150269,3.0,0.06383785605430603,0.00037332624197006226,-0.06320077180862427,-0.004237949848175049,-0.5104769468307495,-6.364459037780762,0.4740406274795532,2.3321776390075684,0.03,1.2299408912658691,-0.1203819215297699,0.31850147247314453,0.017852455377578735,0.09071645140647888,-0.12848931550979614,0.9873917102813721,0,0,0,0,0,0,0,0,0,0,0,0,0,0
14.92218565940857,3.0,0.06378704309463501,0.009056493639945984,-0.06334388256072998,-0.01267784833908081,-0.8379546403884888,-7.313162326812744,0.244903102517128,3.0541529655456543,0.03,1.2299165725708008,-0.12091437727212906,0.31894469261169434,0.018593570217490196,0.08760420978069305,-0.1349720060825348,0.9867939949035645,0,0,0,0,0,0,0,0,0,0,0,0,0,0
14.923303842544556,3.0,0.06378704309463501,0.009056493639945984,-0.06334388256072998,-0.01267784833908081,-0.8379546403884888,-7.313162326812744,0.244903102517128,3.0541529655456543,0.03,1.2299165725708008,-0.12091437727212906,0.31894469261169434,0.018593570217490196,0.08760420978069305,-0.1349720060825348,0.9867939949035645,0,0,0,0,0,0,0,0,0,0,0,0,0,0
14.92473816871643,3.0,0.06378704309463501,0.009056493639945984,-0.06334388256072998,-0.01267784833908081,-0.8379546403884888,-7.313162326812744,0.244903102517128,3.0541529655456543,0.03,1.2299165725708008,-0.12091437727212906,0.31894469261169434,0.018593570217490196,0.08760420978069305,-0.1349720060825348,0.9867939949035645,0,0,0,0,0,0,0,0,0,0,0,0,0,0
14.928977727890015,3.0,0.06378704309463501,0.009056493639945984,-0.06334388256072998,-0.01267784833908081,-0.8379546403884888,-7.313162326812744,0.244903102517128,3.0541529655456543,0.03,1.2299165725708008,-0.12091437727212906,0.31894469261169434,0.018593570217490196,0.08760420978069305,-0.1349720060825348,0.9867939949035645,0,0,0,0,0,0,0,0,0,0,0,0,0,0
14.93008828163147,3.0,0.06378704309463501,0.009056493639945984,-0.06334388256072998,-0.01267784833908081,-0.8379546403884888,-7.313162326812744,0.244903102517128,3.0541529655456543,0.03,1.2299165725708008,-0.12091437727212906,0.31894469261169434,0.018593570217490196,0.08760420978069305,-0.1349720060825348,0.9867939949035645,0,0,0,0,0,0,0,0,0,0,0,0,0,0
14.932390689849854,3.0,0.06378704309463501,0.009056493639945984,-0.06334388256072998,-0.01267784833908081,-0.8379546403884888,-7.313162326812744,0.244903102517128,3.0541529655456543,0.03,1.2299165725708008,-0.12091437727212906,0.31894469261169434,0.018593570217490196,0.08760420978069305,-0.1349720060825348,0.9867939949035645,0,0,0,0,0,0,0,0,0,0,0,0,0,0
14.933554649353027,3.0,0.06378704309463501,0.009056493639945984,-0.06334388256072998,-0.01267784833908081,-0.8379546403884888,-7.313162326812744,0.244903102517128,3.0541529655456543,0.03,1.2299165725708008,-0.12091437727212906,0.31894469261169434,0.018593570217490196,0.08760420978069305,-0.1349720060825348,0.9867939949035645,0,0,0,0,0,0,0,0,0,0,0,0,0,0
14.934649467468262,3.0,0.06378704309463501,0.009056493639945984,-0.06334388256072998,-0.01267784833908081,-0.8379546403884888,-7.313162326812744,0.244903102517128,3.0541529655456543,0.03,1.2299165725708008,-0.12091437727212906,0.31894469261169434,0.018593570217490196,0.08760420978069305,-0.1349720060825348,0.9867939949035645,0,0,0,0,0,0,0,0,0,0,0,0,0,0
14.935739278793335,3.0,0.06378704309463501,0.009056493639945984,-0.06334388256072998,-0.01267784833908081,-0.8379546403884888,-7.313162326812744,0.244903102517128,3.0541529655456543,0.03,1.2299165725708008,-0.12091437727212906,0.31894469261169434,0.018593570217490196,0.08760420978069305,-0.1349720060825348,0.9867939949035645,0,0,0,0,0,0,0,0,0,0,0,0,0,0
14.939184188842773,3.0,0.06378704309463501,0.009056493639945984,-0.06334388256072998,-0.01267784833908081,-0.8379546403884888,-7.313162326812744,0.244903102517128,3.0541529655456543,0.03,1.2299165725708008,-0.12091437727212906,0.31894469261169434,0.018593570217490196,0.08760420978069305,-0.1349720060825348,0.9867939949035645,0,0,0,0,0,0,0,0,0,0,0,0,0,0
14.940575361251831,3.0,0.06400386989116669,0.01805196702480316,-0.06368553638458252,-0.02375417947769165,-1.229595422744751,-9.619524955749512,-0.20710010826587677,3.4518089294433594,0.03,1.2299165725708008,-0.12091437727212906,0.31894469261169434,0.018593570217490196,0.08760420978069305,-0.1349720060825348,0.9867939949035645,0,0,0,0,0,0,0,0,0,0,0,0,0,0
14.941680192947388,3.0,0.06400386989116669,0.01805196702480316,-0.06368553638458252,-0.02375417947769165,-1.229595422744751,-9.619524955749512,-0.20710010826587677,3.4518089294433594,0.03,1.2299165725708008,-0.12091437727212906,0.31894469261169434,0.018593570217490196,0.08760420978069305,-0.1349720060825348,0.9867939949035645,0,0,0,0,0,0,0,0,0,0,0,0,0,0
14.943418741226196,3.0,0.06400386989116669,0.01805196702480316,-0.06368553638458252,-0.02375417947769165,-1.229595422744751,-9.619524955749512,-0.20710010826587677,3.4518089294433594,0.03,1.2299165725708008,-0.12091437727212906,0.31894469261169434,0.018593570217490196,0.08760420978069305,-0.1349720060825348,0.9867939949035645,0,0,0,0,0,0,0,0,0,0,0,0,0,0
14.944601774215698,3.0,0.06400386989116669,0.01805196702480316,-0.06368553638458252,-0.02375417947769165,-1.229595422744751,-9.619524955749512,-0.20710010826587677,3.4518089294433594,0.03,1.2299165725708008,-0.12091437727212906,0.31894469261169434,0.018593570217490196,0.08760420978069305,-0.1349720060825348,0.9867939949035645,0,0,0,0,0,0,0,0,0,0,0,0,0,0
14.945660829544067,3.0,0.06400386989116669,0.01805196702480316,-0.06368553638458252,-0.02375417947769165,-1.229595422744751,-9.619524955749512,-0.20710010826587677,3.4518089294433594,0.03,1.2299165725708008,-0.12091437727212906,0.31894469261169434,0.018593570217490196,0.08760420978069305,-0.1349720060825348,0.9867939949035645,0,0,0,0,0,0,0,0,0,0,0,0,0,0
14.946873903274536,3.0,0.06400386989116669,0.01805196702480316,-0.06368553638458252,-0.02375417947769165,-1.229595422744751,-9.619524955749512,-0.20710010826587677,3.4518089294433594,0.03,1.2299165725708008,-0.12091437727212906,0.31894469261169434,0.018593570217490196,0.08760420978069305,-0.1349720060825348,0.9867939949035645,0,0,0,0,0,0,0,0,0,0,0,0,0,0
14.94818377494812,3.0,0.06400386989116669,0.01805196702480316,-0.06368553638458252,-0.02375417947769165,-1.229595422744751,-9.619524955749512,-0.20710010826587677,3.4518089294433594,0.03,1.2299165725708008,-0.12091437727212906,0.31894469261169434,0.018593570217490196,0.08760420978069305,-0.1349720060825348,0.9867939949035645,0,0,0,0,0,0,0,0,0,0,0,0,0,0
14.94948959350586,3.0,0.06399095803499222,0.019413933157920837,-0.0637025237083435,-0.02572411298751831,-1.5468074083328247,-10.614593505859375,-0.3934425711631775,3.669339418411255,0.03,1.2299270629882812,-0.1208636611700058,0.31903231143951416,0.02050752006471157,0.08577853441238403,-0.12555427849292755,0.9881587624549866,0,0,0,0,0,0,0,0,0,0,0,0,0,0
14.950757265090942,3.0,0.06399095803499222,0.019413933157920837,-0.0637025237083435,-0.02572411298751831,-1.5468074083328247,-10.614593505859375,-0.3934425711631775,3.669339418411255,0.03,1.2299270629882812,-0.1208636611700058,0.31903231143951416,0.02050752006471157,0.08577853441238403,-0.12555427849292755,0.9881587624549866,0,0,0,0,0,0,0,0,0,0,0,0,0,0
14.952082872390747,3.0,0.06399095803499222,0.019413933157920837,-0.0637025237083435,-0.02572411298751831,-1.5468074083328247,-10.614593505859375,-0.3934425711631775,3.669339418411255,0.03,1.2299270629882812,-0.1208636611700058,0.31903231143951416,0.02050752006471157,0.08577853441238403,-0.12555427849292755,0.9881587624549866,0,0,0,0,0,0,0,0,0,0,0,0,0,0
14.95352292060852,3.0,0.06399095803499222,0.019413933157920837,-0.0637025237083435,-0.02572411298751831,-1.5468074083328247,-10.614593505859375,-0.3934425711631775,3.669339418411255,0.03,1.2299270629882812,-0.1208636611700058,0.31903231143951416,0.02050752006471157,0.08577853441238403,-0.12555427849292755,0.9881587624549866,0,0,0,0,0,0,0,0,0,0,0,0,0,0
14.955427646636963,3.0,0.06399095803499222,0.019413933157920837,-0.0637025237083435,-0.02572411298751831,-1.5468074083328247,-10.614593505859375,-0.3934425711631775,3.669339418411255,0.03,1.2299270629882812,-0.1208636611700058,0.31903231143951416,0.02050752006471157,0.08577853441238403,-0.12555427849292755,0.9881587624549866,0,0,0,0,0,0,0,0,0,0,0,0,0,0
14.957437992095947,3.0,0.06399095803499222,0.019413933157920837,-0.0637025237083435,-0.02572411298751831,-1.5468074083328247,-10.614593505859375,-0.3934425711631775,3.669339418411255,0.03,1.2299270629882812,-0.1208636611700058,0.31903231143951416,0.02050752006471157,0.08577853441238403,-0.12555427849292755,0.9881587624549866,0,0,0,0,0,0,0,0,0,0,0,0,0,0
14.95908260345459,3.0,0.06399095803499222,0.019413933157920837,-0.0637025237083435,-0.02572411298751831,-1.5468074083328247,-10.614593505859375,-0.3934425711631775,3.669339418411255,0.03,1.2299270629882812,-0.1208636611700058,0.31903231143951416,0.02050752006471157,0.08577853441238403,-0.12555427849292755,0.9881587624549866,0,0,0,0,0,0,0,0,0,0,0,0,0,0
14.960335969924927,3.0,0.06399095803499222,0.019413933157920837,-0.0637025237083435,-0.02572411298751831,-1.5468074083328247,-10.614593505859375,-0.3934425711631775,3.669339418411255,0.03,1.2299270629882812,-0.1208636611700058,0.31903231143951416,0.02050752006471157,0.08577853441238403,-0.12555427849292755,0.9881587624549866,0,0,0,0,0,0,0,0,0,0,0,0,0,0
14.961522102355957,3.0,0.06399095803499222,0.019413933157920837,-0.0637025237083435,-0.02572411298751831,-1.5468074083328247,-10.614593505859375,-0.3934425711631775,3.669339418411255,0.03,1.2299270629882812,-0.1208636611700058,0.31903231143951416,0.02050752006471157,0.08577853441238403,-0.12555427849292755,0.9881587624549866,0,0,0,0,0,0,0,0,0,0,0,0,0,0
14.962676048278809,3.0,0.06399095803499222,0.019413933157920837,-0.0637025237083435,-0.02572411298751831,-1.5468074083328247,-10.614593505859375,-0.3934425711631775,3.669339418411255,0.03,1.2299270629882812,-0.1208636611700058,0.31903231143951416,0.02050752006471157,0.08577853441238403,-0.12555427849292755,0.9881587624549866,0,0,0,0,0,0,0,0,0,0,0,0,0,0
14.963964462280273,3.0,0.06399095803499222,0.019413933157920837,-0.0637025237083435,-0.02572411298751831,-1.5468074083328247,-10.614593505859375,-0.3934425711631775,3.669339418411255,0.03,1.2299270629882812,-0.1208636611700058,0.31903231143951416,0.02050752006471157,0.08577853441238403,-0.12555427849292755,0.9881587624549866,0,0,0,0,0,0,0,0,0,0,0,0,0,0
14.965266942977905,3.0,0.06399095803499222,0.019413933157920837,-0.0637025237083435,-0.02572411298751831,-1.5468074083328247,-10.614593505859375,-0.3934425711631775,3.669339418411255,0.03,1.2299270629882812,-0.1208636611700058,0.31903231143951416,0.02050752006471157,0.08577853441238403,-0.12555427849292755,0.9881587624549866,0,0,0,0,0,0,0,0,0,0,0,0,0,0
14.966519594192505,3.0,0.06399095803499222,0.019413933157920837,-0.0637025237083435,-0.02572411298751831,-1.5468074083328247,-10.614593505859375,-0.3934425711631775,3.669339418411255,0.03,1.2299270629882812,-0.1208636611700058,0.31903231143951416,0.02050752006471157,0.08577853441238403,-0.12555427849292755,0.9881587624549866,0,0,0,0,0,0,0,0,0,0,0,0,0,0
14.968047618865967,3.0,0.06399095803499222,0.019413933157920837,-0.0637025237083435,-0.02572411298751831,-1.5468074083328247,-10.614593505859375,-0.3934425711631775,3.669339418411255,0.03,1.2299270629882812,-0.1208636611700058,0.31903231143951416,0.02050752006471157,0.08577853441238403,-0.12555427849292755,0.9881587624549866,0,0,0,0,0,0,0,0,0,0,0,0,0,0
14.969608068466187,3.0,0.06399095803499222,0.019413933157920837,-0.0637025237083435,-0.02572411298751831,-1.5468074083328247,-10.614593505859375,-0.3934425711631775,3.669339418411255,0.03,1.2299270629882812,-0.1208636611700058,0.31903231143951416,0.02050752006471157,0.08577853441238403,-0.12555427849292755,0.9881587624549866,0,0,0,0,0,0,0,0,0,0,0,0,0,0
14.970694541931152,3.0,0.06399095803499222,0.019413933157920837,-0.0637025237083435,-0.02572411298751831,-1.5468074083328247,-10.614593505859375,-0.3934425711631775,3.669339418411255,0.03,1.2299270629882812,-0.1208636611700058,0.31903231143951416,0.02050752006471157,0.08577853441238403,-0.12555427849292755,0.9881587624549866,0,0,0,0,0,0,0,0,0,0,0,0,0,0
